0 1
1 0
1 2
1 5
1 14
1 15
1 26
1 27
1 33
1 41
2 1
2 3
2 4
2 5
2 38
2 40
3 2
3 6
3 21
3 45
3 46
3 53
4 2
5 1
5 2
5 12
5 16
5 24
5 31
5 35
6 3
7 8
7 9
7 10
7 11
7 23
7 37
7 52
8 7
8 17
8 19
8 44
9 7
9 13
9 23
9 52
10 8
10 7
10 33
10 51
11 7
11 9
11 18
11 28
11 43
12 5
12 30
12 36
13 7
13 9
13 37
13 142
14 1
14 20
14 22
14 26
14 50
15 1
16 5
16 31
16 35
16 50
17 8
17 32
18 10
18 11
19 8
19 34
20 14
20 22
20 50
21 3
21 25
21 29
22 20
22 14
22 23
22 47
22 55
23 9
23 7
23 22
23 34
24 5
25 21
25 29
26 1
26 14
26 35
26 43
26 49
27 1
28 11
29 21
29 25
29 56
30 12
30 36
31 5
31 16
32 17
33 10
33 1
33 39
34 10
34 19
34 23
35 5
35 16
35 24
35 26
36 12
36 30
37 8
37 13
37 7
38 2
39 33
40 2
41 1
41 27
42 1
43 11
43 26
43 2
43 28
43 54
44 8
45 3
46 3
46 45
47 22
47 55
48 4
49 26
50 16
50 20
50 14
50 35
51 10
52 9
52 22
52 33
52 11
52 7
53 3
54 43
55 22
55 47
56 29
58 57
59 60
60 59
61 62
62 61
66 1
66 14
66 67
66 68
66 72
66 73
66 75
66 81
66 86
66 99
66 104
66 106
66 118
66 125
67 66
67 69
67 71
67 77
67 89
67 120
67 134
68 66
68 87
68 91
68 99
68 126
69 67
69 70
70 69
70 84
70 112
70 113
71 67
71 74
71 76
71 78
71 111
72 66
72 78
72 80
72 84
72 90
72 93
72 105
73 66
73 75
73 81
73 86
73 118
74 71
74 76
74 111
74 128
75 73
75 66
75 79
75 82
75 83
75 85
75 102
75 109
75 130
76 74
76 71
77 67
77 89
78 69
78 72
78 71
78 67
78 80
78 89
79 75
79 95
79 98
79 101
80 72
80 78
80 96
81 73
81 66
81 86
81 106
81 132
81 142
82 75
82 83
82 85
82 102
83 75
83 82
83 103
83 115
84 72
84 70
84 97
84 122
84 123
84 135
85 75
85 82
85 92
86 81
86 73
86 66
86 118
87 68
87 100
87 126
87 127
88 68
89 77
89 78
89 69
89 67
89 96
89 108
90 72
90 105
91 68
91 66
91 81
91 94
91 116
92 85
93 72
94 91
95 79
95 98
95 101
95 131
96 89
96 80
97 84
98 95
98 79
98 117
98 124
98 129
99 66
99 91
99 70
99 68
99 103
100 68
100 87
100 126
101 79
101 95
102 75
102 82
102 119
103 99
103 83
104 66
105 72
105 90
106 66
106 81
106 107
107 106
108 89
109 75
109 82
109 110
110 75
110 87
110 109
110 68
111 71
111 74
112 70
112 113
113 70
113 112
113 121
114 67
115 83
116 91
116 94
117 98
118 66
118 73
118 86
119 102
119 83
120 67
121 70
121 113
121 112
122 84
122 135
123 84
123 122
124 102
124 98
124 119
124 133
125 66
126 68
126 87
126 100
127 87
127 68
128 74
128 111
128 71
129 117
129 98
130 75
130 82
131 95
131 79
132 66
132 73
132 81
132 104
133 124
134 67
134 114
135 84
135 122
137 139
138 140
139 137
140 138
141 66
142 103
142 81
142 13
142 143
142 145
143 142
144 142
145 142
