146
400
0 1 0.0285714
1 0 0.25
1 2 0.0526316
1 5 0.0588235
1 14 0.0769231
1 15 0.5
1 26 0.1
1 27 0.333333
1 33 0.142857
1 41 0.333333
2 1 0.0285714
2 3 0.05
2 4 0.333333
2 5 0.0588235
2 38 0.5
2 40 0.5
3 2 0.0526316
3 6 0.5
3 21 0.166667
3 45 0.333333
3 46 0.333333
3 53 0.5
4 2 0.0526316
5 1 0.0285714
5 2 0.0526316
5 12 0.1
5 16 0.111111
5 24 0.333333
5 31 0.25
5 35 0.125
6 3 0.05
7 8 0.0833333
7 9 0.111111
7 10 0.111111
7 11 0.0769231
7 23 0.111111
7 37 0.2
7 52 0.142857
8 7 0.05
8 17 0.2
8 19 0.166667
8 44 0.5
9 7 0.05
9 13 0.142857
9 23 0.111111
9 52 0.142857
10 8 0.0833333
10 7 0.05
10 33 0.142857
10 51 0.5
11 7 0.05
11 9 0.111111
11 18 0.333333
11 28 0.333333
11 43 0.125
12 5 0.0588235
12 30 0.25
12 36 0.25
13 7 0.05
13 9 0.111111
13 37 0.2
13 142 0.0625
14 1 0.0285714
14 20 0.166667
14 22 0.0909091
14 26 0.1
14 50 0.142857
15 1 0.0285714
16 5 0.0588235
16 31 0.25
16 35 0.125
16 50 0.142857
17 8 0.0833333
17 32 0.333333
18 10 0.111111
18 11 0.0769231
19 8 0.0833333
19 34 0.2
20 14 0.0769231
20 22 0.0909091
20 50 0.142857
21 3 0.05
21 25 0.25
21 29 0.166667
22 20 0.166667
22 14 0.0769231
22 23 0.111111
22 47 0.25
22 55 0.25
23 9 0.111111
23 7 0.05
23 22 0.0909091
23 34 0.2
24 5 0.0588235
25 21 0.166667
25 29 0.166667
26 1 0.0285714
26 14 0.0769231
26 35 0.125
26 43 0.125
26 49 0.5
27 1 0.0285714
28 11 0.0769231
29 21 0.166667
29 25 0.25
29 56 0.5
30 12 0.1
30 36 0.25
31 5 0.0588235
31 16 0.111111
32 17 0.2
33 10 0.111111
33 1 0.0285714
33 39 0.5
34 10 0.111111
34 19 0.166667
34 23 0.111111
35 5 0.0588235
35 16 0.111111
35 24 0.333333
35 26 0.1
36 12 0.1
36 30 0.25
37 8 0.0833333
37 13 0.142857
37 7 0.05
38 2 0.0526316
39 33 0.142857
40 2 0.0526316
41 1 0.0285714
41 27 0.333333
42 1 0.0285714
43 11 0.0769231
43 26 0.1
43 2 0.0526316
43 28 0.333333
43 54 0.5
44 8 0.0833333
45 3 0.05
46 3 0.05
46 45 0.333333
47 22 0.0909091
47 55 0.25
48 4 0.333333
49 26 0.1
50 16 0.111111
50 20 0.166667
50 14 0.0769231
50 35 0.125
51 10 0.111111
52 9 0.111111
52 22 0.0909091
52 33 0.142857
52 11 0.0769231
52 7 0.05
53 3 0.05
54 43 0.125
55 22 0.0909091
55 47 0.25
56 29 0.166667
58 57 0.142857
59 60 0.5
60 59 0.2
61 62 0.5
62 61 0.25
66 1 0.0285714
66 14 0.0769231
66 67 0.0526316
66 68 0.047619
66 72 0.0625
66 73 0.0769231
66 75 0.05
66 81 0.0769231
66 86 0.125
66 99 0.111111
66 104 0.333333
66 106 0.166667
66 118 0.166667
66 125 0.5
67 66 0.0204082
67 69 0.166667
67 71 0.0666667
67 77 0.25
67 89 0.0833333
67 120 0.5
67 134 0.333333
68 66 0.0204082
68 87 0.111111
68 91 0.111111
68 99 0.111111
68 126 0.166667
69 67 0.0526316
69 70 0.0769231
70 69 0.166667
70 84 0.0714286
70 112 0.2
70 113 0.166667
71 67 0.0526316
71 74 0.1
71 76 0.25
71 78 0.1
71 111 0.142857
72 66 0.0204082
72 78 0.1
72 80 0.166667
72 84 0.0714286
72 90 0.25
72 93 0.25
72 105 0.25
73 66 0.0204082
73 75 0.05
73 81 0.0769231
73 86 0.125
73 118 0.166667
74 71 0.0666667
74 76 0.25
74 111 0.142857
74 128 0.25
75 73 0.0769231
75 66 0.0204082
75 79 0.0833333
75 82 0.1
75 83 0.111111
75 85 0.166667
75 102 0.142857
75 109 0.2
75 130 0.333333
76 74 0.1
76 71 0.0666667
77 67 0.0526316
77 89 0.0833333
78 69 0.166667
78 72 0.0625
78 71 0.0666667
78 67 0.0526316
78 80 0.166667
78 89 0.0833333
79 75 0.05
79 95 0.125
79 98 0.0833333
79 101 0.25
80 72 0.0625
80 78 0.1
80 96 0.25
81 73 0.0769231
81 66 0.0204082
81 86 0.125
81 106 0.166667
81 132 0.2
81 142 0.0625
82 75 0.05
82 83 0.111111
82 85 0.166667
82 102 0.142857
83 75 0.05
83 82 0.1
83 103 0.166667
83 115 0.5
84 72 0.0625
84 70 0.0769231
84 97 0.5
84 122 0.2
84 123 0.333333
84 135 0.25
85 75 0.05
85 82 0.1
85 92 0.5
86 81 0.0769231
86 73 0.0769231
86 66 0.0204082
86 118 0.166667
87 68 0.047619
87 100 0.2
87 126 0.166667
87 127 0.333333
88 68 0.047619
89 77 0.25
89 78 0.1
89 69 0.166667
89 67 0.0526316
89 96 0.25
89 108 0.5
90 72 0.0625
90 105 0.25
91 68 0.047619
91 66 0.0204082
91 81 0.0769231
91 94 0.333333
91 116 0.333333
92 85 0.166667
93 72 0.0625
94 91 0.111111
95 79 0.0833333
95 98 0.0833333
95 101 0.25
95 131 0.333333
96 89 0.0833333
96 80 0.166667
97 84 0.0714286
98 95 0.125
98 79 0.0833333
98 117 0.333333
98 124 0.166667
98 129 0.333333
99 66 0.0204082
99 91 0.111111
99 70 0.0769231
99 68 0.047619
99 103 0.166667
100 68 0.047619
100 87 0.111111
100 126 0.166667
101 79 0.0833333
101 95 0.125
102 75 0.05
102 82 0.1
102 119 0.25
103 99 0.111111
103 83 0.111111
104 66 0.0204082
105 72 0.0625
105 90 0.25
106 66 0.0204082
106 81 0.0769231
106 107 0.5
107 106 0.166667
108 89 0.0833333
109 75 0.05
109 82 0.1
109 110 0.2
110 75 0.05
110 87 0.111111
110 109 0.2
110 68 0.047619
111 71 0.0666667
111 74 0.1
112 70 0.0769231
112 113 0.166667
113 70 0.0769231
113 112 0.2
113 121 0.25
114 67 0.0526316
115 83 0.111111
116 91 0.111111
116 94 0.333333
117 98 0.0833333
118 66 0.0204082
118 73 0.0769231
118 86 0.125
119 102 0.142857
119 83 0.111111
120 67 0.0526316
121 70 0.0769231
121 113 0.166667
121 112 0.2
122 84 0.0714286
122 135 0.25
123 84 0.0714286
123 122 0.2
124 102 0.142857
124 98 0.0833333
124 119 0.25
124 133 0.5
125 66 0.0204082
126 68 0.047619
126 87 0.111111
126 100 0.2
127 87 0.111111
127 68 0.047619
128 74 0.1
128 111 0.142857
128 71 0.0666667
129 117 0.333333
129 98 0.0833333
130 75 0.05
130 82 0.1
131 95 0.125
131 79 0.0833333
132 66 0.0204082
132 73 0.0769231
132 81 0.0769231
132 104 0.333333
133 124 0.166667
134 67 0.0526316
134 114 0.5
135 84 0.0714286
135 122 0.2
137 139 0.25
138 140 0.5
139 137 0.142857
140 138 0.25
141 66 0.0204082
142 103 0.166667
142 81 0.0769231
142 13 0.142857
142 143 0.25
142 145 0.25
143 142 0.0625
144 142 0.0625
145 142 0.0625
