0.250277
1
0.153238
1
0.050857
0.069703
0.500713
0.007144
0.002512
0.012633
0.020737
0.100564
0.006842
0.003149
0.160975
0.500256
0.016473
0.000442
0.033552
0.000549
0.032486
0.166111
0.017787
0.004037
0.034504
0.046875
0.204363
0.408811
0.350815
0.033123
0.002012
0.020602
0.000154
0.143349
0.000945
0.038446
0.002032
0.001998
0.076603
0.071781
0.076733
0.333471
0
1
0.001316
0.407662
0.333884
0.005384
0
0.102475
0.028475
0.010432
0.002807
0.501473
0.49976
0.005372
0.016643
0
0
0
0
0
0
0
0
0
1
1
0.056318
0.196525
0.098257
0.068574
0.123028
0.177258
0.009245
1
0.018384
0.267758
0.031517
0.174739
0.029172
0.112787
0.187282
0.139226
1
0.190754
0.174791
0.011893
0
0.105299
0.036882
0.019249
0.094989
0.030879
0.007831
0.147763
0.032107
0.501753
1
0.119233
0.00454
0.076222
0.188425
0.043145
0.339606
0.036839
0.18177
0.090928
0.052714
0.200794
0.040282
0.011029
0.022952
0.019204
0.167422
0.069653
0.00635
0.408483
0.209476
0.085018
0.500561
0.004842
0.291951
0.3338
0.167021
0.500393
0.011311
0.003914
0.00235
0.333956
0.333528
0.049352
0.022778
0.083803
0.334039
0.29842
0
0
0
0
0
0
0.007349
0.001812
0
0.001862
