1 2
2 1
3 4
3 6
4 3
4 7
4 13
4 16
4 25
4 62
5 10
5 17
5 24
5 39
5 42
6 3
6 13
7 4
7 8
7 9
7 18
7 38
7 58
8 7
8 16
8 18
9 7
10 5
10 12
10 51
10 57
11 64
12 10
12 57
13 6
13 4
13 15
13 28
13 30
13 36
14 11
14 29
14 35
14 49
14 154
15 13
16 8
16 4
16 19
16 28
17 5
17 24
17 42
18 8
18 7
18 23
18 58
19 16
20 13
20 15
20 32
20 55
20 59
21 26
21 30
21 52
21 54
22 46
22 53
23 18
23 58
24 5
24 17
24 38
24 60
25 4
26 21
26 39
26 52
27 61
27 65
27 68
28 13
28 19
28 16
28 33
28 45
28 69
29 14
30 13
30 21
30 47
31 16
31 19
31 34
31 35
31 37
31 56
32 20
32 55
32 59
33 28
34 31
34 56
35 31
35 14
35 154
36 13
37 31
38 24
38 22
38 7
38 48
39 5
39 26
40 27
40 41
40 48
41 40
42 5
42 17
43 28
43 33
44 4
44 8
44 6
44 63
45 28
46 22
46 50
46 53
47 30
48 38
48 40
48 91
49 14
50 46
50 22
51 10
52 21
52 26
52 54
53 22
53 46
54 26
54 52
54 21
55 20
55 32
56 31
56 34
57 10
57 12
58 7
58 18
58 23
59 55
59 32
59 20
60 24
61 27
61 68
62 4
63 44
64 11
65 27
65 61
67 62
67 48
68 27
68 61
69 28
70 71
71 70
71 75
71 77
71 154
71 157
72 73
73 72
74 70
74 76
75 71
76 74
77 71
78 79
78 80
78 87
78 154
79 78
79 81
79 82
80 78
80 84
81 79
81 91
82 79
82 83
82 86
83 78
83 82
83 79
84 80
86 82
87 78
88 89
88 90
89 88
90 88
91 81
91 35
91 48
92 93
92 100
92 134
93 92
93 97
94 121
94 146
94 149
95 130
95 132
96 109
96 110
96 116
97 93
97 100
97 112
98 101
98 102
98 114
98 128
98 145
99 96
99 119
100 92
100 93
100 97
100 103
101 98
101 102
101 128
102 98
102 101
102 127
102 128
103 100
103 108
103 148
104 92
104 112
104 124
104 142
105 147
106 113
106 129
106 140
107 103
108 103
108 131
109 104
109 96
109 105
109 111
109 117
109 123
110 96
111 109
112 104
112 97
112 121
112 122
112 136
112 138
113 106
114 99
114 98
114 120
114 144
115 139
115 141
116 96
117 109
118 102
118 98
119 99
120 114
120 126
120 144
121 112
121 94
121 125
122 112
122 138
123 109
124 104
125 121
126 117
126 120
126 114
126 94
126 137
127 102
127 101
127 133
128 102
128 98
128 101
129 113
129 106
129 140
130 95
131 108
131 135
132 95
132 130
133 127
134 92
134 107
135 131
136 122
136 112
137 126
138 112
138 122
139 115
140 106
140 129
141 139
141 115
142 104
142 124
144 114
144 120
145 102
145 101
145 98
146 94
147 105
148 103
149 94
151 28
151 152
152 151
154 78
154 71
154 14
154 35
154 156
156 154
157 91
157 71
158 159
159 158
