160
354
1 2 0.333333
2 1 0.166667
3 4 0.0416667
3 6 0.2
4 3 0.111111
4 7 0.0625
4 13 0.0625
4 16 0.0833333
4 25 0.5
4 62 0.2
5 10 0.1
5 17 0.166667
5 24 0.125
5 39 0.25
5 42 0.25
6 3 0.111111
6 13 0.0625
7 4 0.0416667
7 8 0.142857
7 9 0.5
7 18 0.125
7 38 0.111111
7 58 0.125
8 7 0.0625
8 16 0.0833333
8 18 0.125
9 7 0.0625
10 5 0.0714286
10 12 0.25
10 51 0.5
10 57 0.25
11 64 0.5
12 10 0.1
12 57 0.25
13 6 0.2
13 4 0.0416667
13 15 0.333333
13 28 0.0625
13 30 0.142857
13 36 0.5
14 11 0.142857
14 29 0.5
14 35 0.125
14 49 0.5
14 154 0.0588235
15 13 0.0625
16 8 0.142857
16 4 0.0416667
16 19 0.25
16 28 0.0625
17 5 0.0714286
17 24 0.125
17 42 0.25
18 8 0.142857
18 7 0.0625
18 23 0.25
18 58 0.125
19 16 0.0833333
20 13 0.0625
20 15 0.333333
20 32 0.166667
20 55 0.2
20 59 0.2
21 26 0.142857
21 30 0.142857
21 52 0.166667
21 54 0.2
22 46 0.166667
22 53 0.25
23 18 0.125
23 58 0.125
24 5 0.0714286
24 17 0.166667
24 38 0.111111
24 60 0.5
25 4 0.0416667
26 21 0.0714286
26 39 0.25
26 52 0.166667
27 61 0.2
27 65 0.333333
27 68 0.25
28 13 0.0625
28 19 0.25
28 16 0.0833333
28 33 0.333333
28 45 0.5
28 69 0.5
29 14 0.0769231
30 13 0.0625
30 21 0.0714286
30 47 0.5
31 16 0.0833333
31 19 0.25
31 34 0.25
31 35 0.125
31 37 0.5
31 56 0.25
32 20 0.1
32 55 0.2
32 59 0.2
33 28 0.0625
34 31 0.0769231
34 56 0.25
35 31 0.0769231
35 14 0.0769231
35 154 0.0588235
36 13 0.0625
37 31 0.0769231
38 24 0.125
38 22 0.125
38 7 0.0625
38 48 0.111111
39 5 0.0714286
39 26 0.142857
40 27 0.125
40 41 0.5
40 48 0.111111
41 40 0.166667
42 5 0.0714286
42 17 0.166667
43 28 0.0625
43 33 0.333333
44 4 0.0416667
44 8 0.142857
44 6 0.2
44 63 0.5
45 28 0.0625
46 22 0.125
46 50 0.333333
46 53 0.25
47 30 0.142857
48 38 0.111111
48 40 0.166667
48 91 0.1
49 14 0.0769231
50 46 0.166667
50 22 0.125
51 10 0.1
52 21 0.0714286
52 26 0.142857
52 54 0.2
53 22 0.125
53 46 0.166667
54 26 0.142857
54 52 0.166667
54 21 0.0714286
55 20 0.1
55 32 0.166667
56 31 0.0769231
56 34 0.25
57 10 0.1
57 12 0.25
58 7 0.0625
58 18 0.125
58 23 0.25
59 55 0.2
59 32 0.166667
59 20 0.1
60 24 0.125
61 27 0.125
61 68 0.25
62 4 0.0416667
63 44 0.142857
64 11 0.142857
65 27 0.125
65 61 0.2
67 62 0.2
67 48 0.111111
68 27 0.125
68 61 0.2
69 28 0.0625
70 71 0.0833333
71 70 0.2
71 75 0.5
71 77 0.5
71 154 0.0588235
71 157 0.0909091
72 73 0.5
73 72 0.333333
74 70 0.2
74 76 0.5
75 71 0.0833333
76 74 0.142857
77 71 0.0833333
78 79 0.142857
78 80 0.166667
78 87 0.5
78 154 0.0588235
79 78 0.0769231
79 81 0.25
79 82 0.125
80 78 0.0769231
80 84 0.25
81 79 0.142857
81 91 0.1
82 79 0.142857
82 83 0.25
82 86 0.5
83 78 0.0769231
83 82 0.125
83 79 0.142857
84 80 0.166667
86 82 0.125
87 78 0.0769231
88 89 0.25
88 90 0.5
89 88 0.166667
90 88 0.166667
91 81 0.25
91 35 0.125
91 48 0.111111
92 93 0.142857
92 100 0.142857
92 134 0.2
93 92 0.0769231
93 97 0.125
94 121 0.166667
94 146 0.25
94 149 0.5
95 130 0.333333
95 132 0.333333
96 109 0.0833333
96 110 0.2
96 116 0.25
97 93 0.142857
97 100 0.142857
97 112 0.0714286
98 101 0.125
98 102 0.1
98 114 0.125
98 128 0.166667
98 145 0.25
99 96 0.0909091
99 119 0.5
100 92 0.0769231
100 93 0.142857
100 97 0.125
100 103 0.111111
101 98 0.0769231
101 102 0.1
101 128 0.166667
102 98 0.0769231
102 101 0.125
102 127 0.2
102 128 0.166667
103 100 0.142857
103 108 0.166667
103 148 0.5
104 92 0.0769231
104 112 0.0714286
104 124 0.333333
104 142 0.333333
105 147 0.5
106 113 0.333333
106 129 0.2
106 140 0.25
107 103 0.111111
108 103 0.111111
108 131 0.25
109 104 0.1
109 96 0.0909091
109 105 0.2
109 111 0.5
109 117 0.125
109 123 0.5
110 96 0.0909091
111 109 0.0833333
112 104 0.1
112 97 0.125
112 121 0.166667
112 122 0.2
112 136 0.333333
112 138 0.25
113 106 0.125
114 99 0.125
114 98 0.0769231
114 120 0.166667
114 144 0.25
115 139 0.333333
115 141 0.333333
116 96 0.0909091
117 109 0.0833333
118 102 0.1
118 98 0.0769231
119 99 0.125
120 114 0.125
120 126 0.125
120 144 0.25
121 112 0.0714286
121 94 0.0909091
121 125 0.5
122 112 0.0714286
122 138 0.25
123 109 0.0833333
124 104 0.1
125 121 0.166667
126 117 0.125
126 120 0.166667
126 114 0.125
126 94 0.0909091
126 137 0.25
127 102 0.1
127 101 0.125
127 133 0.25
128 102 0.1
128 98 0.0769231
128 101 0.125
129 113 0.333333
129 106 0.125
129 140 0.25
130 95 0.125
131 108 0.166667
131 135 0.5
132 95 0.125
132 130 0.333333
133 127 0.2
134 92 0.0769231
134 107 0.5
135 131 0.25
136 122 0.2
136 112 0.0714286
137 126 0.125
138 112 0.0714286
138 122 0.2
139 115 0.166667
140 106 0.125
140 129 0.2
141 139 0.333333
141 115 0.166667
142 104 0.1
142 124 0.333333
144 114 0.125
144 120 0.166667
145 102 0.1
145 101 0.125
145 98 0.0769231
146 94 0.0909091
147 105 0.2
148 103 0.111111
149 94 0.0909091
151 28 0.0625
151 152 0.25
152 151 0.0588235
154 78 0.0769231
154 71 0.0833333
154 14 0.0769231
154 35 0.125
154 156 0.5
156 154 0.0588235
157 91 0.1
157 71 0.0833333
158 159 0.5
159 158 0.166667
