0
0
0
0.009536
0.055698
0.001225
0.030289
1
0.183579
0.500393
0.000114
0.143378
2.9e-05
0.143347
1
0.361218
0.205846
0.002572
0.160917
0.463488
1
0.001496
0.01421
0.071881
0.014253
0.028007
0.000321
0.000309
1
0.500223
0.020481
1
0.225552
0.333396
0.298481
0.246983
0.072044
0.500445
0.111721
0.000408
0.00219
0.001074
0.0009
0
0
0.500756
0.002853
0.010343
0.013571
0.499664
0.000985
6.3e-05
0.000347
0.004015
0.000362
0.266034
0.298322
3.7e-05
0.144792
0.231907
0.007136
7.4e-05
0.011252
0
0.071702
0.000106
0
0
8.2e-05
0.500661
0.200395
1
0
0
0
0.500432
0
0.500389
0.009931
0.001803
0.001683
0.00305
0.000215
6.2e-05
0.000427
0
0.000112
0.004992
0
0
0
0.010634
0.017504
0.022867
0.015328
0
0.090839
0.126763
0
0
0.020413
0
0
0.002498
0.192087
0.200559
0
0.001734
0.000402
1
0.018052
0.500011
1
0
0
0
0.022803
0.126115
0
0
0
0.167299
0.290995
0.499933
0.07831
0.083454
0
0
0
0
0
0.000107
0
0
0.003555
5.1e-05
0.333812
0
0.298184
0
0
0
0.064199
0
0
0
0.003797
0.100366
0.001267
0.007603
0
0
0
0
0.126694
0
0.063112
0.091029
0
0
