0 1
0 3
1 0
1 2
1 3
2 1
2 3
3 1
3 0
3 2
3 4
4 3
5 6
5 7
5 8
5 13
5 15
5 48
6 5
6 8
6 9
6 10
6 12
6 24
6 26
6 27
6 28
7 5
7 14
7 19
8 5
8 6
8 7
8 27
8 44
9 6
9 10
9 12
9 16
10 6
10 9
10 11
10 22
10 23
10 25
10 32
10 36
10 39
10 45
11 10
11 17
11 18
11 30
11 33
11 35
12 9
12 6
12 26
13 5
13 15
13 48
14 7
15 13
15 5
15 7
16 9
16 6
16 24
16 43
16 46
17 11
18 11
18 38
19 7
19 5
19 20
20 19
21 10
22 20
22 10
22 40
22 41
23 10
23 36
24 6
24 16
25 10
26 12
26 15
26 6
26 31
27 6
27 8
27 29
27 34
27 42
28 9
28 6
29 27
29 37
29 42
30 11
30 33
31 26
32 10
32 23
32 45
33 30
33 18
33 11
33 35
33 38
34 27
34 29
35 33
35 11
35 38
36 23
36 10
37 27
37 29
37 34
37 47
38 33
38 18
38 11
38 35
39 23
39 10
39 45
40 22
41 22
42 34
42 27
42 29
43 16
44 8
45 32
45 39
45 10
46 16
46 43
47 37
48 5
48 13
50 49
51 52
52 51
54 55
54 57
54 60
54 64
54 65
54 66
54 74
54 76
54 100
55 54
55 56
55 58
55 71
55 85
56 55
56 59
56 67
56 69
56 70
56 83
56 87
56 88
57 54
57 60
57 62
57 63
57 68
57 79
57 84
57 90
58 55
58 61
58 101
59 56
59 80
60 57
60 54
60 78
60 82
60 86
60 95
60 98
60 104
61 58
62 57
62 63
62 79
63 62
63 58
63 57
63 75
63 90
64 54
64 89
64 93
65 54
65 66
65 91
66 54
66 65
66 74
66 100
67 56
67 73
67 103
68 54
68 57
68 65
68 77
68 102
68 110
69 56
69 70
69 73
69 83
70 56
70 69
71 55
71 56
71 81
71 90
71 97
72 61
73 67
73 69
73 96
73 109
74 54
74 65
74 66
74 76
74 91
75 63
76 54
76 64
76 74
76 99
77 68
77 110
78 60
78 95
79 57
79 62
80 59
81 71
81 97
82 60
83 70
83 69
83 56
84 57
84 79
85 55
86 78
86 60
86 82
86 104
87 70
87 56
88 56
88 69
88 70
89 64
90 71
90 57
90 63
91 65
91 54
91 74
91 100
92 64
92 89
93 92
93 64
94 69
94 70
94 56
95 60
95 78
96 67
96 73
96 105
96 109
97 71
97 81
98 95
98 60
99 76
100 91
100 54
100 66
101 58
102 68
103 73
103 67
103 96
103 107
103 109
104 86
104 78
104 60
105 96
105 103
105 67
105 73
105 108
106 72
107 73
107 103
107 67
107 109
108 105
109 103
109 73
109 107
109 96
110 68
110 77
111 112
112 111
113 114
114 113
116 117
116 118
117 116
118 116
118 119
119 118
