122
336
0 1 0.166667
0 3 0.0625
1 0 0.166667
1 2 0.25
1 3 0.0625
2 1 0.166667
2 3 0.0625
3 1 0.166667
3 0 0.166667
3 2 0.25
3 4 0.25
4 3 0.0625
5 6 0.0333333
5 7 0.1
5 8 0.0769231
5 13 0.142857
5 15 0.142857
5 48 0.25
6 5 0.047619
6 8 0.0769231
6 9 0.0769231
6 10 0.0357143
6 12 0.125
6 24 0.111111
6 26 0.1
6 27 0.0909091
6 28 0.333333
7 5 0.047619
7 14 0.5
7 19 0.125
8 5 0.047619
8 6 0.0333333
8 7 0.1
8 27 0.0909091
8 44 0.5
9 6 0.0333333
9 10 0.0357143
9 12 0.125
9 16 0.0769231
10 6 0.0333333
10 9 0.0769231
10 11 0.047619
10 22 0.1
10 23 0.166667
10 25 0.5
10 32 0.2
10 36 0.25
10 39 0.2
10 45 0.166667
11 10 0.0357143
11 17 0.5
11 18 0.2
11 30 0.25
11 33 0.0909091
11 35 0.166667
12 9 0.0769231
12 6 0.0333333
12 26 0.1
13 5 0.047619
13 15 0.142857
13 48 0.25
14 7 0.1
15 13 0.142857
15 5 0.047619
15 7 0.1
16 9 0.0769231
16 6 0.0333333
16 24 0.111111
16 43 0.333333
16 46 0.333333
17 11 0.047619
18 11 0.047619
18 38 0.142857
19 7 0.1
19 5 0.047619
19 20 0.333333
20 19 0.125
21 10 0.0357143
22 20 0.333333
22 10 0.0357143
22 40 0.5
22 41 0.166667
23 10 0.0357143
23 36 0.25
24 6 0.0333333
24 16 0.0769231
25 10 0.0357143
26 12 0.125
26 15 0.142857
26 6 0.0333333
26 31 0.5
27 6 0.0333333
27 8 0.0769231
27 29 0.1
27 34 0.2
27 42 0.2
28 9 0.0769231
28 6 0.0333333
29 27 0.0909091
29 37 0.166667
29 42 0.2
30 11 0.047619
30 33 0.0909091
31 26 0.1
32 10 0.0357143
32 23 0.166667
32 45 0.166667
33 30 0.25
33 18 0.2
33 11 0.047619
33 35 0.166667
33 38 0.142857
34 27 0.0909091
34 29 0.1
35 33 0.0909091
35 11 0.047619
35 38 0.142857
36 23 0.166667
36 10 0.0357143
37 27 0.0909091
37 29 0.1
37 34 0.2
37 47 0.5
38 33 0.0909091
38 18 0.2
38 11 0.047619
38 35 0.166667
39 23 0.166667
39 10 0.0357143
39 45 0.166667
40 22 0.1
41 22 0.1
42 34 0.2
42 27 0.0909091
42 29 0.1
43 16 0.0769231
44 8 0.0769231
45 32 0.2
45 39 0.2
45 10 0.0357143
46 16 0.0769231
46 43 0.333333
47 37 0.166667
48 5 0.047619
48 13 0.142857
50 49 0.333333
51 52 0.5
52 51 0.142857
54 55 0.0714286
54 57 0.047619
54 60 0.0526316
54 64 0.1
54 65 0.111111
54 66 0.1
54 74 0.111111
54 76 0.142857
54 100 0.166667
55 54 0.0263158
55 56 0.047619
55 58 0.125
55 71 0.0769231
55 85 0.5
56 55 0.0714286
56 59 0.125
56 67 0.0833333
56 69 0.1
56 70 0.125
56 83 0.2
56 87 0.333333
56 88 0.25
57 54 0.0263158
57 60 0.0526316
57 62 0.166667
57 63 0.111111
57 68 0.0769231
57 79 0.2
57 84 0.333333
57 90 0.125
58 55 0.0714286
58 61 0.2
58 101 0.5
59 56 0.047619
59 80 0.2
60 57 0.047619
60 54 0.0263158
60 78 0.166667
60 82 0.333333
60 86 0.166667
60 95 0.2
60 98 0.333333
60 104 0.2
61 58 0.125
62 57 0.047619
62 63 0.111111
62 79 0.2
63 62 0.166667
63 58 0.125
63 57 0.047619
63 75 0.5
63 90 0.125
64 54 0.0263158
64 89 0.333333
64 93 0.333333
65 54 0.0263158
65 66 0.1
65 91 0.142857
66 54 0.0263158
66 65 0.111111
66 74 0.111111
66 100 0.166667
67 56 0.047619
67 73 0.0769231
67 103 0.111111
68 54 0.0263158
68 57 0.047619
68 65 0.111111
68 77 0.25
68 102 0.5
68 110 0.25
69 56 0.047619
69 70 0.125
69 73 0.0769231
69 83 0.2
70 56 0.047619
70 69 0.1
71 55 0.0714286
71 56 0.047619
71 81 0.25
71 90 0.125
71 97 0.2
72 61 0.2
73 67 0.0833333
73 69 0.1
73 96 0.125
73 109 0.125
74 54 0.0263158
74 65 0.111111
74 66 0.1
74 76 0.142857
74 91 0.142857
75 63 0.111111
76 54 0.0263158
76 64 0.1
76 74 0.111111
76 99 0.5
77 68 0.0769231
77 110 0.25
78 60 0.0526316
78 95 0.2
79 57 0.047619
79 62 0.166667
80 59 0.125
81 71 0.0769231
81 97 0.2
82 60 0.0526316
83 70 0.125
83 69 0.1
83 56 0.047619
84 57 0.047619
84 79 0.2
85 55 0.0714286
86 78 0.166667
86 60 0.0526316
86 82 0.333333
86 104 0.2
87 70 0.125
87 56 0.047619
88 56 0.047619
88 69 0.1
88 70 0.125
89 64 0.1
90 71 0.0769231
90 57 0.047619
90 63 0.111111
91 65 0.111111
91 54 0.0263158
91 74 0.111111
91 100 0.166667
92 64 0.1
92 89 0.333333
93 92 0.333333
93 64 0.1
94 69 0.1
94 70 0.125
94 56 0.047619
95 60 0.0526316
95 78 0.166667
96 67 0.0833333
96 73 0.0769231
96 105 0.142857
96 109 0.125
97 71 0.0769231
97 81 0.25
98 95 0.2
98 60 0.0526316
99 76 0.142857
100 91 0.142857
100 54 0.0263158
100 66 0.1
101 58 0.125
102 68 0.0769231
103 73 0.0769231
103 67 0.0833333
103 96 0.125
103 107 0.166667
103 109 0.125
104 86 0.166667
104 78 0.166667
104 60 0.0526316
105 96 0.125
105 103 0.111111
105 67 0.0833333
105 73 0.0769231
105 108 0.5
106 72 0.166667
107 73 0.0769231
107 103 0.111111
107 67 0.0833333
107 109 0.125
108 105 0.142857
109 103 0.111111
109 73 0.0769231
109 107 0.166667
109 96 0.125
110 68 0.0769231
110 77 0.25
111 112 0.5
112 111 0.25
113 114 0.333333
114 113 0.125
116 117 0.5
116 118 0.25
117 116 0.125
118 116 0.125
118 119 0.5
119 118 0.25
