0
0
0
0
0
0.053009
1
0.016651
0.087218
0.179179
1
1
0.155388
0.01221
0.008317
0.02459
0.02242
0.500953
0.226747
0.00644
0.034077
0
0.100876
0.262043
0.113604
0.500172
0.114258
0.097407
0.333712
0.013533
0.272502
0.057145
0.232632
0.129079
0.023226
0.188517
0.293714
0.002302
0.07258
0.232149
0.050535
0.016784
0.021533
0.009245
0.043508
0.222254
0.007484
0.001161
0.015392
0
0
0
0
0
0.062575
0.085355
1
0.152701
0.134213
0.126452
1
0.026907
0.191131
1
0.007203
0.119452
0.020103
0.085589
1
0.159537
0.224515
0.017382
0
0.019634
0.011963
0.499987
0.010377
0.297349
0.257439
0.073258
0.025526
0.00501
0.376171
0.222963
0.050903
0.042789
0.194538
0.333244
0.250817
0.002546
0.14255
0.020336
0.000785
0.002394
0
0.288223
0.004065
0.00421
0.333831
0.005283
0.016356
0.067541
0.500494
0.009917
0.228178
0.000581
0
0.002303
0.000297
0.004139
0.29823
0
0
0
0
0
0
0
0
0
0
0
