2 3
2 5
2 11
2 12
2 25
2 29
2 31
2 34
3 2
3 4
3 6
3 7
3 8
3 47
4 3
4 7
4 8
4 117
5 2
5 11
5 12
5 31
5 34
5 41
6 3
6 4
6 10
6 22
7 3
7 4
7 9
7 14
7 28
7 46
8 3
8 4
8 10
8 19
8 21
8 23
8 36
9 7
9 5
9 17
9 20
9 24
9 27
10 8
10 6
10 26
10 32
11 5
11 10
11 2
11 26
12 8
12 2
12 5
12 13
12 15
13 12
13 15
13 16
13 30
13 35
13 37
14 7
15 12
15 13
15 35
15 49
16 15
16 12
16 13
17 9
18 11
18 119
19 8
19 23
20 9
20 39
20 40
20 43
21 8
21 36
22 6
23 8
23 21
23 19
23 36
24 9
25 5
25 2
25 44
26 10
26 11
26 33
27 9
27 17
27 38
28 7
29 2
29 5
30 15
30 13
30 25
30 12
30 42
31 2
31 5
31 29
32 10
33 26
34 29
34 5
34 2
35 12
35 13
35 15
35 37
35 49
36 21
36 8
36 23
37 13
37 35
37 12
38 27
39 20
39 43
40 20
40 43
41 2
41 29
41 5
42 30
43 40
43 20
43 39
44 25
46 7
46 48
47 4
47 3
48 46
48 28
48 7
49 15
49 35
49 13
50 51
50 52
51 50
52 50
52 51
53 54
53 58
54 53
54 55
54 56
55 54
55 56
55 57
55 59
55 123
56 54
56 55
57 55
58 53
59 55
61 93
62 63
62 64
62 65
62 73
62 75
62 77
63 62
63 64
63 66
63 68
63 79
63 97
63 103
64 62
64 63
64 85
64 88
64 90
64 92
64 102
65 62
65 70
65 76
66 63
66 68
66 79
66 97
67 113
67 115
68 63
68 66
68 80
68 89
69 71
69 78
69 83
69 84
69 108
69 114
70 65
71 69
71 78
71 83
71 84
71 100
71 112
72 69
72 96
73 62
74 61
74 76
75 62
76 74
76 65
76 87
77 66
77 75
77 62
77 82
77 86
77 91
77 99
77 111
77 116
78 69
78 71
78 94
78 104
79 63
79 66
80 68
80 89
81 69
81 67
81 95
81 105
82 77
82 68
82 110
83 69
83 71
83 100
84 69
84 71
85 64
85 88
85 90
85 98
85 101
85 102
86 77
86 99
86 111
87 76
88 64
88 85
88 90
89 68
89 80
90 64
90 85
90 88
90 92
90 98
91 77
92 90
92 64
92 98
93 61
94 78
95 81
95 105
96 72
97 66
97 63
98 90
98 85
98 92
99 77
99 86
100 83
100 69
100 71
100 114
101 85
101 92
101 90
101 64
102 85
102 64
102 90
103 63
103 79
104 78
105 81
105 95
106 109
107 83
107 69
108 69
108 83
109 106
110 82
111 77
111 86
112 100
112 69
112 83
112 71
112 114
113 67
113 115
114 112
114 69
114 100
114 117
115 67
115 113
116 77
117 114
117 61
117 3
117 4
117 118
118 117
119 2
119 4
119 39
119 18
119 120
119 121
120 119
120 121
121 120
121 119
121 122
122 121
123 44
123 47
123 55
123 124
124 123
125 127
126 125
127 125
127 128
128 127
129 130
130 129
130 131
131 130
