132
362
2 3 0.0588235
2 5 0.0526316
2 11 0.0625
2 12 0.0769231
2 25 0.1
2 29 0.166667
2 31 0.2
2 34 0.2
3 2 0.0384615
3 4 0.0666667
3 6 0.125
3 7 0.0526316
3 8 0.0555556
3 47 0.25
4 3 0.0588235
4 7 0.0526316
4 8 0.0555556
4 117 0.1
5 2 0.0384615
5 11 0.0625
5 12 0.0769231
5 31 0.2
5 34 0.2
5 41 0.166667
6 3 0.0588235
6 4 0.0666667
6 10 0.0666667
6 22 0.5
7 3 0.0588235
7 4 0.0666667
7 9 0.0769231
7 14 0.5
7 28 0.333333
7 46 0.25
8 3 0.0588235
8 4 0.0666667
8 10 0.0666667
8 19 0.25
8 21 0.2
8 23 0.142857
8 36 0.166667
9 7 0.0526316
9 5 0.0526316
9 17 0.333333
9 20 0.1
9 24 0.5
9 27 0.125
10 8 0.0555556
10 6 0.125
10 26 0.125
10 32 0.25
11 5 0.0526316
11 10 0.0666667
11 2 0.0384615
11 26 0.125
12 8 0.0555556
12 2 0.0384615
12 5 0.0526316
12 13 0.0769231
12 15 0.1
13 12 0.0769231
13 15 0.1
13 16 0.25
13 30 0.1
13 35 0.0833333
13 37 0.2
14 7 0.0526316
15 12 0.0769231
15 13 0.0769231
15 35 0.0833333
15 49 0.2
16 15 0.1
16 12 0.0769231
16 13 0.0769231
17 9 0.0769231
18 11 0.0625
18 119 0.0833333
19 8 0.0555556
19 23 0.142857
20 9 0.0769231
20 39 0.166667
20 40 0.25
20 43 0.166667
21 8 0.0555556
21 36 0.166667
22 6 0.125
23 8 0.0555556
23 21 0.2
23 19 0.25
23 36 0.166667
24 9 0.0769231
25 5 0.0526316
25 2 0.0384615
25 44 0.25
26 10 0.0666667
26 11 0.0625
26 33 0.5
27 9 0.0769231
27 17 0.333333
27 38 0.5
28 7 0.0526316
29 2 0.0384615
29 5 0.0526316
30 15 0.1
30 13 0.0769231
30 25 0.1
30 12 0.0769231
30 42 0.5
31 2 0.0384615
31 5 0.0526316
31 29 0.166667
32 10 0.0666667
33 26 0.125
34 29 0.166667
34 5 0.0526316
34 2 0.0384615
35 12 0.0769231
35 13 0.0769231
35 15 0.1
35 37 0.2
35 49 0.2
36 21 0.2
36 8 0.0555556
36 23 0.142857
37 13 0.0769231
37 35 0.0833333
37 12 0.0769231
38 27 0.125
39 20 0.1
39 43 0.166667
40 20 0.1
40 43 0.166667
41 2 0.0384615
41 29 0.166667
41 5 0.0526316
42 30 0.1
43 40 0.25
43 20 0.1
43 39 0.166667
44 25 0.1
46 7 0.0526316
46 48 0.25
47 4 0.0666667
47 3 0.0588235
48 46 0.25
48 28 0.333333
48 7 0.0526316
49 15 0.1
49 35 0.0833333
49 13 0.0769231
50 51 0.111111
50 52 0.333333
51 50 0.125
52 50 0.125
52 51 0.111111
53 54 0.1
53 58 0.5
54 53 0.125
54 55 0.0833333
54 56 0.25
55 54 0.1
55 56 0.25
55 57 0.5
55 59 0.5
55 123 0.0769231
56 54 0.1
56 55 0.0833333
57 55 0.0833333
58 53 0.125
59 55 0.0833333
61 93 0.25
62 63 0.0555556
62 64 0.0526316
62 65 0.142857
62 73 0.5
62 75 0.333333
62 77 0.0526316
63 62 0.0454545
63 64 0.0526316
63 66 0.0909091
63 68 0.111111
63 79 0.2
63 97 0.25
63 103 0.333333
64 62 0.0454545
64 63 0.0555556
64 85 0.0714286
64 88 0.166667
64 90 0.0769231
64 92 0.1
64 102 0.2
65 62 0.0454545
65 70 0.5
65 76 0.142857
66 63 0.0555556
66 68 0.111111
66 79 0.2
66 97 0.25
67 113 0.25
67 115 0.25
68 63 0.0555556
68 66 0.0909091
68 80 0.166667
68 89 0.25
69 71 0.0833333
69 78 0.0909091
69 83 0.111111
69 84 0.25
69 108 0.333333
69 114 0.125
70 65 0.142857
71 69 0.0416667
71 78 0.0909091
71 83 0.111111
71 84 0.25
71 100 0.125
71 112 0.142857
72 69 0.0416667
72 96 0.5
73 62 0.0454545
74 61 0.0769231
74 76 0.142857
75 62 0.0454545
76 74 0.142857
76 65 0.142857
76 87 0.5
77 66 0.0909091
77 75 0.333333
77 62 0.0454545
77 82 0.0909091
77 86 0.166667
77 91 0.5
77 99 0.25
77 111 0.25
77 116 0.5
78 69 0.0416667
78 71 0.0833333
78 94 0.166667
78 104 0.5
79 63 0.0555556
79 66 0.0909091
80 68 0.111111
80 89 0.25
81 69 0.0416667
81 67 0.111111
81 95 0.25
81 105 0.25
82 77 0.0526316
82 68 0.111111
82 110 0.333333
83 69 0.0416667
83 71 0.0833333
83 100 0.125
84 69 0.0416667
84 71 0.0833333
85 64 0.0526316
85 88 0.166667
85 90 0.0769231
85 98 0.125
85 101 0.2
85 102 0.2
86 77 0.0526316
86 99 0.25
86 111 0.25
87 76 0.142857
88 64 0.0526316
88 85 0.0714286
88 90 0.0769231
89 68 0.111111
89 80 0.166667
90 64 0.0526316
90 85 0.0714286
90 88 0.166667
90 92 0.1
90 98 0.125
91 77 0.0526316
92 90 0.0769231
92 64 0.0526316
92 98 0.125
93 61 0.0769231
94 78 0.0909091
95 81 0.1
95 105 0.25
96 72 0.142857
97 66 0.0909091
97 63 0.0555556
98 90 0.0769231
98 85 0.0714286
98 92 0.1
99 77 0.0526316
99 86 0.166667
100 83 0.111111
100 69 0.0416667
100 71 0.0833333
100 114 0.125
101 85 0.0714286
101 92 0.1
101 90 0.0769231
101 64 0.0526316
102 85 0.0714286
102 64 0.0526316
102 90 0.0769231
103 63 0.0555556
103 79 0.2
104 78 0.0909091
105 81 0.1
105 95 0.25
106 109 0.5
107 83 0.111111
107 69 0.0416667
108 69 0.0416667
108 83 0.111111
109 106 0.25
110 82 0.0909091
111 77 0.0526316
111 86 0.166667
112 100 0.125
112 69 0.0416667
112 83 0.111111
112 71 0.0833333
112 114 0.125
113 67 0.111111
113 115 0.25
114 112 0.142857
114 69 0.0416667
114 100 0.125
114 117 0.1
115 67 0.111111
115 113 0.25
116 77 0.0526316
117 114 0.125
117 61 0.0769231
117 3 0.0588235
117 4 0.0666667
117 118 0.25
118 117 0.1
119 2 0.0384615
119 4 0.0666667
119 39 0.166667
119 18 0.2
119 120 0.25
119 121 0.0714286
120 119 0.0833333
120 121 0.0714286
121 120 0.25
121 119 0.0833333
121 122 0.166667
122 121 0.0714286
123 44 0.25
123 47 0.25
123 55 0.0833333
123 124 0.25
124 123 0.0769231
125 127 0.166667
126 125 0.2
127 125 0.2
127 128 0.5
128 127 0.166667
129 130 0.166667
130 129 0.25
130 131 0.25
131 130 0.166667
