0
0
0.008473
0.124644
0.140939
0.053421
0.023908
1
1
1
0.067899
0.004391
0.004722
0.000433
0.500702
0.000524
0.000111
0.3617
0
0.282244
0.100579
0.260491
0.011916
0.196831
0.499588
0.00276
0.009163
0.125264
0.348227
0.006493
4.5e-05
0.012189
0.017024
0.00468
0.0121
9.7e-05
0.221038
0.000102
0.06277
0.019661
0.028944
0.008862
2.4e-05
0.022645
0.019514
0
0.250516
0.050013
0.062643
0.00012
0
0
0
0.015564
0.123551
1
0.269715
0.50011
0.007725
0.501486
0
0.002125
0.105724
1
0.058322
0.015334
0.219568
0
0.141451
1
0.007645
0.125597
0
0.05273
0.00029
0.353813
0.002136
1
0.100778
0.284044
0.02853
0
0.091057
0.162781
0.270743
0.006163
0.235393
0.001079
0.011401
0.039963
0.006997
0.500308
0.00677
0.000545
0.016786
0
0
0.289115
0.002432
0.289305
0.05421
0.00125
0.012682
0.333947
0.050641
0
0
0
0.334118
0
0.030389
0.288185
0.03642
0
0.133327
0
0.500253
0.027452
0.006783
0
0
0
0
0.077296
0.019349
0
0
0
0
0
0
0
