43
68
14 11 0.111111
0 11 0.111111
0 16 0.25
1 6 0.1
1 8 0.5
1 9 0.142857
15 6 0.1
34 22 0.0909091
34 23 0.2
34 36 0.166667
2 1 0.0714286
2 13 0.5
22 23 0.2
22 34 0.2
35 26 0.142857
3 2 0.0666667
16 0 0.0833333
17 4 0.0714286
23 22 0.0909091
23 36 0.166667
4 0 0.0833333
4 7 0.166667
4 12 0.2
4 17 0.25
4 18 0.5
24 27 0.333333
24 28 0.2
36 23 0.2
36 22 0.0909091
36 34 0.2
6 1 0.0714286
6 10 0.166667
6 12 0.2
6 15 0.5
37 32 0.2
7 4 0.0714286
8 1 0.0714286
9 1 0.0714286
10 9 0.142857
10 6 0.1
18 4 0.0714286
38 2 0.0666667
38 4 0.0714286
38 39 0.142857
38 40 0.142857
39 38 0.0526316
19 11 0.111111
26 24 0.0769231
26 35 0.5
40 38 0.0526316
27 24 0.0769231
11 0 0.0833333
11 2 0.0666667
11 14 0.5
11 19 0.5
12 6 0.1
12 4 0.0714286
12 10 0.166667
13 2 0.0666667
20 21 0.142857
28 24 0.0769231
28 27 0.333333
28 31 0.333333
21 20 0.25
30 26 0.142857
31 24 0.0769231
31 28 0.2
32 37 0.5
