0 3
1 9
2 9
3 0
3 4
3 6
3 7
3 8
4 3
4 5
4 9
5 4
6 3
7 3
7 8
8 3
8 7
9 4
9 1
9 2
9 11
9 14
9 16
9 24
9 37
9 50
9 117
10 12
10 13
10 19
10 22
10 25
10 28
10 31
10 32
10 41
10 43
10 97
10 258
11 9
12 10
12 40
12 45
12 80
12 83
12 91
13 10
13 17
13 20
13 26
13 35
13 38
13 78
14 9
14 15
15 14
15 67
15 148
16 9
16 23
16 33
16 44
16 50
16 69
17 13
17 49
17 76
17 86
18 12
18 19
18 21
18 27
18 88
18 113
19 18
19 10
19 29
19 47
19 85
19 98
19 107
19 116
19 126
20 13
20 51
20 60
20 74
20 114
21 18
21 27
21 125
22 10
22 26
22 30
22 34
22 46
22 54
22 55
22 70
23 16
23 37
23 44
24 9
24 11
24 36
24 62
24 93
24 103
25 10
25 30
25 52
25 59
25 72
26 22
26 13
26 34
26 38
26 53
26 57
26 64
26 105
27 18
27 21
27 75
27 88
27 113
27 125
28 10
29 19
29 47
29 85
29 98
29 116
30 25
30 22
30 73
31 10
31 32
31 51
31 97
32 10
32 31
32 28
32 98
33 16
33 63
33 69
34 26
34 22
34 39
34 42
34 48
34 61
34 81
34 124
35 22
35 13
35 53
35 110
36 24
36 62
37 9
37 33
37 23
37 62
38 13
38 26
38 68
38 79
39 34
39 42
39 61
39 108
39 124
40 12
40 66
40 83
40 91
41 10
41 32
41 98
42 39
42 34
42 81
42 124
43 18
43 10
43 27
43 106
43 111
44 23
44 16
45 12
45 80
45 122
46 22
46 70
47 29
47 19
47 85
48 42
48 34
48 73
49 17
49 58
50 16
50 9
50 33
50 67
50 99
51 10
51 20
51 31
51 53
51 71
51 102
51 121
52 25
53 35
53 26
53 12
53 51
54 22
55 22
56 32
56 41
56 28
56 31
57 26
57 64
58 49
58 65
58 76
59 25
59 72
60 20
61 42
61 39
61 34
61 48
61 73
62 37
62 9
62 36
62 24
62 63
63 33
63 62
63 16
63 75
64 26
64 57
64 105
65 58
65 74
66 12
66 25
66 40
66 103
67 50
67 15
67 82
67 90
67 93
67 112
68 38
69 16
69 33
69 123
70 22
70 46
70 73
71 51
71 121
72 25
72 59
73 48
73 30
73 61
73 70
73 93
73 94
73 109
73 115
73 142
74 65
74 20
74 85
74 92
74 104
75 27
75 63
75 18
75 52
75 77
76 58
76 20
76 17
76 87
77 75
78 13
78 84
78 96
79 38
79 68
79 89
79 95
80 12
80 45
81 34
81 42
82 67
82 93
83 40
83 12
84 78
84 101
85 29
85 47
85 19
85 74
86 17
87 76
88 18
88 27
89 79
90 67
90 82
90 93
90 100
90 112
91 12
91 40
92 74
93 67
93 24
93 73
93 82
93 90
94 73
95 79
96 78
96 84
96 101
97 10
97 31
97 32
98 32
98 41
98 29
98 74
98 19
99 50
100 82
100 67
100 90
101 78
101 96
101 84
102 51
102 71
102 121
102 142
103 66
103 24
103 50
103 63
103 120
104 74
104 92
105 26
105 64
106 43
107 47
107 29
107 19
108 39
108 34
108 81
109 73
109 94
110 35
111 43
111 106
112 90
112 82
112 67
113 18
113 27
114 60
114 20
115 73
116 19
116 29
116 47
116 126
117 9
118 52
119 22
119 46
119 55
120 103
121 71
121 102
121 51
122 45
122 40
122 12
123 16
123 69
123 148
124 34
124 42
124 61
124 39
125 27
125 21
125 88
126 79
126 64
126 116
126 26
126 19
126 127
126 128
126 129
126 130
126 240
127 126
127 135
128 126
129 126
129 128
129 131
129 133
129 134
130 126
131 129
131 134
132 129
132 133
132 134
133 132
133 129
134 132
134 129
134 131
135 127
136 137
137 136
137 140
139 141
140 137
141 139
141 140
142 73
142 102
142 122
142 93
142 143
142 144
142 145
142 146
143 142
143 145
144 142
145 143
145 142
146 142
146 144
148 67
148 15
148 123
148 37
148 93
148 149
148 158
148 169
148 182
148 188
148 217
149 148
149 150
149 153
149 156
149 160
149 166
149 207
149 228
150 149
150 164
150 168
150 183
151 150
151 152
151 157
151 172
151 176
151 177
151 186
151 193
151 200
151 203
151 204
151 206
151 231
151 234
152 151
152 161
152 185
152 236
153 149
153 159
153 165
154 151
154 163
154 187
154 197
154 199
154 206
154 225
155 149
155 153
155 162
155 221
156 149
157 151
157 167
157 172
157 204
157 234
158 148
158 188
158 217
159 153
160 149
161 152
161 178
161 184
161 196
161 229
162 155
162 156
162 175
162 192
163 154
163 170
164 150
164 168
164 181
164 216
165 153
165 213
166 149
166 162
166 205
167 151
167 157
167 180
167 193
167 208
167 214
168 150
168 164
168 183
168 193
169 148
169 201
170 151
170 163
170 154
170 171
170 173
170 174
170 223
170 235
171 170
171 189
171 235
172 151
172 157
172 176
172 200
172 209
172 212
172 234
172 237
173 171
173 165
173 170
173 191
174 171
174 170
174 177
174 223
175 162
176 151
176 172
176 186
176 203
176 209
177 170
177 176
177 174
177 151
177 179
177 219
177 230
177 237
178 161
178 229
179 177
180 151
180 167
180 189
180 198
180 202
181 164
181 150
181 168
181 189
182 148
183 150
183 168
184 161
185 152
185 154
185 169
186 151
186 176
186 203
186 234
187 154
187 197
187 199
187 225
188 148
188 152
188 158
188 196
188 201
188 222
188 232
189 170
189 180
189 181
189 171
189 195
189 227
190 180
190 198
190 202
191 173
192 162
193 150
193 168
193 167
193 151
194 155
194 221
195 189
195 227
196 161
196 188
196 184
196 226
196 232
197 154
197 187
197 225
198 180
198 190
198 202
199 154
199 187
199 197
199 225
200 151
200 172
201 188
201 169
201 232
202 190
202 198
202 180
202 218
203 176
203 151
203 186
203 204
203 209
204 203
204 172
204 157
204 151
204 211
205 166
206 200
206 154
206 151
206 203
206 210
206 215
206 220
206 224
207 149
208 167
209 172
209 176
209 203
209 211
210 206
210 215
210 258
211 172
211 157
211 209
211 186
211 204
211 231
211 234
212 209
212 200
212 157
212 211
212 172
212 231
213 165
214 167
215 206
215 210
215 224
215 233
216 164
216 150
217 158
217 148
218 190
218 198
218 202
218 180
219 177
219 179
219 228
219 230
220 206
220 215
220 210
220 233
221 155
221 194
222 188
223 170
223 174
224 215
224 210
224 206
224 220
224 233
225 154
225 199
225 197
225 187
226 182
226 196
226 148
227 195
227 189
228 177
228 160
228 219
228 149
228 153
229 161
229 178
229 184
230 177
230 219
231 172
231 212
231 211
231 151
231 247
232 201
232 188
232 196
233 210
233 220
233 206
233 215
233 224
234 172
234 157
234 211
234 186
234 151
235 170
235 174
235 171
235 240
236 152
237 177
237 172
237 230
237 153
238 239
239 238
240 126
240 57
240 133
240 235
240 241
240 243
241 240
241 242
241 245
242 241
243 242
243 240
243 244
243 258
244 243
245 241
246 243
246 258
247 82
247 185
247 50
247 231
247 248
247 251
247 255
248 247
248 249
248 250
248 253
249 248
250 248
250 254
251 247
251 252
252 251
253 248
254 250
254 257
255 247
256 247
256 255
257 254
258 10
258 210
258 193
258 243
258 246
258 259
258 260
258 261
258 263
258 264
259 258
259 262
259 264
260 258
261 258
262 259
263 258
264 258
264 259
