0.250984
0.333971
0.25088
1
0.306116
0.15362
0.500223
0.297966
0.297658
1
1
0.271182
0.083749
0.050548
0.156627
0.123537
0.091806
0.004301
0.149958
0.126719
0.007223
0.213052
1
0.04911
0.104908
0.101326
0.126963
1
0.279532
0.031172
0.315125
0.146277
0.149979
0.058035
0.085411
0.008965
0.033621
0.238901
0.041748
0.02569
0.035531
0.171538
0.043514
0.125598
0.033342
0.049009
0.250559
0.042959
0.193305
0.001148
0.140518
0.023061
0.056434
0.021907
0.50143
0.333764
0
0.070493
0.000556
0.030246
0.002977
0.122392
0.034891
0.028307
0.164711
0.001714
0.007768
0.108693
0.052654
0.05559
0.329062
0.037028
0.030229
1
0.006536
0.127718
0.000716
0.064045
0.006381
0.127883
0.031446
0.025786
0.168861
0.028265
0.001483
0.021838
0.002199
0.000365
0.257835
0.063828
0.041337
0.028341
0.00268
0.251661
0.408558
0.064089
0.0009
0.220806
0.050731
0.070458
0.010397
0.000438
0.144481
0.011343
0.002165
0.069461
0.051179
0.031585
0.006237
0.33399
0.004502
0.042143
0.028924
0.275429
0.002391
0.50069
0.159294
0.500232
0
0
0.005768
0.031591
0.202903
0.203998
0.020833
0.230337
1
0.167246
0.178575
0.08532
0.250656
0.02394
0.009919
0.033404
0.018029
0.083615
0
0
0
0
0
0
1
0.297913
0.408793
0.298472
0.333457
0
1
1
0.165663
1
0.096924
0.091282
0.077024
0.00233
0.203536
0.088504
0.117476
0.045806
0.366231
0.009155
0.020275
0.262898
0.02669
0.042234
0.200772
0.023254
0.050701
0.237567
1
0.179876
0.099664
0.166844
0.17934
0.010143
0.128683
0.08929
0.002702
0.039202
0.00363
0.007198
0.333339
0.051336
0.005358
0.213603
0.149656
0.013362
0.087948
0.016977
0.000192
0.083382
0.010129
0.238655
0.000176
0.004929
0.010651
0.014794
0.000635
0.008935
0.195569
0.054854
0.000543
0.130061
0.135778
0.100637
0.079265
0.499779
0.011686
0.046613
0.12202
0.045402
0.038894
0.021256
0.011621
0.024366
0.008964
0.268423
0.000107
0.035229
0.013412
0.000536
0.043959
0.279494
0.013059
0.01341
0.002689
0.004999
0.144531
0.00227
0.02923
0.213826
0.024134
0.006164
0.131609
0.171355
0.048558
0.030926
0
0
0.079402
0.014822
0.04269
0.119937
0.060149
0.00737
0.142705
1
0.125818
0.063197
0.031648
0.250891
0.12555
0.062893
0.007857
0.33397
0
0.003948
1
0.201906
0.251215
0.250699
0.100872
0.499768
0.282334
