17 12
17 14
18 9
32 33
32 35
32 36
32 43
32 49
33 32
33 35
19 11
19 23
19 28
20 14
20 17
21 8
44 42
44 41
45 37
45 55
0 1
0 7
0 11
0 15
47 34
47 51
34 47
1 0
1 22
35 32
35 33
35 43
35 49
48 46
48 52
2 4
2 5
3 9
3 16
49 33
49 37
49 35
49 32
22 1
22 15
22 0
22 24
23 6
23 19
23 11
50 39
36 32
36 35
36 38
36 43
4 2
4 10
24 22
37 42
37 49
38 36
38 40
38 43
51 47
25 9
5 2
52 48
6 23
6 26
6 28
26 6
26 18
53 40
7 0
54 43
55 45
27 15
8 12
8 21
28 6
28 19
39 50
9 3
9 18
9 25
10 4
10 13
10 29
57 58
11 0
11 19
11 23
12 8
12 7
12 14
12 17
29 10
13 3
13 10
58 57
14 12
14 17
14 20
40 38
40 36
40 35
40 53
43 35
43 32
43 36
43 38
43 54
41 44
42 37
15 0
15 27
16 3
