12 1
12 2
12 18
36 2
36 1
36 26
55 38
13 10
56 49
56 38
56 57
14 5
14 15
37 38
37 41
37 42
37 43
37 46
37 49
37 58
0 1
0 11
57 56
15 14
15 6
15 5
15 24
16 4
16 6
16 26
38 37
38 39
38 46
38 55
38 56
38 60
17 1
17 2
17 12
18 1
18 12
18 17
1 0
1 2
1 3
1 5
1 7
1 12
1 17
1 21
1 27
19 9
39 38
39 40
39 51
39 59
58 37
58 41
40 39
40 46
40 66
40 67
20 9
2 1
2 12
2 17
2 21
2 22
2 27
2 29
3 1
21 1
21 2
21 22
4 6
4 16
4 23
22 1
22 2
22 8
22 21
22 24
41 37
41 42
41 52
59 39
59 51
42 37
42 39
42 41
42 43
42 44
42 45
42 48
42 54
42 63
5 2
5 1
5 7
5 14
43 42
43 37
43 62
23 6
23 16
23 4
24 15
24 22
44 42
44 49
44 54
60 38
61 63
61 65
26 16
26 4
26 6
6 4
6 23
6 26
45 42
45 54
62 43
63 61
63 45
63 42
64 49
64 48
64 38
65 61
66 40
67 40
67 66
27 3
27 2
27 1
27 8
7 5
7 1
7 9
46 37
46 40
46 38
46 47
46 50
47 46
8 1
8 2
8 3
8 22
8 27
28 9
68 69
68 70
69 68
69 70
9 2
9 7
9 10
9 19
9 20
9 28
48 39
48 42
48 45
48 64
49 37
49 42
49 44
49 53
49 56
70 68
70 69
29 6
29 2
29 9
29 30
29 31
50 46
30 29
30 32
31 29
32 30
10 9
10 13
51 39
51 59
52 41
52 37
71 72
72 71
73 74
11 0
53 49
54 42
54 45
54 44
33 34
33 35
74 73
34 33
35 33
