0.143382
1
0.14688
0.284732
0.00025
0.108004
0.001637
0.315319
0.027359
1
0.251059
0.071614
0.181592
0.125456
0.027402
0.003359
0.000143
0.191398
0.04532
0.501327
0.249897
0.161123
0.036138
0.00033
0.009735
0
0.00025
0.159967
0.500249
0.011375
0.001888
0.005677
0.000478
0
0
0
0
0.135159
1
0.186638
0.02664
0.142376
1
0.139789
0.197748
0.23419
0.082234
0.04094
0.166221
0.043947
0.041272
0.055369
0.047264
0.022068
0.218307
0.499369
0.170052
0.085001
0.03413
0.055831
0.50035
0.023815
0.06976
0.142613
0.041502
0.011885
0.011114
0.008855
0
0
0
0
0
0
0
