75
202
12 1 0.0384615
12 2 0.0555556
12 18 0.25
36 2 0.0555556
36 1 0.0384615
36 26 0.166667
55 38 0.0588235
13 10 0.25
56 49 0.0833333
56 38 0.0588235
56 57 0.5
14 5 0.0833333
14 15 0.0909091
37 38 0.0588235
37 41 0.125
37 42 0.0526316
37 43 0.125
37 46 0.0714286
37 49 0.0833333
37 58 0.25
0 1 0.0384615
0 11 0.5
57 56 0.166667
15 14 0.25
15 6 0.111111
15 5 0.0833333
15 24 0.25
16 4 0.111111
16 6 0.111111
16 26 0.166667
38 37 0.0588235
38 39 0.0909091
38 46 0.0714286
38 55 0.5
38 56 0.166667
38 60 0.5
17 1 0.0384615
17 2 0.0555556
17 12 0.142857
18 1 0.0384615
18 12 0.142857
18 17 0.166667
1 0 0.142857
1 2 0.0555556
1 3 0.25
1 5 0.0833333
1 7 0.166667
1 12 0.142857
1 17 0.166667
1 21 0.142857
1 27 0.142857
19 9 0.0666667
39 38 0.0588235
39 40 0.1
39 51 0.25
39 59 0.25
58 37 0.0588235
58 41 0.125
40 39 0.0909091
40 46 0.0714286
40 66 0.333333
40 67 0.333333
20 9 0.0666667
2 1 0.0384615
2 12 0.142857
2 17 0.166667
2 21 0.142857
2 22 0.111111
2 27 0.142857
2 29 0.0769231
3 1 0.0384615
21 1 0.0384615
21 2 0.0555556
21 22 0.111111
4 6 0.111111
4 16 0.166667
4 23 0.2
22 1 0.0384615
22 2 0.0555556
22 8 0.142857
22 21 0.142857
22 24 0.25
41 37 0.0588235
41 42 0.0526316
41 52 0.333333
59 39 0.0909091
59 51 0.25
42 37 0.0588235
42 39 0.0909091
42 41 0.125
42 43 0.125
42 44 0.166667
42 45 0.166667
42 48 0.166667
42 54 0.166667
42 63 0.142857
5 2 0.0555556
5 1 0.0384615
5 7 0.166667
5 14 0.25
43 42 0.0526316
43 37 0.0588235
43 62 0.5
23 6 0.111111
23 16 0.166667
23 4 0.111111
24 15 0.0909091
24 22 0.111111
44 42 0.0526316
44 49 0.0833333
44 54 0.166667
60 38 0.0588235
61 63 0.142857
61 65 0.5
26 16 0.166667
26 4 0.111111
26 6 0.111111
6 4 0.111111
6 23 0.2
6 26 0.166667
45 42 0.0526316
45 54 0.166667
62 43 0.125
63 61 0.166667
63 45 0.166667
63 42 0.0526316
64 49 0.0833333
64 48 0.166667
64 38 0.0588235
65 61 0.166667
66 40 0.1
67 40 0.1
67 66 0.333333
27 3 0.25
27 2 0.0555556
27 1 0.0384615
27 8 0.142857
7 5 0.0833333
7 1 0.0384615
7 9 0.0666667
46 37 0.0588235
46 40 0.1
46 38 0.0588235
46 47 0.5
46 50 0.5
47 46 0.0714286
8 1 0.0384615
8 2 0.0555556
8 3 0.25
8 22 0.111111
8 27 0.142857
28 9 0.0666667
68 69 0.166667
68 70 0.25
69 68 0.111111
69 70 0.25
9 2 0.0555556
9 7 0.166667
9 10 0.25
9 19 0.5
9 20 0.25
9 28 0.5
48 39 0.0909091
48 42 0.0526316
48 45 0.166667
48 64 0.25
49 37 0.0588235
49 42 0.0526316
49 44 0.166667
49 53 0.5
49 56 0.166667
70 68 0.111111
70 69 0.166667
29 6 0.111111
29 2 0.0555556
29 9 0.0666667
29 30 0.166667
29 31 0.5
50 46 0.0714286
30 29 0.0769231
30 32 0.25
31 29 0.0769231
32 30 0.166667
10 9 0.0666667
10 13 0.5
51 39 0.0909091
51 59 0.25
52 41 0.125
52 37 0.0588235
71 72 0.5
72 71 0.166667
73 74 0.5
11 0 0.142857
53 49 0.0833333
54 42 0.0526316
54 45 0.166667
54 44 0.166667
33 34 0.333333
33 35 0.333333
74 73 0.25
34 33 0.142857
35 33 0.142857
