0 1
1 0
1 2
2 1
2 3
3 2
4 8
4 11
4 15
4 19
4 29
4 33
4 36
4 49
4 62
4 79
5 6
5 9
5 13
5 14
5 18
5 104
6 5
6 7
6 14
6 18
6 71
6 73
7 5
7 6
7 50
7 87
8 4
8 10
8 44
8 45
8 58
8 61
8 67
8 94
8 135
9 5
9 6
9 31
9 75
9 103
10 8
10 37
10 78
11 4
11 20
11 22
11 85
11 86
12 9
12 21
12 48
12 92
13 5
13 20
13 24
13 59
13 74
14 5
14 6
15 4
15 17
15 23
15 82
15 102
15 113
15 115
16 11
16 18
16 32
16 34
16 41
16 71
17 15
17 26
17 35
17 38
17 57
17 91
17 106
18 16
18 5
18 6
18 17
18 41
18 93
18 110
18 124
19 4
19 27
19 40
19 68
19 76
19 81
19 84
19 99
19 112
20 13
20 6
20 11
20 56
20 80
20 101
20 109
21 12
21 53
21 92
22 11
22 86
23 15
23 39
23 64
24 13
25 11
25 4
25 22
25 41
25 51
25 65
25 70
26 17
27 19
27 37
27 40
27 68
27 99
27 112
28 63
29 4
29 33
31 9
31 103
32 16
33 29
33 4
34 16
34 32
34 21
34 66
35 17
36 4
36 49
37 27
37 10
37 63
37 98
38 17
38 35
38 57
38 91
38 106
39 23
39 63
40 27
40 19
40 81
40 112
41 25
41 18
41 16
41 46
41 64
41 89
42 46
43 41
43 42
43 88
43 111
44 8
45 8
45 67
46 41
46 42
46 55
47 28
47 54
48 12
48 53
48 71
48 89
48 92
49 4
49 36
49 52
49 60
49 69
49 105
49 107
50 7
50 87
51 25
52 49
52 240
53 12
53 21
53 48
53 92
54 47
55 46
56 20
56 80
57 17
57 38
57 82
58 8
58 10
58 78
59 13
59 24
60 49
60 52
60 69
60 105
60 107
61 30
61 8
61 83
61 135
62 4
63 10
63 37
63 28
63 39
64 41
64 23
65 25
65 51
65 70
66 34
67 8
67 45
67 94
68 19
68 27
68 40
69 49
69 52
69 60
69 105
69 107
70 51
70 65
70 25
70 115
71 16
71 6
71 48
71 89
73 6
73 5
74 13
74 59
75 9
75 31
75 103
76 19
76 27
76 68
76 40
78 58
78 10
79 4
80 20
80 56
81 27
81 19
81 40
82 15
82 57
82 90
83 61
84 81
84 19
85 11
86 22
86 85
86 11
87 7
87 50
87 93
88 43
89 71
89 41
89 48
89 5
90 82
91 17
91 38
92 53
92 48
92 12
92 21
93 87
93 18
94 8
94 67
96 28
97 40
97 27
97 49
97 19
98 37
99 19
99 27
99 40
101 56
101 20
101 80
102 15
103 31
103 9
103 75
104 5
104 6
104 73
105 49
105 60
105 69
106 35
106 17
106 38
107 60
107 105
107 49
107 52
107 69
109 20
110 18
111 43
112 40
112 19
112 99
112 27
113 15
113 26
113 95
114 82
114 90
115 15
115 70
115 4
115 23
116 115
116 117
116 120
116 122
117 116
117 120
117 122
118 119
119 118
119 235
120 116
120 117
122 116
122 115
122 117
123 118
124 27
124 100
124 18
124 95
124 125
124 126
124 127
124 130
125 124
125 128
125 129
125 134
126 124
127 124
127 130
127 131
127 134
128 125
128 129
129 125
129 128
130 124
130 127
131 127
131 132
131 133
132 131
132 133
133 132
133 131
134 125
134 127
135 8
135 78
135 61
137 61
137 63
137 170
137 172
138 139
138 141
138 147
138 149
138 150
138 173
139 138
139 140
139 142
139 145
139 147
139 149
139 151
139 155
139 160
139 161
139 178
139 179
139 185
139 187
139 203
139 215
139 228
139 230
139 240
140 139
140 144
140 176
141 138
141 143
141 163
141 207
142 139
142 145
142 230
143 138
143 141
144 140
144 152
145 139
145 142
145 149
145 155
145 160
145 179
146 154
146 165
146 167
146 188
146 196
146 209
146 214
147 139
147 138
147 151
147 196
147 216
148 138
148 173
149 138
149 139
149 145
149 168
149 219
149 225
150 148
150 138
151 147
151 139
151 223
152 144
153 143
153 167
153 175
154 146
154 167
154 197
155 145
155 142
155 139
155 156
155 161
155 178
155 185
155 193
155 230
156 139
156 155
156 158
156 162
156 169
156 171
156 191
156 202
156 226
156 238
157 158
157 162
157 204
157 211
158 157
158 156
158 213
158 234
159 157
159 183
159 210
160 145
160 142
160 139
160 161
160 185
160 189
160 193
160 215
161 139
161 145
161 155
161 160
161 179
161 189
161 215
161 228
162 157
162 156
162 158
162 177
162 195
162 199
162 217
163 141
163 173
164 200
165 154
165 146
165 167
165 188
165 197
165 214
166 164
167 165
167 154
167 146
167 153
167 182
167 190
167 199
168 149
169 158
169 156
169 198
169 206
169 222
170 137
171 156
172 137
173 148
173 138
173 163
174 162
175 153
175 201
175 232
176 140
177 162
178 155
178 160
178 139
178 189
178 215
178 230
179 139
179 161
179 145
179 181
179 205
179 218
180 146
180 186
181 179
182 167
182 227
183 159
183 210
185 155
185 145
185 139
185 160
186 180
187 171
187 139
187 145
187 178
188 146
188 165
189 160
189 178
189 139
189 161
190 167
190 182
191 169
191 156
191 202
192 173
193 155
193 142
193 160
193 139
194 172
194 220
194 221
195 162
195 217
196 146
196 147
197 165
197 154
197 214
198 169
199 167
199 174
199 192
199 162
200 164
201 175
202 156
202 191
202 212
203 139
203 155
203 142
203 160
204 157
205 179
206 169
206 198
207 141
208 207
208 184
208 139
209 188
209 146
209 231
210 183
210 159
211 157
211 204
212 202
213 158
214 197
214 146
214 165
214 231
215 161
215 139
215 178
215 160
216 147
217 162
217 195
218 179
218 233
219 149
220 194
220 221
221 194
221 220
222 169
222 158
222 198
222 224
223 151
224 222
225 149
226 156
227 182
227 167
228 139
228 161
228 193
228 178
229 137
230 139
230 155
230 178
230 142
231 154
231 214
231 146
231 209
232 175
233 218
234 158
234 213
235 119
235 226
235 218
236 237
237 236
238 169
238 156
238 179
238 162
238 239
239 238
240 139
240 102
240 52
240 241
240 242
240 246
241 240
241 245
242 240
242 243
242 244
243 242
243 247
244 242
245 241
246 240
247 243
248 231
248 117
248 249
248 251
249 248
249 250
249 251
249 253
250 249
250 252
251 248
251 249
251 254
252 250
253 249
253 254
254 253
254 251
