255
743
0 1 0.166667
1 0 0.25
1 2 0.1
2 1 0.166667
2 3 0.25
3 2 0.1
4 8 0.04
4 11 0.0666667
4 15 0.0526316
4 19 0.05
4 29 0.25
4 33 0.25
4 36 0.25
4 49 0.0625
4 62 0.5
4 79 0.5
5 6 0.0526316
5 9 0.0909091
5 13 0.0833333
5 14 0.25
5 18 0.0588235
5 104 0.25
6 5 0.047619
6 7 0.111111
6 14 0.25
6 18 0.0588235
6 71 0.125
6 73 0.25
7 5 0.047619
7 6 0.0526316
7 50 0.25
7 87 0.166667
8 4 0.0322581
8 10 0.0909091
8 44 0.5
8 45 0.25
8 58 0.142857
8 61 0.111111
8 67 0.166667
8 94 0.25
8 135 0.1
9 5 0.047619
9 6 0.0526316
9 31 0.2
9 75 0.2
9 103 0.166667
10 8 0.04
10 37 0.0714286
10 78 0.2
11 4 0.0322581
11 20 0.0588235
11 22 0.2
11 85 0.333333
11 86 0.2
12 9 0.0909091
12 21 0.142857
12 48 0.0909091
12 92 0.125
13 5 0.047619
13 20 0.0588235
13 24 0.333333
13 59 0.25
13 74 0.333333
14 5 0.047619
14 6 0.0526316
15 4 0.0322581
15 17 0.0526316
15 23 0.0909091
15 82 0.142857
15 102 0.333333
15 113 0.25
15 115 0.0714286
16 11 0.0666667
16 18 0.0588235
16 32 0.333333
16 34 0.166667
16 41 0.0666667
16 71 0.125
17 15 0.0526316
17 26 0.142857
17 35 0.25
17 38 0.1
17 57 0.125
17 91 0.25
17 106 0.2
18 16 0.0588235
18 5 0.047619
18 6 0.0526316
18 17 0.0526316
18 41 0.0666667
18 93 0.166667
18 110 0.5
18 124 0.0526316
19 4 0.0322581
19 27 0.0625
19 40 0.0833333
19 68 0.166667
19 76 0.2
19 81 0.166667
19 84 0.333333
19 99 0.166667
19 112 0.142857
20 13 0.0833333
20 6 0.0526316
20 11 0.0666667
20 56 0.2
20 80 0.2
20 101 0.25
20 109 0.5
21 12 0.1
21 53 0.111111
21 92 0.125
22 11 0.0666667
22 86 0.2
23 15 0.0526316
23 39 0.25
23 64 0.25
24 13 0.0833333
25 11 0.0666667
25 4 0.0322581
25 22 0.2
25 41 0.0666667
25 51 0.166667
25 65 0.2
25 70 0.142857
26 17 0.0526316
27 19 0.05
27 37 0.0714286
27 40 0.0833333
27 68 0.166667
27 99 0.166667
27 112 0.142857
28 63 0.111111
29 4 0.0322581
29 33 0.25
31 9 0.0909091
31 103 0.166667
32 16 0.0588235
33 29 0.25
33 4 0.0322581
34 16 0.0588235
34 32 0.333333
34 21 0.142857
34 66 0.5
35 17 0.0526316
36 4 0.0322581
36 49 0.0625
37 27 0.0625
37 10 0.0909091
37 63 0.111111
37 98 0.5
38 17 0.0526316
38 35 0.25
38 57 0.125
38 91 0.25
38 106 0.2
39 23 0.0909091
39 63 0.111111
40 27 0.0625
40 19 0.05
40 81 0.166667
40 112 0.142857
41 25 0.0833333
41 18 0.0588235
41 16 0.0588235
41 46 0.166667
41 64 0.25
41 89 0.142857
42 46 0.166667
43 41 0.0666667
43 42 0.2
43 88 0.5
43 111 0.5
44 8 0.04
45 8 0.04
45 67 0.166667
46 41 0.0666667
46 42 0.2
46 55 0.333333
47 28 0.166667
47 54 0.25
48 12 0.1
48 53 0.111111
48 71 0.125
48 89 0.142857
48 92 0.125
49 4 0.0322581
49 36 0.25
49 52 0.142857
49 60 0.111111
49 69 0.111111
49 105 0.142857
49 107 0.125
50 7 0.111111
50 87 0.166667
51 25 0.0833333
52 49 0.0625
52 240 0.0625
53 12 0.1
53 21 0.142857
53 48 0.0909091
53 92 0.125
54 47 0.142857
55 46 0.166667
56 20 0.0588235
56 80 0.2
57 17 0.0526316
57 38 0.1
57 82 0.142857
58 8 0.04
58 10 0.0909091
58 78 0.2
59 13 0.0833333
59 24 0.333333
60 49 0.0625
60 52 0.142857
60 69 0.111111
60 105 0.142857
60 107 0.125
61 30 0.333333
61 8 0.04
61 83 0.5
61 135 0.1
62 4 0.0322581
63 10 0.0909091
63 37 0.0714286
63 28 0.166667
63 39 0.25
64 41 0.0666667
64 23 0.0909091
65 25 0.0833333
65 51 0.166667
65 70 0.142857
66 34 0.166667
67 8 0.04
67 45 0.25
67 94 0.25
68 19 0.05
68 27 0.0625
68 40 0.0833333
69 49 0.0625
69 52 0.142857
69 60 0.111111
69 105 0.142857
69 107 0.125
70 51 0.166667
70 65 0.2
70 25 0.0833333
70 115 0.0714286
71 16 0.0588235
71 6 0.0526316
71 48 0.0909091
71 89 0.142857
73 6 0.0526316
73 5 0.047619
74 13 0.0833333
74 59 0.25
75 9 0.0909091
75 31 0.2
75 103 0.166667
76 19 0.05
76 27 0.0625
76 68 0.166667
76 40 0.0833333
78 58 0.142857
78 10 0.0909091
79 4 0.0322581
80 20 0.0588235
80 56 0.2
81 27 0.0625
81 19 0.05
81 40 0.0833333
82 15 0.0526316
82 57 0.125
82 90 0.333333
83 61 0.111111
84 81 0.166667
84 19 0.05
85 11 0.0666667
86 22 0.2
86 85 0.333333
86 11 0.0666667
87 7 0.111111
87 50 0.25
87 93 0.166667
88 43 0.166667
89 71 0.125
89 41 0.0666667
89 48 0.0909091
89 5 0.047619
90 82 0.142857
91 17 0.0526316
91 38 0.1
92 53 0.111111
92 48 0.0909091
92 12 0.1
92 21 0.142857
93 87 0.166667
93 18 0.0588235
94 8 0.04
94 67 0.166667
96 28 0.166667
97 40 0.0833333
97 27 0.0625
97 49 0.0625
97 19 0.05
98 37 0.0714286
99 19 0.05
99 27 0.0625
99 40 0.0833333
101 56 0.2
101 20 0.0588235
101 80 0.2
102 15 0.0526316
103 31 0.2
103 9 0.0909091
103 75 0.2
104 5 0.047619
104 6 0.0526316
104 73 0.25
105 49 0.0625
105 60 0.111111
105 69 0.111111
106 35 0.25
106 17 0.0526316
106 38 0.1
107 60 0.111111
107 105 0.142857
107 49 0.0625
107 52 0.142857
107 69 0.111111
109 20 0.0588235
110 18 0.0588235
111 43 0.166667
112 40 0.0833333
112 19 0.05
112 99 0.166667
112 27 0.0625
113 15 0.0526316
113 26 0.142857
113 95 0.166667
114 82 0.142857
114 90 0.333333
115 15 0.0526316
115 70 0.142857
115 4 0.0322581
115 23 0.0909091
116 115 0.0714286
116 117 0.111111
116 120 0.166667
116 122 0.2
117 116 0.111111
117 120 0.166667
117 122 0.2
118 119 0.125
119 118 0.166667
119 235 0.1
120 116 0.111111
120 117 0.111111
122 116 0.111111
122 115 0.0714286
122 117 0.111111
123 118 0.166667
124 27 0.0625
124 100 0.2
124 18 0.0588235
124 95 0.166667
124 125 0.0833333
124 126 0.5
124 127 0.0833333
124 130 0.25
125 124 0.0526316
125 128 0.25
125 129 0.25
125 134 0.25
126 124 0.0526316
127 124 0.0526316
127 130 0.25
127 131 0.166667
127 134 0.25
128 125 0.0833333
128 129 0.25
129 125 0.0833333
129 128 0.25
130 124 0.0526316
130 127 0.0833333
131 127 0.0833333
131 132 0.25
131 133 0.25
132 131 0.166667
132 133 0.25
133 132 0.25
133 131 0.166667
134 125 0.0833333
134 127 0.0833333
135 8 0.04
135 78 0.2
135 61 0.111111
137 61 0.111111
137 63 0.111111
137 170 0.5
137 172 0.333333
138 139 0.0212766
138 141 0.0909091
138 147 0.0833333
138 149 0.0833333
138 150 0.333333
138 173 0.111111
139 138 0.047619
139 140 0.1
139 142 0.0833333
139 145 0.0666667
139 147 0.0833333
139 149 0.0833333
139 151 0.142857
139 155 0.0555556
139 160 0.0588235
139 161 0.0666667
139 178 0.0769231
139 179 0.0769231
139 185 0.142857
139 187 0.2
139 203 0.2
139 215 0.125
139 228 0.166667
139 230 0.125
139 240 0.0625
140 139 0.0212766
140 144 0.125
140 176 0.5
141 138 0.047619
141 143 0.166667
141 163 0.166667
141 207 0.333333
142 139 0.0212766
142 145 0.0666667
142 230 0.125
143 138 0.047619
143 141 0.0909091
144 140 0.1
144 152 0.5
145 139 0.0212766
145 142 0.0833333
145 149 0.0833333
145 155 0.0555556
145 160 0.0588235
145 179 0.0769231
146 154 0.125
146 165 0.0909091
146 167 0.0588235
146 188 0.2
146 196 0.166667
146 209 0.2
146 214 0.125
147 139 0.0212766
147 138 0.047619
147 151 0.142857
147 196 0.166667
147 216 0.5
148 138 0.047619
148 173 0.111111
149 138 0.047619
149 139 0.0212766
149 145 0.0666667
149 168 0.5
149 219 0.5
149 225 0.5
150 148 0.25
150 138 0.047619
151 147 0.0833333
151 139 0.0212766
151 223 0.5
152 144 0.125
153 143 0.166667
153 167 0.0588235
153 175 0.142857
154 146 0.05
154 167 0.0588235
154 197 0.166667
155 145 0.0666667
155 142 0.0833333
155 139 0.0212766
155 156 0.047619
155 161 0.0666667
155 178 0.0769231
155 185 0.142857
155 193 0.142857
155 230 0.125
156 139 0.0212766
156 155 0.0555556
156 158 0.0714286
156 162 0.0588235
156 169 0.0769231
156 171 0.333333
156 191 0.2
156 202 0.111111
156 226 0.333333
156 238 0.142857
157 158 0.0714286
157 162 0.0588235
157 204 0.333333
157 211 0.333333
158 157 0.0769231
158 156 0.047619
158 213 0.2
158 234 0.333333
159 157 0.0769231
159 183 0.25
159 210 0.166667
160 145 0.0666667
160 142 0.0833333
160 139 0.0212766
160 161 0.0666667
160 185 0.142857
160 189 0.142857
160 193 0.142857
160 215 0.125
161 139 0.0212766
161 145 0.0666667
161 155 0.0555556
161 160 0.0588235
161 179 0.0769231
161 189 0.142857
161 215 0.125
161 228 0.166667
162 157 0.0769231
162 156 0.047619
162 158 0.0714286
162 177 0.25
162 195 0.25
162 199 0.166667
162 217 0.25
163 141 0.0909091
163 173 0.111111
164 200 0.25
165 154 0.125
165 146 0.05
165 167 0.0588235
165 188 0.2
165 197 0.166667
165 214 0.125
166 164 0.2
167 165 0.0909091
167 154 0.125
167 146 0.05
167 153 0.142857
167 182 0.2
167 190 0.333333
167 199 0.166667
168 149 0.0833333
169 158 0.0714286
169 156 0.047619
169 198 0.25
169 206 0.333333
169 222 0.142857
170 137 0.047619
171 156 0.047619
172 137 0.047619
173 148 0.25
173 138 0.047619
173 163 0.166667
174 162 0.0588235
175 153 0.142857
175 201 0.5
175 232 0.5
176 140 0.1
177 162 0.0588235
178 155 0.0555556
178 160 0.0588235
178 139 0.0212766
178 189 0.142857
178 215 0.125
178 230 0.125
179 139 0.0212766
179 161 0.0666667
179 145 0.0666667
179 181 0.5
179 205 0.5
179 218 0.142857
180 146 0.05
180 186 0.5
181 179 0.0769231
182 167 0.0588235
182 227 0.2
183 159 0.2
183 210 0.166667
185 155 0.0555556
185 145 0.0666667
185 139 0.0212766
185 160 0.0588235
186 180 0.142857
187 171 0.333333
187 139 0.0212766
187 145 0.0666667
187 178 0.0769231
188 146 0.05
188 165 0.0909091
189 160 0.0588235
189 178 0.0769231
189 139 0.0212766
189 161 0.0666667
190 167 0.0588235
190 182 0.2
191 169 0.0769231
191 156 0.047619
191 202 0.111111
192 173 0.111111
193 155 0.0555556
193 142 0.0833333
193 160 0.0588235
193 139 0.0212766
194 172 0.333333
194 220 0.25
194 221 0.25
195 162 0.0588235
195 217 0.25
196 146 0.05
196 147 0.0833333
197 165 0.0909091
197 154 0.125
197 214 0.125
198 169 0.0769231
199 167 0.0588235
199 174 0.2
199 192 0.125
199 162 0.0588235
200 164 0.2
201 175 0.142857
202 156 0.047619
202 191 0.2
202 212 0.5
203 139 0.0212766
203 155 0.0555556
203 142 0.0833333
203 160 0.0588235
204 157 0.0769231
205 179 0.0769231
206 169 0.0769231
206 198 0.25
207 141 0.0909091
208 207 0.333333
208 184 0.333333
208 139 0.0212766
209 188 0.2
209 146 0.05
209 231 0.142857
210 183 0.25
210 159 0.2
211 157 0.0769231
211 204 0.333333
212 202 0.111111
213 158 0.0714286
214 197 0.166667
214 146 0.05
214 165 0.0909091
214 231 0.142857
215 161 0.0666667
215 139 0.0212766
215 178 0.0769231
215 160 0.0588235
216 147 0.0833333
217 162 0.0588235
217 195 0.25
218 179 0.0769231
218 233 0.5
219 149 0.0833333
220 194 0.166667
220 221 0.25
221 194 0.166667
221 220 0.25
222 169 0.0769231
222 158 0.0714286
222 198 0.25
222 224 0.5
223 151 0.142857
224 222 0.142857
225 149 0.0833333
226 156 0.047619
227 182 0.2
227 167 0.0588235
228 139 0.0212766
228 161 0.0666667
228 193 0.142857
228 178 0.0769231
229 137 0.047619
230 139 0.0212766
230 155 0.0555556
230 178 0.0769231
230 142 0.0833333
231 154 0.125
231 214 0.125
231 146 0.05
231 209 0.2
232 175 0.142857
233 218 0.142857
234 158 0.0714286
234 213 0.2
235 119 0.125
235 226 0.333333
235 218 0.142857
236 237 0.166667
237 236 0.166667
238 169 0.0769231
238 156 0.047619
238 179 0.0769231
238 162 0.0588235
238 239 0.5
239 238 0.142857
240 139 0.0212766
240 102 0.333333
240 52 0.142857
240 241 0.25
240 242 0.166667
240 246 0.25
241 240 0.0625
241 245 0.5
242 240 0.0625
242 243 0.25
242 244 0.5
243 242 0.166667
243 247 0.5
244 242 0.166667
245 241 0.25
246 240 0.0625
247 243 0.25
248 231 0.142857
248 117 0.111111
248 249 0.125
248 251 0.125
249 248 0.1
249 250 0.25
249 251 0.125
249 253 0.25
250 249 0.125
250 252 0.5
251 248 0.1
251 249 0.125
251 254 0.25
252 250 0.25
253 249 0.125
253 254 0.25
254 253 0.25
254 251 0.125
