0
0
0
0
1
0.011905
0.056672
0.006753
1
0.001055
0.117989
0.13073
0.000267
0.084339
0.016807
0.119978
0.008552
1
0.066116
1
1
0.000299
0.031777
0.015725
0.033825
0.006418
0.14712
0.183023
0.019171
0.298269
0.073832
0.000297
0.003173
0.297314
0.001424
0.318406
0.264425
0.029164
0.152168
0.03167
0.169843
0.073407
0.203123
1
0.500599
0.288634
0.045164
0
0.00194
0.085909
0.002383
0.001685
0.155693
0.000287
0
0.015028
0.276732
0.143512
0.147421
0.026401
0.013488
0.220804
0.499823
0.114489
0.02183
0.001672
0.000708
0.235823
0.217351
0.013326
0.002305
0.009529
0
0.014791
0.028114
0.000251
0.200054
0
0.073008
0.500415
0.276685
0.234156
0.037155
0.11054
0.334119
0.050603
0.030749
0.00327
0.50093
0.011803
0.012383
0.275597
0.000332
0.011216
0.28915
0.171802
0
0
0.014535
0.214183
0.201399
0.251007
0.356528
0.000222
0.003012
0.016634
0.223145
0.013423
0
0.500491
0.033058
0.50062
0.182229
0.029736
0
0.008593
0
0
0
0
0
0
0
0
1
0.085638
0.500859
0.104767
0.025467
0.025524
0.266573
0.017152
0.005149
0.00525
0.046095
0.12039
0
1
0.099308
1
0.100785
0.011299
0.147263
0.02539
0.012845
0.182841
0.064327
0.102707
0.011601
1
0.033117
0.154169
0.006429
0.14326
0.144775
0.154856
1
0.012288
0.085056
0
0.11336
0.110316
0.078307
0.004196
0
0.099463
0
1
0.500094
0.102983
0.5002
0.379315
0.333213
0.014535
0.035151
0.020523
0.050508
0.019605
0.136434
0.106761
0
0.05334
0.254316
0
0
0.172034
0
0.199953
0.033856
0.049474
0.332933
0.218396
0.022269
0.061861
0
0.023249
0.027325
0.042287
0.035072
0.17588
0
0.010242
0.131721
0.20065
0.005003
0.053339
0.03458
0.003746
0
0.013508
0
0.00411
0.06583
0.021653
0.024914
0.161516
0.051358
0.023425
0.015263
0.499892
0
0
0.01474
0.077452
0.007408
0.50002
0.334103
0.051166
0.17999
0
0.169909
0.005257
0.010134
0.007681
0.02839
0
0
0
0.143267
0.071747
1
0.250735
0.166854
0.04162
0.083203
0.125822
0.25078
0.020741
0
0
0
0
0
0
0
