0 2
2 0
2 3
2 104
3 2
3 4
3 7
4 3
4 6
4 8
5 4
6 4
7 4
7 3
7 8
8 4
8 7
8 3
8 9
8 12
8 15
8 16
8 19
8 27
8 32
8 40
8 45
8 46
8 52
8 67
8 99
8 100
8 103
9 8
9 19
9 37
9 48
9 50
9 53
10 11
10 21
10 23
10 41
10 43
10 71
10 88
11 10
11 72
12 8
12 33
12 95
13 14
13 24
13 25
13 38
13 90
14 13
14 42
15 8
15 36
15 78
15 81
15 91
15 93
16 8
16 17
16 60
16 65
16 66
16 102
17 16
17 60
17 69
17 102
18 20
18 22
18 72
19 9
19 8
19 44
19 48
19 59
20 18
21 10
21 18
22 11
22 18
23 10
23 97
24 13
24 26
24 30
24 38
25 13
26 24
27 8
27 35
27 62
27 76
28 27
28 76
29 15
29 39
29 49
29 51
29 54
29 72
29 89
29 92
30 24
32 8
32 96
32 98
33 12
33 57
33 79
34 31
34 68
35 28
35 27
35 62
36 15
36 81
37 9
38 24
38 13
39 29
39 54
39 89
39 92
40 8
40 46
40 67
40 100
41 21
41 10
41 61
42 14
43 10
44 19
44 48
45 8
45 29
45 58
45 85
46 8
46 40
46 52
46 99
48 9
48 19
48 44
48 61
48 64
48 75
48 101
49 29
49 39
50 9
50 53
51 29
51 49
52 8
52 46
52 99
53 9
53 50
53 74
54 29
54 39
54 89
54 92
55 23
57 33
57 12
57 83
58 45
58 73
58 82
59 19
60 17
60 16
60 77
60 102
61 48
61 41
62 28
62 27
62 35
62 76
63 41
63 65
63 75
64 48
65 63
65 61
65 16
66 17
66 16
67 8
67 40
68 52
68 31
68 34
68 8
69 17
69 60
69 16
70 22
71 10
72 45
72 18
72 11
72 29
72 80
73 58
73 45
73 82
74 53
75 63
75 48
75 61
76 28
76 27
76 62
77 17
77 60
77 66
78 15
78 81
79 33
79 12
80 72
81 15
81 36
81 78
81 91
81 93
82 58
82 45
82 73
82 85
83 57
84 23
85 82
85 45
85 73
86 22
86 94
87 22
88 43
88 10
89 29
89 39
89 54
90 13
91 81
91 15
92 29
92 39
92 54
93 81
93 15
93 91
93 36
94 86
95 33
95 12
95 79
96 32
97 23
98 32
98 96
99 8
99 52
99 46
100 8
100 40
100 46
101 48
102 60
102 17
102 77
102 66
102 16
103 8
103 67
104 2
104 105
104 109
105 104
105 106
106 105
108 106
109 104
111 112
111 115
111 121
112 111
112 113
112 114
113 112
114 112
114 113
114 118
115 111
116 114
116 117
117 116
118 114
118 112
119 120
120 119
121 111
122 105
122 27
122 14
122 123
123 122
124 125
124 130
124 137
125 124
125 127
125 128
125 130
125 132
125 135
125 136
125 150
125 153
125 161
125 172
125 174
125 177
125 184
126 134
126 138
126 144
126 160
126 163
126 179
127 125
127 132
127 144
127 173
127 183
127 198
127 205
128 125
128 148
128 165
128 191
130 125
130 124
130 147
131 141
131 187
132 125
132 127
132 136
132 151
132 156
132 158
132 194
133 134
133 145
133 148
133 151
133 167
133 186
134 126
134 133
134 139
134 164
134 185
134 189
134 190
135 125
135 184
136 125
136 132
136 142
137 124
138 126
138 129
138 140
138 176
139 126
139 134
139 192
140 138
140 162
140 176
141 127
141 131
141 143
141 155
141 157
141 181
141 219
142 136
143 141
143 157
143 219
144 126
144 127
144 152
144 154
144 169
144 201
145 133
146 133
146 149
146 166
147 130
147 178
147 197
148 133
148 128
148 199
149 146
149 209
150 125
150 130
150 170
150 193
150 208
151 133
151 145
151 132
151 156
151 159
152 144
153 125
154 144
154 152
154 169
154 215
155 141
155 143
155 158
155 219
156 151
156 132
157 143
157 155
157 141
157 219
158 132
158 155
158 176
158 188
159 151
160 126
161 125
161 171
162 140
163 126
163 179
164 134
165 128
165 178
166 146
167 133
167 186
169 154
169 144
169 212
170 150
171 161
172 125
173 127
173 183
173 198
173 205
174 125
174 135
175 202
175 204
175 218
175 220
176 140
176 138
176 158
176 211
177 125
178 147
178 165
178 129
178 200
178 206
178 207
179 163
179 126
180 128
180 165
181 141
181 143
181 155
182 149
182 146
183 127
183 173
184 135
184 125
185 134
186 133
186 167
186 145
187 181
187 131
187 216
188 158
189 134
190 134
190 159
190 210
190 213
191 128
191 165
192 139
193 150
193 170
193 208
194 132
195 196
196 195
196 214
197 147
198 173
198 127
199 148
200 178
200 207
201 154
201 144
202 147
202 175
202 203
203 202
204 175
205 173
205 127
206 178
206 200
207 178
207 200
208 193
208 150
209 149
210 190
211 176
212 169
212 154
212 144
213 190
213 210
214 196
215 169
215 154
215 212
216 187
217 131
218 175
219 143
219 155
219 141
219 157
219 222
220 175
222 143
222 219
222 169
222 223
222 225
222 226
222 227
222 228
222 229
223 222
223 230
224 222
224 225
225 224
225 222
226 222
227 222
228 222
229 222
230 223
230 231
231 230
233 234
233 235
234 233
234 237
235 233
235 238
237 234
238 235
238 239
239 238
240 135
240 124
240 99
240 241
240 243
241 240
241 243
242 244
243 241
243 240
244 242
