0.004624
0
0.018458
0.14627
0.162518
0
0.081334
0.220696
1
0.132627
1
0.220149
0.100745
0.065426
0.007343
0.147462
0.072067
0.010638
0.039354
0.201825
0.019699
0.222715
0.005002
0.165856
1
0.01646
0.500185
0.091244
0.010392
1
0.501108
0
0.125556
0.012089
0
0.020625
0.03767
0.066304
0.132579
0.189618
0.191919
0.132753
0.003705
0.407946
0.28569
0.094095
0.181137
0
1
0.314192
0.037515
0.333821
0.181837
0.026399
0.149096
0
0
0.001986
0.01667
0.101403
0.009346
0.203649
0.017217
0.022411
0.500556
0.015467
0.016664
0.279134
0
0.002687
0
0.500131
0.134473
0.006415
0.013227
0.142958
0.01817
0.003939
0.041182
0.006794
0.067323
0.026554
0.00563
0.001009
0
0.019156
0
0
0.333895
0.207902
0.022142
0.037815
0.207792
0.027827
0
0.016708
0.051187
0.08301
0.041888
0.181277
0.228157
0.500587
0.010943
0.333397
0.001198
0.000243
7.9e-05
0
0
0.00062
0
0
0
0
0
0
0
0
0
0
0
0
0
0
0.072876
1
1
1
0.098065
0.267398
0.175453
0.00272
0.138545
1
1
0.246722
0.185403
0.014625
0.084122
0.167051
0.012013
0.019074
0.092494
0.112822
0.158795
0.318913
0
0.130857
0.136016
0
0.090407
0.129551
0.063252
0.499521
0.040769
0.019602
0.043448
0.032968
0.017081
0.053643
0.500441
0.16668
0.006023
0.282038
0.500171
0.181887
0
0.288416
0
0.144721
0.034901
0.055263
0.500604
0.205271
0.334388
1
0.013746
0.500678
1
0.201328
0
0.002364
0
0.283913
0.290949
0.500023
0.241334
0.000283
0.008562
0.500561
0.143151
0.032671
0.083568
0.021728
0.069265
0
0
0.065168
0.284183
0.068152
0.291518
0.052611
0.167278
0.083948
0.501339
0.284202
0.334093
0.298261
0.02603
0
0.058256
0.006842
0.030706
0.047691
0
0.010466
0.000148
0
0.251005
0.112365
0.501231
0
1
0.166784
0.024071
0.166466
0.250527
0.499829
0.50097
0.500563
0.027725
0.013856
0
0
0
0
0
0
0
0
0
0
0
0
0
