0 2
2 0
2 4
3 1
4 2
4 5
4 6
4 36
4 45
5 4
5 20
5 22
5 27
5 46
6 4
6 23
7 9
7 10
7 13
7 44
8 19
8 25
8 33
8 37
8 42
9 7
9 11
9 16
9 41
10 7
11 9
11 16
11 24
11 41
12 14
12 17
12 24
12 30
12 58
13 7
13 10
14 12
14 15
14 32
15 14
15 32
16 9
16 11
16 52
17 12
18 5
18 6
19 14
19 8
19 29
19 33
19 39
19 57
20 5
20 22
21 11
21 9
21 34
22 5
22 20
23 6
23 35
24 12
24 9
24 11
24 28
24 43
24 59
25 8
26 31
26 47
26 48
27 20
27 5
28 24
28 37
28 59
29 19
29 33
29 39
29 57
30 12
30 17
31 26
31 38
32 14
32 15
32 56
33 29
33 19
33 8
33 55
34 7
34 21
34 51
35 6
35 23
35 56
36 27
36 4
36 16
37 8
37 24
37 28
37 21
37 51
37 53
37 58
38 31
38 26
39 29
39 19
40 37
40 51
41 9
41 11
42 8
43 24
44 7
45 4
46 5
47 26
47 49
48 26
48 50
48 54
48 62
48 159
49 47
50 48
50 54
51 34
51 37
51 40
52 16
53 37
54 48
54 50
55 8
55 33
55 27
56 33
56 14
56 35
56 32
57 29
57 39
57 19
58 12
58 37
59 28
59 24
61 60
62 48
62 54
62 159
66 67
66 68
66 71
66 76
66 78
66 87
66 118
66 122
66 138
67 66
67 68
67 69
67 70
67 76
67 81
67 82
67 96
67 113
67 126
67 137
67 146
67 149
68 67
68 66
68 72
68 77
68 80
68 98
68 100
68 141
68 144
69 67
69 122
70 67
70 73
70 83
70 99
70 137
71 66
71 85
71 110
71 149
72 68
72 114
72 120
72 136
73 70
73 119
74 66
74 78
74 130
75 66
75 68
75 79
75 86
75 88
75 131
75 145
75 147
76 67
76 66
76 68
76 102
76 116
76 121
76 123
76 127
77 68
77 148
78 74
78 66
79 75
79 86
79 88
79 147
80 68
80 95
80 97
80 104
80 108
80 124
81 67
82 69
82 67
82 81
82 137
82 146
83 70
84 76
84 102
84 121
84 123
84 139
84 140
85 76
85 71
86 75
86 79
87 66
87 74
87 130
88 79
88 86
88 75
88 135
89 90
89 91
89 93
89 101
90 89
90 131
90 150
91 89
91 77
91 92
91 103
91 115
91 117
92 91
92 103
93 89
94 91
95 80
95 77
95 103
95 111
95 143
96 68
96 82
96 88
96 67
96 129
96 134
97 80
98 68
98 144
99 70
100 68
101 89
101 133
102 76
102 84
103 95
103 91
103 92
103 106
103 107
103 109
103 125
104 97
104 75
104 80
105 86
105 75
105 79
106 103
107 103
107 112
108 80
109 103
109 107
110 71
111 95
111 143
112 103
112 107
112 106
112 125
113 67
113 82
113 146
114 72
115 91
116 76
116 132
117 91
118 66
118 80
118 139
119 73
119 128
120 72
120 88
120 131
121 76
121 84
122 69
122 66
122 88
122 142
122 149
123 76
123 84
123 139
124 80
124 97
125 112
125 103
125 107
126 67
126 82
127 121
127 84
127 76
128 99
128 119
129 96
129 134
130 74
130 66
130 87
131 90
131 89
131 75
131 120
132 85
132 76
132 84
132 116
133 101
134 96
134 129
135 88
136 72
136 114
137 67
137 70
137 82
138 66
138 78
138 130
139 124
139 123
139 118
139 84
140 84
140 121
140 102
141 68
142 122
143 111
143 95
144 68
144 98
144 141
145 75
145 79
146 67
146 82
146 113
147 145
147 75
147 79
148 77
149 67
149 122
149 71
150 90
150 89
152 157
153 154
153 156
153 158
154 153
156 153
156 158
157 152
158 156
158 153
159 62
159 48
159 13
