0.063239
0
0.250404
0
1
0.070768
0.113119
0.008257
0.052832
0.043452
0.002383
0.04658
1
0.00168
0.101014
0.027991
0.046748
0.408642
0
0.005452
0.029039
0.171239
0.023205
0.023044
0.173995
0.026461
0
0.063852
0.147799
0.001834
0.333858
0
0.020252
0.006981
0.065229
0.00537
0.251142
1
0
0.001563
0.057047
0.02127
0.02623
0.087316
0.004122
0.500194
0.035631
0
0
0
0
0.171056
0.023567
0.500381
0
0.001743
0.003569
0.001381
0.437754
0.076314
0
0
0
0
0
0
1
1
1
0.248573
0.084973
0.105744
0.129101
0.008613
0.083718
1
0.109572
0.318716
0.247579
0.155204
1
0.372426
0.173962
0.042429
0.009225
0.027871
0.204453
0.207998
0.141696
0.083647
0.0375
1
0.262729
0.041949
0
0.119525
0.111841
0.342717
0.288351
0.028558
0.500688
0.020793
0.023385
0.07915
0.250758
0
0.016536
0.013448
0.500397
0.026347
0.053038
0.035525
0.004802
0.230541
0.052748
0.500713
0.027296
0.500827
0.201423
0.002155
0.053757
0.023369
0.152597
0.022806
0.255594
0.016308
0.333996
0.027517
0.000712
0.03337
0.084225
0.147272
0.005554
0.010495
0.033736
0.070831
0.04313
0.1991
0.251115
0.025231
0.002335
0.386167
0.076396
0.03542
0.241398
0.291653
0.216008
0.222429
0.159614
0.197925
0.012564
0
0
0
0
0
0
0
0
0
0
