161
433
0 2 0.25
2 0 0.25
2 4 0.0714286
3 1 0.2
4 2 0.25
4 5 0.0666667
4 6 0.111111
4 36 0.25
4 45 0.5
5 4 0.0714286
5 20 0.2
5 22 0.25
5 27 0.2
5 46 0.5
6 4 0.0714286
6 23 0.2
7 9 0.1
7 10 0.25
7 13 0.2
7 44 0.5
8 19 0.0909091
8 25 0.5
8 33 0.111111
8 37 0.0714286
8 42 0.5
9 7 0.0769231
9 11 0.111111
9 16 0.142857
9 41 0.25
10 7 0.0769231
11 9 0.1
11 16 0.142857
11 24 0.0833333
11 41 0.25
12 14 0.1
12 17 0.333333
12 24 0.0833333
12 30 0.333333
12 58 0.25
13 7 0.0769231
13 10 0.25
14 12 0.0666667
14 15 0.25
14 32 0.166667
15 14 0.1
15 32 0.166667
16 9 0.1
16 11 0.111111
16 52 0.5
17 12 0.0666667
18 5 0.0666667
18 6 0.111111
19 14 0.1
19 8 0.0526316
19 29 0.125
19 33 0.111111
19 39 0.2
19 57 0.2
20 5 0.0666667
20 22 0.25
21 11 0.111111
21 9 0.1
21 34 0.2
22 5 0.0666667
22 20 0.2
23 6 0.111111
23 35 0.2
24 12 0.0666667
24 9 0.1
24 11 0.111111
24 28 0.125
24 43 0.5
24 59 0.25
25 8 0.0526316
26 31 0.25
26 47 0.25
26 48 0.1
27 20 0.2
27 5 0.0666667
28 24 0.0833333
28 37 0.0714286
28 59 0.25
29 19 0.0909091
29 33 0.111111
29 39 0.2
29 57 0.2
30 12 0.0666667
30 17 0.333333
31 26 0.0769231
31 38 0.333333
32 14 0.1
32 15 0.25
32 56 0.142857
33 29 0.125
33 19 0.0909091
33 8 0.0526316
33 55 0.25
34 7 0.0769231
34 21 0.166667
34 51 0.166667
35 6 0.111111
35 23 0.2
35 56 0.142857
36 27 0.2
36 4 0.0714286
36 16 0.142857
37 8 0.0526316
37 24 0.0833333
37 28 0.125
37 21 0.166667
37 51 0.166667
37 53 0.5
37 58 0.25
38 31 0.25
38 26 0.0769231
39 29 0.125
39 19 0.0909091
40 37 0.0714286
40 51 0.166667
41 9 0.1
41 11 0.111111
42 8 0.0526316
43 24 0.0833333
44 7 0.0769231
45 4 0.0714286
46 5 0.0666667
47 26 0.0769231
47 49 0.5
48 26 0.0769231
48 50 0.166667
48 54 0.2
48 62 0.0833333
48 159 0.111111
49 47 0.25
50 48 0.1
50 54 0.2
51 34 0.2
51 37 0.0714286
51 40 0.333333
52 16 0.142857
53 37 0.0714286
54 48 0.1
54 50 0.166667
55 8 0.0526316
55 33 0.111111
55 27 0.2
56 33 0.111111
56 14 0.1
56 35 0.2
56 32 0.166667
57 29 0.125
57 39 0.2
57 19 0.0909091
58 12 0.0666667
58 37 0.0714286
59 28 0.125
59 24 0.0833333
61 60 0.2
62 48 0.1
62 54 0.2
62 159 0.111111
66 67 0.03125
66 68 0.04
66 71 0.0909091
66 76 0.0555556
66 78 0.2
66 87 0.2
66 118 0.2
66 122 0.111111
66 138 0.25
67 66 0.0344828
67 68 0.04
67 69 0.2
67 70 0.0714286
67 76 0.0555556
67 81 0.333333
67 82 0.0909091
67 96 0.111111
67 113 0.2
67 126 0.333333
67 137 0.166667
67 146 0.166667
67 149 0.166667
68 67 0.03125
68 66 0.0344828
68 72 0.125
68 77 0.166667
68 80 0.0588235
68 98 0.25
68 100 0.5
68 141 0.333333
68 144 0.2
69 67 0.03125
69 122 0.111111
70 67 0.03125
70 73 0.1
70 83 0.5
70 99 0.333333
70 137 0.166667
71 66 0.0344828
71 85 0.25
71 110 0.5
71 149 0.166667
72 68 0.04
72 114 0.333333
72 120 0.2
72 136 0.333333
73 70 0.0714286
73 119 0.25
74 66 0.0344828
74 78 0.2
74 130 0.166667
75 66 0.0344828
75 68 0.04
75 79 0.0909091
75 86 0.166667
75 88 0.1
75 131 0.142857
75 145 0.25
75 147 0.2
76 67 0.03125
76 66 0.0344828
76 68 0.04
76 102 0.2
76 116 0.25
76 121 0.166667
76 123 0.166667
76 127 0.25
77 68 0.04
77 148 0.5
78 74 0.166667
78 66 0.0344828
79 75 0.0588235
79 86 0.166667
79 88 0.1
79 147 0.2
80 68 0.04
80 95 0.111111
80 97 0.25
80 104 0.25
80 108 0.5
80 124 0.25
81 67 0.03125
82 69 0.2
82 67 0.03125
82 81 0.333333
82 137 0.166667
82 146 0.166667
83 70 0.0714286
84 76 0.0555556
84 102 0.2
84 121 0.166667
84 123 0.166667
84 139 0.111111
84 140 0.25
85 76 0.0555556
85 71 0.0909091
86 75 0.0588235
86 79 0.0909091
87 66 0.0344828
87 74 0.166667
87 130 0.166667
88 79 0.0909091
88 86 0.166667
88 75 0.0588235
88 135 0.5
89 90 0.166667
89 91 0.0833333
89 93 0.5
89 101 0.25
90 89 0.0714286
90 131 0.142857
90 150 0.333333
91 89 0.0714286
91 77 0.166667
91 92 0.25
91 103 0.0588235
91 115 0.5
91 117 0.5
92 91 0.0833333
92 103 0.0588235
93 89 0.0714286
94 91 0.0833333
95 80 0.0588235
95 77 0.166667
95 103 0.0588235
95 111 0.25
95 143 0.25
96 68 0.04
96 82 0.0909091
96 88 0.1
96 67 0.03125
96 129 0.25
96 134 0.25
97 80 0.0588235
98 68 0.04
98 144 0.2
99 70 0.0714286
100 68 0.04
101 89 0.0714286
101 133 0.5
102 76 0.0555556
102 84 0.0769231
103 95 0.111111
103 91 0.0833333
103 92 0.25
103 106 0.2
103 107 0.111111
103 109 0.333333
103 125 0.2
104 97 0.25
104 75 0.0588235
104 80 0.0588235
105 86 0.166667
105 75 0.0588235
105 79 0.0909091
106 103 0.0588235
107 103 0.0588235
107 112 0.166667
108 80 0.0588235
109 103 0.0588235
109 107 0.111111
110 71 0.0909091
111 95 0.111111
111 143 0.25
112 103 0.0588235
112 107 0.111111
112 106 0.2
112 125 0.2
113 67 0.03125
113 82 0.0909091
113 146 0.166667
114 72 0.125
115 91 0.0833333
116 76 0.0555556
116 132 0.2
117 91 0.0833333
118 66 0.0344828
118 80 0.0588235
118 139 0.111111
119 73 0.1
119 128 0.333333
120 72 0.125
120 88 0.1
120 131 0.142857
121 76 0.0555556
121 84 0.0769231
122 69 0.2
122 66 0.0344828
122 88 0.1
122 142 0.5
122 149 0.166667
123 76 0.0555556
123 84 0.0769231
123 139 0.111111
124 80 0.0588235
124 97 0.25
125 112 0.166667
125 103 0.0588235
125 107 0.111111
126 67 0.03125
126 82 0.0909091
127 121 0.166667
127 84 0.0769231
127 76 0.0555556
128 99 0.333333
128 119 0.25
129 96 0.111111
129 134 0.25
130 74 0.166667
130 66 0.0344828
130 87 0.2
131 90 0.166667
131 89 0.0714286
131 75 0.0588235
131 120 0.2
132 85 0.25
132 76 0.0555556
132 84 0.0769231
132 116 0.25
133 101 0.25
134 96 0.111111
134 129 0.25
135 88 0.1
136 72 0.125
136 114 0.333333
137 67 0.03125
137 70 0.0714286
137 82 0.0909091
138 66 0.0344828
138 78 0.2
138 130 0.166667
139 124 0.25
139 123 0.166667
139 118 0.2
139 84 0.0769231
140 84 0.0769231
140 121 0.166667
140 102 0.2
141 68 0.04
142 122 0.111111
143 111 0.25
143 95 0.111111
144 68 0.04
144 98 0.25
144 141 0.333333
145 75 0.0588235
145 79 0.0909091
146 67 0.03125
146 82 0.0909091
146 113 0.2
147 145 0.25
147 75 0.0588235
147 79 0.0909091
148 77 0.166667
149 67 0.03125
149 122 0.111111
149 71 0.0909091
150 90 0.166667
150 89 0.0714286
152 157 0.25
153 154 0.25
153 156 0.25
153 158 0.25
154 153 0.125
156 153 0.125
156 158 0.25
157 152 0.2
158 156 0.25
158 153 0.125
159 62 0.0833333
159 48 0.1
159 13 0.2
