3 11
3 14
3 19
3 31
3 60
3 73
4 19
4 21
4 36
4 47
5 8
5 12
5 23
5 43
5 57
6 13
6 30
6 42
6 51
7 9
7 49
8 5
8 17
8 61
9 7
9 15
9 26
9 44
10 29
10 37
11 3
11 13
11 58
12 5
12 18
12 24
12 25
12 38
12 42
12 55
13 6
13 11
13 27
13 63
13 73
14 3
15 9
15 22
15 34
15 39
15 46
15 53
16 19
17 8
17 28
17 33
17 54
18 12
18 24
18 25
18 55
19 4
19 9
19 16
19 3
19 31
19 32
20 29
21 4
21 52
22 15
22 33
22 35
22 39
22 45
22 46
22 150
23 5
23 43
23 57
23 78
24 12
24 18
24 25
25 18
25 12
25 24
25 38
26 9
26 40
27 13
27 63
28 17
28 54
29 10
29 20
29 59
29 65
29 79
30 6
30 64
31 3
31 19
31 60
32 19
33 17
33 22
33 50
33 73
34 22
34 15
34 46
34 53
35 22
35 34
35 15
36 4
36 52
37 10
38 25
38 12
38 6
38 24
38 18
39 22
39 34
39 15
40 26
41 18
41 12
42 12
42 6
43 5
43 23
43 57
44 9
45 39
45 22
45 15
46 22
46 35
46 15
46 34
47 4
49 7
50 33
51 6
52 21
52 36
52 50
53 15
53 46
53 34
54 28
54 17
55 12
55 25
55 24
55 18
56 42
57 5
57 23
57 43
58 11
58 60
59 29
60 31
60 3
60 58
60 15
61 8
62 28
62 17
63 13
63 27
64 30
65 16
65 29
66 67
67 66
67 68
68 67
68 69
68 73
69 68
71 72
72 71
73 3
73 13
73 68
73 33
73 22
73 74
73 75
73 76
74 73
75 73
76 73
78 6
78 23
79 29
79 92
79 106
80 81
80 82
80 105
80 116
81 80
81 89
81 93
81 100
81 127
81 128
81 150
82 80
82 85
82 104
82 118
82 121
82 126
83 87
83 115
84 86
84 94
84 101
84 108
84 112
84 131
84 134
85 82
86 84
86 87
86 111
86 122
86 139
87 83
87 86
87 81
87 90
88 81
88 107
89 81
89 84
89 99
89 125
90 87
90 96
91 127
92 79
92 114
92 117
92 140
93 81
93 110
93 123
94 84
94 108
94 112
94 131
94 132
94 134
95 82
95 135
95 136
96 90
96 94
96 103
97 91
97 106
98 105
98 109
98 113
98 129
98 141
99 89
99 125
100 81
101 84
101 142
103 96
104 82
104 118
104 121
104 126
105 98
105 80
106 79
106 97
107 88
108 94
108 84
108 131
109 98
109 113
109 141
110 93
110 123
111 86
112 84
112 108
112 94
112 132
113 109
113 98
113 129
114 92
114 140
115 83
116 80
116 133
117 92
117 114
118 104
118 82
119 109
119 82
119 80
120 110
120 93
121 82
121 104
122 86
122 130
123 110
123 93
124 114
124 79
124 135
125 89
125 99
126 82
126 104
127 91
127 81
127 120
127 137
127 138
127 150
128 81
129 98
129 113
129 109
130 122
131 94
131 112
131 108
131 84
132 94
132 112
132 108
133 116
134 94
134 108
134 84
135 124
135 95
136 95
137 127
138 137
138 127
139 86
140 114
140 92
141 109
141 98
142 101
143 145
144 146
144 148
145 143
146 144
148 144
150 46
150 127
150 22
150 81
150 151
151 150
152 150
152 153
153 152
153 154
154 153
155 48
155 156
156 155
