0
0
0
0.148944
0.083837
0.072079
0.038474
0.013074
0.013504
0.09205
0.166702
0.043034
1
0.105999
0.07461
0.015965
0.167317
0.009931
0.157576
1
0.166723
0.017451
0.074976
0.011988
0.19261
0.173101
0.023295
0.031589
0.002423
1
0.006403
0.14413
0.500275
0.106799
0.007797
0.018465
0.021746
0.083571
0.16195
0.016385
0.011531
0
0.20396
0.015224
0.04601
0.012517
0.019713
0.041952
0
0.006652
0.037813
0.019324
0.00733
0.004635
0.002899
0.18656
0
0.015167
0.020339
0.500265
0.041994
0.006788
0
0.031678
0.003146
0.201392
0.002025
0.023904
0.143138
0.071394
0
0
0
1
0.250956
0.250294
0.501448
0
0.001514
0.076985
0.161001
1
1
0.006546
0.157513
0.166633
1
0.07646
0
0.142597
0.019108
0.017348
0.006527
0.11301
1
0
0.003804
0.003955
0.001209
0.042416
0.500277
0.022576
0
0.001862
0.200465
0.018247
0.019393
0
0.199967
0.00022
0.029045
0.500653
0.182381
0.000244
0.001311
0.003301
0.022879
0.001301
0.2295
0
0.009205
0.283804
0.167166
0.033053
0
0.042318
0.283564
0.082568
0.500788
0.000257
0.083793
0.183022
0.226728
0.011439
0.224002
0
0
0.033708
0.027616
0.500773
0.001868
0.000354
0.011361
0
0
0
0
0
0
0
0.081721
0.020434
0
0
0
0
0
