1 2
1 3
2 1
3 1
4 7
4 9
4 10
4 16
5 6
5 15
5 18
5 28
5 33
5 46
6 5
6 12
7 4
7 8
7 49
8 7
8 24
8 26
8 30
8 38
8 128
8 134
9 4
9 35
10 4
10 11
10 13
10 19
10 21
10 22
10 47
10 49
11 10
11 5
11 32
11 42
12 6
12 29
13 10
13 4
14 11
15 5
15 17
16 4
17 15
17 21
17 34
18 5
18 28
18 46
19 10
19 25
19 47
20 4
20 10
20 23
20 37
21 17
21 10
21 34
22 10
22 47
23 10
23 20
23 27
24 8
25 10
25 19
26 8
27 23
28 18
28 5
28 42
29 12
30 8
30 38
31 8
31 43
31 128
32 11
32 42
33 5
34 21
34 17
34 39
34 48
35 9
35 36
35 41
36 35
36 41
36 44
37 20
38 8
38 30
39 34
41 36
41 35
41 44
42 28
42 32
42 11
43 31
43 9
43 13
44 36
44 35
44 41
46 5
46 18
47 22
47 10
47 19
48 34
49 10
49 4
49 7
49 13
49 50
49 51
49 52
49 135
50 49
50 51
51 50
51 49
51 53
51 54
51 55
51 56
52 49
53 51
54 51
54 56
55 54
55 51
56 54
56 51
57 31
57 36
57 4
57 58
57 63
58 57
59 61
60 59
60 62
61 59
61 60
62 60
63 57
64 135
66 49
66 67
66 68
66 76
67 66
67 69
67 71
67 73
67 74
67 78
67 82
67 94
67 97
67 99
67 118
67 121
68 66
68 70
68 75
68 77
68 108
69 67
69 82
69 102
69 110
69 113
70 68
70 66
70 81
70 83
70 107
70 120
71 67
72 88
72 104
72 105
72 125
73 67
73 74
73 115
73 126
73 127
74 72
74 67
74 73
74 80
75 68
75 77
75 87
75 88
75 92
76 66
76 91
76 96
76 106
77 68
77 75
78 67
78 73
78 79
78 89
78 94
78 103
78 109
78 122
78 124
79 78
80 74
80 93
81 70
81 83
82 67
82 69
82 95
83 81
83 70
83 117
84 100
84 116
85 86
85 116
86 85
86 116
87 75
87 90
87 114
88 75
88 72
88 114
89 78
90 87
90 83
90 92
90 107
91 76
91 96
91 97
92 75
92 90
93 74
93 80
94 78
94 67
95 82
96 76
96 91
96 106
97 91
97 67
97 98
97 120
98 97
99 67
99 119
100 78
100 84
101 94
101 78
101 67
101 73
101 111
102 69
103 78
103 89
103 122
104 72
104 125
105 72
105 125
106 96
106 76
106 91
106 120
107 70
107 90
108 68
109 78
110 69
110 113
111 101
112 76
112 106
113 110
113 69
114 87
114 88
115 73
116 86
116 84
116 85
116 123
117 83
118 67
118 99
118 119
119 99
119 118
119 67
120 70
120 106
120 97
121 67
122 78
122 103
123 116
124 78
124 122
125 104
125 72
125 105
126 73
126 127
127 73
127 126
128 8
128 31
128 41
130 131
130 132
131 130
132 130
132 133
133 132
134 8
134 36
134 88
135 49
135 64
135 136
135 137
136 135
137 135
