139
348
1 2 0.5
1 3 0.25
2 1 0.0909091
3 1 0.0909091
4 7 0.125
4 9 0.142857
4 10 0.0454545
4 16 0.5
5 6 0.111111
5 15 0.125
5 18 0.166667
5 28 0.142857
5 33 0.5
5 46 0.2
6 5 0.05
6 12 0.25
7 4 0.0526316
7 8 0.0588235
7 49 0.0526316
8 7 0.125
8 24 0.5
8 26 0.5
8 30 0.25
8 38 0.25
8 128 0.1
8 134 0.1
9 4 0.0526316
9 35 0.0909091
10 4 0.0526316
10 11 0.0833333
10 13 0.166667
10 19 0.166667
10 21 0.1
10 22 0.25
10 47 0.166667
10 49 0.0526316
11 10 0.0454545
11 5 0.05
11 32 0.25
11 42 0.142857
12 6 0.111111
12 29 0.166667
13 10 0.0454545
13 4 0.0526316
14 11 0.0833333
15 5 0.05
15 17 0.166667
16 4 0.0526316
17 15 0.125
17 21 0.1
17 34 0.125
18 5 0.05
18 28 0.142857
18 46 0.2
19 10 0.0454545
19 25 0.333333
19 47 0.166667
20 4 0.0526316
20 10 0.0454545
20 23 0.1
20 37 0.5
21 17 0.166667
21 10 0.0454545
21 34 0.125
22 10 0.0454545
22 47 0.166667
23 10 0.0454545
23 20 0.125
23 27 0.25
24 8 0.0588235
25 10 0.0454545
25 19 0.166667
26 8 0.0588235
27 23 0.1
28 18 0.166667
28 5 0.05
28 42 0.142857
29 12 0.25
30 8 0.0588235
30 38 0.25
31 8 0.0588235
31 43 0.2
31 128 0.1
32 11 0.0833333
32 42 0.142857
33 5 0.05
34 21 0.1
34 17 0.166667
34 39 0.5
34 48 0.5
35 9 0.142857
35 36 0.125
35 41 0.142857
36 35 0.0909091
36 41 0.142857
36 44 0.2
37 20 0.125
38 8 0.0588235
38 30 0.25
39 34 0.125
41 36 0.125
41 35 0.0909091
41 44 0.2
42 28 0.142857
42 32 0.25
42 11 0.0833333
43 31 0.0833333
43 9 0.142857
43 13 0.166667
44 36 0.125
44 35 0.0909091
44 41 0.142857
46 5 0.05
46 18 0.166667
47 22 0.25
47 10 0.0454545
47 19 0.166667
48 34 0.125
49 10 0.0454545
49 4 0.0526316
49 7 0.125
49 13 0.166667
49 50 0.111111
49 51 0.0666667
49 52 0.333333
49 135 0.0625
50 49 0.0526316
50 51 0.0666667
51 50 0.111111
51 49 0.0526316
51 53 0.5
51 54 0.2
51 55 0.25
51 56 0.25
52 49 0.0526316
53 51 0.0666667
54 51 0.0666667
54 56 0.25
55 54 0.2
55 51 0.0666667
56 54 0.2
56 51 0.0666667
57 31 0.0833333
57 36 0.125
57 4 0.0526316
57 58 0.25
57 63 0.166667
58 57 0.0625
59 61 0.333333
60 59 0.142857
60 62 0.5
61 59 0.142857
61 60 0.25
62 60 0.25
63 57 0.0625
64 135 0.0625
66 49 0.0526316
66 67 0.0344828
66 68 0.0769231
66 76 0.111111
67 66 0.0588235
67 69 0.1
67 71 0.5
67 73 0.0666667
67 74 0.0909091
67 78 0.0434783
67 82 0.166667
67 94 0.2
67 97 0.125
67 99 0.2
67 118 0.2
67 121 0.5
68 66 0.0588235
68 70 0.0909091
68 75 0.0714286
68 77 0.25
68 108 0.25
69 67 0.0344828
69 82 0.166667
69 102 0.5
69 110 0.25
69 113 0.25
70 68 0.0769231
70 66 0.0588235
70 81 0.25
70 83 0.125
70 107 0.166667
70 120 0.125
71 67 0.0344828
72 88 0.125
72 104 0.25
72 105 0.25
72 125 0.166667
73 67 0.0344828
73 74 0.0909091
73 115 0.5
73 126 0.25
73 127 0.166667
74 72 0.0909091
74 67 0.0344828
74 73 0.0666667
74 80 0.25
75 68 0.0769231
75 77 0.25
75 87 0.166667
75 88 0.125
75 92 0.2
76 66 0.0588235
76 91 0.142857
76 96 0.166667
76 106 0.125
77 68 0.0769231
77 75 0.0714286
78 67 0.0344828
78 73 0.0666667
78 79 0.5
78 89 0.333333
78 94 0.2
78 103 0.2
78 109 0.5
78 122 0.2
78 124 0.333333
79 78 0.0434783
80 74 0.0909091
80 93 0.333333
81 70 0.0909091
81 83 0.125
82 67 0.0344828
82 69 0.1
82 95 0.2
83 81 0.25
83 70 0.0909091
83 117 0.5
84 100 0.2
84 116 0.0833333
85 86 0.25
85 116 0.0833333
86 85 0.1
86 116 0.0833333
87 75 0.0714286
87 90 0.125
87 114 0.2
88 75 0.0714286
88 72 0.0909091
88 114 0.2
89 78 0.0434783
90 87 0.166667
90 83 0.125
90 92 0.2
90 107 0.166667
91 76 0.111111
91 96 0.166667
91 97 0.125
92 75 0.0714286
92 90 0.125
93 74 0.0909091
93 80 0.25
94 78 0.0434783
94 67 0.0344828
95 82 0.166667
96 76 0.111111
96 91 0.142857
96 106 0.125
97 91 0.142857
97 67 0.0344828
97 98 0.5
97 120 0.125
98 97 0.125
99 67 0.0344828
99 119 0.2
100 78 0.0434783
100 84 0.125
101 94 0.2
101 78 0.0434783
101 67 0.0344828
101 73 0.0666667
101 111 0.25
102 69 0.1
103 78 0.0434783
103 89 0.333333
103 122 0.2
104 72 0.0909091
104 125 0.166667
105 72 0.0909091
105 125 0.166667
106 96 0.166667
106 76 0.111111
106 91 0.142857
106 120 0.125
107 70 0.0909091
107 90 0.125
108 68 0.0769231
109 78 0.0434783
110 69 0.1
110 113 0.25
111 101 0.125
112 76 0.111111
112 106 0.125
113 110 0.25
113 69 0.1
114 87 0.166667
114 88 0.125
115 73 0.0666667
116 86 0.25
116 84 0.125
116 85 0.1
116 123 0.5
117 83 0.125
118 67 0.0344828
118 99 0.2
118 119 0.2
119 99 0.2
119 118 0.2
119 67 0.0344828
120 70 0.0909091
120 106 0.125
120 97 0.125
121 67 0.0344828
122 78 0.0434783
122 103 0.2
123 116 0.0833333
124 78 0.0434783
124 122 0.2
125 104 0.25
125 72 0.0909091
125 105 0.25
126 73 0.0666667
126 127 0.166667
127 73 0.0666667
127 126 0.25
128 8 0.0588235
128 31 0.0833333
128 41 0.142857
130 131 0.5
130 132 0.125
131 130 0.125
132 130 0.125
132 133 0.333333
133 132 0.125
134 8 0.0588235
134 36 0.125
134 88 0.125
135 49 0.0526316
135 64 0.25
135 136 0.25
135 137 0.166667
136 135 0.0625
137 135 0.0625
