0
0
0
0
0.075035
1
0.111595
0.145806
1
0.011274
1
0.086079
0.028033
0.183127
0
0.146552
0.037559
0.210265
0.214433
0.195287
0
0.20684
0.286526
0
0.500477
0.065286
0.499904
0
0.168217
0.004721
0.296967
0.008428
0.029588
0.500529
1
0.004316
0.01517
0
0.298202
0.50114
0
0.016854
0.03813
0.001752
0.006092
0
0.231705
0.22364
0.500088
0.117405
0.1232
1
0.039039
0.500295
0.279367
0.250377
0.296155
0
0
0
0
0
0
0
0.001891
0
0.05888
1
0.004713
0.116225
0.00186
0.500831
0.010366
0.13447
0.101135
0.001486
0.009093
0.001525
1
0.50106
0.025586
0.000507
0.180812
0.000297
0
0
0
0.000732
0.013909
0.387358
0.000147
0.019365
0.000315
0.008588
0.36032
0.036052
0.004985
0.125621
0.062616
0.237844
0
0
0.058057
0.241349
0.002968
0.002969
0.003523
0.000335
0.001202
0.500412
0.034727
0
0
0.03495
0.00285
0.066952
0
0.000151
0.207183
0.084274
0.016007
0.500782
0.283813
0
0.333411
0.002378
0.037701
0.026767
0.100595
0
0
0
0
0
0.100688
0.007422
0.001964
0.001275
0
