53 37
53 38
53 64
21 4
21 18
21 5
21 20
54 39
0 1
0 2
0 3
0 4
0 6
0 11
0 12
0 17
0 22
0 29
0 30
0 31
1 0
1 6
1 13
1 16
55 43
2 0
2 22
2 25
2 29
22 2
22 0
22 17
22 28
36 37
56 41
56 44
57 52
57 40
57 65
57 68
58 39
58 45
58 50
58 52
58 66
58 70
23 3
37 36
37 38
37 39
37 42
37 53
37 64
37 69
59 39
59 50
3 0
3 4
3 14
3 19
3 23
3 27
38 37
38 39
38 42
38 64
38 69
24 6
24 8
39 37
39 38
39 40
39 47
39 48
39 50
39 59
39 60
39 62
39 69
40 39
40 41
40 45
40 57
40 68
4 3
4 0
4 5
4 20
4 26
41 40
41 43
41 44
41 63
25 2
25 12
60 50
60 39
60 69
26 4
26 18
26 7
61 49
61 43
61 65
61 67
5 4
5 7
5 9
5 18
6 1
6 0
6 8
6 11
6 24
62 50
62 39
62 54
27 14
27 3
63 41
63 44
28 22
42 38
42 37
42 41
42 46
7 4
7 5
7 9
7 18
8 6
8 11
8 24
43 41
43 49
43 55
43 61
43 67
64 37
64 38
64 53
44 41
44 56
44 63
29 0
29 2
65 57
65 52
65 61
65 49
65 40
9 7
9 5
11 6
11 0
11 8
45 40
45 52
45 58
45 68
66 58
66 70
67 49
67 43
67 61
12 0
12 17
12 25
68 52
68 57
68 45
68 40
46 42
47 39
47 37
47 38
47 51
69 38
69 39
69 47
69 37
69 60
70 66
70 58
48 39
13 1
30 0
30 17
30 12
49 43
49 61
49 65
31 0
31 2
31 30
31 17
14 3
14 27
15 9
16 1
50 39
50 58
50 59
50 60
50 62
17 0
17 12
17 30
51 47
18 5
18 7
18 4
18 20
18 21
18 26
32 35
33 34
19 3
34 33
35 32
20 4
20 18
20 7
20 21
52 45
52 40
52 57
