1
0.09229
0.173598
1
0.138944
0.013677
0.105553
0.005932
0.049529
0.003186
0
0.181854
0.154611
0.046389
0.297868
0
0.046197
0.198272
0.004764
0.50055
0.020272
0.004058
0.162576
0.500794
0.036624
0.078874
0.020273
0.297141
0.081494
0.279227
0.218019
0.200554
0
0
0
0
0.022145
0.087713
0.105371
1
0.076178
0.091214
0.021125
1
0.018316
0.013894
0.005332
0.160142
0.500082
0.167852
0.136031
0.080066
0.012119
0.023043
0.073347
0.500335
0.006058
0.017058
0.014863
0.184177
0.201593
0.166135
0.220036
0.025671
0.033456
0.042025
0.004463
0.223532
0.014527
0.146928
0.004417
0
