72
227
53 37 0.0625
53 38 0.0769231
53 64 0.166667
21 4 0.0714286
21 18 0.0769231
21 5 0.0909091
21 20 0.142857
54 39 0.0454545
0 1 0.0833333
0 2 0.111111
0 3 0.0714286
0 4 0.0714286
0 6 0.0833333
0 11 0.166667
0 12 0.111111
0 17 0.125
0 22 0.142857
0 29 0.25
0 30 0.166667
0 31 0.2
1 0 0.0285714
1 6 0.0833333
1 13 0.5
1 16 0.5
55 43 0.0909091
2 0 0.0285714
2 22 0.142857
2 25 0.25
2 29 0.25
22 2 0.111111
22 0 0.0285714
22 17 0.125
22 28 0.5
36 37 0.0625
56 41 0.0833333
56 44 0.166667
57 52 0.125
57 40 0.0666667
57 65 0.125
57 68 0.142857
58 39 0.0454545
58 45 0.125
58 50 0.0909091
58 52 0.125
58 66 0.25
58 70 0.25
23 3 0.0714286
37 36 0.25
37 38 0.0769231
37 39 0.0454545
37 42 0.111111
37 53 0.2
37 64 0.166667
37 69 0.111111
59 39 0.0454545
59 50 0.0909091
3 0 0.0285714
3 4 0.0714286
3 14 0.25
3 19 0.5
3 23 0.5
3 27 0.25
38 37 0.0625
38 39 0.0454545
38 42 0.111111
38 64 0.166667
38 69 0.111111
24 6 0.0833333
24 8 0.166667
39 37 0.0625
39 38 0.0769231
39 40 0.0666667
39 47 0.142857
39 48 0.5
39 50 0.0909091
39 59 0.166667
39 60 0.166667
39 62 0.2
39 69 0.111111
40 39 0.0454545
40 41 0.0833333
40 45 0.125
40 57 0.125
40 68 0.142857
4 3 0.0714286
4 0 0.0285714
4 5 0.0909091
4 20 0.142857
4 26 0.142857
41 40 0.0666667
41 43 0.0909091
41 44 0.166667
41 63 0.25
25 2 0.111111
25 12 0.111111
60 50 0.0909091
60 39 0.0454545
60 69 0.111111
26 4 0.0714286
26 18 0.0769231
26 7 0.1
61 49 0.125
61 43 0.0909091
61 65 0.125
61 67 0.2
5 4 0.0714286
5 7 0.1
5 9 0.166667
5 18 0.0769231
6 1 0.0833333
6 0 0.0285714
6 8 0.166667
6 11 0.166667
6 24 0.25
62 50 0.0909091
62 39 0.0454545
62 54 0.333333
27 14 0.25
27 3 0.0714286
63 41 0.0833333
63 44 0.166667
28 22 0.142857
42 38 0.0769231
42 37 0.0625
42 41 0.0833333
42 46 0.25
7 4 0.0714286
7 5 0.0909091
7 9 0.166667
7 18 0.0769231
8 6 0.0833333
8 11 0.166667
8 24 0.25
43 41 0.0833333
43 49 0.125
43 55 0.5
43 61 0.125
43 67 0.2
64 37 0.0625
64 38 0.0769231
64 53 0.2
44 41 0.0833333
44 56 0.333333
44 63 0.25
29 0 0.0285714
29 2 0.111111
65 57 0.125
65 52 0.125
65 61 0.125
65 49 0.125
65 40 0.0666667
9 7 0.1
9 5 0.0909091
11 6 0.0833333
11 0 0.0285714
11 8 0.166667
45 40 0.0666667
45 52 0.125
45 58 0.1
45 68 0.142857
66 58 0.1
66 70 0.25
67 49 0.125
67 43 0.0909091
67 61 0.125
12 0 0.0285714
12 17 0.125
12 25 0.25
68 52 0.125
68 57 0.125
68 45 0.125
68 40 0.0666667
46 42 0.111111
47 39 0.0454545
47 37 0.0625
47 38 0.0769231
47 51 0.5
69 38 0.0769231
69 39 0.0454545
69 47 0.142857
69 37 0.0625
69 60 0.166667
70 66 0.25
70 58 0.1
48 39 0.0454545
13 1 0.0833333
30 0 0.0285714
30 17 0.125
30 12 0.111111
49 43 0.0909091
49 61 0.125
49 65 0.125
31 0 0.0285714
31 2 0.111111
31 30 0.166667
31 17 0.125
14 3 0.0714286
14 27 0.25
15 9 0.166667
16 1 0.0833333
50 39 0.0454545
50 58 0.1
50 59 0.166667
50 60 0.166667
50 62 0.2
17 0 0.0285714
17 12 0.111111
17 30 0.166667
51 47 0.142857
18 5 0.0909091
18 7 0.1
18 4 0.0714286
18 20 0.142857
18 21 0.166667
18 26 0.142857
32 35 0.5
33 34 0.5
19 3 0.0714286
34 33 0.25
35 32 0.166667
20 4 0.0714286
20 18 0.0769231
20 7 0.1
20 21 0.166667
52 45 0.125
52 40 0.0666667
52 57 0.125
