0 1
0 2
0 3
0 6
0 8
0 14
0 23
0 53
1 0
1 8
1 13
1 18
1 35
1 69
1 116
2 0
2 4
2 5
2 34
2 49
2 54
2 74
2 80
2 89
2 127
2 178
3 0
3 9
3 10
3 19
3 21
3 32
3 39
3 169
3 192
4 2
4 7
4 20
4 29
4 70
5 2
5 20
5 30
5 40
5 97
5 126
5 153
6 0
6 10
6 17
6 59
6 164
6 176
6 181
6 199
7 4
7 16
7 20
7 40
7 70
7 83
7 163
8 0
8 1
8 56
8 91
8 156
9 3
9 12
9 30
9 50
9 78
9 92
9 107
9 189
10 3
10 6
10 11
10 25
10 26
10 44
10 48
10 78
10 104
10 111
11 10
11 18
11 48
11 61
11 62
12 9
12 107
12 121
12 137
13 8
13 1
13 24
13 90
13 91
13 112
13 115
14 0
14 15
14 22
14 31
14 38
14 46
14 51
14 58
14 191
15 14
15 57
16 7
16 5
16 4
16 83
16 84
16 101
16 139
16 185
17 6
17 25
17 81
17 181
18 1
18 11
18 24
18 63
18 73
18 93
18 105
18 123
18 148
19 3
19 21
19 32
19 42
20 5
20 4
20 7
20 59
20 150
20 170
20 180
21 3
21 13
21 11
21 19
21 71
21 100
21 125
22 14
22 31
22 38
22 58
23 0
23 66
23 75
24 13
24 18
24 71
24 188
25 17
25 10
26 10
26 6
26 122
26 184
27 21
28 2
28 102
28 163
29 7
29 4
29 40
29 163
30 5
30 9
30 45
30 67
30 85
30 92
30 172
31 14
31 22
31 46
31 51
32 19
32 3
32 39
32 42
33 4
33 29
33 7
33 60
33 74
33 98
33 114
33 157
34 2
34 43
34 127
34 168
35 1
35 8
35 55
35 95
35 116
35 160
35 193
36 2
36 34
36 54
36 74
37 0
37 31
37 14
37 26
37 77
37 109
37 135
38 31
38 14
38 22
38 56
38 156
38 206
39 3
39 19
39 32
39 78
39 192
40 5
40 29
40 7
40 47
41 3
41 19
41 32
42 3
42 32
42 19
42 52
42 88
42 142
42 209
43 2
43 34
43 72
43 103
43 133
44 37
44 10
44 118
45 42
45 30
45 96
45 194
46 14
46 31
46 22
46 68
46 119
46 120
47 17
47 6
47 40
47 181
48 11
48 10
48 63
48 95
48 146
49 2
50 9
50 12
50 92
51 14
51 22
51 31
52 42
52 65
52 88
52 142
53 0
54 36
54 2
54 34
54 74
54 132
54 168
55 35
55 76
55 154
56 38
56 8
56 65
56 87
56 117
56 143
57 15
57 64
58 14
58 22
58 31
59 20
59 6
59 99
60 33
60 157
61 11
62 11
62 104
62 105
63 62
63 18
63 48
64 57
64 15
64 82
64 173
64 187
65 56
65 52
65 42
65 79
65 147
65 149
65 166
65 176
65 182
65 210
66 23
67 5
67 30
68 12
68 22
68 14
68 46
69 1
70 7
70 4
70 83
70 113
71 24
71 21
71 106
71 130
72 43
72 86
72 103
72 133
72 204
73 18
73 11
73 136
73 148
74 33
74 54
74 2
74 36
74 138
74 162
75 23
75 166
76 55
77 37
77 198
78 10
78 9
78 42
78 39
78 118
78 134
78 165
79 65
79 82
79 147
80 2
80 54
80 89
80 178
81 17
81 181
82 45
82 79
82 46
82 57
82 64
82 94
82 144
82 171
83 7
83 29
83 70
83 2
83 16
83 113
84 16
84 195
85 30
86 43
86 72
86 158
86 179
86 208
87 56
87 117
87 143
88 42
88 52
88 142
89 2
89 80
89 34
89 49
90 13
90 125
91 13
91 8
91 21
91 128
91 201
92 30
92 9
92 50
92 110
93 18
94 82
94 171
95 48
95 35
95 63
96 45
97 5
97 141
98 33
98 60
99 59
100 21
101 78
101 16
101 140
102 28
103 43
103 72
104 10
104 26
104 62
104 108
104 124
104 129
104 176
104 186
104 202
105 62
105 18
106 71
107 50
107 9
107 12
107 121
107 137
108 104
108 124
108 129
108 186
108 202
109 37
109 44
109 190
110 40
110 92
110 131
111 10
112 13
112 125
113 83
113 70
114 33
114 157
115 13
115 90
116 1
116 35
116 145
117 87
117 56
117 143
118 78
118 44
118 10
119 46
120 46
121 9
121 12
121 107
122 26
122 134
122 177
122 183
122 184
123 18
124 104
124 108
124 129
125 90
125 21
125 112
125 27
125 161
126 5
126 97
127 34
127 80
127 2
127 168
127 178
128 91
129 104
129 108
129 124
129 186
129 202
130 106
130 71
131 110
132 54
132 34
132 2
132 89
133 72
133 43
134 78
134 122
134 44
134 200
135 37
136 73
137 50
137 107
137 121
137 12
138 74
138 162
139 16
139 185
140 101
140 92
140 47
141 97
141 74
141 5
142 42
142 52
142 88
143 117
143 56
143 87
143 167
144 82
145 116
145 69
145 160
146 48
147 65
147 79
147 149
147 182
147 210
148 73
148 11
148 18
149 65
149 147
149 79
149 159
150 20
151 38
152 96
152 45
153 126
153 5
154 55
154 116
155 125
156 8
156 38
157 60
157 114
157 33
158 86
158 208
159 79
159 149
159 65
159 210
160 35
160 145
161 155
161 125
162 74
162 138
163 7
163 28
163 29
163 4
163 203
164 6
165 78
166 75
166 65
167 76
167 143
167 175
167 207
168 127
168 54
168 2
168 34
169 3
169 19
169 32
170 20
170 59
171 82
171 94
172 30
173 64
173 15
173 187
174 134
174 101
174 184
175 167
175 207
176 104
176 65
176 6
176 159
177 122
177 26
178 54
178 2
178 80
178 89
178 127
179 86
180 20
180 150
180 196
181 6
181 47
181 17
181 81
182 149
182 147
182 65
183 122
183 26
184 26
184 183
184 174
184 122
185 16
185 139
186 104
186 129
186 108
187 64
187 173
188 24
189 107
189 137
189 9
189 12
190 109
191 31
191 14
192 3
192 39
193 35
194 96
194 45
195 84
196 170
196 180
197 118
198 77
199 6
200 134
201 91
202 129
202 104
202 108
203 163
204 72
204 133
205 151
205 38
205 206
206 205
206 38
207 175
207 167
208 158
208 86
209 52
209 42
209 88
210 147
210 65
210 159
