0.162473
0.16853
1
0.073227
0.148533
0.185197
1
0.084348
0.119037
0.074742
1
0.176649
0.01216
0.057509
0.071735
0.061963
1
0.154551
1
0.028764
0.036691
0.105544
0.024271
0.03719
0.089016
0.275124
0.17964
0.500441
0.002694
0.03358
1
0.087644
0.022214
0.006687
0.117161
1
0.027026
1
0.015485
0.022012
0.035156
0
0.091408
0.01197
0.171156
0.211583
0.094962
0.031103
0.150899
0.369462
0.029774
0.031347
0.124729
0.081549
0.107926
0.166591
0.093752
0.222343
0.018753
0.146756
0.001907
0.088858
0.097475
0.214065
0.131783
1
0.018583
0.33407
0.018914
0.081624
0.039324
0.024179
0.001682
0.128267
0.085613
0.069063
0.056403
0.251431
0.09055
0.273185
0.16744
0.071151
1
0.110262
0.250835
0.500851
0.000169
0.019826
0.036667
0.160692
0.209507
0.019343
0.123495
0.500964
0.297808
0.221823
0.066606
0.046322
0.002212
0.073471
0.052718
0.167983
0.001347
0.003268
0.078291
0.261542
0.009895
0.010461
0.012719
0.200407
0.024727
0.500568
0.258708
0.02881
0.001905
0.01912
0.17478
0.01974
0.042752
0.047663
0.047553
0.004294
0.022047
0.500494
0.01611
1
0.057675
0.113489
0.009683
0.012499
0.008004
0.012329
0.021601
0.001968
0.01464
0.501027
0.064339
0.005084
0.025622
0.201873
0.042266
0.011639
0.038877
0.015735
0.500354
0.082704
0.07521
0.167828
0.182093
0.17252
0.013306
0.000487
0
0.061843
0.055549
0.083172
0.032776
0.001249
3.8e-05
0.082618
0.257208
0.333236
0.025536
0.013102
0.500674
0.045437
0.251831
0.002274
0.046049
0.01827
0.009478
0.297656
0.50024
0.031964
0.004879
0.000644
0.271285
0.007261
0.152859
3.9e-05
0.005199
0.145902
0.224194
0.01198
0.028035
0.281192
0.016354
0.038159
0.044522
0.014972
0.100237
0.023976
0.02283
0.500945
0.070751
0.125841
0.001813
0
0.126029
0.500481
0.007265
0.009601
0.016182
0.006507
0.000576
0.000952
0.00395
0.000667
2.8e-05
0.022821
0.168802
