211
713
0 1 0.0714286
0 2 0.0333333
0 3 0.05
0 6 0.0555556
0 8 0.0833333
0 14 0.05
0 23 0.166667
0 53 0.5
1 0 0.05
1 8 0.0833333
1 13 0.0714286
1 18 0.0555556
1 35 0.0714286
1 69 0.333333
1 116 0.142857
2 0 0.05
2 4 0.0714286
2 5 0.0588235
2 34 0.0833333
2 49 0.333333
2 54 0.0769231
2 74 0.0769231
2 80 0.125
2 89 0.125
2 127 0.0909091
2 178 0.125
3 0 0.05
3 9 0.0588235
3 10 0.047619
3 19 0.0909091
3 21 0.0666667
3 32 0.1
3 39 0.111111
3 169 0.25
3 192 0.25
4 2 0.0333333
4 7 0.0625
4 20 0.0666667
4 29 0.111111
4 70 0.111111
5 2 0.0333333
5 20 0.0666667
5 30 0.0666667
5 40 0.1
5 97 0.2
5 126 0.25
5 153 0.333333
6 0 0.05
6 10 0.047619
6 17 0.111111
6 59 0.142857
6 164 0.5
6 176 0.142857
6 181 0.125
6 199 0.5
7 4 0.0714286
7 16 0.0714286
7 20 0.0666667
7 40 0.1
7 70 0.111111
7 83 0.1
7 163 0.111111
8 0 0.05
8 1 0.0714286
8 56 0.0833333
8 91 0.111111
8 156 0.25
9 3 0.05
9 12 0.0833333
9 30 0.0666667
9 50 0.142857
9 78 0.0714286
9 92 0.111111
9 107 0.1
9 189 0.2
10 3 0.05
10 6 0.0555556
10 11 0.0714286
10 25 0.25
10 26 0.0909091
10 44 0.142857
10 48 0.1
10 78 0.0714286
10 104 0.0588235
10 111 0.5
11 10 0.047619
11 18 0.0555556
11 48 0.1
11 61 0.5
11 62 0.142857
12 9 0.0588235
12 107 0.1
12 121 0.166667
12 137 0.142857
13 8 0.0833333
13 1 0.0714286
13 24 0.0833333
13 90 0.2
13 91 0.111111
13 112 0.25
13 115 0.333333
14 0 0.05
14 15 0.142857
14 22 0.0769231
14 31 0.0714286
14 38 0.0714286
14 46 0.0833333
14 51 0.2
14 58 0.2
14 191 0.333333
15 14 0.05
15 57 0.2
16 7 0.0625
16 5 0.0588235
16 4 0.0714286
16 83 0.1
16 84 0.25
16 101 0.166667
16 139 0.166667
16 185 0.25
17 6 0.0555556
17 25 0.25
17 81 0.25
17 181 0.125
18 1 0.0714286
18 11 0.0714286
18 24 0.0833333
18 63 0.166667
18 73 0.111111
18 93 0.5
18 105 0.25
18 123 0.5
18 148 0.166667
19 3 0.05
19 21 0.0666667
19 32 0.1
19 42 0.0625
20 5 0.0588235
20 4 0.0714286
20 7 0.0625
20 59 0.142857
20 150 0.333333
20 170 0.25
20 180 0.142857
21 3 0.05
21 13 0.0714286
21 11 0.0714286
21 19 0.0909091
21 71 0.125
21 100 0.5
21 125 0.0769231
22 14 0.05
22 31 0.0714286
22 38 0.0714286
22 58 0.2
23 0 0.05
23 66 0.5
23 75 0.25
24 13 0.0714286
24 18 0.0555556
24 71 0.125
24 188 0.5
25 17 0.111111
25 10 0.047619
26 10 0.047619
26 6 0.0555556
26 122 0.1
26 184 0.142857
27 21 0.0666667
28 2 0.0333333
28 102 0.5
28 163 0.111111
29 7 0.0625
29 4 0.0714286
29 40 0.1
29 163 0.111111
30 5 0.0588235
30 9 0.0588235
30 45 0.111111
30 67 0.333333
30 85 0.5
30 92 0.111111
30 172 0.5
31 14 0.05
31 22 0.0769231
31 46 0.0833333
31 51 0.2
32 19 0.0909091
32 3 0.05
32 39 0.111111
32 42 0.0625
33 4 0.0714286
33 29 0.111111
33 7 0.0625
33 60 0.2
33 74 0.0769231
33 98 0.333333
33 114 0.25
33 157 0.125
34 2 0.0333333
34 43 0.1
34 127 0.0909091
34 168 0.142857
35 1 0.0714286
35 8 0.0833333
35 55 0.166667
35 95 0.2
35 116 0.142857
35 160 0.25
35 193 0.5
36 2 0.0333333
36 34 0.0833333
36 54 0.0769231
36 74 0.0769231
37 0 0.05
37 31 0.0714286
37 14 0.05
37 26 0.0909091
37 77 0.25
37 109 0.2
37 135 0.5
38 31 0.0714286
38 14 0.05
38 22 0.0769231
38 56 0.0833333
38 156 0.25
38 206 0.25
39 3 0.05
39 19 0.0909091
39 32 0.1
39 78 0.0714286
39 192 0.25
40 5 0.0588235
40 29 0.111111
40 7 0.0625
40 47 0.142857
41 3 0.05
41 19 0.0909091
41 32 0.1
42 3 0.05
42 32 0.1
42 19 0.0909091
42 52 0.111111
42 88 0.142857
42 142 0.166667
42 209 0.25
43 2 0.0333333
43 34 0.0833333
43 72 0.1
43 103 0.25
43 133 0.142857
44 37 0.0909091
44 10 0.047619
44 118 0.166667
45 42 0.0625
45 30 0.0666667
45 96 0.25
45 194 0.333333
46 14 0.05
46 31 0.0714286
46 22 0.0769231
46 68 0.2
46 119 0.5
46 120 0.5
47 17 0.111111
47 6 0.0555556
47 40 0.1
47 181 0.125
48 11 0.0714286
48 10 0.047619
48 63 0.166667
48 95 0.2
48 146 0.5
49 2 0.0333333
50 9 0.0588235
50 12 0.0833333
50 92 0.111111
51 14 0.05
51 22 0.0769231
51 31 0.0714286
52 42 0.0625
52 65 0.05
52 88 0.142857
52 142 0.166667
53 0 0.05
54 36 0.142857
54 2 0.0333333
54 34 0.0833333
54 74 0.0769231
54 132 0.2
54 168 0.142857
55 35 0.0714286
55 76 0.333333
55 154 0.333333
56 38 0.0714286
56 8 0.0833333
56 65 0.05
56 87 0.166667
56 117 0.166667
56 143 0.125
57 15 0.142857
57 64 0.111111
58 14 0.05
58 22 0.0769231
58 31 0.0714286
59 20 0.0666667
59 6 0.0555556
59 99 0.5
60 33 0.0769231
60 157 0.125
61 11 0.0714286
62 11 0.0714286
62 104 0.0588235
62 105 0.25
63 62 0.142857
63 18 0.0555556
63 48 0.1
64 57 0.2
64 15 0.142857
64 82 0.0769231
64 173 0.2
64 187 0.25
65 56 0.0833333
65 52 0.111111
65 42 0.0625
65 79 0.125
65 147 0.1
65 149 0.125
65 166 0.25
65 176 0.142857
65 182 0.2
65 210 0.142857
66 23 0.166667
67 5 0.0588235
67 30 0.0666667
68 12 0.0833333
68 22 0.0769231
68 14 0.05
68 46 0.0833333
69 1 0.0714286
70 7 0.0625
70 4 0.0714286
70 83 0.1
70 113 0.2
71 24 0.0833333
71 21 0.0666667
71 106 0.333333
71 130 0.333333
72 43 0.1
72 86 0.1
72 103 0.25
72 133 0.142857
72 204 0.333333
73 18 0.0555556
73 11 0.0714286
73 136 0.5
73 148 0.166667
74 33 0.0769231
74 54 0.0769231
74 2 0.0333333
74 36 0.142857
74 138 0.25
74 162 0.25
75 23 0.166667
75 166 0.25
76 55 0.166667
77 37 0.0909091
77 198 0.5
78 10 0.047619
78 9 0.0588235
78 42 0.0625
78 39 0.111111
78 118 0.166667
78 134 0.125
78 165 0.5
79 65 0.05
79 82 0.0769231
79 147 0.1
80 2 0.0333333
80 54 0.0769231
80 89 0.125
80 178 0.125
81 17 0.111111
81 181 0.125
82 45 0.111111
82 79 0.125
82 46 0.0833333
82 57 0.2
82 64 0.111111
82 94 0.25
82 144 0.5
82 171 0.25
83 7 0.0625
83 29 0.111111
83 70 0.111111
83 2 0.0333333
83 16 0.0714286
83 113 0.2
84 16 0.0714286
84 195 0.5
85 30 0.0666667
86 43 0.1
86 72 0.1
86 158 0.25
86 179 0.25
86 208 0.166667
87 56 0.0833333
87 117 0.166667
87 143 0.125
88 42 0.0625
88 52 0.111111
88 142 0.166667
89 2 0.0333333
89 80 0.125
89 34 0.0833333
89 49 0.333333
90 13 0.0714286
90 125 0.0769231
91 13 0.0714286
91 8 0.0833333
91 21 0.0666667
91 128 0.5
91 201 0.5
92 30 0.0666667
92 9 0.0588235
92 50 0.142857
92 110 0.2
93 18 0.0555556
94 82 0.0769231
94 171 0.25
95 48 0.1
95 35 0.0714286
95 63 0.166667
96 45 0.111111
97 5 0.0588235
97 141 0.25
98 33 0.0769231
98 60 0.2
99 59 0.142857
100 21 0.0666667
101 78 0.0714286
101 16 0.0714286
101 140 0.25
102 28 0.2
103 43 0.1
103 72 0.1
104 10 0.047619
104 26 0.0909091
104 62 0.142857
104 108 0.1
104 124 0.166667
104 129 0.1
104 176 0.142857
104 186 0.166667
104 202 0.166667
105 62 0.142857
105 18 0.0555556
106 71 0.125
107 50 0.142857
107 9 0.0588235
107 12 0.0833333
107 121 0.166667
107 137 0.142857
108 104 0.0588235
108 124 0.166667
108 129 0.1
108 186 0.166667
108 202 0.166667
109 37 0.0909091
109 44 0.142857
109 190 0.5
110 40 0.1
110 92 0.111111
110 131 0.5
111 10 0.047619
112 13 0.0714286
112 125 0.0769231
113 83 0.1
113 70 0.111111
114 33 0.0769231
114 157 0.125
115 13 0.0714286
115 90 0.2
116 1 0.0714286
116 35 0.0714286
116 145 0.2
117 87 0.166667
117 56 0.0833333
117 143 0.125
118 78 0.0714286
118 44 0.142857
118 10 0.047619
119 46 0.0833333
120 46 0.0833333
121 9 0.0588235
121 12 0.0833333
121 107 0.1
122 26 0.0909091
122 134 0.125
122 177 0.333333
122 183 0.25
122 184 0.142857
123 18 0.0555556
124 104 0.0588235
124 108 0.1
124 129 0.1
125 90 0.2
125 21 0.0666667
125 112 0.25
125 27 0.5
125 161 0.333333
126 5 0.0588235
126 97 0.2
127 34 0.0833333
127 80 0.125
127 2 0.0333333
127 168 0.142857
127 178 0.125
128 91 0.111111
129 104 0.0588235
129 108 0.1
129 124 0.166667
129 186 0.166667
129 202 0.166667
130 106 0.333333
130 71 0.125
131 110 0.2
132 54 0.0769231
132 34 0.0833333
132 2 0.0333333
132 89 0.125
133 72 0.1
133 43 0.1
134 78 0.0714286
134 122 0.1
134 44 0.142857
134 200 0.5
135 37 0.0909091
136 73 0.111111
137 50 0.142857
137 107 0.1
137 121 0.166667
137 12 0.0833333
138 74 0.0769231
138 162 0.25
139 16 0.0714286
139 185 0.25
140 101 0.166667
140 92 0.111111
140 47 0.142857
141 97 0.2
141 74 0.0769231
141 5 0.0588235
142 42 0.0625
142 52 0.111111
142 88 0.142857
143 117 0.166667
143 56 0.0833333
143 87 0.166667
143 167 0.142857
144 82 0.0769231
145 116 0.142857
145 69 0.333333
145 160 0.25
146 48 0.1
147 65 0.05
147 79 0.125
147 149 0.125
147 182 0.2
147 210 0.142857
148 73 0.111111
148 11 0.0714286
148 18 0.0555556
149 65 0.05
149 147 0.1
149 79 0.125
149 159 0.142857
150 20 0.0666667
151 38 0.0714286
152 96 0.25
152 45 0.111111
153 126 0.25
153 5 0.0588235
154 55 0.166667
154 116 0.142857
155 125 0.0769231
156 8 0.0833333
156 38 0.0714286
157 60 0.2
157 114 0.25
157 33 0.0769231
158 86 0.1
158 208 0.166667
159 79 0.125
159 149 0.125
159 65 0.05
159 210 0.142857
160 35 0.0714286
160 145 0.2
161 155 0.25
161 125 0.0769231
162 74 0.0769231
162 138 0.25
163 7 0.0625
163 28 0.2
163 29 0.111111
163 4 0.0714286
163 203 0.5
164 6 0.0555556
165 78 0.0714286
166 75 0.25
166 65 0.05
167 76 0.333333
167 143 0.125
167 175 0.25
167 207 0.25
168 127 0.0909091
168 54 0.0769231
168 2 0.0333333
168 34 0.0833333
169 3 0.05
169 19 0.0909091
169 32 0.1
170 20 0.0666667
170 59 0.142857
171 82 0.0769231
171 94 0.25
172 30 0.0666667
173 64 0.111111
173 15 0.142857
173 187 0.25
174 134 0.125
174 101 0.166667
174 184 0.142857
175 167 0.142857
175 207 0.25
176 104 0.0588235
176 65 0.05
176 6 0.0555556
176 159 0.142857
177 122 0.1
177 26 0.0909091
178 54 0.0769231
178 2 0.0333333
178 80 0.125
178 89 0.125
178 127 0.0909091
179 86 0.1
180 20 0.0666667
180 150 0.333333
180 196 0.333333
181 6 0.0555556
181 47 0.142857
181 17 0.111111
181 81 0.25
182 149 0.125
182 147 0.1
182 65 0.05
183 122 0.1
183 26 0.0909091
184 26 0.0909091
184 183 0.25
184 174 0.166667
184 122 0.1
185 16 0.0714286
185 139 0.166667
186 104 0.0588235
186 129 0.1
186 108 0.1
187 64 0.111111
187 173 0.2
188 24 0.0833333
189 107 0.1
189 137 0.142857
189 9 0.0588235
189 12 0.0833333
190 109 0.2
191 31 0.0714286
191 14 0.05
192 3 0.05
192 39 0.111111
193 35 0.0714286
194 96 0.25
194 45 0.111111
195 84 0.25
196 170 0.25
196 180 0.142857
197 118 0.166667
198 77 0.25
199 6 0.0555556
200 134 0.125
201 91 0.111111
202 129 0.1
202 104 0.0588235
202 108 0.1
203 163 0.111111
204 72 0.1
204 133 0.142857
205 151 0.5
205 38 0.0714286
205 206 0.25
206 205 0.25
206 38 0.0714286
207 175 0.25
207 167 0.142857
208 158 0.25
208 86 0.1
209 52 0.111111
209 42 0.0625
209 88 0.142857
210 147 0.1
210 65 0.05
210 159 0.142857
