1 0
1 2
2 1
2 3
2 4
2 6
2 8
2 9
2 16
2 32
2 49
2 54
2 58
3 2
3 20
3 56
3 64
4 2
4 5
4 18
4 24
4 27
4 33
4 44
5 4
5 7
5 10
5 45
5 57
5 64
5 83
6 2
6 21
6 40
6 46
7 5
7 13
7 51
7 69
8 2
8 11
8 17
8 35
8 39
9 2
9 23
9 30
9 49
9 54
10 5
10 45
10 142
11 8
12 26
12 46
12 143
13 7
14 31
15 13
15 7
15 51
15 55
15 69
15 83
16 2
16 19
16 26
16 29
16 37
16 50
17 8
17 29
17 35
17 39
18 4
18 25
18 36
18 67
18 83
19 16
19 26
19 42
19 50
20 3
20 59
20 64
21 6
21 46
22 41
23 2
23 9
24 4
25 18
25 142
26 19
26 16
26 12
27 4
27 44
27 71
28 38
29 16
29 17
30 9
30 2
30 58
31 14
31 43
31 48
32 2
33 4
33 27
34 61
35 17
35 8
35 39
36 18
37 16
37 19
38 28
39 17
39 35
39 8
40 21
40 6
40 62
41 22
41 20
42 16
42 19
42 6
42 71
43 31
43 53
44 27
44 4
45 5
45 10
46 12
46 6
46 21
48 31
49 2
49 32
49 9
49 143
50 16
50 37
50 19
51 15
51 7
51 52
51 55
52 15
52 51
53 43
54 2
54 9
55 47
55 51
55 7
55 15
55 83
56 48
56 55
56 3
56 65
56 66
57 5
58 2
58 32
58 30
59 20
61 34
62 40
63 37
63 16
63 19
64 48
64 20
64 5
64 3
65 56
65 66
66 56
66 65
67 18
67 68
68 18
68 67
69 7
69 15
69 51
70 49
71 29
71 8
71 42
71 27
74 75
74 78
74 79
74 81
75 74
75 82
76 74
76 77
77 76
78 74
78 80
79 74
80 78
80 74
81 74
81 79
82 75
83 55
83 5
83 18
83 15
83 84
83 142
84 83
86 91
86 96
86 103
86 107
86 112
86 120
86 121
86 129
86 131
86 132
87 88
87 90
87 91
87 93
87 94
87 98
87 110
88 87
88 104
88 135
89 97
89 102
89 105
89 124
89 141
90 87
90 91
90 93
90 118
90 126
91 90
91 87
91 86
91 92
91 101
91 110
92 91
93 87
93 90
93 140
94 87
95 127
95 133
96 85
96 86
96 109
96 136
97 89
97 108
98 87
98 90
98 100
98 115
99 97
99 106
100 98
100 122
101 91
102 89
102 124
102 138
103 86
103 112
103 120
103 129
103 131
103 132
104 88
104 111
104 135
105 89
105 126
105 138
106 99
106 128
107 86
107 106
108 97
109 98
109 96
110 87
110 91
110 92
110 98
111 104
111 114
111 116
111 117
111 119
112 86
112 103
112 120
112 121
112 132
113 99
114 111
114 116
115 98
116 111
116 114
116 119
116 126
116 141
117 114
117 111
118 90
118 87
119 114
119 116
119 111
120 86
120 112
120 103
121 86
121 112
121 132
122 100
123 134
124 89
124 102
124 138
125 133
126 116
126 105
126 111
126 118
126 90
127 95
128 106
129 103
129 86
131 86
131 103
132 103
132 86
132 112
132 121
132 143
133 95
133 125
134 123
135 104
135 88
136 96
137 130
138 89
138 105
138 124
138 102
138 141
140 93
141 124
141 116
141 105
141 89
141 138
142 83
142 25
142 10
143 17
143 132
143 49
143 12
143 144
143 145
144 143
145 143
146 147
147 146
148 149
148 150
148 151
149 148
150 148
151 148
