152
397
1 0 0.333333
1 2 0.0294118
2 1 0.0769231
2 3 0.0909091
2 4 0.0454545
2 6 0.0714286
2 8 0.0769231
2 9 0.1
2 16 0.0666667
2 32 0.25
2 49 0.125
2 54 0.25
2 58 0.2
3 2 0.0294118
3 20 0.142857
3 56 0.125
3 64 0.125
4 2 0.0294118
4 5 0.0666667
4 18 0.0769231
4 24 0.5
4 27 0.111111
4 33 0.333333
4 44 0.25
5 4 0.0454545
5 7 0.0909091
5 10 0.166667
5 45 0.25
5 57 0.5
5 64 0.125
5 83 0.0555556
6 2 0.0294118
6 21 0.2
6 40 0.142857
6 46 0.166667
7 5 0.0666667
7 13 0.333333
7 51 0.111111
7 69 0.2
8 2 0.0294118
8 11 0.5
8 17 0.0909091
8 35 0.142857
8 39 0.166667
9 2 0.0294118
9 23 0.333333
9 30 0.2
9 49 0.125
9 54 0.25
10 5 0.0666667
10 45 0.25
10 142 0.111111
11 8 0.0769231
12 26 0.142857
12 46 0.166667
12 143 0.0588235
13 7 0.0909091
14 31 0.111111
15 13 0.333333
15 7 0.0909091
15 51 0.111111
15 55 0.111111
15 69 0.2
15 83 0.0555556
16 2 0.0294118
16 19 0.1
16 26 0.142857
16 29 0.142857
16 37 0.2
16 50 0.2
17 8 0.0769231
17 29 0.142857
17 35 0.142857
17 39 0.166667
18 4 0.0454545
18 25 0.25
18 36 0.5
18 67 0.25
18 83 0.0555556
19 16 0.0666667
19 26 0.142857
19 42 0.1
19 50 0.2
20 3 0.0909091
20 59 0.5
20 64 0.125
21 6 0.0714286
21 46 0.166667
22 41 0.333333
23 2 0.0294118
23 9 0.1
24 4 0.0454545
25 18 0.0769231
25 142 0.111111
26 19 0.1
26 16 0.0666667
26 12 0.0833333
27 4 0.0454545
27 44 0.25
27 71 0.0666667
28 38 0.5
29 16 0.0666667
29 17 0.0909091
30 9 0.1
30 2 0.0294118
30 58 0.2
31 14 0.142857
31 43 0.25
31 48 0.2
32 2 0.0294118
33 4 0.0454545
33 27 0.111111
34 61 0.5
35 17 0.0909091
35 8 0.0769231
35 39 0.166667
36 18 0.0769231
37 16 0.0666667
37 19 0.1
38 28 0.166667
39 17 0.0909091
39 35 0.142857
39 8 0.0769231
40 21 0.2
40 6 0.0714286
40 62 0.5
41 22 0.25
41 20 0.142857
42 16 0.0666667
42 19 0.1
42 6 0.0714286
42 71 0.0666667
43 31 0.111111
43 53 0.5
44 27 0.111111
44 4 0.0454545
45 5 0.0666667
45 10 0.166667
46 12 0.0833333
46 6 0.0714286
46 21 0.2
48 31 0.111111
49 2 0.0294118
49 32 0.25
49 9 0.1
49 143 0.0588235
50 16 0.0666667
50 37 0.2
50 19 0.1
51 15 0.0909091
51 7 0.0909091
51 52 0.333333
51 55 0.111111
52 15 0.0909091
52 51 0.111111
53 43 0.25
54 2 0.0294118
54 9 0.1
55 47 0.2
55 51 0.111111
55 7 0.0909091
55 15 0.0909091
55 83 0.0555556
56 48 0.2
56 55 0.111111
56 3 0.0909091
56 65 0.25
56 66 0.25
57 5 0.0666667
58 2 0.0294118
58 32 0.25
58 30 0.2
59 20 0.142857
61 34 0.25
62 40 0.142857
63 37 0.2
63 16 0.0666667
63 19 0.1
64 48 0.2
64 20 0.142857
64 5 0.0666667
64 3 0.0909091
65 56 0.125
65 66 0.25
66 56 0.125
66 65 0.25
67 18 0.0769231
67 68 0.333333
68 18 0.0769231
68 67 0.25
69 7 0.0909091
69 15 0.0909091
69 51 0.111111
70 49 0.125
71 29 0.142857
71 8 0.0769231
71 42 0.1
71 27 0.111111
74 75 0.2
74 78 0.166667
74 79 0.333333
74 81 0.333333
75 74 0.0714286
75 82 0.25
76 74 0.0714286
76 77 0.5
77 76 0.2
78 74 0.0714286
78 80 0.25
79 74 0.0714286
80 78 0.166667
80 74 0.0714286
81 74 0.0714286
81 79 0.333333
82 75 0.2
83 55 0.111111
83 5 0.0666667
83 18 0.0769231
83 15 0.0909091
83 84 0.5
83 142 0.111111
84 83 0.0555556
86 91 0.0714286
86 96 0.0833333
86 103 0.0833333
86 107 0.333333
86 112 0.1
86 120 0.166667
86 121 0.166667
86 129 0.25
86 131 0.166667
86 132 0.1
87 88 0.166667
87 90 0.0909091
87 91 0.0714286
87 93 0.166667
87 94 0.5
87 98 0.0909091
87 110 0.142857
88 87 0.0588235
88 104 0.166667
88 135 0.166667
89 97 0.142857
89 102 0.166667
89 105 0.142857
89 124 0.142857
89 141 0.125
90 87 0.0588235
90 91 0.0714286
90 93 0.166667
90 118 0.25
90 126 0.125
91 90 0.0909091
91 87 0.0588235
91 86 0.0454545
91 92 0.333333
91 101 0.5
91 110 0.142857
92 91 0.0714286
93 87 0.0588235
93 90 0.0909091
93 140 0.5
94 87 0.0588235
95 127 0.142857
95 133 0.25
96 85 0.0909091
96 86 0.0454545
96 109 0.333333
96 136 0.5
97 89 0.0666667
97 108 0.5
98 87 0.0588235
98 90 0.0909091
98 100 0.166667
98 115 0.5
99 97 0.142857
99 106 0.142857
100 98 0.0909091
100 122 0.5
101 91 0.0714286
102 89 0.0666667
102 124 0.142857
102 138 0.111111
103 86 0.0454545
103 112 0.1
103 120 0.166667
103 129 0.25
103 131 0.166667
103 132 0.1
104 88 0.166667
104 111 0.0769231
104 135 0.166667
105 89 0.0666667
105 126 0.125
105 138 0.111111
106 99 0.142857
106 128 0.5
107 86 0.0454545
107 106 0.142857
108 97 0.142857
109 98 0.0909091
109 96 0.0833333
110 87 0.0588235
110 91 0.0714286
110 92 0.333333
110 98 0.0909091
111 104 0.166667
111 114 0.166667
111 116 0.1
111 117 0.333333
111 119 0.2
112 86 0.0454545
112 103 0.0833333
112 120 0.166667
112 121 0.166667
112 132 0.1
113 99 0.142857
114 111 0.0769231
114 116 0.1
115 98 0.0909091
116 111 0.0769231
116 114 0.166667
116 119 0.2
116 126 0.125
116 141 0.125
117 114 0.166667
117 111 0.0769231
118 90 0.0909091
118 87 0.0588235
119 114 0.166667
119 116 0.1
119 111 0.0769231
120 86 0.0454545
120 112 0.1
120 103 0.0833333
121 86 0.0454545
121 112 0.1
121 132 0.1
122 100 0.166667
123 134 0.5
124 89 0.0666667
124 102 0.166667
124 138 0.111111
125 133 0.25
126 116 0.1
126 105 0.142857
126 111 0.0769231
126 118 0.25
126 90 0.0909091
127 95 0.111111
128 106 0.142857
129 103 0.0833333
129 86 0.0454545
131 86 0.0454545
131 103 0.0833333
132 103 0.0833333
132 86 0.0454545
132 112 0.1
132 121 0.166667
132 143 0.0588235
133 95 0.111111
133 125 0.25
134 123 0.25
135 104 0.166667
135 88 0.166667
136 96 0.0833333
137 130 0.142857
138 89 0.0666667
138 105 0.142857
138 124 0.142857
138 102 0.166667
138 141 0.125
140 93 0.166667
141 124 0.142857
141 116 0.1
141 105 0.142857
141 89 0.0666667
141 138 0.111111
142 83 0.0555556
142 25 0.25
142 10 0.166667
143 17 0.0909091
143 132 0.1
143 49 0.125
143 12 0.0833333
143 144 0.25
143 145 0.25
144 143 0.0588235
145 143 0.0588235
146 147 0.111111
147 146 0.142857
148 149 0.25
148 150 0.5
148 151 0.5
149 148 0.125
150 148 0.125
151 148 0.125
