0.025673
0.076649
1
0.1023
0.131897
1
0.072103
0.093794
0.077247
0.138619
0.206491
0.03871
0.00339
0.035653
0.000479
0.014644
0.066967
0.011565
1
0.010207
0.033662
0.018199
0
0.046158
0.065813
0.256949
0.01086
0.022387
0
0.011263
0.066229
0.003334
0.314089
0.044142
0
0.013889
0.500132
0.015596
0
0.015896
0.010487
0
0.001159
0.000854
0.036722
0.282812
0.01456
0.003415
0.029937
0.140791
0.014909
0.015495
0.00522
0.000395
0.272565
0.016657
0.01303
0.500977
0.205244
0.016988
0
0
0.005282
0
0.137143
0.003942
0.003924
0.250083
0.083403
0.021271
0
0.001579
0
0
1
0.200432
0
0
0.16742
0.407712
0.042081
0.333646
0.049898
0.111443
0.055884
0.007757
1
1
0.193074
0.002256
0.127499
0.15758
0.100136
0.182984
0.500715
0
0.084156
0.001298
0.106384
0.00685
0.017808
0.079276
0.001343
0.149224
0.19267
0.007712
0.047703
0.333457
0.0007
0.027934
0.160991
1
0.15666
0
0.256699
0.053095
0.141283
0.333903
0.039409
0.219636
0.204357
0.202881
0.008754
0
0.003283
0
0.033704
0
0.024018
0.275888
0
0.185728
0.142695
0
0
0.061325
0.041976
0
0.003138
0
0.091571
0.017928
0.061648
0.016587
0.004116
0.004242
0
0
1
0.251002
0.500548
0.500312
