0 1
0 3
0 4
1 0
1 2
1 3
2 1
3 1
3 0
4 0
4 10
5 7
6 9
7 5
7 8
7 10
8 7
8 9
9 8
9 6
10 7
10 4
10 1
10 11
10 13
10 19
10 20
10 35
10 46
10 50
10 67
10 102
11 10
11 17
11 24
11 29
11 39
11 117
11 221
12 11
12 14
12 16
12 18
12 21
12 25
12 68
12 100
13 10
14 12
14 15
14 26
14 36
15 14
16 12
16 30
16 68
17 11
17 23
17 45
17 56
17 73
17 105
17 113
18 12
18 21
18 22
18 25
18 100
19 10
19 13
19 51
19 57
20 10
20 58
20 98
20 231
21 18
21 12
21 100
22 18
22 12
22 21
22 26
22 36
23 17
23 27
23 53
23 73
24 11
24 39
24 144
25 12
25 18
25 54
25 63
26 14
26 12
26 22
26 42
26 49
27 23
27 28
27 53
27 56
28 27
28 23
28 11
28 32
28 33
28 38
28 43
28 44
28 49
28 62
28 75
28 83
28 84
28 116
29 11
29 34
29 37
29 41
29 47
29 55
29 60
29 74
29 76
29 94
30 16
31 28
31 62
31 83
31 84
31 92
31 116
31 121
31 229
32 28
32 62
33 28
33 32
34 29
34 64
34 76
34 86
35 10
35 46
36 14
36 22
36 25
36 40
37 29
37 14
37 65
37 77
37 90
37 91
38 12
38 26
38 28
38 69
38 88
38 95
39 11
39 24
39 43
39 117
40 36
40 82
41 29
41 55
41 60
41 72
41 76
42 26
43 39
43 33
43 28
43 70
43 78
43 115
43 118
44 28
44 31
44 33
45 17
46 10
46 35
47 29
47 43
47 41
47 48
47 49
47 71
47 99
48 47
49 26
49 33
49 47
49 28
49 93
49 107
49 111
50 10
50 35
50 102
50 146
51 19
51 10
51 70
52 46
52 50
52 10
53 27
53 23
54 25
54 63
55 41
55 29
55 34
55 64
56 17
56 27
56 28
56 59
56 61
56 62
56 97
57 19
58 20
58 98
58 103
58 112
59 56
59 108
59 114
60 29
60 41
60 74
61 56
62 56
62 31
62 28
62 32
62 66
62 79
62 96
62 101
63 54
63 25
64 29
64 55
64 60
64 34
64 94
65 37
65 80
66 62
66 96
66 101
67 10
67 58
67 20
68 12
68 16
68 81
69 38
69 95
70 43
70 51
70 87
71 47
72 41
72 29
72 55
72 34
73 17
73 23
73 67
73 85
73 89
73 109
74 29
74 60
75 28
75 84
76 29
76 34
76 41
77 65
77 37
77 90
78 43
79 62
80 65
80 77
80 37
80 91
81 68
82 40
83 31
83 28
83 92
84 31
84 28
84 83
84 75
84 92
85 73
85 89
85 109
86 41
86 34
86 55
87 70
88 38
88 69
88 95
89 73
89 85
89 109
90 37
90 77
90 65
90 80
90 104
91 80
91 37
92 83
92 31
92 33
92 84
93 49
93 107
93 111
94 29
94 41
94 64
95 38
95 69
95 88
96 62
96 66
97 56
98 58
98 20
98 119
99 47
100 18
100 21
100 12
101 79
101 66
101 62
102 10
102 50
103 58
103 98
104 65
104 77
104 90
105 17
105 120
105 231
106 33
106 31
106 28
107 49
107 93
107 111
108 59
108 114
109 73
109 89
109 85
110 88
110 95
110 38
111 49
111 93
111 107
112 20
112 58
112 98
112 119
113 17
113 120
114 59
114 108
115 43
115 78
115 221
116 28
116 31
116 33
116 32
117 11
117 39
117 24
118 78
118 43
119 98
119 58
119 112
120 17
120 113
120 105
121 116
121 84
121 33
121 31
123 122
123 124
124 123
125 128
125 129
126 127
126 130
127 126
127 131
128 125
129 125
130 126
131 127
132 16
132 127
132 21
132 36
132 131
132 133
132 137
133 132
134 135
134 140
135 134
135 136
135 138
135 140
136 135
137 132
138 135
138 136
138 139
138 140
139 138
140 135
140 138
140 134
140 231
141 138
144 24
144 49
144 74
144 34
144 145
145 144
146 64
146 86
146 50
146 147
146 150
146 156
146 173
146 174
146 193
147 146
147 148
147 151
147 152
147 158
147 162
147 163
147 166
147 170
147 171
147 176
147 178
147 189
147 190
147 210
148 147
148 149
148 186
149 148
149 155
149 165
149 168
149 169
149 219
150 146
150 153
151 147
151 185
151 191
152 147
152 159
152 179
152 184
153 150
153 146
153 157
153 167
153 173
153 182
153 194
153 212
154 146
154 151
154 175
154 181
154 202
155 149
156 146
156 160
156 197
157 153
157 167
157 173
157 182
157 212
158 147
158 161
158 164
158 203
159 152
159 192
159 214
160 146
160 156
160 199
161 158
161 164
161 187
161 198
161 203
161 205
162 147
162 152
162 177
162 206
163 147
163 166
163 178
163 215
164 161
164 158
164 203
165 149
165 219
166 147
166 163
166 170
166 171
166 176
166 178
166 210
167 153
167 152
167 157
167 170
167 184
168 165
168 149
168 211
169 149
169 155
169 168
169 187
170 163
170 147
170 166
170 167
170 172
170 174
170 180
170 217
171 147
171 166
171 210
172 170
172 213
173 146
173 157
173 153
173 208
174 170
174 146
175 154
176 147
176 166
176 178
176 189
177 162
177 206
178 163
178 147
178 176
178 166
178 195
178 210
179 152
180 170
180 217
181 154
181 200
181 202
182 153
182 157
182 194
182 201
183 147
183 178
183 166
183 163
183 195
184 179
184 167
184 152
184 196
184 216
185 151
185 173
185 197
185 218
186 154
186 148
186 175
187 169
187 161
187 209
187 211
188 179
188 152
189 147
189 178
189 176
189 190
189 195
190 147
190 189
190 178
191 151
192 159
193 146
194 153
194 182
194 157
195 147
195 178
195 189
195 183
196 184
197 185
197 156
197 207
198 158
198 161
199 160
200 154
200 175
200 181
201 182
201 184
201 196
201 194
201 153
202 181
202 154
203 158
203 161
203 164
204 156
205 164
205 203
205 161
205 209
205 229
206 162
206 177
207 197
208 173
209 205
209 164
209 161
209 187
210 171
210 166
210 178
210 147
210 215
211 187
211 168
211 149
212 157
212 153
213 170
213 172
214 159
214 192
215 189
215 147
215 210
215 183
215 163
216 184
217 172
217 170
217 180
217 213
218 185
219 149
219 165
221 11
221 29
221 115
221 92
221 194
221 222
222 221
222 226
222 228
223 225
224 222
224 221
224 226
225 223
225 224
226 222
226 224
226 227
226 228
227 226
228 226
228 222
229 0
229 31
229 205
229 90
229 230
230 229
231 140
231 181
231 20
231 105
231 232
231 234
231 235
232 231
232 233
232 239
233 232
234 231
234 236
234 237
234 238
234 241
235 231
235 240
236 234
237 234
237 238
238 234
238 237
238 236
239 233
239 232
240 235
240 236
241 234
241 210
241 17
241 47
241 147
241 244
241 245
242 246
243 242
244 241
244 245
244 247
245 241
245 244
246 242
247 244
