248
784
0 1 0.111111
0 3 0.25
0 4 0.25
1 0 0.142857
1 2 0.25
1 3 0.25
2 1 0.111111
3 1 0.111111
3 0 0.142857
4 0 0.142857
4 10 0.0322581
5 7 0.142857
6 9 0.25
7 5 0.25
7 8 0.25
7 10 0.0322581
8 7 0.142857
8 9 0.25
9 8 0.25
9 6 0.25
10 7 0.142857
10 4 0.25
10 1 0.111111
10 11 0.0454545
10 13 0.333333
10 19 0.142857
10 20 0.0909091
10 35 0.166667
10 46 0.2
10 50 0.1
10 67 0.2
10 102 0.25
11 10 0.0322581
11 17 0.0588235
11 24 0.142857
11 29 0.0384615
11 39 0.1
11 117 0.2
11 221 0.0666667
12 11 0.0454545
12 14 0.0769231
12 16 0.0909091
12 18 0.1
12 21 0.125
12 25 0.0909091
12 68 0.166667
12 100 0.166667
13 10 0.0322581
14 12 0.0357143
14 15 0.333333
14 26 0.1
14 36 0.1
15 14 0.0769231
16 12 0.0357143
16 30 0.5
16 68 0.166667
17 11 0.0454545
17 23 0.1
17 45 0.5
17 56 0.0769231
17 73 0.0909091
17 105 0.166667
17 113 0.25
18 12 0.0357143
18 21 0.125
18 22 0.0714286
18 25 0.0909091
18 100 0.166667
19 10 0.0322581
19 13 0.333333
19 51 0.142857
19 57 0.5
20 10 0.0322581
20 58 0.0833333
20 98 0.125
20 231 0.0666667
21 18 0.1
21 12 0.0357143
21 100 0.166667
22 18 0.1
22 12 0.0357143
22 21 0.125
22 26 0.1
22 36 0.1
23 17 0.0588235
23 27 0.125
23 53 0.25
23 73 0.0909091
24 11 0.0454545
24 39 0.1
24 144 0.142857
25 12 0.0357143
25 18 0.1
25 54 0.2
25 63 0.25
26 14 0.0769231
26 12 0.0357143
26 22 0.0714286
26 42 0.5
26 49 0.0714286
27 23 0.1
27 28 0.0294118
27 53 0.25
27 56 0.0769231
28 27 0.125
28 23 0.1
28 11 0.0454545
28 32 0.142857
28 33 0.0833333
28 38 0.0769231
28 43 0.0714286
28 44 0.25
28 49 0.0714286
28 62 0.0625
28 75 0.25
28 83 0.142857
28 84 0.1
28 116 0.142857
29 11 0.0454545
29 34 0.0909091
29 37 0.0833333
29 41 0.0769231
29 47 0.0666667
29 55 0.111111
29 60 0.142857
29 74 0.2
29 76 0.125
29 94 0.2
30 16 0.0909091
31 28 0.0294118
31 62 0.0625
31 83 0.142857
31 84 0.1
31 92 0.125
31 116 0.142857
31 121 0.2
31 229 0.111111
32 28 0.0294118
32 62 0.0625
33 28 0.0294118
33 32 0.142857
34 29 0.0384615
34 64 0.111111
34 76 0.125
34 86 0.2
35 10 0.0322581
35 46 0.2
36 14 0.0769231
36 22 0.0714286
36 25 0.0909091
36 40 0.166667
37 29 0.0384615
37 14 0.0769231
37 65 0.142857
37 77 0.142857
37 90 0.111111
37 91 0.25
38 12 0.0357143
38 26 0.1
38 28 0.0294118
38 69 0.2
38 88 0.166667
38 95 0.142857
39 11 0.0454545
39 24 0.142857
39 43 0.0714286
39 117 0.2
40 36 0.1
40 82 0.5
41 29 0.0384615
41 55 0.111111
41 60 0.142857
41 72 0.2
41 76 0.125
42 26 0.1
43 39 0.1
43 33 0.0833333
43 28 0.0294118
43 70 0.166667
43 78 0.25
43 115 0.2
43 118 0.333333
44 28 0.0294118
44 31 0.05
44 33 0.0833333
45 17 0.0588235
46 10 0.0322581
46 35 0.166667
47 29 0.0384615
47 43 0.0714286
47 41 0.0769231
47 48 0.25
47 49 0.0714286
47 71 0.5
47 99 0.5
48 47 0.0666667
49 26 0.1
49 33 0.0833333
49 47 0.0666667
49 28 0.0294118
49 93 0.166667
49 107 0.142857
49 111 0.166667
50 10 0.0322581
50 35 0.166667
50 102 0.25
50 146 0.04
51 19 0.142857
51 10 0.0322581
51 70 0.166667
52 46 0.2
52 50 0.1
52 10 0.0322581
53 27 0.125
53 23 0.1
54 25 0.0909091
54 63 0.25
55 41 0.0769231
55 29 0.0384615
55 34 0.0909091
55 64 0.111111
56 17 0.0588235
56 27 0.125
56 28 0.0294118
56 59 0.166667
56 61 0.5
56 62 0.0625
56 97 0.5
57 19 0.142857
58 20 0.0909091
58 98 0.125
58 103 0.333333
58 112 0.125
59 56 0.0769231
59 108 0.25
59 114 0.25
60 29 0.0384615
60 41 0.0769231
60 74 0.2
61 56 0.0769231
62 56 0.0769231
62 31 0.05
62 28 0.0294118
62 32 0.142857
62 66 0.166667
62 79 0.333333
62 96 0.25
62 101 0.2
63 54 0.2
63 25 0.0909091
64 29 0.0384615
64 55 0.111111
64 60 0.142857
64 34 0.0909091
64 94 0.2
65 37 0.0833333
65 80 0.142857
66 62 0.0625
66 96 0.25
66 101 0.2
67 10 0.0322581
67 58 0.0833333
67 20 0.0909091
68 12 0.0357143
68 16 0.0909091
68 81 0.5
69 38 0.0769231
69 95 0.142857
70 43 0.0714286
70 51 0.142857
70 87 0.5
71 47 0.0666667
72 41 0.0769231
72 29 0.0384615
72 55 0.111111
72 34 0.0909091
73 17 0.0588235
73 23 0.1
73 67 0.2
73 85 0.166667
73 89 0.166667
73 109 0.166667
74 29 0.0384615
74 60 0.142857
75 28 0.0294118
75 84 0.1
76 29 0.0384615
76 34 0.0909091
76 41 0.0769231
77 65 0.142857
77 37 0.0833333
77 90 0.111111
78 43 0.0714286
79 62 0.0625
80 65 0.142857
80 77 0.142857
80 37 0.0833333
80 91 0.25
81 68 0.166667
82 40 0.166667
83 31 0.05
83 28 0.0294118
83 92 0.125
84 31 0.05
84 28 0.0294118
84 83 0.142857
84 75 0.25
84 92 0.125
85 73 0.0909091
85 89 0.166667
85 109 0.166667
86 41 0.0769231
86 34 0.0909091
86 55 0.111111
87 70 0.166667
88 38 0.0769231
88 69 0.2
88 95 0.142857
89 73 0.0909091
89 85 0.166667
89 109 0.166667
90 37 0.0833333
90 77 0.142857
90 65 0.142857
90 80 0.142857
90 104 0.25
91 80 0.142857
91 37 0.0833333
92 83 0.142857
92 31 0.05
92 33 0.0833333
92 84 0.1
93 49 0.0714286
93 107 0.142857
93 111 0.166667
94 29 0.0384615
94 41 0.0769231
94 64 0.111111
95 38 0.0769231
95 69 0.2
95 88 0.166667
96 62 0.0625
96 66 0.166667
97 56 0.0769231
98 58 0.0833333
98 20 0.0909091
98 119 0.2
99 47 0.0666667
100 18 0.1
100 21 0.125
100 12 0.0357143
101 79 0.333333
101 66 0.166667
101 62 0.0625
102 10 0.0322581
102 50 0.1
103 58 0.0833333
103 98 0.125
104 65 0.142857
104 77 0.142857
104 90 0.111111
105 17 0.0588235
105 120 0.2
105 231 0.0666667
106 33 0.0833333
106 31 0.05
106 28 0.0294118
107 49 0.0714286
107 93 0.166667
107 111 0.166667
108 59 0.166667
108 114 0.25
109 73 0.0909091
109 89 0.166667
109 85 0.166667
110 88 0.166667
110 95 0.142857
110 38 0.0769231
111 49 0.0714286
111 93 0.166667
111 107 0.142857
112 20 0.0909091
112 58 0.0833333
112 98 0.125
112 119 0.2
113 17 0.0588235
113 120 0.2
114 59 0.166667
114 108 0.25
115 43 0.0714286
115 78 0.25
115 221 0.0666667
116 28 0.0294118
116 31 0.05
116 33 0.0833333
116 32 0.142857
117 11 0.0454545
117 39 0.1
117 24 0.142857
118 78 0.25
118 43 0.0714286
119 98 0.125
119 58 0.0833333
119 112 0.125
120 17 0.0588235
120 113 0.25
120 105 0.166667
121 116 0.142857
121 84 0.1
121 33 0.0833333
121 31 0.05
123 122 0.25
123 124 0.25
124 123 0.142857
125 128 0.5
125 129 0.5
126 127 0.142857
126 130 0.5
127 126 0.2
127 131 0.333333
128 125 0.125
129 125 0.125
130 126 0.2
131 127 0.142857
132 16 0.0909091
132 127 0.142857
132 21 0.125
132 36 0.1
132 131 0.333333
132 133 0.25
132 137 0.5
133 132 0.0909091
134 135 0.0833333
134 140 0.125
135 134 0.166667
135 136 0.333333
135 138 0.1
135 140 0.125
136 135 0.0833333
137 132 0.0909091
138 135 0.0833333
138 136 0.333333
138 139 0.5
138 140 0.125
139 138 0.1
140 135 0.0833333
140 138 0.1
140 134 0.166667
140 231 0.0666667
141 138 0.1
144 24 0.142857
144 49 0.0714286
144 74 0.2
144 34 0.0909091
144 145 0.5
145 144 0.142857
146 64 0.111111
146 86 0.2
146 50 0.1
146 147 0.0263158
146 150 0.2
146 156 0.111111
146 173 0.0909091
146 174 0.25
146 193 0.5
147 146 0.04
147 148 0.0909091
147 151 0.142857
147 152 0.0714286
147 158 0.1
147 162 0.142857
147 163 0.1
147 166 0.0666667
147 170 0.0625
147 171 0.166667
147 176 0.125
147 178 0.0666667
147 189 0.1
147 190 0.2
147 210 0.0909091
148 147 0.0263158
148 149 0.0666667
148 186 0.166667
149 148 0.0909091
149 155 0.166667
149 165 0.2
149 168 0.166667
149 169 0.166667
149 219 0.25
150 146 0.04
150 153 0.0625
151 147 0.0263158
151 185 0.142857
151 191 0.5
152 147 0.0263158
152 159 0.125
152 179 0.2
152 184 0.0833333
153 150 0.2
153 146 0.04
153 157 0.0833333
153 167 0.111111
153 173 0.0909091
153 182 0.125
153 194 0.142857
153 212 0.166667
154 146 0.04
154 151 0.142857
154 175 0.25
154 181 0.142857
154 202 0.25
155 149 0.0666667
156 146 0.04
156 160 0.2
156 197 0.166667
157 153 0.0625
157 167 0.111111
157 173 0.0909091
157 182 0.125
157 212 0.166667
158 147 0.0263158
158 161 0.0769231
158 164 0.111111
158 203 0.142857
159 152 0.0714286
159 192 0.333333
159 214 0.333333
160 146 0.04
160 156 0.111111
160 199 0.25
161 158 0.1
161 164 0.111111
161 187 0.111111
161 198 0.333333
161 203 0.142857
161 205 0.125
162 147 0.0263158
162 152 0.0714286
162 177 0.25
162 206 0.25
163 147 0.0263158
163 166 0.0666667
163 178 0.0666667
163 215 0.142857
164 161 0.0769231
164 158 0.1
164 203 0.142857
165 149 0.0666667
165 219 0.25
166 147 0.0263158
166 163 0.1
166 170 0.0625
166 171 0.166667
166 176 0.125
166 178 0.0666667
166 210 0.0909091
167 153 0.0625
167 152 0.0714286
167 157 0.0833333
167 170 0.0625
167 184 0.0833333
168 165 0.2
168 149 0.0666667
168 211 0.2
169 149 0.0666667
169 155 0.166667
169 168 0.166667
169 187 0.111111
170 163 0.1
170 147 0.0263158
170 166 0.0666667
170 167 0.111111
170 172 0.2
170 174 0.25
170 180 0.25
170 217 0.166667
171 147 0.0263158
171 166 0.0666667
171 210 0.0909091
172 170 0.0625
172 213 0.25
173 146 0.04
173 157 0.0833333
173 153 0.0625
173 208 0.5
174 170 0.0625
174 146 0.04
175 154 0.0833333
176 147 0.0263158
176 166 0.0666667
176 178 0.0666667
176 189 0.1
177 162 0.142857
177 206 0.25
178 163 0.1
178 147 0.0263158
178 176 0.125
178 166 0.0666667
178 195 0.142857
178 210 0.0909091
179 152 0.0714286
180 170 0.0625
180 217 0.166667
181 154 0.0833333
181 200 0.25
181 202 0.25
182 153 0.0625
182 157 0.0833333
182 194 0.142857
182 201 0.166667
183 147 0.0263158
183 178 0.0666667
183 166 0.0666667
183 163 0.1
183 195 0.142857
184 179 0.2
184 167 0.111111
184 152 0.0714286
184 196 0.333333
184 216 0.5
185 151 0.142857
185 173 0.0909091
185 197 0.166667
185 218 0.5
186 154 0.0833333
186 148 0.0909091
186 175 0.25
187 169 0.166667
187 161 0.0769231
187 209 0.166667
187 211 0.2
188 179 0.2
188 152 0.0714286
189 147 0.0263158
189 178 0.0666667
189 176 0.125
189 190 0.2
189 195 0.142857
190 147 0.0263158
190 189 0.1
190 178 0.0666667
191 151 0.142857
192 159 0.125
193 146 0.04
194 153 0.0625
194 182 0.125
194 157 0.0833333
195 147 0.0263158
195 178 0.0666667
195 189 0.1
195 183 0.142857
196 184 0.0833333
197 185 0.142857
197 156 0.111111
197 207 0.5
198 158 0.1
198 161 0.0769231
199 160 0.2
200 154 0.0833333
200 175 0.25
200 181 0.142857
201 182 0.125
201 184 0.0833333
201 196 0.333333
201 194 0.142857
201 153 0.0625
202 181 0.142857
202 154 0.0833333
203 158 0.1
203 161 0.0769231
203 164 0.111111
204 156 0.111111
205 164 0.111111
205 203 0.142857
205 161 0.0769231
205 209 0.166667
205 229 0.111111
206 162 0.142857
206 177 0.25
207 197 0.166667
208 173 0.0909091
209 205 0.125
209 164 0.111111
209 161 0.0769231
209 187 0.111111
210 171 0.166667
210 166 0.0666667
210 178 0.0666667
210 147 0.0263158
210 215 0.142857
211 187 0.111111
211 168 0.166667
211 149 0.0666667
212 157 0.0833333
212 153 0.0625
213 170 0.0625
213 172 0.2
214 159 0.125
214 192 0.333333
215 189 0.1
215 147 0.0263158
215 210 0.0909091
215 183 0.142857
215 163 0.1
216 184 0.0833333
217 172 0.2
217 170 0.0625
217 180 0.25
217 213 0.25
218 185 0.142857
219 149 0.0666667
219 165 0.2
221 11 0.0454545
221 29 0.0384615
221 115 0.2
221 92 0.125
221 194 0.142857
221 222 0.0909091
222 221 0.0666667
222 226 0.125
222 228 0.25
223 225 0.333333
224 222 0.0909091
224 221 0.0666667
224 226 0.125
225 223 0.125
225 224 0.166667
226 222 0.0909091
226 224 0.166667
226 227 0.5
226 228 0.25
227 226 0.125
228 226 0.125
228 222 0.0909091
229 0 0.142857
229 31 0.05
229 205 0.125
229 90 0.111111
229 230 0.5
230 229 0.111111
231 140 0.125
231 181 0.142857
231 20 0.0909091
231 105 0.166667
231 232 0.166667
231 234 0.1
231 235 0.25
232 231 0.0666667
232 233 0.2
232 239 0.333333
233 232 0.166667
234 231 0.0666667
234 236 0.25
234 237 0.25
234 238 0.2
234 241 0.0833333
235 231 0.0666667
235 240 0.333333
236 234 0.1
237 234 0.1
237 238 0.2
238 234 0.1
238 237 0.25
238 236 0.25
239 233 0.2
239 232 0.166667
240 235 0.25
240 236 0.25
241 234 0.1
241 210 0.0909091
241 17 0.0588235
241 47 0.0666667
241 147 0.0263158
241 244 0.166667
241 245 0.25
242 246 0.5
243 242 0.2
244 241 0.0833333
244 245 0.25
244 247 0.5
245 241 0.0833333
245 244 0.166667
246 242 0.2
247 244 0.166667
