0.190207
0.133365
0.033659
0.076222
0.280242
0.035838
0.002242
0.142808
0.035801
0.008908
1
0.17499
1
0.364929
0.092513
0.030719
0.186602
0.087315
0.150477
0.143513
0.190668
0.266536
0.020756
0.134612
0.033905
0.111417
0.032208
0.247932
1
1
0.093299
0.090976
0.19308
0.14073
0.147076
0.223023
0.109346
0.097155
0.076732
0.037081
0.018039
0.206236
0.01619
0.140507
0.25061
0.043899
0.232909
1
0.250611
0.140413
0.211483
0.023789
0
0.090808
0.02709
0.169232
1
0.07175
0.034882
0.166419
0.209252
0.499987
0.136478
0.032321
0.159107
0.040224
0.031257
0.204213
0.190498
0.019425
0.026696
0.500132
0.041314
0.020078
0.2314
0.272629
0.162915
0.036513
0.0496
0.052625
0.025216
0.095421
0.00911
0.171564
0.135074
0.004274
0.222288
0.013416
0.014534
0.004344
0.121006
0.02928
0.049189
0.029836
0.222211
0.014479
0.03926
0.500635
0.029149
0.500954
0.218074
0.032181
0.286784
0.011575
0.030124
0.177791
0
0.026353
0.049497
0.004364
0
0.029852
0.005045
0.030212
0.049801
0.030478
0.154867
0.041048
0.046815
0.006659
0.039077
0.018386
0
0
0
0
0.036539
0.183478
0
0
0.01834
0.365433
1
0.249737
0.022561
0.013454
0.008571
0.501436
0.013809
0.006834
0.126074
0
0
0
0.00477
0.002391
1
1
0.173635
1
0.203368
0.145497
0.167861
0.027426
0.02106
0.190339
0.112446
0.02127
0.106834
0.021158
0.022725
0.025643
0.143426
0.13117
0.03386
0.269959
0.113636
0.123131
0.190528
0.168482
0.09074
0.195528
0.021629
0.095742
0.264612
0.020649
0.161404
0.042931
0.11931
0.225953
0.025563
0.143898
0.006665
0.010242
1
0.023252
0.029382
0.027657
0
0.136534
0.220215
0.072759
0.008622
0.500094
0.006716
0.035947
0.333205
0.022179
0.008573
0.005646
0.0359
0.001091
0.039894
0.039182
0
0.127574
0.042652
0.010962
0.047918
0.025284
0.124587
0.042421
0.007882
0.009437
0.007098
0.035697
0.499681
0.018105
0.011546
0.293742
0
0.013679
0.001262
0
2.6e-05
0
0.000203
0.000112
0.000352
1
0.500273
1
0.166633
0.042414
0.10249
0.250682
0.050284
0.029787
0.024579
0.055323
0.084019
0.008655
0
0
0.001766
0.002463
0
0.000898
