0 1
0 2
0 7
0 14
0 16
0 32
0 93
0 142
0 166
1 0
1 4
1 6
1 13
1 25
1 47
1 51
2 0
2 3
2 5
2 18
2 57
2 58
2 119
2 133
2 152
2 157
3 2
3 4
3 27
3 40
3 47
3 115
3 168
4 3
4 1
4 8
4 10
4 11
4 21
4 22
4 23
4 52
4 61
4 92
4 146
5 2
5 9
5 12
5 24
5 31
5 32
5 43
5 201
6 1
6 19
6 109
6 138
7 0
7 15
7 59
7 153
7 181
8 4
8 78
8 100
9 5
9 36
9 136
9 141
9 173
10 4
10 22
10 75
10 88
10 180
10 184
11 4
11 52
11 87
11 90
11 92
11 116
12 5
12 32
12 43
13 1
13 41
13 84
13 111
13 112
14 0
14 2
14 16
14 20
14 35
14 134
14 192
15 7
15 20
15 28
15 29
15 83
16 0
16 14
16 15
16 20
16 28
16 35
16 44
16 126
17 7
17 139
18 2
18 34
18 40
18 57
18 58
18 152
18 157
18 183
19 6
19 26
19 68
19 75
19 118
20 14
20 15
20 16
20 54
21 4
21 13
21 22
21 38
21 100
21 164
22 10
22 4
22 1
22 21
22 25
22 104
22 131
23 4
23 45
23 46
23 55
23 85
24 12
24 16
24 5
24 43
24 44
24 198
24 200
25 22
25 23
25 1
25 30
25 110
26 10
26 19
26 42
26 53
26 104
26 175
27 3
27 94
27 97
27 113
28 16
28 15
28 69
28 89
28 126
29 15
29 83
29 158
30 25
30 110
31 24
31 5
31 12
31 56
31 105
32 5
32 12
32 0
32 33
32 37
32 49
32 63
32 132
32 195
33 32
33 91
33 163
33 165
33 177
34 18
34 2
34 44
34 48
34 122
34 130
34 207
35 14
35 24
35 16
35 39
35 73
35 120
35 172
35 197
36 9
36 141
36 173
37 32
37 98
38 21
39 35
40 2
40 18
40 9
40 3
40 41
40 52
40 57
40 150
41 2
41 40
41 13
41 57
41 67
41 79
42 26
42 175
43 5
43 24
43 35
43 12
43 56
43 80
43 96
43 107
43 161
44 16
44 34
44 24
44 50
44 82
45 23
45 55
46 23
46 85
47 3
47 1
47 33
47 68
47 91
47 102
47 114
47 196
48 34
48 14
48 20
48 148
49 32
49 18
49 74
49 93
49 108
49 129
50 44
50 71
50 149
51 1
51 202
52 11
52 40
52 4
52 66
52 128
52 204
53 26
53 114
53 124
54 20
54 15
54 29
54 62
54 76
54 99
54 106
54 117
55 23
55 45
55 85
56 43
56 31
56 73
56 127
56 155
56 163
56 205
57 18
57 41
57 40
57 56
57 2
57 73
57 127
57 163
58 43
58 2
58 18
58 60
58 64
59 7
59 69
59 106
59 139
59 153
59 181
60 58
60 64
60 72
60 134
60 159
60 162
61 4
62 54
62 76
62 117
63 32
64 58
64 60
64 159
64 210
65 44
65 81
65 149
65 182
66 52
66 128
67 41
67 70
67 101
67 193
68 47
68 33
68 19
68 6
69 28
69 59
69 86
69 178
70 67
70 125
70 193
71 50
72 64
72 58
72 60
73 57
73 0
73 56
73 35
73 154
74 49
75 10
75 19
75 135
75 144
75 194
76 54
76 62
77 67
77 70
77 101
77 125
78 8
79 57
79 41
80 43
80 107
81 65
81 103
81 182
82 24
82 16
82 44
82 89
82 95
83 15
83 29
83 158
84 13
84 111
85 46
85 23
85 55
85 97
86 69
86 185
87 11
87 160
88 10
88 184
89 28
89 82
89 140
89 176
90 11
91 33
91 47
91 49
91 114
91 124
92 4
92 11
92 168
92 203
93 0
93 49
93 174
93 179
93 189
94 27
94 121
95 82
96 43
96 161
97 27
97 85
97 136
98 37
99 54
99 62
100 8
100 21
100 78
100 101
100 145
101 67
101 70
101 77
101 100
101 202
102 47
102 196
103 65
103 81
103 147
104 26
104 22
104 206
105 31
106 7
106 59
106 54
106 151
107 43
107 96
107 80
107 161
108 49
109 6
110 25
110 30
111 84
111 13
112 13
112 21
112 143
113 27
113 94
113 121
114 91
114 47
114 53
115 3
115 168
116 11
116 90
116 87
116 160
117 54
117 62
118 19
119 18
119 2
119 190
119 209
120 35
121 113
121 27
121 94
122 34
123 33
124 19
124 91
124 53
125 77
125 67
125 70
125 205
126 28
126 106
126 16
126 151
127 125
127 56
127 57
127 156
128 52
128 66
129 114
129 49
129 74
129 166
129 171
130 12
130 24
130 34
131 22
132 32
133 2
133 18
134 64
134 60
134 119
134 58
134 14
134 186
135 75
135 194
136 9
136 97
136 187
136 188
137 0
138 6
139 7
139 17
139 59
140 89
140 176
141 9
141 36
141 173
142 59
142 0
143 112
144 75
145 100
146 4
147 103
147 65
148 48
148 169
149 50
149 65
149 147
150 40
151 126
151 106
152 2
152 18
152 133
153 17
153 59
153 7
154 73
155 56
155 205
156 127
157 133
157 18
157 2
158 29
158 83
159 58
159 60
159 64
159 162
159 210
160 11
160 116
160 87
161 96
161 43
161 107
162 60
162 159
162 58
163 56
163 33
163 141
163 57
163 199
163 205
164 21
164 38
165 33
165 177
166 49
166 0
166 129
166 167
167 166
168 115
168 134
168 92
168 3
169 48
169 148
170 0
170 166
171 129
172 35
172 197
173 9
173 141
173 36
174 93
174 189
175 26
175 42
176 89
176 140
177 68
177 165
177 33
177 47
178 69
179 93
179 189
180 10
180 88
181 59
181 7
181 153
182 103
182 65
182 81
183 2
183 133
183 18
183 209
184 180
184 10
184 88
185 86
186 134
187 136
187 188
187 204
188 187
188 136
188 204
189 179
189 93
189 174
190 119
191 124
192 14
193 154
193 67
193 70
193 77
194 75
194 135
194 144
195 32
195 208
196 102
196 47
197 35
197 172
198 24
199 163
200 24
201 12
201 5
202 125
202 78
202 51
202 101
203 92
204 40
204 52
204 187
204 188
205 155
205 56
205 163
205 125
206 104
207 34
208 195
208 132
208 32
209 66
209 119
209 183
209 190
210 64
210 159
210 60
