0.101398
0.13509
1
0.203486
1
0.181216
0.042926
0.146283
0.169332
0.017227
0.155094
0.080324
0.165794
0.02149
0.089443
0.126115
0.088806
0.101225
0.15418
0.102412
0.150654
0.093071
0.106005
0.093418
0.153282
0.026642
1
0.023012
0.035726
0.159666
0.008083
0.032615
1
0.167399
1
1
0.004435
0.200088
0.036339
0.333016
0.035684
0.012665
0.297731
1
0.110154
0.026617
0.026191
1
0.125498
0.188671
0.01393
0.033554
0.092217
0.209113
1
0.020738
0.083046
0.082863
0.089465
1
0.008905
0.500747
0.215179
0.500703
0.011725
0.000422
0.024621
0.002373
0.157924
0.128313
0.001528
0.007017
0.002297
0.126499
0.370521
0.02598
0.286484
0.00127
0.048984
0.002535
0.281723
0.000103
0.014476
0.051023
0.006381
0.016756
0.032057
0.018773
0.042948
0.006185
0.029999
0.158537
0.137602
0.02885
0.005463
0.007284
0.259556
0.007058
0.10029
0.333489
0.026091
0.003852
0.298179
0.000156
0.180027
0.016307
0.237776
0.196654
0.094129
0.021456
0.007973
0.006384
0.004344
0.004689
0.296959
0.060585
0.013883
0.285986
0.051233
0.102704
0.500417
0.001962
0.500974
0
0.059173
0.004905
0.025459
0.020834
0.022118
1
0.251094
0.053307
0.348139
0.229586
0.015118
0.007294
0.003481
0
0.021287
0.209244
0.001822
0.007508
0.033794
0.002188
0.009706
0.013071
0.500421
0.000769
0.020954
0.002821
0.017882
0.063512
0.223389
0.214658
0.04242
0.023525
0.010425
0.224093
0.049089
0.00194
0.006185
0.220646
0.002174
0.030827
0.023399
0.047326
0.135742
0.067627
0.053423
0.007019
0
0.500395
0.297681
0.004597
0.005707
0.298243
0.001826
0.033654
0.063947
0.008354
0.045651
0.222751
8.9e-05
0.02768
0.037423
0.015911
0.007604
0.002998
0.002322
0.006497
0.028657
0
0.044914
0.000651
0.005136
0.250525
0.297935
0.298535
0.051189
0.01534
0.07676
0.04517
0.006159
0.069009
0.012987
0.016606
0.089981
0.50032
0.062982
0.016025
0.00257
