211
709
0 1 0.0625
0 2 0.0384615
0 7 0.0714286
0 14 0.0625
0 16 0.0555556
0 32 0.0526316
0 93 0.1
0 142 0.333333
0 166 0.125
1 0 0.0384615
1 4 0.0416667
1 6 0.111111
1 13 0.0909091
1 25 0.111111
1 47 0.0625
1 51 0.25
2 0 0.0384615
2 3 0.0714286
2 5 0.0588235
2 18 0.0526316
2 57 0.0625
2 58 0.0769231
2 119 0.1
2 133 0.166667
2 152 0.2
2 157 0.2
3 2 0.0384615
3 4 0.0416667
3 27 0.111111
3 40 0.0666667
3 47 0.0625
3 115 0.25
3 168 0.142857
4 3 0.0714286
4 1 0.0625
4 8 0.166667
4 10 0.0769231
4 11 0.0666667
4 21 0.0833333
4 22 0.0769231
4 23 0.0909091
4 52 0.0833333
4 61 0.5
4 92 0.125
4 146 0.5
5 2 0.0384615
5 9 0.0769231
5 12 0.0666667
5 24 0.0625
5 31 0.125
5 32 0.0526316
5 43 0.0555556
5 201 0.25
6 1 0.0625
6 19 0.0833333
6 109 0.5
6 138 0.5
7 0 0.0384615
7 15 0.0833333
7 59 0.0769231
7 153 0.166667
7 181 0.2
8 4 0.0416667
8 78 0.25
8 100 0.1
9 5 0.0588235
9 36 0.166667
9 136 0.125
9 141 0.142857
9 173 0.166667
10 4 0.0416667
10 22 0.0769231
10 75 0.1
10 88 0.2
10 180 0.25
10 184 0.2
11 4 0.0416667
11 52 0.0833333
11 87 0.2
11 90 0.333333
11 92 0.125
11 116 0.166667
12 5 0.0588235
12 32 0.0526316
12 43 0.0555556
13 1 0.0625
13 41 0.0909091
13 84 0.25
13 111 0.25
13 112 0.2
14 0 0.0384615
14 2 0.0384615
14 16 0.0555556
14 20 0.111111
14 35 0.0555556
14 134 0.1
14 192 0.5
15 7 0.0714286
15 20 0.111111
15 28 0.1
15 29 0.142857
15 83 0.166667
16 0 0.0384615
16 14 0.0625
16 15 0.0833333
16 20 0.111111
16 28 0.1
16 35 0.0555556
16 44 0.0909091
16 126 0.142857
17 7 0.0714286
17 139 0.2
18 2 0.0384615
18 34 0.0555556
18 40 0.0666667
18 57 0.0625
18 58 0.0769231
18 152 0.2
18 157 0.2
18 183 0.166667
19 6 0.111111
19 26 0.0909091
19 68 0.142857
19 75 0.1
19 118 0.5
20 14 0.0625
20 15 0.0833333
20 16 0.0555556
20 54 0.0714286
21 4 0.0416667
21 13 0.0909091
21 22 0.0769231
21 38 0.333333
21 100 0.1
21 164 0.25
22 10 0.0769231
22 4 0.0416667
22 1 0.0625
22 21 0.0833333
22 25 0.111111
22 104 0.166667
22 131 0.5
23 4 0.0416667
23 45 0.25
23 46 0.25
23 55 0.166667
23 85 0.125
24 12 0.0666667
24 16 0.0555556
24 5 0.0588235
24 43 0.0555556
24 44 0.0909091
24 198 0.333333
24 200 0.5
25 22 0.0769231
25 23 0.0909091
25 1 0.0625
25 30 0.25
25 110 0.25
26 10 0.0769231
26 19 0.0833333
26 42 0.25
26 53 0.166667
26 104 0.166667
26 175 0.25
27 3 0.0714286
27 94 0.2
27 97 0.166667
27 113 0.2
28 16 0.0555556
28 15 0.0833333
28 69 0.125
28 89 0.125
28 126 0.142857
29 15 0.0833333
29 83 0.166667
29 158 0.25
30 25 0.111111
30 110 0.25
31 24 0.0625
31 5 0.0588235
31 12 0.0666667
31 56 0.0666667
31 105 0.5
32 5 0.0588235
32 12 0.0666667
32 0 0.0384615
32 33 0.0769231
32 37 0.2
32 49 0.0769231
32 63 0.5
32 132 0.333333
32 195 0.25
33 32 0.0526316
33 91 0.111111
33 163 0.0909091
33 165 0.25
33 177 0.166667
34 18 0.0526316
34 2 0.0384615
34 44 0.0909091
34 48 0.125
34 122 0.5
34 130 0.25
34 207 0.5
35 14 0.0625
35 24 0.0625
35 16 0.0555556
35 39 0.333333
35 73 0.111111
35 120 0.5
35 172 0.25
35 197 0.25
36 9 0.0769231
36 141 0.142857
36 173 0.166667
37 32 0.0526316
37 98 0.5
38 21 0.0833333
39 35 0.0555556
40 2 0.0384615
40 18 0.0526316
40 9 0.0769231
40 3 0.0714286
40 41 0.0909091
40 52 0.0833333
40 57 0.0625
40 150 0.5
41 2 0.0384615
41 40 0.0666667
41 13 0.0909091
41 57 0.0625
41 67 0.1
41 79 0.2
42 26 0.0909091
42 175 0.25
43 5 0.0588235
43 24 0.0625
43 35 0.0555556
43 12 0.0666667
43 56 0.0666667
43 80 0.25
43 96 0.2
43 107 0.142857
43 161 0.166667
44 16 0.0555556
44 34 0.0555556
44 24 0.0625
44 50 0.125
44 82 0.125
45 23 0.0909091
45 55 0.166667
46 23 0.0909091
46 85 0.125
47 3 0.0714286
47 1 0.0625
47 33 0.0769231
47 68 0.142857
47 91 0.111111
47 102 0.25
47 114 0.142857
47 196 0.25
48 34 0.0555556
48 14 0.0625
48 20 0.111111
48 148 0.166667
49 32 0.0526316
49 18 0.0526316
49 74 0.333333
49 93 0.1
49 108 0.5
49 129 0.125
50 44 0.0909091
50 71 0.5
50 149 0.2
51 1 0.0625
51 202 0.166667
52 11 0.0666667
52 40 0.0666667
52 4 0.0416667
52 66 0.2
52 128 0.2
52 204 0.142857
53 26 0.0909091
53 114 0.142857
53 124 0.166667
54 20 0.111111
54 15 0.0833333
54 29 0.142857
54 62 0.125
54 76 0.25
54 99 0.333333
54 106 0.125
54 117 0.25
55 23 0.0909091
55 45 0.25
55 85 0.125
56 43 0.0555556
56 31 0.125
56 73 0.111111
56 127 0.125
56 155 0.25
56 163 0.0909091
56 205 0.125
57 18 0.0526316
57 41 0.0909091
57 40 0.0666667
57 56 0.0666667
57 2 0.0384615
57 73 0.111111
57 127 0.125
57 163 0.0909091
58 43 0.0555556
58 2 0.0384615
58 18 0.0526316
58 60 0.0769231
58 64 0.1
59 7 0.0714286
59 69 0.125
59 106 0.125
59 139 0.2
59 153 0.166667
59 181 0.2
60 58 0.0769231
60 64 0.1
60 72 0.25
60 134 0.1
60 159 0.0833333
60 162 0.2
61 4 0.0416667
62 54 0.0714286
62 76 0.25
62 117 0.25
63 32 0.0526316
64 58 0.0769231
64 60 0.0769231
64 159 0.0833333
64 210 0.2
65 44 0.0909091
65 81 0.166667
65 149 0.2
65 182 0.2
66 52 0.0833333
66 128 0.2
67 41 0.0909091
67 70 0.125
67 101 0.111111
67 193 0.166667
68 47 0.0625
68 33 0.0769231
68 19 0.0833333
68 6 0.111111
69 28 0.1
69 59 0.0769231
69 86 0.25
69 178 0.5
70 67 0.1
70 125 0.111111
70 193 0.166667
71 50 0.125
72 64 0.1
72 58 0.0769231
72 60 0.0769231
73 57 0.0625
73 0 0.0384615
73 56 0.0666667
73 35 0.0555556
73 154 0.333333
74 49 0.0769231
75 10 0.0769231
75 19 0.0833333
75 135 0.25
75 144 0.333333
75 194 0.166667
76 54 0.0714286
76 62 0.125
77 67 0.1
77 70 0.125
77 101 0.111111
77 125 0.111111
78 8 0.166667
79 57 0.0625
79 41 0.0909091
80 43 0.0555556
80 107 0.142857
81 65 0.111111
81 103 0.166667
81 182 0.2
82 24 0.0625
82 16 0.0555556
82 44 0.0909091
82 89 0.125
82 95 0.5
83 15 0.0833333
83 29 0.142857
83 158 0.25
84 13 0.0909091
84 111 0.25
85 46 0.25
85 23 0.0909091
85 55 0.166667
85 97 0.166667
86 69 0.125
86 185 0.5
87 11 0.0666667
87 160 0.2
88 10 0.0769231
88 184 0.2
89 28 0.1
89 82 0.125
89 140 0.25
89 176 0.25
90 11 0.0666667
91 33 0.0769231
91 47 0.0625
91 49 0.0769231
91 114 0.142857
91 124 0.166667
92 4 0.0416667
92 11 0.0666667
92 168 0.142857
92 203 0.5
93 0 0.0384615
93 49 0.0769231
93 174 0.166667
93 179 0.25
93 189 0.166667
94 27 0.111111
94 121 0.2
95 82 0.125
96 43 0.0555556
96 161 0.166667
97 27 0.111111
97 85 0.125
97 136 0.125
98 37 0.2
99 54 0.0714286
99 62 0.125
100 8 0.166667
100 21 0.0833333
100 78 0.25
100 101 0.111111
100 145 0.5
101 67 0.1
101 70 0.125
101 77 0.142857
101 100 0.1
101 202 0.166667
102 47 0.0625
102 196 0.25
103 65 0.111111
103 81 0.166667
103 147 0.25
104 26 0.0909091
104 22 0.0769231
104 206 0.5
105 31 0.125
106 7 0.0714286
106 59 0.0769231
106 54 0.0714286
106 151 0.25
107 43 0.0555556
107 96 0.2
107 80 0.25
107 161 0.166667
108 49 0.0769231
109 6 0.111111
110 25 0.111111
110 30 0.25
111 84 0.25
111 13 0.0909091
112 13 0.0909091
112 21 0.0833333
112 143 0.5
113 27 0.111111
113 94 0.2
113 121 0.2
114 91 0.111111
114 47 0.0625
114 53 0.166667
115 3 0.0714286
115 168 0.142857
116 11 0.0666667
116 90 0.333333
116 87 0.2
116 160 0.2
117 54 0.0714286
117 62 0.125
118 19 0.0833333
119 18 0.0526316
119 2 0.0384615
119 190 0.25
119 209 0.125
120 35 0.0555556
121 113 0.2
121 27 0.111111
121 94 0.2
122 34 0.0555556
123 33 0.0769231
124 19 0.0833333
124 91 0.111111
124 53 0.166667
125 77 0.142857
125 67 0.1
125 70 0.125
125 205 0.125
126 28 0.1
126 106 0.125
126 16 0.0555556
126 151 0.25
127 125 0.111111
127 56 0.0666667
127 57 0.0625
127 156 0.5
128 52 0.0833333
128 66 0.2
129 114 0.142857
129 49 0.0769231
129 74 0.333333
129 166 0.125
129 171 0.5
130 12 0.0666667
130 24 0.0625
130 34 0.0555556
131 22 0.0769231
132 32 0.0526316
133 2 0.0384615
133 18 0.0526316
134 64 0.1
134 60 0.0769231
134 119 0.1
134 58 0.0769231
134 14 0.0625
134 186 0.5
135 75 0.1
135 194 0.166667
136 9 0.0769231
136 97 0.166667
136 187 0.166667
136 188 0.125
137 0 0.0384615
138 6 0.111111
139 7 0.0714286
139 17 0.25
139 59 0.0769231
140 89 0.125
140 176 0.25
141 9 0.0769231
141 36 0.166667
141 173 0.166667
142 59 0.0769231
142 0 0.0384615
143 112 0.2
144 75 0.1
145 100 0.1
146 4 0.0416667
147 103 0.166667
147 65 0.111111
148 48 0.125
148 169 0.333333
149 50 0.125
149 65 0.111111
149 147 0.25
150 40 0.0666667
151 126 0.142857
151 106 0.125
152 2 0.0384615
152 18 0.0526316
152 133 0.166667
153 17 0.25
153 59 0.0769231
153 7 0.0714286
154 73 0.111111
155 56 0.0666667
155 205 0.125
156 127 0.125
157 133 0.166667
157 18 0.0526316
157 2 0.0384615
158 29 0.142857
158 83 0.166667
159 58 0.0769231
159 60 0.0769231
159 64 0.1
159 162 0.2
159 210 0.2
160 11 0.0666667
160 116 0.166667
160 87 0.2
161 96 0.2
161 43 0.0555556
161 107 0.142857
162 60 0.0769231
162 159 0.0833333
162 58 0.0769231
163 56 0.0666667
163 33 0.0769231
163 141 0.142857
163 57 0.0625
163 199 0.5
163 205 0.125
164 21 0.0833333
164 38 0.333333
165 33 0.0769231
165 177 0.166667
166 49 0.0769231
166 0 0.0384615
166 129 0.125
166 167 0.5
167 166 0.125
168 115 0.25
168 134 0.1
168 92 0.125
168 3 0.0714286
169 48 0.125
169 148 0.166667
170 0 0.0384615
170 166 0.125
171 129 0.125
172 35 0.0555556
172 197 0.25
173 9 0.0769231
173 141 0.142857
173 36 0.166667
174 93 0.1
174 189 0.166667
175 26 0.0909091
175 42 0.25
176 89 0.125
176 140 0.25
177 68 0.142857
177 165 0.25
177 33 0.0769231
177 47 0.0625
178 69 0.125
179 93 0.1
179 189 0.166667
180 10 0.0769231
180 88 0.2
181 59 0.0769231
181 7 0.0714286
181 153 0.166667
182 103 0.166667
182 65 0.111111
182 81 0.166667
183 2 0.0384615
183 133 0.166667
183 18 0.0526316
183 209 0.125
184 180 0.25
184 10 0.0769231
184 88 0.2
185 86 0.25
186 134 0.1
187 136 0.125
187 188 0.125
187 204 0.142857
188 187 0.166667
188 136 0.125
188 204 0.142857
189 179 0.25
189 93 0.1
189 174 0.166667
190 119 0.1
191 124 0.166667
192 14 0.0625
193 154 0.333333
193 67 0.1
193 70 0.125
193 77 0.142857
194 75 0.1
194 135 0.25
194 144 0.333333
195 32 0.0526316
195 208 0.25
196 102 0.25
196 47 0.0625
197 35 0.0555556
197 172 0.25
198 24 0.0625
199 163 0.0909091
200 24 0.0625
201 12 0.0666667
201 5 0.0588235
202 125 0.111111
202 78 0.25
202 51 0.25
202 101 0.111111
203 92 0.125
204 40 0.0666667
204 52 0.0833333
204 187 0.166667
204 188 0.125
205 155 0.25
205 56 0.0666667
205 163 0.0909091
205 125 0.111111
206 104 0.166667
207 34 0.0555556
208 195 0.25
208 132 0.333333
208 32 0.0526316
209 66 0.2
209 119 0.1
209 183 0.166667
209 190 0.25
210 64 0.1
210 159 0.0833333
210 60 0.0769231
