0 1
0 2
0 3
0 77
1 0
2 0
3 0
4 6
4 13
4 15
4 16
4 28
4 53
5 26
5 65
6 4
6 12
6 13
6 20
6 24
7 10
7 11
7 39
7 57
8 9
8 23
9 8
9 21
9 22
9 27
9 30
9 45
9 46
9 51
9 66
10 7
10 11
11 10
11 7
11 17
11 19
12 6
12 14
13 6
13 4
14 12
14 18
14 55
15 4
16 4
16 64
17 11
18 14
19 11
20 6
20 52
20 63
21 9
21 23
21 35
21 48
21 50
21 62
22 9
23 21
23 8
23 25
23 44
24 6
24 33
25 23
25 29
25 40
26 5
27 9
28 4
28 15
28 31
28 34
28 49
28 61
29 25
29 40
29 43
30 9
30 27
30 45
30 46
30 54
30 56
30 66
31 28
32 37
33 24
34 28
34 36
35 21
35 62
36 34
37 32
37 58
38 21
38 35
38 22
38 47
39 7
39 41
39 60
40 25
40 29
41 39
42 52
42 63
43 29
43 40
44 23
45 9
45 30
45 54
46 30
46 9
46 51
46 56
47 38
47 77
48 21
49 28
50 21
50 35
51 9
51 46
51 30
51 66
52 20
52 42
53 4
54 30
54 9
54 45
54 46
54 66
55 14
56 9
56 30
56 46
57 7
57 10
58 37
59 67
60 39
61 28
62 21
62 35
62 50
63 20
63 42
64 16
65 5
66 54
66 30
66 46
66 9
66 51
67 59
72 73
73 72
77 0
77 47
77 78
77 80
77 86
77 89
77 92
77 93
77 104
77 110
77 123
77 132
78 77
78 81
78 83
78 87
78 109
78 128
78 138
79 78
79 82
79 93
79 101
80 77
80 89
80 114
81 78
81 128
82 79
83 78
83 87
83 90
83 96
83 99
83 103
83 116
83 117
83 120
83 136
84 85
84 91
84 108
85 79
85 84
85 78
85 77
85 97
85 122
85 126
86 77
87 78
87 83
87 94
87 97
87 98
87 115
87 130
88 118
88 127
89 77
89 80
89 92
89 95
90 83
90 126
91 84
91 85
91 118
91 139
92 77
92 86
92 89
93 77
93 79
93 113
94 87
94 98
94 130
94 137
95 89
96 83
97 85
97 87
97 102
97 105
97 106
97 119
97 125
98 87
98 94
98 115
99 83
100 107
100 141
101 85
101 79
101 77
101 143
102 97
102 105
102 106
102 119
103 83
103 116
104 77
104 132
105 97
105 102
105 106
105 119
106 97
106 102
106 105
107 100
108 84
109 78
110 77
110 134
111 88
111 107
111 121
112 107
113 93
114 80
114 110
114 140
115 98
115 87
115 131
115 137
116 96
116 83
116 103
116 117
116 120
116 136
117 83
117 116
117 120
117 126
118 88
118 91
118 124
119 102
119 97
119 105
119 125
120 83
120 116
120 117
121 113
121 111
122 85
123 77
124 118
124 129
125 97
125 105
125 119
126 93
126 117
126 101
126 85
126 90
126 142
127 88
127 133
128 81
128 78
129 124
130 94
130 87
130 98
131 130
131 94
131 87
131 115
132 77
132 104
133 129
133 124
133 127
133 88
134 110
135 78
135 104
135 77
136 116
136 83
137 94
137 115
137 98
138 128
138 78
139 91
140 114
141 107
141 100
142 126
143 101
144 145
145 144
146 149
147 146
147 148
148 147
149 146
151 152
152 151
152 153
153 152
