0.125621
0.06301
0.062873
0.018077
0.07458
0
0.02406
0
0.184573
1
0
0
0.251129
0.019162
1
0.346787
0.0124
0
0.500004
0
0.002414
1
0.258014
0.1448
0.003957
0.020892
0
0.358969
1
0.003999
0.111602
0.333644
0
0.001973
0.250273
0.237517
0.083459
0
0.035672
0
0.004878
0
0.000173
0.001313
0.072612
0.139873
0.140713
0.250914
0.500617
0.500647
0.292764
0.172728
0.000424
0.018794
0.046838
0.500513
0.048564
0
0
0
0
0.500128
0.233474
0.000625
0.006185
0
0.139218
0
0
0
0
0
0
0
0
0
0
1
1
0.11349
0.123873
0.299405
0.056775
1
0.100825
1
0.367689
0.117547
0.000173
0.137106
0.157499
0.014322
0.157227
0.134922
0.014147
0.068752
0.369078
0.069765
0.020608
0.500705
0
0.034118
0.012377
0.276239
0.240378
0.012778
0.014691
0
0.050573
0.499751
0.128903
0
0
0.044847
0.024965
0.017193
0.158261
0.173355
0.001464
0.012529
0.207255
0
0.501391
0.500475
0.000231
0.015817
0.128387
5.7e-05
0.292174
8e-05
0.021691
0.0034
0.289104
1.4e-05
0.064677
0
0.276783
0.006081
0.333586
0.007137
0.012515
0
0.064178
0.01715
0
0
0
0
0
0
0
0
0
0
