154
377
0 1 0.5
0 2 0.5
0 3 0.142857
0 77 0.0243902
1 0 0.125
2 0 0.125
3 0 0.125
4 6 0.0714286
4 13 0.2
4 15 0.333333
4 16 0.166667
4 28 0.0714286
4 53 0.25
5 26 0.333333
5 65 0.5
6 4 0.0555556
6 12 0.25
6 13 0.2
6 20 0.1
6 24 0.166667
7 10 0.2
7 11 0.125
7 39 0.125
7 57 0.333333
8 9 0.0416667
8 23 0.125
9 8 0.166667
9 21 0.0666667
9 22 0.25
9 27 0.333333
9 30 0.0714286
9 45 0.125
9 46 0.1
9 51 0.142857
9 66 0.111111
10 7 0.1
10 11 0.125
11 10 0.2
11 7 0.1
11 17 0.166667
11 19 0.5
12 6 0.0714286
12 14 0.125
13 6 0.0714286
13 4 0.0555556
14 12 0.25
14 18 0.5
14 55 0.5
15 4 0.0555556
16 4 0.0555556
16 64 0.5
17 11 0.125
18 14 0.125
19 11 0.125
20 6 0.0714286
20 52 0.166667
20 63 0.25
21 9 0.0416667
21 23 0.125
21 35 0.166667
21 48 0.5
21 50 0.25
21 62 0.2
22 9 0.0416667
23 21 0.0666667
23 8 0.166667
23 25 0.142857
23 44 0.5
24 6 0.0714286
24 33 0.5
25 23 0.125
25 29 0.166667
25 40 0.2
26 5 0.125
27 9 0.0416667
28 4 0.0555556
28 15 0.333333
28 31 0.333333
28 34 0.25
28 49 0.5
28 61 0.5
29 25 0.142857
29 40 0.2
29 43 0.333333
30 9 0.0416667
30 27 0.333333
30 45 0.125
30 46 0.1
30 54 0.125
30 56 0.2
30 66 0.111111
31 28 0.0714286
32 37 0.166667
33 24 0.166667
34 28 0.0714286
34 36 0.333333
35 21 0.0666667
35 62 0.2
36 34 0.25
37 32 0.2
37 58 0.5
38 21 0.0666667
38 35 0.166667
38 22 0.25
38 47 0.25
39 7 0.1
39 41 0.142857
39 60 0.5
40 25 0.142857
40 29 0.166667
41 39 0.125
42 52 0.166667
42 63 0.25
43 29 0.166667
43 40 0.2
44 23 0.125
45 9 0.0416667
45 30 0.0714286
45 54 0.125
46 30 0.0714286
46 9 0.0416667
46 51 0.142857
46 56 0.2
47 38 0.142857
47 77 0.0243902
48 21 0.0666667
49 28 0.0714286
50 21 0.0666667
50 35 0.166667
51 9 0.0416667
51 46 0.1
51 30 0.0714286
51 66 0.111111
52 20 0.1
52 42 0.166667
53 4 0.0555556
54 30 0.0714286
54 9 0.0416667
54 45 0.125
54 46 0.1
54 66 0.111111
55 14 0.125
56 9 0.0416667
56 30 0.0714286
56 46 0.1
57 7 0.1
57 10 0.2
58 37 0.166667
59 67 0.5
60 39 0.125
61 28 0.0714286
62 21 0.0666667
62 35 0.166667
62 50 0.25
63 20 0.1
63 42 0.166667
64 16 0.166667
65 5 0.125
66 54 0.125
66 30 0.0714286
66 46 0.1
66 9 0.0416667
66 51 0.142857
67 59 0.25
72 73 0.5
73 72 0.142857
77 0 0.125
77 47 0.25
77 78 0.047619
77 80 0.111111
77 86 0.333333
77 89 0.111111
77 92 0.142857
77 93 0.111111
77 104 0.2
77 110 0.125
77 123 0.5
77 132 0.25
78 77 0.0243902
78 81 0.25
78 83 0.0434783
78 87 0.0588235
78 109 0.5
78 128 0.2
78 138 0.333333
79 78 0.047619
79 82 0.5
79 93 0.111111
79 101 0.142857
80 77 0.0243902
80 89 0.111111
80 114 0.2
81 78 0.047619
81 128 0.2
82 79 0.1
83 78 0.047619
83 87 0.0588235
83 90 0.142857
83 96 0.333333
83 99 0.5
83 103 0.25
83 116 0.0909091
83 117 0.125
83 120 0.166667
83 136 0.25
84 85 0.0666667
84 91 0.142857
84 108 0.5
85 79 0.1
85 84 0.1
85 78 0.047619
85 77 0.0243902
85 97 0.0625
85 122 0.5
85 126 0.1
86 77 0.0243902
87 78 0.047619
87 83 0.0434783
87 94 0.0909091
87 97 0.0625
87 98 0.125
87 115 0.125
87 130 0.166667
88 118 0.1
88 127 0.25
89 77 0.0243902
89 80 0.111111
89 92 0.142857
89 95 0.5
90 83 0.0434783
90 126 0.1
91 84 0.1
91 85 0.0666667
91 118 0.1
91 139 0.5
92 77 0.0243902
92 86 0.333333
92 89 0.111111
93 77 0.0243902
93 79 0.1
93 113 0.333333
94 87 0.0588235
94 98 0.125
94 130 0.166667
94 137 0.2
95 89 0.111111
96 83 0.0434783
97 85 0.0666667
97 87 0.0588235
97 102 0.125
97 105 0.111111
97 106 0.166667
97 119 0.125
97 125 0.2
98 87 0.0588235
98 94 0.0909091
98 115 0.125
99 83 0.0434783
100 107 0.2
100 141 0.333333
101 85 0.0666667
101 79 0.1
101 77 0.0243902
101 143 0.5
102 97 0.0625
102 105 0.111111
102 106 0.166667
102 119 0.125
103 83 0.0434783
103 116 0.0909091
104 77 0.0243902
104 132 0.25
105 97 0.0625
105 102 0.125
105 106 0.166667
105 119 0.125
106 97 0.0625
106 102 0.125
106 105 0.111111
107 100 0.125
108 84 0.1
109 78 0.047619
110 77 0.0243902
110 134 0.5
111 88 0.1
111 107 0.2
111 121 0.333333
112 107 0.2
113 93 0.111111
114 80 0.111111
114 110 0.125
114 140 0.5
115 98 0.125
115 87 0.0588235
115 131 0.2
115 137 0.2
116 96 0.333333
116 83 0.0434783
116 103 0.25
116 117 0.125
116 120 0.166667
116 136 0.25
117 83 0.0434783
117 116 0.0909091
117 120 0.166667
117 126 0.1
118 88 0.1
118 91 0.142857
118 124 0.142857
119 102 0.125
119 97 0.0625
119 105 0.111111
119 125 0.2
120 83 0.0434783
120 116 0.0909091
120 117 0.125
121 113 0.333333
121 111 0.2
122 85 0.0666667
123 77 0.0243902
124 118 0.1
124 129 0.333333
125 97 0.0625
125 105 0.111111
125 119 0.125
126 93 0.111111
126 117 0.125
126 101 0.142857
126 85 0.0666667
126 90 0.142857
126 142 0.5
127 88 0.1
127 133 0.142857
128 81 0.25
128 78 0.047619
129 124 0.142857
130 94 0.0909091
130 87 0.0588235
130 98 0.125
131 130 0.166667
131 94 0.0909091
131 87 0.0588235
131 115 0.125
132 77 0.0243902
132 104 0.2
133 129 0.333333
133 124 0.142857
133 127 0.25
133 88 0.1
134 110 0.125
135 78 0.047619
135 104 0.2
135 77 0.0243902
136 116 0.0909091
136 83 0.0434783
137 94 0.0909091
137 115 0.125
137 98 0.125
138 128 0.2
138 78 0.047619
139 91 0.142857
140 114 0.2
141 107 0.2
141 100 0.125
142 126 0.1
143 101 0.142857
144 145 0.5
145 144 0.125
146 149 0.5
147 146 0.2
147 148 0.5
148 147 0.2
149 146 0.2
151 152 0.166667
152 151 0.25
152 153 0.5
153 152 0.166667
