0 1
0 5
1 0
1 2
1 5
2 1
2 4
3 2
3 12
4 2
4 12
5 0
5 1
5 6
5 8
5 9
5 10
5 11
6 12
6 5
6 7
7 6
8 5
9 5
10 11
10 5
11 10
11 5
12 35
12 3
12 4
12 6
12 87
12 13
12 78
12 16
12 19
12 23
12 60
12 211
13 76
13 18
13 21
13 47
13 27
13 12
13 101
13 14
13 15
14 32
14 36
14 49
14 72
14 41
14 75
14 492
14 13
14 45
14 17
14 18
14 169
14 26
15 76
15 44
15 13
15 22
15 101
16 12
17 80
17 160
17 142
17 70
17 138
17 14
18 50
18 68
18 37
18 135
18 24
18 57
18 62
18 28
18 13
18 14
18 61
19 136
19 20
19 12
20 98
20 19
20 106
20 118
20 263
21 47
21 46
21 13
21 30
21 39
22 101
22 15
23 33
23 51
23 71
23 124
23 87
23 12
23 77
24 18
24 147
24 133
24 86
24 34
24 29
25 17
25 150
25 40
25 26
25 203
25 31
26 145
26 84
26 223
26 207
26 25
26 42
26 171
26 14
26 191
27 104
27 136
27 52
27 13
27 166
28 89
28 18
28 107
28 204
28 130
29 24
29 149
30 128
30 66
30 67
30 38
30 173
30 79
30 48
30 17
30 18
30 21
30 152
30 188
30 62
31 40
31 25
31 221
32 81
32 37
32 54
32 97
32 43
32 94
32 125
32 14
33 60
33 77
33 23
34 24
34 29
34 38
34 119
35 16
35 112
35 163
35 184
35 58
35 12
36 43
36 52
36 103
36 91
36 14
36 127
37 32
37 18
37 68
37 114
37 54
37 100
37 93
37 189
38 34
38 30
39 48
39 73
39 21
39 61
40 131
40 150
40 25
40 203
40 221
40 31
41 14
42 145
42 84
42 26
42 171
42 44
42 207
43 32
43 129
43 36
44 42
44 63
44 62
44 22
44 15
45 49
45 169
45 14
45 89
46 222
46 21
46 110
47 156
47 21
47 13
48 209
48 37
48 39
48 170
48 30
48 21
49 41
49 171
49 45
49 14
50 18
50 108
50 34
51 113
51 124
51 23
52 83
52 59
52 36
52 53
52 55
52 199
52 27
52 14
53 122
53 52
53 158
54 32
54 37
54 220
54 74
54 140
54 109
54 69
54 85
55 52
55 157
56 13
56 21
57 32
57 18
57 196
57 93
58 112
58 35
59 65
59 139
59 52
59 111
60 112
60 33
60 51
60 12
61 192
61 18
61 195
61 73
61 57
61 39
61 167
61 95
62 18
62 116
62 178
62 44
62 82
62 30
62 479
63 64
63 44
64 88
64 63
65 59
65 182
65 111
66 128
66 152
66 67
66 173
66 30
67 64
67 66
67 30
68 120
68 137
68 18
68 37
69 193
69 74
69 220
69 109
69 54
70 160
70 17
70 117
70 142
71 33
71 51
71 161
71 23
72 49
72 171
72 14
73 167
73 61
73 206
73 39
74 220
74 140
74 69
74 54
75 40
75 25
75 190
75 14
75 201
76 156
76 13
76 15
77 33
77 23
78 16
78 121
78 12
79 66
79 90
79 13
79 30
80 17
80 138
80 218
81 32
81 125
82 62
83 52
84 145
84 42
84 26
85 129
85 74
85 54
86 24
86 102
87 98
87 51
87 132
87 118
87 23
87 12
87 175
88 64
88 146
88 179
88 198
88 63
89 197
89 14
89 183
89 216
89 28
89 45
89 126
89 93
90 79
91 36
92 64
92 44
92 62
93 57
93 37
93 89
93 17
94 32
95 187
95 61
95 15
96 144
96 151
96 53
96 55
97 32
98 20
98 87
99 72
99 49
99 45
99 41
100 114
100 37
101 154
101 155
101 13
101 22
101 15
102 115
102 133
102 86
103 36
103 127
104 27
104 76
105 156
105 47
106 19
106 20
106 53
106 185
106 158
106 174
107 28
108 50
108 172
109 129
109 74
109 69
109 54
109 85
110 180
110 46
111 256
111 65
111 59
111 139
112 12
112 58
112 35
112 60
112 113
113 112
113 51
113 131
113 23
114 100
114 37
114 189
115 130
115 102
116 62
116 119
117 184
117 17
117 36
117 70
118 163
118 20
118 87
118 202
118 141
118 159
119 34
119 116
119 479
120 68
121 98
121 118
121 78
122 53
122 158
123 88
123 146
123 179
124 51
124 219
124 23
125 32
125 81
125 129
126 216
126 89
127 36
127 103
128 66
128 30
129 256
129 194
129 163
129 164
129 85
129 205
129 43
129 125
129 109
130 145
130 162
130 115
130 28
130 186
131 40
131 113
131 91
131 134
131 25
132 53
132 87
132 121
132 122
132 106
132 185
133 24
133 148
133 28
133 102
134 131
135 168
135 18
135 143
136 27
136 121
136 19
136 78
137 120
137 153
137 68
137 165
138 80
138 17
139 59
139 111
140 74
140 54
141 163
141 118
142 17
142 70
143 181
143 135
144 96
144 151
145 42
145 84
145 26
145 130
146 88
146 123
146 179
146 198
147 24
148 133
149 200
149 29
150 40
150 25
151 112
151 96
151 144
151 35
151 78
152 128
152 66
152 30
153 137
154 155
154 101
155 154
155 101
156 176
156 105
156 76
156 47
157 55
158 106
158 122
158 53
159 177
159 202
159 163
159 141
159 118
160 17
160 70
161 78
161 71
162 130
163 129
163 35
163 141
163 118
163 159
164 129
165 137
166 27
167 208
167 73
167 195
167 29
167 61
168 143
168 181
168 479
168 135
169 49
169 45
169 14
170 48
170 209
170 172
170 464
171 72
171 49
171 42
171 26
171 130
172 170
172 108
173 128
173 66
173 30
174 106
174 132
174 53
175 87
176 104
176 156
177 141
177 118
177 159
178 82
178 188
178 62
179 88
179 146
179 123
179 199
180 197
180 110
181 168
181 143
181 135
182 65
182 139
182 52
182 111
183 216
183 89
183 126
183 256
184 113
184 35
184 117
184 214
184 87
184 261
185 217
185 106
185 132
186 130
186 162
187 95
188 82
188 30
188 178
188 62
189 114
189 37
190 75
191 42
191 84
191 26
192 61
193 140
193 69
193 54
194 129
194 164
195 135
195 61
195 167
196 57
197 89
197 210
197 180
198 88
198 146
198 123
199 179
199 52
199 13
200 145
200 149
201 75
201 190
202 141
202 118
202 159
203 40
203 25
204 107
204 28
205 129
206 73
206 29
206 95
207 26
207 84
207 42
207 223
208 167
209 48
209 89
209 170
209 215
210 197
211 12
212 91
213 32
213 81
213 97
214 184
215 209
216 89
216 126
216 183
217 185
218 80
218 17
218 70
219 263
219 124
219 23
220 74
220 109
220 54
220 69
221 40
221 150
221 31
222 46
223 224
223 225
223 114
223 227
223 228
223 37
223 464
223 137
223 26
223 207
224 226
224 237
224 223
225 230
225 223
226 224
227 225
227 231
227 232
227 234
227 236
227 223
228 229
228 223
229 228
230 225
230 235
231 227
231 230
231 235
232 227
232 236
233 234
233 227
233 236
234 233
234 227
235 230
235 231
236 232
236 233
236 227
237 224
238 240
238 225
238 130
238 5
238 250
238 95
238 239
238 15
239 240
239 248
239 246
239 238
239 254
240 241
240 243
240 244
240 247
240 253
240 238
240 239
241 240
241 242
241 255
242 241
242 245
243 240
243 249
244 240
245 242
246 251
246 239
247 240
247 241
248 239
249 243
250 252
250 238
251 246
252 250
252 251
253 240
254 261
254 239
255 241
256 129
256 258
256 163
256 260
256 183
256 259
256 218
256 257
256 111
257 256
257 259
258 256
259 256
259 257
260 256
260 258
261 112
261 254
261 262
261 184
261 12
261 174
262 261
263 400
263 418
263 163
263 309
263 264
263 380
263 267
263 336
263 20
263 277
263 118
263 350
263 219
263 60
263 286
263 319
264 290
264 263
264 265
264 268
264 333
264 270
264 304
264 275
264 313
264 377
264 442
264 283
265 328
265 434
265 293
265 294
265 264
265 266
266 265
266 269
266 294
266 421
267 448
267 373
267 278
267 263
268 264
268 338
268 307
268 302
269 376
269 452
269 357
269 326
269 327
269 266
269 268
269 365
269 369
269 274
269 371
269 310
269 344
269 284
269 317
269 446
270 272
270 273
270 414
270 295
270 264
270 335
270 333
270 337
270 271
271 272
271 324
271 279
271 300
271 285
271 270
272 308
272 445
272 396
272 413
272 270
272 271
273 337
273 270
274 343
274 296
274 459
274 269
274 318
274 319
275 264
275 303
275 435
275 438
275 287
276 376
276 362
276 301
276 439
276 280
276 282
276 364
276 346
276 269
277 352
277 411
277 263
278 288
278 267
278 361
278 347
278 403
278 319
279 271
280 388
280 370
280 276
281 264
281 432
281 298
281 275
281 333
282 289
282 276
282 342
282 292
282 299
282 316
282 285
283 264
283 341
284 306
284 371
284 388
284 317
284 452
284 322
284 269
285 461
285 305
285 291
285 423
285 282
285 431
285 419
285 271
286 400
286 418
286 319
286 350
286 263
287 275
288 347
288 403
288 278
289 408
289 393
289 282
290 264
291 409
291 447
291 339
291 285
291 383
292 393
292 282
292 332
292 285
292 415
293 265
293 315
293 372
293 382
293 374
294 265
294 266
294 291
295 273
295 450
295 341
295 297
295 270
295 293
296 274
296 340
296 361
296 329
296 443
296 318
297 450
297 295
298 281
298 323
298 283
298 300
298 356
299 368
299 291
299 420
299 325
299 406
299 408
299 282
300 272
300 298
300 395
300 271
301 312
301 276
302 417
302 307
302 268
302 334
303 275
303 397
303 271
304 264
304 298
304 375
305 410
305 285
306 387
306 357
306 310
306 331
306 284
306 269
306 398
307 338
307 268
307 357
307 302
308 272
308 313
308 337
309 366
309 263
310 385
310 306
310 404
310 453
310 311
310 345
310 379
310 269
310 349
311 310
312 320
312 321
312 276
312 457
312 436
312 314
312 269
312 301
313 264
313 308
313 268
313 270
314 312
314 457
314 351
315 372
315 293
315 414
316 282
317 452
317 389
317 326
317 460
317 394
317 284
317 269
317 365
318 288
318 296
318 274
318 416
318 412
319 274
319 286
319 278
319 263
320 312
320 314
320 354
320 303
321 312
321 314
321 436
321 327
322 306
322 291
322 374
322 345
322 284
322 299
322 332
323 298
324 424
324 381
324 271
325 299
326 344
326 369
326 269
326 389
326 317
327 321
327 460
327 326
327 312
327 425
327 330
327 444
327 269
328 265
328 434
329 296
329 443
330 327
331 367
331 306
331 363
331 269
331 351
332 322
332 292
332 456
332 378
332 348
332 426
333 386
333 341
333 359
333 264
333 281
333 270
334 307
334 268
334 302
334 351
335 355
335 270
336 263
337 273
337 308
337 270
338 307
338 268
339 409
339 291
339 447
339 383
340 296
341 283
341 333
341 295
342 282
343 274
343 276
343 309
344 369
344 452
344 269
344 326
345 401
345 322
345 310
345 318
345 349
346 364
346 362
346 276
346 439
347 288
347 448
347 278
348 426
348 332
349 345
349 282
349 310
350 433
350 274
350 286
350 263
350 361
350 449
350 366
351 360
351 312
351 441
351 314
351 331
351 334
352 277
353 363
353 331
353 367
354 320
355 335
356 298
357 306
357 307
357 268
357 269
358 432
358 281
359 333
359 341
360 441
360 351
361 440
361 340
361 278
361 449
361 296
361 350
362 346
362 276
362 439
363 353
363 331
363 367
364 370
364 388
364 439
364 276
364 346
364 362
365 269
365 317
366 449
366 309
366 350
367 353
367 331
367 363
367 422
368 299
368 406
369 344
369 371
369 269
369 326
369 389
370 280
370 364
370 349
371 369
371 391
371 284
371 317
371 269
372 315
372 293
372 382
373 267
374 322
374 293
375 304
376 369
376 276
376 437
376 390
376 399
376 365
376 430
376 269
377 264
378 408
378 322
378 393
378 392
378 332
378 348
379 310
380 400
380 286
380 263
381 424
381 324
382 372
382 293
383 384
383 339
383 455
383 265
383 427
383 291
384 383
385 404
385 310
386 333
386 423
387 306
388 280
388 276
388 284
388 364
388 292
389 369
389 317
389 326
389 391
390 376
390 492
390 399
391 371
391 452
391 389
391 344
391 284
391 317
391 446
392 416
392 378
393 289
393 378
393 292
393 405
394 389
394 391
394 284
394 317
394 446
394 365
395 300
396 272
396 402
396 445
397 303
398 306
399 376
399 451
399 437
399 390
400 380
400 286
400 263
401 345
401 339
401 294
402 272
402 435
402 396
402 445
403 288
403 278
403 407
404 385
404 310
405 393
406 368
406 408
406 299
407 403
407 429
408 289
408 378
408 299
408 406
409 339
409 438
409 374
409 295
409 454
409 291
409 415
410 305
410 419
410 285
411 277
412 318
413 272
413 396
413 445
414 315
414 372
414 270
415 409
415 292
415 285
416 392
416 388
416 280
416 378
416 428
416 318
417 268
417 302
418 286
418 263
419 305
419 410
419 285
420 299
420 406
420 455
421 266
422 353
422 331
422 363
422 367
423 386
423 271
423 285
423 359
424 324
424 381
425 330
425 444
425 442
425 327
426 456
426 332
426 348
427 384
427 455
427 383
428 416
429 407
430 376
430 451
430 390
430 399
431 305
431 410
431 285
432 281
432 358
433 350
434 328
434 265
435 272
435 402
435 275
435 396
436 312
436 321
437 376
437 451
437 430
437 390
437 399
438 409
438 266
438 275
438 341
439 364
439 362
439 276
439 346
440 336
440 361
440 263
441 360
441 351
442 264
442 425
442 290
442 275
442 327
443 296
443 329
443 340
444 425
444 327
445 272
445 402
445 396
445 413
446 481
446 394
446 269
446 317
446 391
447 339
447 291
448 267
448 347
449 361
449 350
449 366
450 297
450 271
450 295
451 376
451 437
451 430
451 390
451 399
452 344
452 269
452 284
452 317
452 391
453 404
453 310
454 409
455 384
455 322
455 427
455 420
455 383
456 332
456 426
456 348
457 312
457 321
457 314
457 464
458 265
458 339
458 295
459 274
460 275
460 444
460 317
460 327
461 462
461 27
461 285
461 310
461 231
462 461
462 463
463 462
464 474
464 465
464 466
464 100
464 471
464 457
464 234
464 170
464 223
465 464
465 467
465 476
465 477
466 464
466 475
466 468
466 470
467 472
467 465
467 474
467 469
467 478
468 466
469 472
469 467
470 466
471 464
471 472
471 468
471 492
471 473
472 467
472 476
472 469
472 471
473 471
474 464
474 467
474 477
475 466
476 472
476 465
477 465
477 474
477 492
477 471
478 467
479 480
479 34
479 38
479 119
479 168
479 62
480 479
481 482
481 404
481 485
481 87
481 489
481 343
481 141
481 446
482 481
482 483
482 484
482 487
483 482
484 488
484 482
485 481
485 486
486 485
487 482
488 491
488 484
489 481
490 481
490 489
491 488
492 497
492 499
492 357
492 390
492 471
492 494
492 495
492 477
492 14
492 493
493 496
493 499
493 492
494 498
494 492
495 498
495 492
496 493
497 492
498 492
498 494
498 495
499 492
499 493
