0 3
1 2
1 4
2 1
3 0
3 4
4 3
4 1
5 4
5 6
6 5
7 8
7 10
7 12
7 19
7 23
7 31
7 41
7 43
7 44
7 49
7 64
7 67
7 69
7 72
7 92
8 7
8 16
8 48
8 78
8 81
8 82
9 7
9 30
9 37
9 54
9 56
9 94
10 7
10 97
10 115
11 18
11 27
12 7
12 13
12 14
12 15
12 32
12 65
12 88
13 12
13 26
13 38
13 39
14 12
14 20
14 24
14 46
14 59
14 62
14 68
14 70
14 74
15 12
15 34
16 8
16 40
17 36
17 50
17 112
18 11
19 7
19 21
19 25
19 41
20 14
20 24
20 46
20 62
21 19
21 25
21 41
21 43
22 45
22 50
23 7
24 20
24 14
24 9
24 35
24 43
24 76
24 89
24 209
25 19
25 21
25 43
25 112
26 13
26 38
26 91
27 11
27 18
27 29
27 34
27 86
28 7
28 26
28 30
29 27
29 18
29 34
29 58
29 73
30 9
30 28
31 7
31 33
31 52
31 83
31 95
32 12
32 65
33 31
33 52
33 63
33 83
33 95
33 115
34 29
34 27
34 15
34 86
35 24
36 17
36 50
36 112
37 9
38 13
38 26
39 24
39 38
39 13
39 66
39 80
40 16
40 26
40 84
40 91
41 7
41 19
41 9
41 21
41 42
41 45
41 51
42 41
43 21
43 24
43 7
43 25
43 76
44 7
44 23
44 49
44 87
45 17
45 41
45 22
45 96
46 20
46 14
47 8
47 55
47 60
48 8
48 55
49 44
49 7
50 17
50 36
50 22
50 53
51 41
52 31
52 33
52 83
52 95
53 50
54 9
54 94
55 47
55 48
56 9
56 94
58 29
59 14
59 20
60 47
61 23
61 10
61 7
62 46
62 20
62 14
63 33
63 55
63 9
63 56
63 71
63 85
64 7
64 49
64 67
64 98
65 32
65 12
66 39
66 84
67 64
67 7
68 20
68 14
68 59
68 74
69 7
69 67
69 14
70 14
70 90
71 63
72 64
72 7
73 22
73 29
73 58
73 79
74 68
74 14
74 46
75 47
75 60
76 43
76 35
76 24
77 66
78 8
78 81
79 73
79 50
80 39
81 8
81 78
82 8
82 81
83 31
83 52
83 33
83 95
84 40
84 66
85 63
86 27
86 34
87 7
87 44
88 12
88 65
89 24
90 70
91 40
91 38
91 26
91 13
91 114
92 7
93 57
94 9
94 56
94 54
95 31
95 52
95 33
95 83
96 45
97 10
98 55
98 64
98 4
98 31
98 100
98 102
100 98
102 98
103 104
103 105
103 106
104 103
105 104
105 103
106 103
106 107
107 106
107 109
107 110
108 103
109 107
110 107
111 103
112 36
112 17
112 25
112 41
112 113
113 112
114 1
114 26
114 91
115 44
115 12
115 10
115 33
115 116
115 117
115 118
115 123
115 128
115 129
115 139
115 140
115 142
115 145
115 154
116 115
116 126
116 159
116 160
117 115
117 138
117 160
117 172
117 173
118 115
118 122
118 128
118 152
118 154
118 180
119 156
119 182
119 191
120 121
120 124
120 127
120 153
120 170
120 177
121 120
122 115
122 118
122 123
122 127
122 133
122 144
122 146
122 149
122 174
122 179
122 185
123 115
123 122
123 135
123 178
123 186
123 192
124 120
124 125
125 124
125 121
125 132
125 183
126 116
126 176
127 122
127 120
127 133
127 134
127 138
127 166
127 209
128 115
128 118
128 139
129 115
129 140
129 142
129 180
130 119
130 131
130 150
130 151
130 187
131 130
131 115
131 143
131 195
132 125
133 120
133 127
133 122
133 147
133 162
133 168
133 169
134 127
134 157
134 158
134 161
134 196
135 123
135 178
136 117
136 143
136 164
136 165
137 126
138 117
138 127
138 148
139 115
139 128
139 152
140 115
140 118
140 129
140 189
141 127
142 115
142 129
143 136
143 131
143 155
144 122
145 115
145 140
145 131
145 171
145 190
146 122
147 133
147 162
147 168
148 127
148 138
148 117
148 115
148 184
148 194
149 122
149 144
150 135
150 130
150 178
151 150
151 130
152 118
152 140
152 139
152 115
153 120
153 170
154 115
154 118
154 129
155 143
155 130
156 119
156 188
157 134
157 158
157 161
158 134
158 157
158 175
159 116
160 117
160 116
160 193
161 134
161 158
161 157
162 133
162 147
162 181
163 155
164 136
165 136
165 164
166 127
166 141
167 122
167 149
168 147
168 162
168 133
168 169
168 209
169 162
169 168
169 133
169 181
170 120
170 153
171 145
171 190
172 117
173 117
174 122
174 149
175 134
175 158
176 126
176 193
177 120
177 116
178 135
178 150
178 123
179 122
179 146
180 115
180 129
180 118
180 152
181 169
181 162
181 147
182 119
182 191
183 125
184 148
185 122
186 123
187 130
188 156
189 140
189 152
189 115
189 129
190 145
190 171
191 182
191 119
192 123
193 126
193 160
193 176
194 190
194 118
194 148
194 122
195 131
196 24
196 134
196 197
197 196
199 201
201 199
203 204
203 207
204 203
204 208
205 206
206 205
207 203
208 204
209 9
209 127
209 168
209 24
209 210
209 212
210 209
211 209
212 209
