0.003813
0.012898
0.006462
0.022727
0.090548
0
0
1
0.053715
0.172502
0.265288
3.2e-05
0.166412
0.016757
1
0.027525
0.006696
0.005974
5.9e-05
0.155263
0.180487
0.100805
0.010307
0.191478
1
0.037128
0.001872
0.000168
0.003206
0.000179
0.028753
0.163017
0.049515
0.175283
0.002023
0.375967
0.001365
0.086899
0.003204
0.001228
0.000708
1
0.500968
0.165742
0.178521
0.090718
0.245191
0.026567
0.043592
0.271677
0.001364
0.499479
0.050548
0.000711
0.056716
0.211956
0.231007
0
5e-05
0.286142
0.00881
0
0.227639
1
0.290475
0.048734
0.000266
0.281394
0.189869
0.250853
0.251034
0.500948
0.334028
1.4e-05
0.189797
0
0.187949
0
0.015988
4e-06
0.000298
0.015799
0.017816
0.050433
0.00019
0.49943
0.000262
0.059276
0.055557
0.49991
0.125504
0.000352
0.500751
0
0.069721
0.050895
0.045388
0.066592
1
0
0.500449
0
0.50074
0
0
0
0
0
0
0
0
0
0.003926
0.000812
4.3e-05
1
0.055936
1
0.151206
0.090604
0.023985
0.078074
1
0.100799
0.252935
1
0.008075
0.057895
0.209516
0.1526
1
0.092698
0.500515
0.071071
0.003847
0.018974
0.001125
0
0.173861
0.197184
0.141054
0.00488
0.275809
0.013333
0.373818
0.112053
0.389105
0.00974
0.017572
0.183383
0.120336
0.201393
0.05146
0.00719
0.160731
0.003322
0.014992
0.000851
0.000767
0.028017
0.173433
0.000896
0.010506
0
0.000471
0.000388
0.019407
0
0.015755
0.009748
0.007054
0.03124
0.500514
0.500506
0.333622
0.000254
0.006714
0.004853
0.028991
0.250717
0.049482
0.003802
0.026944
0.500672
0.008874
0.499651
0.050497
0.500462
0.007505
0.028246
0.019725
0.026807
0.050539
0.019902
0.002961
0.046275
0.000317
0.00018
0
0
0
0
0
0
0
0
0
0
0
0.056175
0.009464
0
0.028296
