213
585
0 3 0.25
1 2 0.5
1 4 0.0909091
2 1 0.142857
3 0 0.166667
3 4 0.0909091
4 3 0.25
4 1 0.142857
5 4 0.0909091
5 6 0.5
6 5 0.2
7 8 0.05
7 10 0.142857
7 12 0.0588235
7 19 0.0769231
7 23 0.166667
7 31 0.0769231
7 41 0.0625
7 43 0.0769231
7 44 0.0833333
7 49 0.2
7 64 0.125
7 67 0.2
7 69 0.25
7 72 0.333333
7 92 0.5
8 7 0.02
8 16 0.125
8 48 0.166667
8 78 0.25
8 81 0.2
8 82 0.333333
9 7 0.02
9 30 0.166667
9 37 0.5
9 54 0.25
9 56 0.2
9 94 0.166667
10 7 0.02
10 97 0.25
10 115 0.0222222
11 18 0.166667
11 27 0.0769231
12 7 0.02
12 13 0.1
12 14 0.04
12 15 0.166667
12 32 0.25
12 65 0.2
12 88 0.333333
13 12 0.0588235
13 26 0.0769231
13 38 0.166667
13 39 0.0714286
14 12 0.0588235
14 20 0.0666667
14 24 0.037037
14 46 0.166667
14 59 0.25
14 62 0.2
14 68 0.166667
14 70 0.25
14 74 0.166667
15 12 0.0588235
15 34 0.0714286
16 8 0.05
16 40 0.1
17 36 0.125
17 50 0.0769231
17 112 0.0909091
18 11 0.125
19 7 0.02
19 21 0.0769231
19 25 0.0909091
19 41 0.0625
20 14 0.04
20 24 0.037037
20 46 0.166667
20 62 0.2
21 19 0.0769231
21 25 0.0909091
21 41 0.0625
21 43 0.0769231
22 45 0.0909091
22 50 0.0769231
23 7 0.02
24 20 0.0666667
24 14 0.04
24 9 0.0555556
24 35 0.333333
24 43 0.0769231
24 76 0.166667
24 89 0.5
24 209 0.0526316
25 19 0.0769231
25 21 0.0769231
25 43 0.0769231
25 112 0.0909091
26 13 0.1
26 38 0.166667
26 91 0.125
27 11 0.125
27 18 0.166667
27 29 0.0909091
27 34 0.0714286
27 86 0.125
28 7 0.02
28 26 0.0769231
28 30 0.166667
29 27 0.0769231
29 18 0.166667
29 34 0.0714286
29 58 0.333333
29 73 0.125
30 9 0.0555556
30 28 0.111111
31 7 0.02
31 33 0.0833333
31 52 0.125
31 83 0.125
31 95 0.125
32 12 0.0588235
32 65 0.2
33 31 0.0769231
33 52 0.125
33 63 0.1
33 83 0.125
33 95 0.125
33 115 0.0222222
34 29 0.0909091
34 27 0.0769231
34 15 0.166667
34 86 0.125
35 24 0.037037
36 17 0.0625
36 50 0.0769231
36 112 0.0909091
37 9 0.0555556
38 13 0.1
38 26 0.0769231
39 24 0.037037
39 38 0.166667
39 13 0.1
39 66 0.2
39 80 0.25
40 16 0.125
40 26 0.0769231
40 84 0.2
40 91 0.125
41 7 0.02
41 19 0.0769231
41 9 0.0555556
41 21 0.0769231
41 42 0.5
41 45 0.0909091
41 51 0.5
42 41 0.0625
43 21 0.0769231
43 24 0.037037
43 7 0.02
43 25 0.0909091
43 76 0.166667
44 7 0.02
44 23 0.166667
44 49 0.2
44 87 0.333333
45 17 0.0625
45 41 0.0625
45 22 0.111111
45 96 0.5
46 20 0.0666667
46 14 0.04
47 8 0.05
47 55 0.111111
47 60 0.333333
48 8 0.05
48 55 0.111111
49 44 0.0833333
49 7 0.02
50 17 0.0625
50 36 0.125
50 22 0.111111
50 53 0.5
51 41 0.0625
52 31 0.0769231
52 33 0.0833333
52 83 0.125
52 95 0.125
53 50 0.0769231
54 9 0.0555556
54 94 0.166667
55 47 0.125
55 48 0.166667
56 9 0.0555556
56 94 0.166667
58 29 0.0909091
59 14 0.04
59 20 0.0666667
60 47 0.125
61 23 0.166667
61 10 0.142857
61 7 0.02
62 46 0.166667
62 20 0.0666667
62 14 0.04
63 33 0.0833333
63 55 0.111111
63 9 0.0555556
63 56 0.2
63 71 0.5
63 85 0.5
64 7 0.02
64 49 0.2
64 67 0.2
64 98 0.0555556
65 32 0.25
65 12 0.0588235
66 39 0.0714286
66 84 0.2
67 64 0.125
67 7 0.02
68 20 0.0666667
68 14 0.04
68 59 0.25
68 74 0.166667
69 7 0.02
69 67 0.2
69 14 0.04
70 14 0.04
70 90 0.5
71 63 0.1
72 64 0.125
72 7 0.02
73 22 0.111111
73 29 0.0909091
73 58 0.333333
73 79 0.333333
74 68 0.166667
74 14 0.04
74 46 0.166667
75 47 0.125
75 60 0.333333
76 43 0.0769231
76 35 0.333333
76 24 0.037037
77 66 0.2
78 8 0.05
78 81 0.2
79 73 0.125
79 50 0.0769231
80 39 0.0714286
81 8 0.05
81 78 0.25
82 8 0.05
82 81 0.2
83 31 0.0769231
83 52 0.125
83 33 0.0833333
83 95 0.125
84 40 0.1
84 66 0.2
85 63 0.1
86 27 0.0769231
86 34 0.0714286
87 7 0.02
87 44 0.0833333
88 12 0.0588235
88 65 0.2
89 24 0.037037
90 70 0.25
91 40 0.1
91 38 0.166667
91 26 0.0769231
91 13 0.1
91 114 0.125
92 7 0.02
93 57 0.333333
94 9 0.0555556
94 56 0.2
94 54 0.25
95 31 0.0769231
95 52 0.125
95 33 0.0833333
95 83 0.125
96 45 0.0909091
97 10 0.142857
98 55 0.111111
98 64 0.125
98 4 0.0909091
98 31 0.0769231
98 100 0.5
98 102 0.5
100 98 0.0555556
102 98 0.0555556
103 104 0.25
103 105 0.333333
103 106 0.125
104 103 0.0625
105 104 0.25
105 103 0.0625
106 103 0.0625
106 107 0.125
107 106 0.125
107 109 0.166667
107 110 0.333333
108 103 0.0625
109 107 0.125
110 107 0.125
111 103 0.0625
112 36 0.125
112 17 0.0625
112 25 0.0909091
112 41 0.0625
112 113 0.2
113 112 0.0909091
114 1 0.142857
114 26 0.0769231
114 91 0.125
115 44 0.0833333
115 12 0.0588235
115 10 0.142857
115 33 0.0833333
115 116 0.047619
115 117 0.0625
115 118 0.0625
115 123 0.05
115 128 0.166667
115 129 0.1
115 139 0.166667
115 140 0.111111
115 142 0.25
115 145 0.111111
115 154 0.142857
116 115 0.0222222
116 126 0.1
116 159 0.5
116 160 0.166667
117 115 0.0222222
117 138 0.166667
117 160 0.166667
117 172 0.5
117 173 0.5
118 115 0.0222222
118 122 0.037037
118 128 0.166667
118 152 0.125
118 154 0.142857
118 180 0.166667
119 156 0.166667
119 182 0.25
119 191 0.25
120 121 0.0769231
120 124 0.25
120 127 0.0434783
120 153 0.25
120 170 0.25
120 177 0.2
121 120 0.0526316
122 115 0.0222222
122 118 0.0625
122 123 0.05
122 127 0.0434783
122 133 0.0666667
122 144 0.333333
122 146 0.333333
122 149 0.142857
122 174 0.333333
122 179 0.25
122 185 0.5
123 115 0.0222222
123 122 0.037037
123 135 0.0769231
123 178 0.125
123 186 0.5
123 192 0.5
124 120 0.0526316
124 125 0.1
125 124 0.25
125 121 0.0769231
125 132 0.5
125 183 0.5
126 116 0.047619
126 176 0.25
127 122 0.037037
127 120 0.0526316
127 133 0.0666667
127 134 0.0666667
127 138 0.166667
127 166 0.333333
127 209 0.0526316
128 115 0.0222222
128 118 0.0625
128 139 0.166667
129 115 0.0222222
129 140 0.111111
129 142 0.25
129 180 0.166667
130 119 0.0909091
130 131 0.0833333
130 150 0.1
130 151 0.2
130 187 0.5
131 130 0.0625
131 115 0.0222222
131 143 0.142857
131 195 0.5
132 125 0.1
133 120 0.0526316
133 127 0.0434783
133 122 0.037037
133 147 0.1
133 162 0.1
133 168 0.111111
133 169 0.111111
134 127 0.0434783
134 157 0.166667
134 158 0.142857
134 161 0.2
134 196 0.0833333
135 123 0.05
135 178 0.125
136 117 0.0625
136 143 0.142857
136 164 0.333333
136 165 0.333333
137 126 0.1
138 117 0.0625
138 127 0.0434783
138 148 0.1
139 115 0.0222222
139 128 0.166667
139 152 0.125
140 115 0.0222222
140 118 0.0625
140 129 0.1
140 189 0.2
141 127 0.0434783
142 115 0.0222222
142 129 0.1
143 136 0.0833333
143 131 0.0833333
143 155 0.25
144 122 0.037037
145 115 0.0222222
145 140 0.111111
145 131 0.0833333
145 171 0.25
145 190 0.142857
146 122 0.037037
147 133 0.0666667
147 162 0.1
147 168 0.111111
148 127 0.0434783
148 138 0.166667
148 117 0.0625
148 115 0.0222222
148 184 0.5
148 194 0.166667
149 122 0.037037
149 144 0.333333
150 135 0.0769231
150 130 0.0625
150 178 0.125
151 150 0.1
151 130 0.0625
152 118 0.0625
152 140 0.111111
152 139 0.166667
152 115 0.0222222
153 120 0.0526316
153 170 0.25
154 115 0.0222222
154 118 0.0625
154 129 0.1
155 143 0.142857
155 130 0.0625
156 119 0.0909091
156 188 0.5
157 134 0.0666667
157 158 0.142857
157 161 0.2
158 134 0.0666667
158 157 0.166667
158 175 0.333333
159 116 0.047619
160 117 0.0625
160 116 0.047619
160 193 0.111111
161 134 0.0666667
161 158 0.142857
161 157 0.166667
162 133 0.0666667
162 147 0.1
162 181 0.2
163 155 0.25
164 136 0.0833333
165 136 0.0833333
165 164 0.333333
166 127 0.0434783
166 141 0.25
167 122 0.037037
167 149 0.142857
168 147 0.1
168 162 0.1
168 133 0.0666667
168 169 0.111111
168 209 0.0526316
169 162 0.1
169 168 0.111111
169 133 0.0666667
169 181 0.2
170 120 0.0526316
170 153 0.25
171 145 0.111111
171 190 0.142857
172 117 0.0625
173 117 0.0625
174 122 0.037037
174 149 0.142857
175 134 0.0666667
175 158 0.142857
176 126 0.1
176 193 0.111111
177 120 0.0526316
177 116 0.047619
178 135 0.0769231
178 150 0.1
178 123 0.05
179 122 0.037037
179 146 0.333333
180 115 0.0222222
180 129 0.1
180 118 0.0625
180 152 0.125
181 169 0.111111
181 162 0.1
181 147 0.1
182 119 0.0909091
182 191 0.25
183 125 0.1
184 148 0.1
185 122 0.037037
186 123 0.05
187 130 0.0625
188 156 0.166667
189 140 0.111111
189 152 0.125
189 115 0.0222222
189 129 0.1
190 145 0.111111
190 171 0.25
191 182 0.25
191 119 0.0909091
192 123 0.05
193 126 0.1
193 160 0.166667
193 176 0.25
194 190 0.142857
194 118 0.0625
194 148 0.1
194 122 0.037037
195 131 0.0833333
196 24 0.037037
196 134 0.0666667
196 197 0.5
197 196 0.0833333
199 201 0.5
201 199 0.142857
203 204 0.125
203 207 0.5
204 203 0.0666667
204 208 0.5
205 206 0.5
206 205 0.25
207 203 0.0666667
208 204 0.125
209 9 0.0555556
209 127 0.0434783
209 168 0.111111
209 24 0.037037
209 210 0.166667
209 212 0.5
210 209 0.0526316
211 209 0.0526316
212 209 0.0526316
