0 1
0 2
1 0
1 3
2 0
2 6
3 1
4 5
4 6
5 4
6 4
6 0
6 2
6 8
6 10
6 16
6 38
6 56
6 65
6 82
7 13
7 19
7 45
7 46
7 92
7 93
7 107
8 6
8 25
8 27
8 35
8 50
8 105
9 12
9 77
9 78
10 8
10 6
10 11
10 18
10 53
10 54
11 10
11 21
11 23
11 67
11 73
11 75
12 9
12 14
12 33
12 90
13 7
13 17
13 20
13 24
13 41
13 58
13 120
14 12
14 22
14 29
14 30
14 33
14 36
14 71
14 108
16 6
16 31
16 37
16 39
16 49
16 63
17 13
17 110
18 10
18 43
18 101
19 7
20 13
20 24
20 26
20 48
20 94
21 11
21 32
21 47
21 62
21 102
21 104
21 109
22 14
22 40
22 44
22 89
23 11
23 51
24 20
24 13
24 37
24 58
25 8
25 34
26 20
26 60
26 87
26 91
26 133
27 8
27 6
27 55
28 22
28 65
28 97
29 14
29 74
29 96
29 111
30 14
30 71
31 16
31 61
32 14
32 21
32 57
32 79
32 100
33 14
33 12
34 25
35 8
35 50
35 105
36 14
37 24
37 16
37 68
38 6
39 16
39 63
40 22
40 64
41 17
41 7
41 13
41 70
42 28
43 18
43 101
44 22
44 69
44 78
45 7
45 52
46 7
46 103
47 21
48 20
48 94
49 16
50 8
50 35
51 23
51 11
51 67
52 45
53 10
54 21
54 10
54 53
54 59
55 27
56 6
57 32
57 100
58 24
58 13
59 54
60 26
60 32
60 21
60 83
60 85
60 88
60 133
61 31
62 21
62 102
63 16
63 39
64 40
65 28
65 6
65 80
66 14
66 30
66 106
66 111
67 51
67 11
67 72
67 81
67 84
67 98
68 37
69 28
69 44
70 41
70 16
71 30
71 14
72 67
72 81
72 84
73 11
74 29
74 96
75 11
76 60
77 9
78 44
78 77
78 9
79 57
79 32
80 65
81 67
81 72
81 98
81 99
82 6
82 56
83 60
83 221
84 72
84 67
85 60
85 83
85 88
86 6
87 26
87 91
87 221
88 85
88 60
89 22
90 12
90 64
90 40
91 26
91 87
91 133
92 7
93 7
93 92
94 20
94 48
95 15
96 29
96 74
96 111
97 28
98 81
98 67
98 72
98 99
99 98
99 72
99 81
100 32
100 57
101 18
101 43
102 21
102 62
102 109
103 46
104 21
104 102
105 8
105 35
106 66
107 7
108 14
108 30
108 71
109 102
109 21
109 104
110 17
111 66
111 106
111 74
111 29
111 96
112 117
113 119
114 112
117 112
117 118
118 117
119 113
120 13
120 121
120 128
120 130
121 120
121 124
122 123
122 124
122 125
122 127
123 122
123 124
123 125
124 123
124 121
124 122
125 122
125 123
125 126
126 125
126 129
127 123
127 122
128 120
129 126
130 120
130 128
131 132
132 131
133 6
133 60
133 91
133 26
133 83
134 137
134 143
134 153
134 165
134 198
134 218
135 136
135 138
135 161
135 176
135 203
136 135
136 139
136 140
136 142
136 150
136 152
136 159
137 134
137 148
137 155
137 164
138 135
138 182
139 136
139 141
139 171
139 177
139 195
139 206
140 136
140 204
141 135
141 139
141 146
141 149
141 157
141 168
141 187
141 207
141 221
142 136
142 144
142 160
142 197
142 202
142 229
143 134
143 144
144 142
144 143
144 186
144 190
145 138
145 182
146 141
146 147
146 154
146 156
146 211
147 146
148 137
148 162
149 141
149 156
149 212
150 136
150 189
152 136
152 140
152 159
152 180
152 199
152 204
153 134
153 165
154 146
154 147
154 169
154 179
155 148
155 137
156 149
156 146
157 141
157 168
157 207
158 216
159 152
159 136
159 171
160 142
160 202
161 135
161 178
161 203
161 208
162 148
162 137
162 170
162 201
162 214
163 135
164 137
164 155
165 153
165 143
165 134
165 172
165 184
166 159
166 141
166 136
166 152
166 173
166 181
167 171
167 219
168 139
168 141
168 157
168 220
169 154
169 179
169 210
170 139
170 162
171 136
171 139
171 152
171 159
171 167
171 174
171 209
171 217
172 165
173 166
174 171
174 217
175 188
176 144
176 135
176 183
177 139
177 206
178 135
178 161
178 203
179 154
179 169
180 150
180 136
180 152
180 192
180 196
181 166
181 194
182 138
182 145
183 176
184 165
185 161
185 135
186 144
186 190
187 141
187 207
188 175
188 165
189 150
190 144
190 186
190 200
192 180
193 134
194 166
194 181
195 139
195 206
196 180
196 183
197 142
197 196
197 160
197 205
197 213
198 134
199 145
199 152
199 138
199 176
200 144
200 190
200 186
201 162
201 214
202 160
202 142
202 215
203 135
203 161
203 178
204 152
204 159
204 136
204 140
205 197
206 195
206 139
206 177
207 141
207 187
207 157
208 161
208 135
209 171
209 174
210 169
210 154
211 147
211 146
212 149
213 212
213 197
213 202
213 205
214 167
214 201
214 162
215 202
215 188
216 158
217 171
217 174
217 209
218 134
218 193
219 167
220 168
221 83
221 141
221 87
221 122
221 222
222 221
223 225
225 223
225 226
226 225
227 223
229 68
229 142
229 171
230 231
230 235
231 230
231 232
231 233
232 231
233 231
235 230
