0.173574
0.043456
0.278424
0.021872
0.125902
0.020873
1
1
0.076347
0.013926
0.148175
1
0.107608
0.063815
1
0
0.059321
0.007195
0.018542
0.500125
0.014845
1
0.085437
0.252799
0.012638
0.01262
0.102848
0.015147
0.016317
0.100878
0.178896
0.006018
0.160389
0.216031
0.006287
0.013758
0.500469
0.012573
0.500816
0.008032
0.023705
0.007117
0
0.00554
0.014635
0.167216
0.16689
0.500993
0.004409
0.01969
0.021409
0.063857
0.041701
0.053752
0.018581
0.005169
0.408473
0.0471
0.018047
0.009283
1
0.001546
0.28864
0.016203
0.015826
0.143406
0.00238
0.075207
0.007759
0.002952
0.001189
0.263691
0.014279
0.500037
0.025222
0.500106
0
0.006142
0.005587
0.053226
0.072396
0.012086
0.333963
0.224895
0.020975
0.240815
0
0.035508
0.288288
0.042516
0.026911
0.033597
0.40815
0.3341
0.004422
0
0.021508
0.00823
0.012002
0.00386
0.048286
0.005582
0.229822
0.083336
0.293542
0.021376
0.005349
0.500861
0.250628
0.233667
0.003685
0.014632
0
0
0
0
0
0
0
0
0.004096
0.000611
0.006744
0.001513
0.001386
0.000824
0.000107
0.002258
0.001622
3.3e-05
0.001342
0
0
0.110643
1
0.053565
0.105285
0.062825
0.012821
0.095623
0.053456
1
0.089689
0.182108
0.02182
0.008072
0.103819
0.034167
0.015774
0.177966
0.024629
0
0.149591
0.266393
0.008745
0.019639
0.045665
0.210371
0
0.233382
0.218111
0.007162
0.001572
0
0.02109
0.103382
1
0.142608
0.131831
0.001332
0.000304
1
0.025955
0.499835
0.276405
0.001236
0.014124
0.026811
0.003185
0.002369
0.043688
0.250499
0.004844
0.043566
0.051904
0
0.005093
0.286733
0.005021
0.006242
0.004184
0
0.021948
0.166598
0.083501
0.026853
0.253564
1
0.500786
0.029797
0.001066
0.000463
0.061466
0.010002
0.032351
0.377942
0.017251
0.226021
0.002369
0.294376
0.000433
0.034408
0.119529
0.200945
0.000349
0.020614
0
0.23949
0.333441
0.071332
0.066418
0.087601
0.043882
0
0
0
0
0
0
0.011411
0.126089
1
0.499578
0.500142
0
0.031448
0
0
