1 2
2 1
2 4
4 1
4 2
4 9
4 32
5 6
5 8
5 16
5 34
5 52
5 58
6 5
6 7
6 12
6 23
6 27
6 38
7 5
7 6
7 12
7 31
7 42
7 43
8 5
8 13
8 36
8 41
8 45
9 4
9 11
9 48
9 55
10 9
10 11
10 20
10 30
11 10
11 9
11 40
11 46
11 54
12 6
12 7
12 19
13 8
13 36
14 10
14 18
14 22
14 59
15 29
16 5
16 32
16 48
16 53
16 56
17 35
17 51
18 14
18 49
19 12
20 10
20 30
21 24
22 14
23 6
23 5
23 26
23 33
23 38
24 10
24 21
24 14
24 22
26 23
26 33
27 6
28 5
28 13
29 15
30 10
30 20
31 7
32 5
32 4
32 16
32 35
33 26
33 23
33 47
34 5
35 17
35 32
36 8
36 13
36 41
36 45
36 57
37 9
37 44
38 23
38 6
39 36
39 15
40 11
41 36
41 8
41 45
42 7
43 7
44 37
45 8
45 36
45 41
45 57
46 11
46 40
46 54
47 33
48 9
48 16
48 50
49 18
50 48
51 17
52 5
52 58
53 16
54 11
54 46
55 9
56 16
56 53
57 36
57 45
57 8
58 39
58 52
58 5
59 14
59 22
61 62
62 61
62 63
63 62
64 65
65 64
67 64
71 72
71 76
71 116
71 117
72 71
72 73
72 88
72 89
72 99
72 133
73 72
73 75
73 79
73 132
73 133
74 71
74 78
75 73
75 93
76 71
76 81
76 87
76 90
76 113
77 79
77 80
77 82
77 84
77 85
77 103
77 112
77 116
78 74
78 83
79 77
79 73
79 108
79 119
80 77
80 86
80 110
80 130
80 131
81 76
81 74
81 126
82 77
82 79
82 91
82 100
82 109
82 114
82 120
82 122
82 127
83 78
83 74
83 107
84 77
84 85
84 103
85 84
85 81
85 77
85 97
85 116
86 80
86 94
86 110
86 130
86 131
87 76
87 95
87 123
87 129
88 72
89 88
89 72
89 99
90 76
90 96
90 105
90 116
90 121
90 134
91 82
91 86
91 77
91 80
91 92
91 101
91 106
92 91
92 101
92 106
92 115
92 118
93 75
94 86
94 128
94 131
95 87
95 125
96 90
96 87
96 98
96 104
97 85
98 96
98 135
99 72
99 89
100 82
100 120
101 91
101 92
101 124
102 89
102 72
102 73
103 77
103 84
104 96
104 98
105 90
105 121
106 91
106 101
106 92
106 115
106 118
107 83
107 74
108 79
108 119
109 82
110 86
110 80
110 131
111 93
111 75
112 77
112 103
113 76
114 100
114 82
114 109
114 127
115 92
115 106
115 91
115 124
116 90
116 77
116 71
116 85
117 71
118 106
118 101
118 115
118 92
119 79
119 108
120 82
120 100
121 90
121 105
122 120
122 82
123 87
124 106
124 101
124 115
124 91
125 87
125 95
126 81
127 114
127 100
127 82
128 94
128 80
128 86
129 87
129 95
130 94
130 110
130 86
130 80
131 110
131 86
131 94
131 80
131 130
132 73
132 75
133 72
133 73
134 90
134 121
135 98
135 96
135 104
137 138
137 142
138 137
138 139
138 140
138 141
139 138
140 138
141 138
141 140
142 137
