0
0.000357
0.000711
0
0.004888
1
0.11006
1
0.072241
0.074092
0.173711
1
0.155902
0.016769
1
0.009662
0.077888
0.000327
0.25042
0.077969
0.051698
0
0.313889
0.012265
0
0
0.003499
0.055132
0
0.004838
0.051475
0.500956
0.009059
0.002483
0.500111
0.002261
0.014114
0
0.029321
0.048309
0.386716
0.015576
0.500803
0.333432
0
0.012411
0.240654
0.001242
0.018847
0.12575
0.00944
7.6e-05
0.288845
0.032061
0.288323
0.037143
0.026174
0.005077
0.241145
0.334247
0
0
0
0
0
0
0
0
0
0
0
0.021986
0.002163
0.010983
0.004736
0.001776
0.075026
1
0.001213
0.173495
0.090231
0.028307
1
0.000254
0.220357
0.154221
0.015769
0.015877
0.000481
0.000251
1
0.07636
0.008751
0.000583
0.005484
0.00402
0.100729
0.076928
0.024288
0.00046
0.256693
0.011553
0
0.282364
0.026113
0.296944
0.008693
5.6e-05
0.035149
0.377094
0.017949
0
0.333474
0.037261
0.194382
0.002644
0.248892
0.011084
0.00281
0.048923
0.288343
0.279748
0.333977
0.003949
0.002202
0.001378
0.014011
0.227035
0.00138
0.00525
0.016423
0.013651
0.003726
0.003231
0.250662
0.005975
0
0.166753
1
0.500484
0.408167
0.333901
0.027903
0
0
0
