43
70
11 6 0.125
11 3 0.25
11 13 0.25
12 0 0.0909091
12 10 0.25
19 21 0.0833333
19 28 0.5
20 26 0.142857
33 22 0.0666667
13 11 0.142857
0 1 0.0588235
0 4 0.125
0 10 0.25
0 12 0.166667
21 19 0.1
21 23 0.142857
21 27 0.333333
21 32 0.166667
34 26 0.142857
34 22 0.0666667
34 23 0.142857
34 37 0.5
1 0 0.0909091
1 9 0.2
22 20 0.1
22 30 0.2
22 33 0.5
22 34 0.1
14 9 0.2
14 1 0.0588235
14 16 0.5
23 21 0.0833333
23 19 0.1
23 34 0.1
24 25 0.166667
24 32 0.166667
16 14 0.166667
25 24 0.1
25 29 0.166667
36 29 0.166667
2 1 0.0588235
2 7 0.125
26 22 0.0666667
26 20 0.1
26 38 0.5
37 34 0.1
17 9 0.2
38 26 0.142857
27 21 0.0833333
4 0 0.0909091
4 6 0.125
28 19 0.1
29 25 0.166667
29 24 0.1
29 36 0.5
30 22 0.0666667
30 31 0.2
31 30 0.2
32 21 0.0833333
32 24 0.1
6 4 0.125
6 11 0.142857
7 2 0.2
7 1 0.0588235
7 8 0.25
8 7 0.125
9 1 0.0588235
9 17 0.5
10 0 0.0909091
10 12 0.166667
