0 1
0 2
0 4
0 5
0 7
0 13
0 16
0 19
0 22
0 26
0 27
0 29
0 49
0 61
0 73
0 80
0 81
0 94
0 121
0 204
0 206
0 209
1 0
1 2
1 3
1 7
1 12
1 16
1 17
1 21
1 68
1 102
1 141
1 173
2 0
2 1
2 26
2 62
2 69
2 84
2 92
2 97
3 1
3 6
3 8
3 34
3 40
3 74
3 78
3 88
3 131
3 164
4 0
4 9
4 18
4 20
4 27
4 55
4 57
4 139
5 0
5 29
5 30
5 33
5 47
5 75
5 100
5 119
5 189
6 3
6 132
7 0
7 1
7 63
7 195
8 3
8 15
8 77
9 4
9 10
9 11
9 41
9 45
9 66
9 70
9 172
10 9
10 66
10 76
10 176
11 9
11 32
11 41
11 197
12 1
12 50
12 152
13 0
13 14
13 25
13 29
13 71
13 126
13 129
13 175
14 13
14 21
14 31
14 54
14 99
14 107
14 163
14 186
14 202
15 8
15 98
15 112
15 137
15 178
15 183
15 205
16 1
16 0
16 58
16 60
16 171
17 1
17 12
17 36
17 42
18 4
18 57
18 176
18 199
19 0
19 67
19 142
19 147
19 180
19 182
20 4
20 5
20 185
21 14
21 1
21 24
21 46
21 95
21 124
21 169
21 193
22 0
22 23
22 108
22 116
22 118
22 208
23 22
23 108
23 125
23 208
24 21
24 28
24 38
24 132
25 13
25 39
26 2
26 0
26 79
26 84
26 106
27 0
27 5
27 4
27 13
27 35
27 44
27 59
27 71
27 139
28 24
29 13
29 0
29 5
29 27
29 31
29 53
29 86
29 117
29 174
30 5
30 20
30 39
30 75
30 103
30 135
30 201
31 29
31 14
31 1
31 33
31 43
31 51
31 80
31 113
31 168
32 11
33 5
33 31
33 22
33 167
33 210
34 8
34 3
34 24
35 27
35 5
35 37
35 128
35 139
35 166
36 17
36 42
36 89
37 35
37 128
37 153
38 6
38 24
38 98
39 30
39 25
40 3
40 200
41 11
41 9
41 48
41 56
41 70
42 36
42 17
42 89
42 177
43 31
43 113
43 114
43 168
44 27
44 25
44 55
44 59
45 9
45 197
46 21
46 98
46 145
46 188
47 5
48 41
49 0
49 27
49 65
49 111
49 138
50 12
51 31
51 168
52 49
52 138
53 29
54 19
54 14
54 72
54 85
54 93
54 101
54 132
54 165
54 181
55 44
55 27
55 4
55 90
56 41
57 4
57 18
57 199
58 16
59 44
59 27
59 196
60 16
61 0
61 5
61 47
61 198
61 203
62 2
62 87
62 151
62 196
63 7
63 68
63 104
63 143
64 58
64 123
65 52
65 49
65 111
66 10
66 9
66 4
66 82
66 91
66 120
67 19
67 147
68 1
68 63
68 96
68 155
68 159
68 192
68 195
69 2
70 41
70 32
70 9
70 66
70 120
71 27
71 13
71 83
71 110
71 122
71 184
72 54
72 101
72 165
72 181
73 0
73 81
73 121
73 206
74 34
74 3
74 15
74 109
74 149
75 5
75 30
75 26
75 134
76 10
77 8
78 3
79 26
79 84
80 0
80 54
80 31
80 105
80 154
81 0
81 73
81 94
81 204
82 66
83 71
83 110
83 122
83 184
84 2
84 26
84 79
84 109
84 115
84 137
84 207
85 54
85 72
86 29
86 53
86 117
86 174
87 62
88 3
88 179
89 42
89 17
89 36
89 177
90 55
91 66
91 120
92 2
92 97
93 54
93 85
94 0
94 81
94 204
95 14
95 21
95 170
96 68
96 13
97 2
97 92
97 136
98 77
98 38
98 15
98 46
98 127
98 157
98 160
98 162
98 190
99 14
99 107
99 187
100 5
100 119
101 54
101 72
101 165
101 181
102 1
102 40
103 30
104 63
104 7
104 96
104 150
105 80
105 133
105 148
106 26
107 14
107 99
107 202
108 23
108 22
108 140
108 208
109 84
109 74
110 83
110 71
111 52
111 49
111 65
111 138
112 15
112 74
112 116
112 137
113 31
113 43
113 114
114 113
114 31
114 43
115 84
116 112
116 36
116 109
116 22
117 29
117 86
117 174
118 23
118 22
119 5
119 100
120 66
120 70
120 91
120 144
121 0
121 73
122 71
122 83
123 94
123 58
123 64
123 0
124 21
125 23
125 108
125 22
126 13
126 129
127 98
127 157
127 162
128 35
128 37
128 153
129 126
129 13
130 38
131 3
132 80
132 24
132 6
132 54
132 146
133 105
133 80
133 148
134 75
135 30
136 97
137 112
137 84
137 109
137 15
138 52
138 49
138 111
139 27
139 4
139 35
139 156
139 197
140 23
140 108
140 118
141 1
141 96
142 19
142 147
143 63
143 7
144 120
145 46
146 132
147 19
147 67
147 142
147 180
147 182
148 105
148 80
148 133
148 154
149 74
149 15
150 104
151 62
152 40
152 12
153 35
153 37
153 128
153 166
154 148
154 80
154 133
155 68
155 192
156 139
157 98
157 127
157 162
157 190
158 29
158 86
159 68
159 155
160 98
160 127
160 38
160 191
161 38
162 98
162 127
162 157
163 14
164 78
164 3
165 54
165 72
165 101
166 35
166 153
166 37
167 33
168 31
168 43
168 113
168 51
169 21
169 124
169 170
170 95
170 169
171 16
171 60
172 9
173 1
174 86
174 117
174 29
175 13
175 129
176 10
176 18
177 17
177 89
177 42
178 15
179 12
179 88
180 147
180 19
181 54
181 72
181 101
182 147
182 19
182 180
182 67
183 15
183 178
184 156
184 71
184 83
185 20
186 14
186 99
187 99
187 107
187 186
187 14
188 46
188 194
189 5
189 100
189 119
190 157
190 98
191 160
192 68
192 155
193 21
194 145
194 46
194 188
195 68
195 63
195 7
195 143
196 62
196 59
196 87
197 9
197 139
197 45
197 172
197 11
197 199
198 61
199 57
199 197
199 18
200 40
201 30
202 107
202 14
202 99
203 61
203 198
204 0
204 94
204 81
205 183
205 15
205 178
206 0
206 73
206 81
207 84
208 108
208 23
208 140
208 118
208 22
209 0
209 121
210 33
