211
695
0 1 0.037037
0 2 0.0625
0 4 0.0526316
0 5 0.0454545
0 7 0.1
0 13 0.047619
0 16 0.1
0 19 0.0769231
0 22 0.0714286
0 26 0.0909091
0 27 0.047619
0 29 0.0555556
0 49 0.0909091
0 61 0.125
0 73 0.125
0 80 0.0833333
0 81 0.111111
0 94 0.142857
0 121 0.2
0 204 0.142857
0 206 0.2
0 209 0.333333
1 0 0.0192308
1 2 0.0625
1 3 0.05
1 7 0.1
1 12 0.125
1 16 0.1
1 17 0.111111
1 21 0.0625
1 68 0.0666667
1 102 0.333333
1 141 0.2
1 173 0.5
2 0 0.0192308
2 1 0.037037
2 26 0.0909091
2 62 0.125
2 69 0.5
2 84 0.0714286
2 92 0.25
2 97 0.166667
3 1 0.037037
3 6 0.2
3 8 0.142857
3 34 0.2
3 40 0.166667
3 74 0.111111
3 78 0.333333
3 88 0.25
3 131 0.5
3 164 0.333333
4 0 0.0192308
4 9 0.0588235
4 18 0.1
4 20 0.166667
4 27 0.047619
4 55 0.142857
4 57 0.166667
4 139 0.1
5 0 0.0192308
5 29 0.0555556
5 30 0.0769231
5 33 0.111111
5 47 0.333333
5 75 0.142857
5 100 0.2
5 119 0.2
5 189 0.25
6 3 0.05
6 132 0.111111
7 0 0.0192308
7 1 0.037037
7 63 0.1
7 195 0.166667
8 3 0.05
8 15 0.0625
8 77 0.333333
9 4 0.0526316
9 10 0.111111
9 11 0.125
9 41 0.1
9 45 0.25
9 66 0.0769231
9 70 0.125
9 172 0.333333
10 9 0.0588235
10 66 0.0769231
10 76 0.5
10 176 0.166667
11 9 0.0588235
11 32 0.333333
11 41 0.1
11 197 0.1
12 1 0.037037
12 50 0.5
12 152 0.333333
13 0 0.0192308
13 14 0.0416667
13 25 0.2
13 29 0.0555556
13 71 0.0833333
13 126 0.25
13 129 0.2
13 175 0.333333
14 13 0.047619
14 21 0.0625
14 31 0.0555556
14 54 0.0555556
14 99 0.125
14 107 0.142857
14 163 0.5
14 186 0.166667
14 202 0.2
15 8 0.142857
15 98 0.0588235
15 112 0.142857
15 137 0.142857
15 178 0.25
15 183 0.25
15 205 0.25
16 1 0.037037
16 0 0.0192308
16 58 0.25
16 60 0.333333
16 171 0.333333
17 1 0.037037
17 12 0.125
17 36 0.142857
17 42 0.125
18 4 0.0526316
18 57 0.166667
18 176 0.166667
18 199 0.166667
19 0 0.0192308
19 67 0.2
19 142 0.25
19 147 0.1
19 180 0.2
19 182 0.166667
20 4 0.0526316
20 5 0.0454545
20 185 0.5
21 14 0.0416667
21 1 0.037037
21 24 0.111111
21 46 0.0909091
21 95 0.2
21 124 0.333333
21 169 0.2
21 193 0.5
22 0 0.0192308
22 23 0.1
22 108 0.1
22 116 0.166667
22 118 0.2
22 208 0.125
23 22 0.0714286
23 108 0.1
23 125 0.25
23 208 0.125
24 21 0.0625
24 28 0.5
24 38 0.125
24 132 0.111111
25 13 0.047619
25 39 0.2
26 2 0.0625
26 0 0.0192308
26 79 0.25
26 84 0.0714286
26 106 0.5
27 0 0.0192308
27 5 0.0454545
27 4 0.0526316
27 13 0.047619
27 35 0.0833333
27 44 0.142857
27 59 0.142857
27 71 0.0833333
27 139 0.1
28 24 0.111111
29 13 0.047619
29 0 0.0192308
29 5 0.0454545
29 27 0.047619
29 31 0.0555556
29 53 0.333333
29 86 0.1
29 117 0.166667
29 174 0.166667
30 5 0.0454545
30 20 0.166667
30 39 0.2
30 75 0.142857
30 103 0.5
30 135 0.5
30 201 0.5
31 29 0.0555556
31 14 0.0416667
31 1 0.037037
31 33 0.111111
31 43 0.125
31 51 0.25
31 80 0.0833333
31 113 0.142857
31 168 0.142857
32 11 0.125
33 5 0.0454545
33 31 0.0555556
33 22 0.0714286
33 167 0.5
33 210 0.5
34 8 0.142857
34 3 0.05
34 24 0.111111
35 27 0.047619
35 5 0.0454545
35 37 0.142857
35 128 0.166667
35 139 0.1
35 166 0.2
36 17 0.111111
36 42 0.125
36 89 0.142857
37 35 0.0833333
37 128 0.166667
37 153 0.142857
38 6 0.2
38 24 0.111111
38 98 0.0588235
39 30 0.0769231
39 25 0.2
40 3 0.05
40 200 0.5
41 11 0.125
41 9 0.0588235
41 48 0.5
41 56 0.5
41 70 0.125
42 36 0.142857
42 17 0.111111
42 89 0.142857
42 177 0.2
43 31 0.0555556
43 113 0.142857
43 114 0.2
43 168 0.142857
44 27 0.047619
44 25 0.2
44 55 0.142857
44 59 0.142857
45 9 0.0588235
45 197 0.1
46 21 0.0625
46 98 0.0588235
46 145 0.333333
46 188 0.25
47 5 0.0454545
48 41 0.1
49 0 0.0192308
49 27 0.047619
49 65 0.2
49 111 0.142857
49 138 0.166667
50 12 0.125
51 31 0.0555556
51 168 0.142857
52 49 0.0909091
52 138 0.166667
53 29 0.0555556
54 19 0.0769231
54 14 0.0416667
54 72 0.111111
54 85 0.25
54 93 0.333333
54 101 0.1
54 132 0.111111
54 165 0.166667
54 181 0.166667
55 44 0.142857
55 27 0.047619
55 4 0.0526316
55 90 0.5
56 41 0.1
57 4 0.0526316
57 18 0.1
57 199 0.166667
58 16 0.1
59 44 0.142857
59 27 0.047619
59 196 0.2
60 16 0.1
61 0 0.0192308
61 5 0.0454545
61 47 0.333333
61 198 0.333333
61 203 0.333333
62 2 0.0625
62 87 0.333333
62 151 0.5
62 196 0.2
63 7 0.1
63 68 0.0666667
63 104 0.166667
63 143 0.25
64 58 0.25
64 123 0.2
65 52 0.2
65 49 0.0909091
65 111 0.142857
66 10 0.111111
66 9 0.0588235
66 4 0.0526316
66 82 0.5
66 91 0.25
66 120 0.125
67 19 0.0769231
67 147 0.1
68 1 0.037037
68 63 0.1
68 96 0.2
68 155 0.2
68 159 0.333333
68 192 0.166667
68 195 0.166667
69 2 0.0625
70 41 0.1
70 32 0.333333
70 9 0.0588235
70 66 0.0769231
70 120 0.125
71 27 0.047619
71 13 0.047619
71 83 0.125
71 110 0.25
71 122 0.25
71 184 0.2
72 54 0.0555556
72 101 0.1
72 165 0.166667
72 181 0.166667
73 0 0.0192308
73 81 0.111111
73 121 0.2
73 206 0.2
74 34 0.2
74 3 0.05
74 15 0.0625
74 109 0.166667
74 149 0.333333
75 5 0.0454545
75 30 0.0769231
75 26 0.0909091
75 134 0.5
76 10 0.111111
77 8 0.142857
78 3 0.05
79 26 0.0909091
79 84 0.0714286
80 0 0.0192308
80 54 0.0555556
80 31 0.0555556
80 105 0.166667
80 154 0.2
81 0 0.0192308
81 73 0.125
81 94 0.142857
81 204 0.142857
82 66 0.0769231
83 71 0.0833333
83 110 0.25
83 122 0.25
83 184 0.2
84 2 0.0625
84 26 0.0909091
84 79 0.25
84 109 0.166667
84 115 0.5
84 137 0.142857
84 207 0.5
85 54 0.0555556
85 72 0.111111
86 29 0.0555556
86 53 0.333333
86 117 0.166667
86 174 0.166667
87 62 0.125
88 3 0.05
88 179 0.333333
89 42 0.125
89 17 0.111111
89 36 0.142857
89 177 0.2
90 55 0.142857
91 66 0.0769231
91 120 0.125
92 2 0.0625
92 97 0.166667
93 54 0.0555556
93 85 0.25
94 0 0.0192308
94 81 0.111111
94 204 0.142857
95 14 0.0416667
95 21 0.0625
95 170 0.25
96 68 0.0666667
96 13 0.047619
97 2 0.0625
97 92 0.25
97 136 0.5
98 77 0.333333
98 38 0.125
98 15 0.0625
98 46 0.0909091
98 127 0.125
98 157 0.0909091
98 160 0.166667
98 162 0.125
98 190 0.2
99 14 0.0416667
99 107 0.142857
99 187 0.2
100 5 0.0454545
100 119 0.2
101 54 0.0555556
101 72 0.111111
101 165 0.166667
101 181 0.166667
102 1 0.037037
102 40 0.166667
103 30 0.0769231
104 63 0.1
104 7 0.1
104 96 0.2
104 150 0.5
105 80 0.0833333
105 133 0.166667
105 148 0.142857
106 26 0.0909091
107 14 0.0416667
107 99 0.125
107 202 0.2
108 23 0.1
108 22 0.0714286
108 140 0.2
108 208 0.125
109 84 0.0714286
109 74 0.111111
110 83 0.125
110 71 0.0833333
111 52 0.2
111 49 0.0909091
111 65 0.2
111 138 0.166667
112 15 0.0625
112 74 0.111111
112 116 0.166667
112 137 0.142857
113 31 0.0555556
113 43 0.125
113 114 0.2
114 113 0.142857
114 31 0.0555556
114 43 0.125
115 84 0.0714286
116 112 0.142857
116 36 0.142857
116 109 0.166667
116 22 0.0714286
117 29 0.0555556
117 86 0.1
117 174 0.166667
118 23 0.1
118 22 0.0714286
119 5 0.0454545
119 100 0.2
120 66 0.0769231
120 70 0.125
120 91 0.25
120 144 0.5
121 0 0.0192308
121 73 0.125
122 71 0.0833333
122 83 0.125
123 94 0.142857
123 58 0.25
123 64 0.333333
123 0 0.0192308
124 21 0.0625
125 23 0.1
125 108 0.1
125 22 0.0714286
126 13 0.047619
126 129 0.2
127 98 0.0588235
127 157 0.0909091
127 162 0.125
128 35 0.0833333
128 37 0.142857
128 153 0.142857
129 126 0.25
129 13 0.047619
130 38 0.125
131 3 0.05
132 80 0.0833333
132 24 0.111111
132 6 0.2
132 54 0.0555556
132 146 0.5
133 105 0.166667
133 80 0.0833333
133 148 0.142857
134 75 0.142857
135 30 0.0769231
136 97 0.166667
137 112 0.142857
137 84 0.0714286
137 109 0.166667
137 15 0.0625
138 52 0.2
138 49 0.0909091
138 111 0.142857
139 27 0.047619
139 4 0.0526316
139 35 0.0833333
139 156 0.333333
139 197 0.1
140 23 0.1
140 108 0.1
140 118 0.2
141 1 0.037037
141 96 0.2
142 19 0.0769231
142 147 0.1
143 63 0.1
143 7 0.1
144 120 0.125
145 46 0.0909091
146 132 0.111111
147 19 0.0769231
147 67 0.2
147 142 0.25
147 180 0.2
147 182 0.166667
148 105 0.166667
148 80 0.0833333
148 133 0.166667
148 154 0.2
149 74 0.111111
149 15 0.0625
150 104 0.166667
151 62 0.125
152 40 0.166667
152 12 0.125
153 35 0.0833333
153 37 0.142857
153 128 0.166667
153 166 0.2
154 148 0.142857
154 80 0.0833333
154 133 0.166667
155 68 0.0666667
155 192 0.166667
156 139 0.1
157 98 0.0588235
157 127 0.125
157 162 0.125
157 190 0.2
158 29 0.0555556
158 86 0.1
159 68 0.0666667
159 155 0.2
160 98 0.0588235
160 127 0.125
160 38 0.125
160 191 0.5
161 38 0.125
162 98 0.0588235
162 127 0.125
162 157 0.0909091
163 14 0.0416667
164 78 0.333333
164 3 0.05
165 54 0.0555556
165 72 0.111111
165 101 0.1
166 35 0.0833333
166 153 0.142857
166 37 0.142857
167 33 0.111111
168 31 0.0555556
168 43 0.125
168 113 0.142857
168 51 0.25
169 21 0.0625
169 124 0.333333
169 170 0.25
170 95 0.2
170 169 0.2
171 16 0.1
171 60 0.333333
172 9 0.0588235
173 1 0.037037
174 86 0.1
174 117 0.166667
174 29 0.0555556
175 13 0.047619
175 129 0.2
176 10 0.111111
176 18 0.1
177 17 0.111111
177 89 0.142857
177 42 0.125
178 15 0.0625
179 12 0.125
179 88 0.25
180 147 0.1
180 19 0.0769231
181 54 0.0555556
181 72 0.111111
181 101 0.1
182 147 0.1
182 19 0.0769231
182 180 0.2
182 67 0.2
183 15 0.0625
183 178 0.25
184 156 0.333333
184 71 0.0833333
184 83 0.125
185 20 0.166667
186 14 0.0416667
186 99 0.125
187 99 0.125
187 107 0.142857
187 186 0.166667
187 14 0.0416667
188 46 0.0909091
188 194 0.25
189 5 0.0454545
189 100 0.2
189 119 0.2
190 157 0.0909091
190 98 0.0588235
191 160 0.166667
192 68 0.0666667
192 155 0.2
193 21 0.0625
194 145 0.333333
194 46 0.0909091
194 188 0.25
195 68 0.0666667
195 63 0.1
195 7 0.1
195 143 0.25
196 62 0.125
196 59 0.142857
196 87 0.333333
197 9 0.0588235
197 139 0.1
197 45 0.25
197 172 0.333333
197 11 0.125
197 199 0.166667
198 61 0.125
199 57 0.166667
199 197 0.1
199 18 0.1
200 40 0.166667
201 30 0.0769231
202 107 0.142857
202 14 0.0416667
202 99 0.125
203 61 0.125
203 198 0.333333
204 0 0.0192308
204 94 0.142857
204 81 0.111111
205 183 0.25
205 15 0.0625
205 178 0.25
206 0 0.0192308
206 73 0.125
206 81 0.111111
207 84 0.0714286
208 108 0.1
208 23 0.1
208 140 0.2
208 118 0.2
208 22 0.0714286
209 0 0.0192308
209 121 0.2
210 33 0.111111
