1
1
0.188129
1
0.119891
0.124685
0.24559
0.193008
0.219921
1
0.121528
0.146346
0.147811
1
0.165624
0.094539
0.191617
0.112307
0.016946
0.147588
0.182247
1
0.080897
0.011846
0.160812
0.234607
0.216838
0.070197
0.080794
0.163965
1
1
0.091152
0.123971
0.222333
0.007873
0.020726
0.001533
0.159991
0.233218
0.219544
0.12504
0.016413
0.165133
0.013652
0.254287
0.17417
0.081335
0.062608
0.090865
0.073813
0.280562
0.010364
0.060019
1
0.018682
0.062724
0.023539
0.047986
0.012241
0.077719
0.126402
0.024104
0.031179
0
0.020673
0.096026
0.037484
0.072788
0.094157
0.139266
0.08908
0.188912
0.192272
0.133883
0.157315
0.060623
0.374155
0.408325
0.287672
0.171
0.180403
0.048129
0.017881
1
0.314145
0.02194
0.009659
0.25092
0.00548
0.009446
0.03014
0.05292
0.333897
0.181393
0.209385
0.054582
0.037988
1
0.030787
0.034608
0.149632
0.333923
0.499655
0.00517
0.029841
0.108177
0.03153
0.010437
0.206095
0.025396
0.016968
0.036065
0.185579
0.066813
0.499751
0.018995
0.033787
0.018904
0.034597
0.031163
0.278942
0.025298
0
0.380438
0.002885
0.298485
0.171584
0.001541
0.292198
0
0.50148
0.14881
0.01171
0.079023
0.500458
0.018936
0.15483
0.018233
0.024013
0.004439
0.201048
0.041114
0.017938
0.015504
0.060726
0.074566
0.02617
0.0102
0.044698
0.002599
0.012025
0.0491
0.000597
0.035047
0.020208
0.014726
0.13139
0
0.024273
0.166514
0
0.155518
0.082713
0.33373
0.207579
0.001666
0.06195
0.191055
0.208915
0.097843
0.063724
0.342913
0.501372
0.033879
0.333513
0.02265
0.004162
0.03281
0.083749
0.037471
0.207491
0.027873
0.028098
0.020614
0.09124
0.028342
0.006086
0.043491
0.031123
0.219172
0.083335
0.014815
0.500038
0.010896
0.043232
0.007154
0.042325
0.051693
0.013088
0.109817
0.500765
0.03748
0.042205
0.181841
0.023697
0.227824
0.501649
0.012257
0.334484
0.061941
