0 1
1 0
2 3
3 2
4 6
4 10
4 33
4 53
4 76
4 107
5 6
5 7
5 46
5 93
5 109
6 5
6 4
6 7
6 27
6 51
7 6
7 5
7 8
7 14
7 15
7 16
7 17
7 21
7 101
8 7
9 11
10 4
10 22
10 36
10 44
10 54
10 58
10 61
10 90
10 239
11 9
12 10
12 13
12 18
12 19
12 31
12 41
12 47
12 102
12 105
13 12
13 20
13 27
13 79
13 92
13 131
14 6
14 7
14 8
14 36
15 7
15 8
15 50
15 101
16 6
16 7
16 62
16 67
17 7
18 12
18 47
19 12
19 41
19 102
19 239
20 13
20 79
21 7
21 35
22 10
22 23
22 24
22 32
22 52
22 74
22 103
23 22
23 32
23 74
23 103
24 22
24 37
24 60
25 26
25 31
25 42
26 25
26 11
26 34
26 42
27 6
27 13
27 56
27 63
27 97
28 59
28 76
29 59
29 83
30 45
30 60
30 87
30 88
30 236
31 25
31 12
31 39
31 104
32 22
32 23
32 59
33 4
33 76
33 107
34 22
34 26
34 38
34 72
34 77
35 21
36 10
36 14
36 40
36 82
36 98
37 24
38 34
38 49
38 84
39 38
39 31
40 36
41 19
41 32
41 12
41 43
41 75
42 25
42 26
42 48
42 108
43 41
43 75
44 10
45 30
45 60
46 5
46 93
47 19
47 12
47 18
47 10
47 64
47 65
47 80
48 42
49 38
50 15
50 7
50 101
51 6
51 55
52 34
52 23
52 22
52 81
53 4
53 33
53 107
54 10
54 58
55 51
56 27
58 10
58 54
59 32
59 28
59 29
59 86
59 99
60 45
60 30
60 24
60 96
61 10
61 58
62 16
63 27
64 47
64 80
65 47
65 64
65 80
65 239
66 39
67 62
67 16
68 9
68 72
68 89
69 71
69 100
70 57
70 106
71 69
71 73
71 91
71 100
72 34
72 68
72 26
72 85
73 71
73 29
73 78
73 95
74 22
74 23
74 103
75 41
75 43
76 33
76 4
76 28
76 94
77 34
78 73
79 13
79 20
79 92
80 47
80 64
80 65
81 52
82 36
82 98
83 29
84 49
84 38
85 72
86 59
87 30
87 45
88 30
88 87
88 45
89 68
90 10
90 58
91 71
91 69
91 100
92 79
92 13
93 5
93 46
94 76
95 73
95 78
96 60
96 32
97 27
98 82
98 36
99 59
99 86
100 69
100 91
100 71
101 50
101 7
101 15
102 12
102 19
103 23
103 74
103 22
104 31
105 19
105 12
106 70
107 4
107 33
107 53
108 48
108 42
109 5
110 112
111 113
111 131
112 110
112 114
112 116
113 111
114 112
114 117
115 118
116 112
117 114
118 115
119 24
119 87
119 114
119 30
119 96
120 123
121 124
121 125
123 120
124 121
124 126
125 121
126 124
127 119
128 2
128 51
128 6
128 129
128 131
129 128
129 130
130 129
131 13
131 51
131 111
131 128
131 151
131 156
131 157
132 167
132 183
132 189
132 198
133 136
133 141
133 143
133 208
134 147
134 172
134 174
134 217
135 131
135 134
135 146
135 148
135 165
136 133
136 180
136 220
137 139
137 140
137 150
137 160
137 161
137 171
137 203
138 140
138 149
138 178
138 210
139 137
139 141
139 160
139 161
139 236
140 137
140 138
140 149
140 193
140 201
141 133
141 139
141 144
141 155
141 196
141 207
141 209
141 214
141 218
141 219
142 162
142 164
142 185
142 225
143 133
143 208
144 143
144 141
144 152
144 182
145 132
145 153
145 163
145 190
145 213
146 135
146 154
147 134
147 217
148 135
149 138
149 140
150 137
150 166
150 168
150 173
151 131
151 191
152 144
152 224
153 145
153 163
153 170
153 213
154 146
154 165
154 205
155 141
155 214
155 219
156 131
157 134
157 131
157 158
157 169
158 157
158 169
159 134
159 135
159 146
159 223
160 137
160 139
160 179
160 192
160 194
161 137
161 139
161 175
161 176
161 186
161 211
161 215
162 142
163 153
163 145
163 167
163 197
163 221
164 142
164 162
164 188
164 225
165 135
165 154
166 150
166 173
167 150
167 132
167 163
167 204
168 150
168 166
169 157
169 158
170 153
170 145
170 190
171 137
172 134
172 147
172 174
172 181
173 150
173 166
173 177
173 212
174 134
174 172
175 161
175 184
176 161
176 138
176 206
176 236
177 173
178 138
179 160
179 192
180 136
181 172
181 147
181 136
181 134
182 144
182 163
182 141
183 132
183 189
184 175
185 142
185 164
185 162
185 188
185 199
186 161
186 211
186 215
188 185
188 164
188 225
189 132
189 183
190 145
190 170
191 151
192 179
192 160
192 194
193 140
194 160
194 192
194 179
196 141
197 163
198 132
199 185
199 188
199 142
200 182
200 222
201 140
202 150
203 137
204 167
205 154
206 176
207 141
208 143
208 133
209 141
209 196
209 155
209 207
210 138
211 186
211 161
212 173
213 145
213 190
213 153
214 155
214 141
215 161
215 186
215 211
216 154
216 205
217 134
217 147
218 136
218 141
218 161
218 139
219 141
219 155
220 136
221 163
222 200
223 159
224 152
225 188
225 185
225 199
225 164
225 142
226 142
226 133
226 51
226 227
227 226
228 233
231 230
231 233
232 230
232 231
233 231
233 228
233 234
234 233
235 229
236 139
236 30
236 176
239 19
239 74
239 10
239 65
239 240
239 241
240 239
241 239
241 242
241 243
242 241
242 244
243 241
244 242
