0
0
0.020445
0.010135
0.064375
0.093845
0.133243
1
0.245416
7.4e-05
1
0.000365
1
0.213377
0.135739
0.147148
0.143093
0.500777
0.265832
0.175521
0.041671
0.166548
0.083493
0.025303
0.12342
0.012576
0.001069
1
0.168471
0.142582
0.099105
0.100901
0.122922
0.01399
0.001391
0.083367
0.101305
0.061824
0.002022
0.016869
0.050733
0.128833
0.001313
0.038121
0.500578
0.060962
0.026391
0.095522
0.000503
0.000789
0.063544
0.134448
0.013891
0.010825
0.202296
0.067425
0.500961
0
0.277167
1
0.053591
0.333796
0.05552
0.500348
0.026278
0.025399
0
0.035743
3.6e-05
0
0
0
0.000185
0
0.026707
0.038127
0.030047
0.000681
0
0.047904
0.022647
0.006888
0.030033
0.071378
0.00066
9e-05
0.407516
0.216781
0.024687
1.4e-05
0.333083
0
0.060941
0.018808
0.014952
0
0.171434
0.501147
0.030084
0.333639
0
0.187375
0.279827
0.020828
0.050383
0.333935
0
0.013976
0.000254
0.047267
0.005548
0.10138
0.033891
0.025697
0.201377
0
0.016904
0.100799
0
1
0
0
0
0
0
0
0
0
0.10088
0.012514
0.006248
1
1
0.080178
0.005797
0
0.020683
1
1
0.202278
0.164868
1
0
0.046061
0.142738
0.097793
0
0.001346
0
0.27896
0.086044
0.166559
0.03553
0.137389
0
0.225975
0.500777
0.091435
0.027184
0
0.106735
1
0
1
0
0
0.023327
0.210842
0.028876
0.027415
0.032488
0.5004
0.001039
0.010718
0.001631
0.250387
0.147002
0.002709
0.500837
0.028567
0.010497
0.000211
0.023777
0.297791
0.12527
0
0.172174
0
0
0.297367
0.03259
0.083226
0.024125
0.082493
0.024748
0
0.378297
0.500993
0.500214
0
0
0.08235
0
0.500508
0.1056
0
0.07369
0.378038
0.020273
0.200636
0.500695
0.257913
0.005299
0.045234
0.287875
0.224251
0
0.001714
0.167551
0.287979
0.010183
0.500296
0
0
0.017666
0
0
0
0
0
0
0
0
0
0
0
0.044225
0
0
0.069553
0.034759
0.011477
0.002793
0.005733
0.001351
