245
618
0 1 0.5
1 0 0.2
2 3 0.5
3 2 0.2
4 6 0.0526316
4 10 0.0454545
4 33 0.125
4 53 0.142857
4 76 0.125
4 107 0.166667
5 6 0.0526316
5 7 0.047619
5 46 0.25
5 93 0.166667
5 109 0.5
6 5 0.0833333
6 4 0.0555556
6 7 0.047619
6 27 0.0909091
6 51 0.111111
7 6 0.0526316
7 5 0.0833333
7 8 0.2
7 14 0.125
7 15 0.125
7 16 0.142857
7 17 0.5
7 21 0.166667
7 101 0.166667
8 7 0.047619
9 11 0.333333
10 4 0.0555556
10 22 0.0666667
10 36 0.0909091
10 44 0.5
10 54 0.166667
10 58 0.166667
10 61 0.333333
10 90 0.333333
10 239 0.0588235
11 9 0.2
12 10 0.0454545
12 13 0.0769231
12 18 0.25
12 19 0.1
12 31 0.1
12 41 0.111111
12 47 0.0769231
12 102 0.25
12 105 0.333333
13 12 0.0416667
13 20 0.166667
13 27 0.0909091
13 79 0.166667
13 92 0.25
13 131 0.0526316
14 6 0.0526316
14 7 0.047619
14 8 0.2
14 36 0.0909091
15 7 0.047619
15 8 0.2
15 50 0.2
15 101 0.166667
16 6 0.0526316
16 7 0.047619
16 62 0.333333
16 67 0.25
17 7 0.047619
18 12 0.0416667
18 47 0.0769231
19 12 0.0416667
19 41 0.111111
19 102 0.25
19 239 0.0588235
20 13 0.0769231
20 79 0.166667
21 7 0.047619
21 35 0.5
22 10 0.0454545
22 23 0.1
22 24 0.111111
22 32 0.0909091
22 52 0.166667
22 74 0.142857
22 103 0.166667
23 22 0.0666667
23 32 0.0909091
23 74 0.142857
23 103 0.166667
24 22 0.0666667
24 37 0.5
24 60 0.125
25 26 0.0714286
25 31 0.1
25 42 0.1
26 25 0.125
26 11 0.333333
26 34 0.0833333
26 42 0.1
27 6 0.0526316
27 13 0.0769231
27 56 0.5
27 63 0.5
27 97 0.5
28 59 0.0833333
28 76 0.125
29 59 0.0833333
29 83 0.5
30 45 0.166667
30 60 0.125
30 87 0.2
30 88 0.25
30 236 0.1
31 25 0.125
31 12 0.0416667
31 39 0.166667
31 104 0.5
32 22 0.0666667
32 23 0.1
32 59 0.0833333
33 4 0.0555556
33 76 0.125
33 107 0.166667
34 22 0.0666667
34 26 0.0714286
34 38 0.111111
34 72 0.125
34 77 0.5
35 21 0.166667
36 10 0.0454545
36 14 0.125
36 40 0.5
36 82 0.25
36 98 0.25
37 24 0.111111
38 34 0.0833333
38 49 0.333333
38 84 0.333333
39 38 0.111111
39 31 0.1
40 36 0.0909091
41 19 0.1
41 32 0.0909091
41 12 0.0416667
41 43 0.25
41 75 0.25
42 25 0.125
42 26 0.0714286
42 48 0.333333
42 108 0.2
43 41 0.111111
43 75 0.25
44 10 0.0454545
45 30 0.0769231
45 60 0.125
46 5 0.0833333
46 93 0.166667
47 19 0.1
47 12 0.0416667
47 18 0.25
47 10 0.0454545
47 64 0.2
47 65 0.142857
47 80 0.166667
48 42 0.1
49 38 0.111111
50 15 0.125
50 7 0.047619
50 101 0.166667
51 6 0.0526316
51 55 0.5
52 34 0.0833333
52 23 0.1
52 22 0.0666667
52 81 0.5
53 4 0.0555556
53 33 0.125
53 107 0.166667
54 10 0.0454545
54 58 0.166667
55 51 0.111111
56 27 0.0909091
58 10 0.0454545
58 54 0.166667
59 32 0.0909091
59 28 0.166667
59 29 0.142857
59 86 0.333333
59 99 0.333333
60 45 0.166667
60 30 0.0769231
60 24 0.111111
60 96 0.166667
61 10 0.0454545
61 58 0.166667
62 16 0.142857
63 27 0.0909091
64 47 0.0769231
64 80 0.166667
65 47 0.0769231
65 64 0.2
65 80 0.166667
65 239 0.0588235
66 39 0.166667
67 62 0.333333
67 16 0.142857
68 9 0.2
68 72 0.125
68 89 0.5
69 71 0.125
69 100 0.166667
70 57 0.25
70 106 0.25
71 69 0.142857
71 73 0.111111
71 91 0.2
71 100 0.166667
72 34 0.0833333
72 68 0.166667
72 26 0.0714286
72 85 0.5
73 71 0.125
73 29 0.142857
73 78 0.333333
73 95 0.333333
74 22 0.0666667
74 23 0.1
74 103 0.166667
75 41 0.111111
75 43 0.25
76 33 0.125
76 4 0.0555556
76 28 0.166667
76 94 0.5
77 34 0.0833333
78 73 0.111111
79 13 0.0769231
79 20 0.166667
79 92 0.25
80 47 0.0769231
80 64 0.2
80 65 0.142857
81 52 0.166667
82 36 0.0909091
82 98 0.25
83 29 0.142857
84 49 0.333333
84 38 0.111111
85 72 0.125
86 59 0.0833333
87 30 0.0769231
87 45 0.166667
88 30 0.0769231
88 87 0.2
88 45 0.166667
89 68 0.166667
90 10 0.0454545
90 58 0.166667
91 71 0.125
91 69 0.142857
91 100 0.166667
92 79 0.166667
92 13 0.0769231
93 5 0.0833333
93 46 0.25
94 76 0.125
95 73 0.111111
95 78 0.333333
96 60 0.125
96 32 0.0909091
97 27 0.0909091
98 82 0.25
98 36 0.0909091
99 59 0.0833333
99 86 0.333333
100 69 0.142857
100 91 0.2
100 71 0.125
101 50 0.2
101 7 0.047619
101 15 0.125
102 12 0.0416667
102 19 0.1
103 23 0.1
103 74 0.142857
103 22 0.0666667
104 31 0.1
105 19 0.1
105 12 0.0416667
106 70 0.142857
107 4 0.0555556
107 33 0.125
107 53 0.142857
108 48 0.333333
108 42 0.1
109 5 0.0833333
110 112 0.166667
111 113 0.25
111 131 0.0526316
112 110 0.166667
112 114 0.2
112 116 0.5
113 111 0.1
114 112 0.166667
114 117 0.5
115 118 0.5
116 112 0.166667
117 114 0.2
118 115 0.25
119 24 0.111111
119 87 0.2
119 114 0.2
119 30 0.0769231
119 96 0.166667
120 123 0.5
121 124 0.166667
121 125 0.5
123 120 0.166667
124 121 0.125
124 126 0.5
125 121 0.125
126 124 0.166667
127 119 0.111111
128 2 0.2
128 51 0.111111
128 6 0.0526316
128 129 0.125
128 131 0.0526316
129 128 0.1
129 130 0.5
130 129 0.125
131 13 0.0769231
131 51 0.111111
131 111 0.1
131 128 0.1
131 151 0.166667
131 156 0.5
131 157 0.0909091
132 167 0.111111
132 183 0.25
132 189 0.25
132 198 0.5
133 136 0.0833333
133 141 0.037037
133 143 0.2
133 208 0.166667
134 147 0.166667
134 172 0.142857
134 174 0.25
134 217 0.25
135 131 0.0526316
135 134 0.0625
135 146 0.166667
135 148 0.5
135 165 0.166667
136 133 0.0769231
136 180 0.5
136 220 0.5
137 139 0.0666667
137 140 0.0769231
137 150 0.0714286
137 160 0.0909091
137 161 0.0588235
137 171 0.5
137 203 0.5
138 140 0.0769231
138 149 0.25
138 178 0.5
138 210 0.5
139 137 0.05
139 141 0.037037
139 160 0.0909091
139 161 0.0588235
139 236 0.1
140 137 0.05
140 138 0.0769231
140 149 0.25
140 193 0.5
140 201 0.5
141 133 0.0769231
141 139 0.0666667
141 144 0.142857
141 155 0.142857
141 196 0.333333
141 207 0.333333
141 209 0.2
141 214 0.25
141 218 0.166667
141 219 0.25
142 162 0.25
142 164 0.125
142 185 0.111111
142 225 0.125
143 133 0.0769231
143 208 0.166667
144 143 0.2
144 141 0.037037
144 152 0.25
144 182 0.166667
145 132 0.0666667
145 153 0.125
145 163 0.0714286
145 190 0.2
145 213 0.2
146 135 0.0769231
146 154 0.111111
147 134 0.0625
147 217 0.25
148 135 0.0769231
149 138 0.0769231
149 140 0.0769231
150 137 0.05
150 166 0.2
150 168 0.333333
150 173 0.1
151 131 0.0526316
151 191 0.5
152 144 0.142857
152 224 0.5
153 145 0.0833333
153 163 0.0714286
153 170 0.2
153 213 0.2
154 146 0.166667
154 165 0.166667
154 205 0.333333
155 141 0.037037
155 214 0.25
155 219 0.25
156 131 0.0526316
157 134 0.0625
157 131 0.0526316
157 158 0.25
157 169 0.25
158 157 0.0909091
158 169 0.25
159 134 0.0625
159 135 0.0769231
159 146 0.166667
159 223 0.5
160 137 0.05
160 139 0.0666667
160 179 0.2
160 192 0.166667
160 194 0.2
161 137 0.05
161 139 0.0666667
161 175 0.25
161 176 0.142857
161 186 0.125
161 211 0.2
161 215 0.2
162 142 0.0833333
163 153 0.125
163 145 0.0833333
163 167 0.111111
163 197 0.5
163 221 0.5
164 142 0.0833333
164 162 0.25
164 188 0.142857
164 225 0.125
165 135 0.0769231
165 154 0.111111
166 150 0.0714286
166 173 0.1
167 150 0.0714286
167 132 0.0666667
167 163 0.0714286
167 204 0.5
168 150 0.0714286
168 166 0.2
169 157 0.0909091
169 158 0.25
170 153 0.125
170 145 0.0833333
170 190 0.2
171 137 0.05
172 134 0.0625
172 147 0.166667
172 174 0.25
172 181 0.2
173 150 0.0714286
173 166 0.2
173 177 0.25
173 212 0.5
174 134 0.0625
174 172 0.142857
175 161 0.0588235
175 184 0.5
176 161 0.0588235
176 138 0.0769231
176 206 0.5
176 236 0.1
177 173 0.1
178 138 0.0769231
179 160 0.0909091
179 192 0.166667
180 136 0.0833333
181 172 0.142857
181 147 0.166667
181 136 0.0833333
181 134 0.0625
182 144 0.142857
182 163 0.0714286
182 141 0.037037
183 132 0.0666667
183 189 0.25
184 175 0.25
185 142 0.0833333
185 164 0.125
185 162 0.25
185 188 0.142857
185 199 0.2
186 161 0.0588235
186 211 0.2
186 215 0.2
188 185 0.111111
188 164 0.125
188 225 0.125
189 132 0.0666667
189 183 0.25
190 145 0.0833333
190 170 0.2
191 151 0.166667
192 179 0.2
192 160 0.0909091
192 194 0.2
193 140 0.0769231
194 160 0.0909091
194 192 0.166667
194 179 0.2
196 141 0.037037
197 163 0.0714286
198 132 0.0666667
199 185 0.111111
199 188 0.142857
199 142 0.0833333
200 182 0.166667
200 222 0.5
201 140 0.0769231
202 150 0.0714286
203 137 0.05
204 167 0.111111
205 154 0.111111
206 176 0.142857
207 141 0.037037
208 143 0.2
208 133 0.0769231
209 141 0.037037
209 196 0.333333
209 155 0.142857
209 207 0.333333
210 138 0.0769231
211 186 0.125
211 161 0.0588235
212 173 0.1
213 145 0.0833333
213 190 0.2
213 153 0.125
214 155 0.142857
214 141 0.037037
215 161 0.0588235
215 186 0.125
215 211 0.2
216 154 0.111111
216 205 0.333333
217 134 0.0625
217 147 0.166667
218 136 0.0833333
218 141 0.037037
218 161 0.0588235
218 139 0.0666667
219 141 0.037037
219 155 0.142857
220 136 0.0833333
221 163 0.0714286
222 200 0.2
223 159 0.2
224 152 0.25
225 188 0.142857
225 185 0.111111
225 199 0.2
225 164 0.125
225 142 0.0833333
226 142 0.0833333
226 133 0.0769231
226 51 0.111111
226 227 0.5
227 226 0.1
228 233 0.142857
231 230 0.166667
231 233 0.142857
232 230 0.166667
232 231 0.166667
233 231 0.166667
233 228 0.166667
233 234 0.25
234 233 0.142857
235 229 0.333333
236 139 0.0666667
236 30 0.0769231
236 176 0.142857
239 19 0.1
239 74 0.142857
239 10 0.0454545
239 65 0.142857
239 240 0.5
239 241 0.166667
240 239 0.0588235
241 239 0.0588235
241 242 0.25
241 243 0.5
242 241 0.166667
242 244 0.5
243 241 0.166667
244 242 0.25
