0 1
0 2
0 11
0 139
1 0
1 3
1 4
1 5
1 11
2 0
2 1
2 5
3 1
3 11
4 1
5 2
5 1
5 6
5 9
5 11
6 5
6 7
6 10
7 6
7 8
7 144
8 7
9 5
10 6
10 143
11 5
11 3
11 1
11 0
11 12
11 13
11 14
11 15
11 16
11 17
11 18
11 19
11 20
11 22
11 25
11 65
11 83
11 101
11 139
12 11
12 54
12 56
12 88
12 144
13 11
13 28
13 39
13 86
13 93
13 107
13 108
13 121
14 11
14 94
14 101
15 11
15 24
15 25
15 37
15 57
16 11
16 25
16 44
16 65
16 101
17 11
17 22
17 65
18 11
18 16
18 26
18 27
18 29
18 32
18 38
18 45
18 58
18 91
18 102
18 237
19 14
19 16
19 11
19 42
19 55
19 119
20 11
20 21
20 31
20 33
20 116
21 20
21 40
21 95
21 100
21 118
22 11
22 17
22 16
22 94
23 12
23 47
23 53
23 60
23 106
24 15
24 13
24 34
24 46
24 77
24 84
25 16
25 11
25 15
25 49
25 74
25 90
25 109
26 18
26 43
26 102
27 26
27 18
27 36
27 38
27 75
28 13
28 30
28 48
28 63
28 76
28 81
28 89
28 143
29 11
29 24
29 18
29 25
29 35
29 50
29 68
29 71
29 110
30 28
30 63
30 89
31 20
32 18
32 26
33 20
34 24
34 87
35 29
36 27
37 15
37 51
38 18
38 27
38 32
38 41
38 56
39 13
40 21
40 62
40 64
40 66
41 38
41 229
42 21
42 19
42 79
42 96
43 38
43 26
43 29
43 47
44 37
44 11
44 16
44 31
44 114
45 18
45 26
45 58
45 143
46 24
46 77
47 43
47 23
47 41
47 53
48 28
48 30
48 63
48 120
49 25
49 51
49 74
49 90
50 29
50 85
50 104
50 110
51 25
51 37
51 49
51 59
51 113
52 23
53 47
53 23
54 12
54 70
55 48
55 19
55 11
55 69
55 73
55 97
56 12
56 38
56 75
57 15
58 45
58 26
58 18
58 91
59 51
60 23
61 17
61 16
61 22
61 83
61 94
62 40
62 64
62 66
63 28
63 30
63 48
63 111
63 120
64 40
64 62
64 66
64 78
64 80
65 11
65 17
65 16
65 83
66 64
66 40
66 20
66 62
66 67
66 99
66 105
66 112
67 66
67 99
67 139
68 29
69 55
70 54
71 29
72 24
73 55
74 25
74 49
74 90
74 109
75 27
75 56
75 82
76 63
76 28
76 120
77 24
77 46
77 84
78 62
78 40
78 64
79 42
80 40
80 64
80 62
81 28
81 30
81 76
81 89
82 75
82 54
83 16
83 11
83 65
83 61
83 92
83 98
83 103
84 77
84 24
84 72
84 229
85 29
85 50
85 68
85 104
86 13
87 34
88 12
89 63
89 81
89 30
89 28
90 49
90 74
90 25
91 18
91 58
92 83
93 13
93 121
94 11
94 22
94 61
94 14
95 21
95 100
96 79
96 42
97 55
97 73
98 83
99 66
99 67
100 21
100 95
101 16
101 14
101 11
102 18
102 26
102 91
103 83
104 29
104 50
104 85
104 110
105 99
105 66
105 67
105 112
106 23
107 13
107 39
107 108
108 13
108 107
109 74
109 25
110 50
110 29
110 104
111 26
111 63
111 27
111 58
111 18
111 117
112 66
112 105
113 51
113 59
114 44
115 20
115 99
115 51
115 31
116 20
116 33
117 111
118 21
118 100
119 19
120 76
120 63
120 48
121 108
121 13
121 93
122 124
122 130
122 220
123 125
123 126
123 127
123 129
123 132
124 122
125 123
126 123
126 127
126 129
126 131
126 132
127 123
127 126
127 128
127 131
127 132
128 123
128 127
128 126
129 123
129 127
129 126
129 131
130 122
131 129
131 126
131 127
132 127
132 126
132 123
134 135
135 134
135 138
136 137
137 136
138 135
139 11
139 0
139 67
139 140
139 142
140 139
140 141
140 142
141 140
142 139
142 140
143 90
143 10
143 28
143 45
143 109
144 7
144 12
144 54
144 148
144 182
145 147
145 158
145 162
145 163
145 169
145 176
145 214
146 149
146 164
146 178
146 180
146 190
146 196
147 145
148 144
148 182
148 210
149 146
149 150
149 151
149 152
149 154
149 168
149 174
149 188
149 201
149 217
150 149
150 159
150 185
151 146
151 149
151 156
151 187
151 201
151 209
152 149
152 154
153 155
153 170
153 184
153 195
154 149
154 152
154 167
154 179
154 197
154 215
155 153
155 171
155 186
155 220
156 151
156 160
156 218
157 146
157 148
158 145
158 163
158 169
158 173
158 176
158 214
159 150
159 185
160 156
160 161
160 218
161 160
162 158
162 145
163 158
163 162
163 145
163 177
163 198
163 206
164 146
164 155
164 165
164 166
164 175
164 183
164 189
165 164
165 166
165 175
165 189
165 213
166 165
166 164
166 162
166 194
166 205
167 154
167 181
167 197
168 149
169 145
169 153
169 158
169 204
170 153
170 172
171 155
171 186
172 170
173 158
173 145
174 149
174 170
174 192
174 207
174 210
175 165
175 164
175 183
175 184
175 211
176 158
176 145
177 163
178 146
179 154
180 146
180 190
181 167
181 165
181 150
181 175
181 200
181 219
181 237
182 148
182 144
182 191
183 175
183 164
183 165
183 184
183 213
184 153
184 165
184 159
184 175
184 183
184 216
185 150
185 159
186 171
186 155
187 146
187 174
187 157
187 151
187 202
187 208
188 149
189 175
189 183
189 165
189 164
190 146
190 180
191 182
192 174
193 159
193 150
193 185
194 166
195 153
196 180
196 146
197 154
197 167
197 199
198 177
198 163
198 206
199 167
199 154
199 197
200 181
200 219
201 174
201 149
201 151
202 187
203 180
203 155
203 196
203 178
203 186
203 212
204 169
205 166
205 194
206 198
206 163
207 174
208 187
209 151
210 174
210 148
211 165
211 164
211 175
212 203
213 183
213 175
213 165
214 158
214 145
215 197
215 154
216 184
217 149
218 156
218 160
219 181
219 200
220 40
220 155
220 163
220 122
220 221
221 220
222 223
223 222
223 225
225 223
225 226
225 227
225 228
226 225
227 225
228 225
229 41
229 84
229 223
229 18
230 231
230 233
230 235
231 230
231 232
232 231
233 230
233 234
233 235
234 233
234 235
235 233
235 230
235 234
236 234
236 233
237 26
237 181
237 121
237 18
237 48
237 238
237 239
238 237
238 240
239 237
239 241
240 238
241 239
241 242
241 243
242 241
242 239
242 243
243 241
243 242
