0.154279
0.134343
0.043629
0.272181
0.067309
0.114488
0.02011
0.003352
0.001673
0.057357
0.010411
1
0.078921
1
0.189114
0.084017
0.226205
0.133239
1
0.147863
0.161963
0.020111
0.129103
0.000223
0.071278
0.118148
0.121839
0.10046
0.068879
1
0.029491
0.038774
0.156692
0.065876
0.017801
0.500997
0.050282
0.023521
0.112268
0.386992
0.084431
0.023047
0.020907
0.020076
0.032158
0.15861
0.020584
0.002229
0.133809
0.018599
0.146469
0.004199
0
0.000379
0.010317
1
0.033761
0.042171
0.134995
0.00172
5.8e-05
0.148235
0.120156
0.022697
0.105342
0.266862
1
0.203487
0.340553
0.501249
0.005141
0.499841
0.006109
0.407885
0.01748
0.021616
0.016798
0.015801
0.026279
0.008486
0.026312
0.013371
0.007138
1
0.012352
0.030938
0.501353
0.0089
0.039366
0.014845
0.01904
0.252216
0.500383
0.286284
0.063252
0.006003
0.006945
0.332613
0.500791
0.218102
0.005841
0.219272
0.217872
0.500686
0.048147
0.202071
0.000113
0.238294
0.266986
0.030657
0.187045
0.002868
0.282198
0.001407
0.01612
0
0.053903
0.001441
0.006801
0.073921
0.023345
0.221534
0.001408
0
0.000705
0
0
0
0
0
0.000372
0
0
0
0
0
0
0
0
0.130814
0.02008
0.006701
0.035833
0.023006
0.006648
1
0.16652
0.500295
0.026043
1
0.236333
0.161125
0.264034
0.021707
0.087962
0.10571
0.026777
0.200362
0.12459
0.047451
0.004141
0.001047
0.217827
0.093706
0.025871
0.080186
0.011613
0.154162
0.250294
0.1568
0.041739
0.076859
0.02086
0.041474
0.190151
0.074643
0.27221
0.036474
0.366343
0.043681
0.229191
1
0.005343
0.013824
0.009112
0.05408
0.21836
1
0.499835
0.017231
0.093599
0.002696
0.095293
0
0.004689
0.010862
0.278723
0.03685
0.022455
0.009121
0.297716
0.224053
0.50095
1
0.078034
0.003874
0.026889
0.09526
0.500875
0.080385
0.030539
0.018727
0.500525
0.018292
0.271286
0.029316
0.00451
0.500163
0.007308
0.297769
0.011804
0.003027
0.018286
0.091067
0
1
0.500256
0.501485
0.50077
0.003937
0
0
0
0
0
0
0
0.14809
0.036928
0.029867
0.018519
0.004997
0.001213
0.001444
