29 7
29 1
29 6
29 22
15 9
15 14
15 19
30 31
30 33
30 37
31 30
31 32
31 36
31 43
31 46
16 8
16 6
16 4
32 31
32 34
33 30
33 37
42 38
42 41
43 31
43 46
17 10
44 36
44 39
34 32
34 35
34 38
34 45
35 34
35 45
18 2
36 31
36 39
36 40
36 48
19 15
19 9
19 5
19 20
19 24
20 19
1 2
1 9
1 21
1 23
1 29
21 1
37 33
37 30
2 1
2 3
2 10
2 18
2 27
45 34
45 35
3 2
3 10
38 34
38 35
38 41
4 3
4 6
4 12
5 1
5 19
46 31
46 43
46 40
22 11
22 29
6 2
6 4
6 7
6 8
6 16
6 26
7 6
7 27
39 36
39 44
39 48
48 39
48 36
23 1
24 12
24 19
24 25
8 7
8 6
8 10
40 39
40 36
40 46
49 50
49 51
25 24
9 1
9 14
9 19
50 49
41 38
26 8
26 7
26 6
10 3
10 2
10 8
10 11
10 17
27 6
27 2
27 7
27 11
51 49
11 10
11 22
11 27
12 4
12 13
12 24
13 12
52 53
53 52
28 27
54 13
54 33
54 55
55 54
55 56
14 9
14 15
56 55
