0 1
1 0
3 13
4 25
4 37
5 6
5 21
6 5
6 7
6 21
6 24
7 6
7 5
7 9
7 10
7 14
7 15
7 17
7 18
7 28
7 33
7 40
7 41
7 58
8 7
8 13
8 28
8 40
8 41
8 45
8 58
8 59
8 125
9 7
9 28
10 7
10 9
10 15
11 4
12 29
12 34
12 43
12 44
13 3
13 8
13 16
14 8
14 7
14 23
14 26
14 42
14 48
15 7
15 9
15 10
16 13
17 7
17 8
17 10
18 10
18 7
18 46
18 55
18 56
19 51
20 11
20 22
20 23
20 36
20 38
20 118
21 6
21 5
22 20
22 38
23 20
23 4
23 14
23 53
23 57
24 6
24 7
24 27
24 28
24 49
25 4
26 14
27 24
28 24
28 8
28 7
28 9
28 31
28 35
28 47
28 50
29 12
29 39
31 28
31 47
31 50
32 20
33 7
33 41
34 29
34 12
34 43
35 28
36 20
37 4
38 20
38 22
39 29
39 34
39 12
39 44
40 8
40 7
40 45
41 8
41 7
41 40
41 33
41 45
42 14
43 12
43 34
43 29
43 39
43 52
44 39
44 12
45 40
45 8
45 10
45 41
46 18
46 55
46 56
47 28
47 31
48 14
49 24
50 35
50 31
50 28
51 19
52 29
52 34
52 43
53 23
54 10
54 8
54 7
55 18
55 46
55 56
56 18
56 46
56 55
57 23
58 7
58 8
58 10
58 9
59 58
59 41
59 10
59 8
60 61
61 60
62 63
62 64
63 62
64 62
66 71
66 76
66 78
66 80
66 83
66 85
66 89
66 101
66 102
66 115
67 68
67 70
67 72
67 77
67 84
67 108
67 113
68 67
68 66
68 69
68 79
68 92
68 106
69 68
69 79
69 94
69 95
69 104
69 106
70 67
70 73
70 74
71 66
71 91
72 67
72 75
72 97
72 110
73 70
73 86
73 95
74 70
74 73
74 86
75 72
75 90
75 107
76 66
76 71
76 88
76 114
77 67
78 66
78 80
78 89
78 116
79 68
79 69
79 94
79 95
79 104
80 66
80 78
80 83
80 85
80 89
80 115
83 66
83 80
83 115
84 67
85 66
85 80
85 89
85 101
86 73
86 74
87 82
87 66
87 112
88 76
88 114
89 78
89 66
89 85
89 80
89 105
89 115
90 75
90 66
90 99
90 110
90 111
91 71
92 68
92 69
92 93
93 92
94 68
94 79
94 69
95 68
95 79
95 73
95 69
95 103
95 109
96 66
96 89
96 80
96 78
96 105
97 72
98 95
99 90
99 111
100 91
100 71
101 66
101 89
101 85
101 102
101 105
102 66
102 101
102 89
103 95
104 79
104 69
105 66
105 89
105 101
105 96
106 69
106 68
106 79
107 75
108 67
109 95
109 103
109 117
110 72
110 90
111 90
111 99
112 87
113 67
114 76
114 88
115 83
115 80
115 89
115 66
115 116
116 101
116 66
116 115
116 96
116 78
117 95
117 109
117 103
118 90
118 20
118 71
118 7
119 122
120 119
120 121
121 120
121 123
121 124
122 119
123 121
124 121
125 8
125 43
126 127
126 128
126 129
127 126
128 126
128 129
129 126
129 128
129 127
130 131
131 130
