0
0
0
0.015957
0.039378
0.127031
0.247685
1
1
0.230277
0.164992
0.200916
0.001628
0.125879
1
0.114907
0.063218
0.250763
0.07215
0
1
0.088858
0.201934
0.191665
1
0.019886
0.500508
0.501111
0.187749
0.002805
0
0.04275
0
0.292651
0.002673
0.072363
0.501483
0.019585
0.281613
0.002142
0.305437
0.240479
0.250154
0.012535
0.000896
0.181933
0.015478
0.053822
0.500826
0.500538
0.044029
0
0.003172
0.096196
0
0.013473
0.015343
0.095844
0.286619
0.201651
0
0
0
0
0
0
1
1
0.052576
0.005115
0.167397
0.090094
0.091393
0.022988
0.034174
0.017178
0.143037
0.200498
0.121622
0.005932
0.107934
0
0
0.194806
0.500281
0.16104
0.013342
0
0.042517
0.11789
0.013716
0.018015
0.010514
0.005203
0.002164
0.002552
0.009736
0.015084
0
0.004032
0
0.136798
0.220059
0.000779
0.00257
0.036084
0.011116
0.008589
0.500669
0.000513
0.025586
0.004019
0
0.500205
0.042324
0.12369
0.034169
0.000112
0.125825
0
0
0
0
0
0
0.111926
0
0
0
0
0
0
