52 36
52 39
52 60
52 61
20 3
20 22
21 17
53 46
53 47
22 3
22 20
54 37
54 50
54 57
55 38
1 2
1 3
1 7
1 18
2 1
2 7
3 1
3 6
3 20
3 22
36 39
36 48
36 52
37 40
37 43
37 49
37 54
56 50
23 15
38 55
38 58
38 64
4 5
4 14
39 36
39 52
39 59
39 63
39 64
5 4
5 14
5 26
57 42
57 41
57 54
57 53
24 17
24 15
24 27
25 6
25 30
58 38
58 51
59 39
59 46
60 59
60 52
60 46
6 3
6 25
61 52
26 4
26 5
27 24
40 37
40 41
40 42
62 44
41 40
41 57
42 40
7 1
7 2
7 13
7 31
8 10
8 14
28 17
43 37
43 49
29 15
44 45
44 62
30 25
30 22
30 17
30 9
30 11
63 39
64 39
64 38
9 11
9 17
65 39
65 48
65 63
65 49
66 45
10 8
31 18
31 7
45 44
45 42
45 66
11 9
32 18
67 59
67 1
46 47
46 53
46 60
12 16
13 7
14 5
14 8
14 4
14 16
47 46
47 53
15 23
15 29
16 12
16 14
48 36
48 65
17 9
17 6
17 15
17 21
17 24
17 28
18 1
18 19
18 31
18 32
19 18
19 9
49 43
49 37
49 50
49 65
50 36
50 49
50 51
50 56
51 50
