70
151
52 36 0.0909091
52 39 0.0714286
52 60 0.2
52 61 0.5
20 3 0.125
20 22 0.2
21 17 0.0588235
53 46 0.0909091
53 47 0.25
22 3 0.125
22 20 0.25
54 37 0.0833333
54 50 0.1
54 57 0.166667
55 38 0.1
1 2 0.0909091
1 3 0.125
1 7 0.125
1 18 0.125
2 1 0.0666667
2 7 0.125
3 1 0.0666667
3 6 0.142857
3 20 0.25
3 22 0.2
36 39 0.0714286
36 48 0.25
36 52 0.125
37 40 0.166667
37 43 0.25
37 49 0.125
37 54 0.2
56 50 0.1
23 15 0.0909091
38 55 0.5
38 58 0.142857
38 64 0.25
4 5 0.166667
4 14 0.125
39 36 0.0909091
39 52 0.125
39 59 0.166667
39 63 0.333333
39 64 0.25
5 4 0.142857
5 14 0.125
5 26 0.333333
57 42 0.166667
57 41 0.25
57 54 0.2
57 53 0.2
24 17 0.0588235
24 15 0.0909091
24 27 0.5
25 6 0.142857
25 30 0.166667
58 38 0.1
58 51 0.333333
59 39 0.0714286
59 46 0.0909091
60 59 0.166667
60 52 0.125
60 46 0.0909091
6 3 0.125
6 25 0.25
61 52 0.125
26 4 0.142857
26 5 0.166667
27 24 0.166667
40 37 0.0833333
40 41 0.25
40 42 0.166667
62 44 0.111111
41 40 0.166667
41 57 0.166667
42 40 0.166667
7 1 0.0666667
7 2 0.0909091
7 13 0.5
7 31 0.25
8 10 0.5
8 14 0.125
28 17 0.0588235
43 37 0.0833333
43 49 0.125
29 15 0.0909091
44 45 0.166667
44 62 0.5
30 25 0.25
30 22 0.2
30 17 0.0588235
30 9 0.111111
30 11 0.333333
63 39 0.0714286
64 39 0.0714286
64 38 0.1
9 11 0.333333
9 17 0.0588235
65 39 0.0714286
65 48 0.25
65 63 0.333333
65 49 0.125
66 45 0.166667
10 8 0.0909091
31 18 0.125
31 7 0.125
45 44 0.111111
45 42 0.166667
45 66 0.5
11 9 0.111111
32 18 0.125
67 59 0.166667
67 1 0.0666667
46 47 0.25
46 53 0.2
46 60 0.2
12 16 0.166667
13 7 0.125
14 5 0.166667
14 8 0.0909091
14 4 0.142857
14 16 0.166667
47 46 0.0909091
47 53 0.2
15 23 0.5
15 29 0.5
16 12 0.166667
16 14 0.125
48 36 0.0909091
48 65 0.166667
17 9 0.111111
17 6 0.142857
17 15 0.0909091
17 21 0.5
17 24 0.166667
17 28 0.5
18 1 0.0666667
18 19 0.2
18 31 0.25
18 32 0.25
19 18 0.125
19 9 0.111111
49 43 0.25
49 37 0.0833333
49 50 0.1
49 65 0.166667
50 36 0.0909091
50 49 0.125
50 51 0.333333
50 56 0.5
51 50 0.1
