0 1
1 0
1 3
1 12
2 0
2 1
2 4
2 5
3 1
4 2
4 5
5 2
5 4
5 6
6 8
6 10
6 5
6 7
7 9
7 6
8 6
9 7
10 11
10 6
11 10
12 27
12 1
12 3
12 20
12 13
13 64
13 178
13 87
13 218
13 59
13 12
13 14
14 17
14 18
14 24
14 88
14 200
14 13
14 15
15 16
15 19
15 56
15 26
15 95
15 14
15 31
16 56
16 47
16 31
16 21
16 15
17 24
17 88
17 44
17 200
17 14
18 17
18 117
18 14
18 23
19 137
19 42
19 132
19 15
20 66
20 179
20 36
20 183
20 164
20 186
20 12
20 162
21 16
21 96
21 34
21 163
21 22
22 81
22 118
22 163
22 21
22 94
23 35
23 147
23 37
23 167
23 72
23 105
23 28
23 40
23 18
23 67
23 52
23 21
23 60
23 133
24 32
24 17
24 177
24 86
24 39
24 25
24 74
24 14
25 24
25 65
25 119
26 33
26 43
26 44
26 45
26 109
26 50
26 148
26 23
26 154
26 15
26 29
26 222
26 223
27 12
27 85
27 30
28 156
28 23
29 33
29 50
29 148
29 117
29 26
29 45
30 27
30 172
30 85
31 16
31 97
31 18
31 144
31 15
32 24
32 74
32 143
33 26
33 29
33 109
34 57
34 21
34 38
34 182
35 40
35 114
35 67
35 60
35 23
36 41
36 114
36 20
36 221
37 48
37 68
37 52
37 214
37 23
37 57
37 46
38 220
38 34
38 76
38 122
38 157
39 32
39 24
39 74
40 35
40 52
40 133
40 23
41 492
41 131
41 20
41 165
41 36
41 139
41 92
41 77
41 191
42 144
42 161
42 19
43 33
43 99
43 102
43 70
43 103
43 135
43 46
43 47
43 116
43 158
43 26
43 62
44 17
44 193
44 33
44 26
44 108
44 29
44 206
45 33
45 205
45 89
45 26
45 28
45 29
45 110
45 63
46 129
46 18
46 84
46 53
46 216
46 47
46 43
46 37
47 16
47 49
47 91
47 51
47 142
47 43
47 46
47 175
48 68
48 37
48 214
48 71
49 198
49 256
49 146
49 54
49 150
49 47
49 79
50 33
50 26
50 29
51 16
51 82
51 150
51 47
52 40
52 48
52 170
52 37
52 23
53 46
54 49
55 49
55 98
55 54
55 58
55 91
55 207
55 79
56 16
56 83
56 197
56 15
57 34
57 85
57 38
57 124
57 69
57 37
58 96
58 98
58 79
58 207
58 55
59 112
59 195
59 217
59 201
59 13
59 14
60 35
60 23
61 43
61 125
61 158
61 135
62 43
62 116
63 89
63 170
63 45
64 178
64 169
64 47
64 58
64 91
64 13
64 79
65 25
65 75
65 13
65 93
66 80
66 81
66 163
66 20
66 22
66 168
66 90
66 176
66 12
67 40
67 114
67 35
67 23
68 48
68 37
68 71
69 57
70 107
70 43
70 156
70 37
71 48
71 209
71 68
71 37
71 73
71 196
71 189
71 78
71 461
72 113
72 35
72 23
73 18
73 100
73 71
73 25
73 138
73 151
74 32
74 177
74 39
74 24
74 121
74 106
74 143
75 65
76 96
76 145
76 34
76 115
76 38
76 104
76 492
76 202
76 155
76 220
76 94
77 41
78 189
78 209
78 196
78 141
78 71
79 64
79 49
79 144
79 87
79 58
79 55
80 36
80 66
80 20
80 90
81 66
81 123
81 22
81 215
82 51
82 156
82 21
82 94
83 56
84 216
84 129
84 53
84 46
85 57
85 90
85 27
85 30
86 32
86 212
86 149
86 39
86 24
86 153
86 159
86 93
86 127
87 55
87 169
87 59
87 204
87 13
87 79
88 152
88 17
88 59
88 188
88 14
89 45
89 63
90 80
90 66
90 85
91 64
91 55
91 47
92 41
92 165
93 160
93 65
93 134
93 86
93 88
93 42
93 184
93 223
93 127
94 82
94 163
94 76
94 22
94 111
95 97
95 204
95 197
95 15
96 464
96 210
96 21
96 136
96 58
96 76
96 181
97 65
97 31
97 95
98 58
98 55
99 158
99 102
99 103
99 43
99 61
99 62
100 256
100 73
101 47
102 99
102 43
102 125
103 99
103 43
103 61
104 76
105 60
105 23
106 24
106 32
106 74
106 143
106 121
107 70
108 44
108 206
109 33
109 26
109 222
110 45
110 63
111 94
112 201
112 217
112 59
112 166
112 195
113 72
113 120
113 124
113 174
114 128
114 35
114 67
114 36
114 23
114 126
114 191
115 76
116 99
116 43
116 62
116 103
117 256
117 33
117 18
117 130
117 26
117 29
118 22
119 25
120 113
120 174
121 74
121 106
121 13
122 34
122 38
123 81
123 66
124 120
124 113
124 140
124 57
125 99
125 116
125 61
125 102
126 128
126 114
126 191
127 93
127 86
128 114
128 126
129 216
129 84
129 46
130 117
131 41
131 123
131 20
131 171
132 137
132 19
133 40
133 67
133 35
133 60
133 23
134 93
135 194
135 99
135 149
135 219
135 103
135 185
135 43
135 61
136 96
136 181
137 19
137 132
138 73
138 100
139 41
140 124
141 113
141 77
141 78
141 71
142 47
143 24
143 32
143 106
143 74
144 42
144 79
144 31
145 104
145 115
145 76
146 49
146 54
147 40
147 263
147 133
147 23
148 33
148 26
148 29
149 25
149 46
149 86
149 135
150 96
150 49
150 146
150 51
150 54
150 192
151 73
151 138
151 100
152 88
153 86
154 26
154 135
155 202
155 115
155 76
156 82
156 51
156 28
156 70
157 256
157 34
157 180
157 213
157 38
157 122
157 203
158 99
158 43
158 61
158 62
159 86
160 88
160 24
160 93
160 173
161 42
161 190
162 20
163 66
163 94
163 21
163 22
164 20
165 41
165 92
166 112
166 59
167 464
167 133
167 23
168 66
169 64
169 13
169 87
170 40
170 52
170 150
170 63
171 131
172 27
172 30
173 160
174 120
174 113
174 124
175 47
176 168
176 66
177 24
177 74
177 106
178 64
178 13
178 199
179 162
179 20
179 183
180 157
181 96
181 136
182 34
182 38
182 122
182 203
182 492
182 94
183 162
183 179
183 20
183 186
184 93
185 135
186 162
186 20
186 183
187 81
188 88
189 196
189 78
189 71
190 161
190 75
190 93
190 65
190 137
191 41
191 114
191 211
191 68
191 126
192 150
193 44
194 185
194 135
195 112
195 178
195 59
195 79
196 189
196 78
196 71
197 56
197 95
198 49
198 54
199 178
200 17
200 14
201 112
201 217
201 59
202 155
202 76
203 157
203 182
203 21
204 87
204 95
205 45
205 63
206 108
206 44
207 58
207 55
208 131
209 78
209 71
210 96
211 191
212 481
212 86
212 159
213 180
213 157
214 48
214 37
215 81
216 129
216 84
216 46
217 112
217 201
217 59
218 13
219 135
220 122
220 76
220 34
220 38
221 36
222 26
222 109
222 29
223 224
223 225
223 146
223 26
223 47
223 58
223 93
224 233
224 231
224 237
224 223
225 232
225 227
225 228
225 230
225 223
226 232
226 225
226 236
227 225
227 229
228 225
229 227
229 235
230 225
230 228
231 224
231 234
232 225
232 226
233 224
234 231
235 229
236 226
237 224
238 240
238 33
238 194
238 261
238 70
238 103
238 242
238 247
238 29
238 254
238 239
239 241
239 251
239 244
239 246
239 238
240 248
240 255
240 238
240 247
241 245
241 239
242 250
242 243
242 238
243 242
244 249
244 239
245 241
246 239
247 240
247 238
248 240
248 238
249 252
249 244
250 242
251 243
251 239
252 249
252 253
253 252
254 238
255 240
256 49
256 258
256 100
256 117
256 257
256 157
256 5
257 256
257 260
258 256
258 259
258 260
259 258
260 257
260 258
261 238
261 262
261 231
261 109
261 46
261 37
262 261
263 225
263 307
263 294
263 289
263 40
263 275
263 266
263 267
263 268
263 46
263 48
263 147
263 276
263 372
263 281
263 350
263 287
264 304
264 321
264 290
264 291
264 263
264 280
264 265
264 410
264 315
264 316
264 306
265 264
265 344
265 290
265 388
266 423
266 342
266 263
266 425
266 367
266 332
266 285
266 286
266 271
267 272
267 443
267 270
267 263
268 272
268 288
268 274
268 263
268 265
268 428
268 269
268 334
268 365
269 448
269 270
269 460
269 379
269 268
269 286
270 267
270 269
270 295
271 278
271 326
271 423
271 425
271 266
271 332
271 286
271 367
272 464
272 273
272 340
272 353
272 297
272 267
272 268
273 272
273 433
273 274
273 309
273 297
273 335
274 273
274 403
274 268
274 334
274 284
275 356
275 277
275 406
275 263
275 265
275 299
275 380
276 347
276 387
276 285
276 294
276 263
277 275
277 358
277 313
277 395
277 301
277 270
278 289
278 266
278 332
278 461
278 286
278 271
279 272
279 273
279 420
279 361
279 282
279 283
279 362
280 264
280 396
280 444
280 316
280 417
281 354
281 263
282 360
282 292
282 284
282 310
282 279
283 335
283 311
283 430
283 279
284 481
284 274
284 282
284 267
284 302
284 319
285 387
285 276
285 421
285 440
285 266
285 444
285 271
286 266
286 269
286 278
286 271
287 305
287 337
287 377
287 263
287 380
287 318
288 273
288 386
288 371
288 436
288 389
288 359
288 327
288 268
288 431
289 293
289 278
289 263
289 424
289 345
289 299
289 380
289 397
290 264
290 265
290 459
290 365
291 264
291 378
291 429
292 328
292 329
292 282
292 404
293 289
293 394
293 323
293 442
294 290
294 276
294 325
294 406
294 263
294 265
294 375
294 300
295 270
296 288
296 265
296 338
296 384
296 269
297 272
297 273
297 335
298 267
299 289
299 346
299 275
299 382
299 307
300 355
300 294
301 308
301 277
301 311
302 284
302 333
302 303
303 312
303 302
304 264
304 265
305 337
305 318
305 287
306 336
306 321
306 402
306 324
306 417
306 264
307 401
307 450
307 263
307 299
307 350
307 351
308 301
308 413
309 273
309 335
309 433
309 297
310 282
310 314
311 283
311 301
312 314
312 381
312 303
313 277
313 358
314 312
314 432
314 282
314 330
314 310
315 264
316 280
316 264
316 322
316 317
316 321
317 352
317 316
318 305
318 343
318 287
319 320
319 481
319 370
319 326
319 284
319 349
319 446
320 370
320 446
320 326
320 319
321 264
321 306
321 339
321 316
321 322
322 321
322 316
322 366
322 318
323 394
323 452
323 293
323 442
324 304
324 306
324 364
325 267
325 294
326 320
326 266
326 319
326 398
326 271
327 288
328 329
328 404
328 292
329 369
329 292
329 328
329 404
329 362
329 348
330 314
330 451
330 311
331 393
331 458
331 291
331 318
332 266
332 342
332 278
332 271
333 302
333 399
334 392
334 274
334 268
334 341
334 422
335 273
335 427
335 309
335 376
335 297
335 283
336 306
336 363
336 324
336 438
337 305
337 287
338 296
338 384
339 321
340 272
340 273
340 353
340 456
340 297
341 392
341 334
342 418
342 454
342 263
342 332
342 266
342 412
342 415
343 357
343 318
344 265
344 388
345 289
345 397
346 408
346 307
346 299
346 293
347 276
347 447
348 400
348 329
348 362
348 292
348 351
349 405
349 319
350 385
350 418
350 307
350 293
350 263
350 435
350 453
351 307
351 348
352 317
353 272
353 368
353 340
353 391
353 273
353 296
353 456
353 379
354 281
355 346
355 419
355 300
355 325
355 277
356 275
357 318
357 343
358 313
358 447
358 277
358 373
359 288
359 371
359 436
359 389
359 431
360 409
360 282
360 310
361 279
362 329
362 330
362 348
362 279
363 336
364 336
364 324
365 290
365 268
365 414
365 439
366 393
366 322
367 266
367 332
367 271
368 456
368 353
368 391
369 329
369 292
370 320
370 446
370 319
371 288
371 389
371 359
372 411
372 263
373 407
373 276
373 374
373 358
373 406
374 373
375 294
376 335
377 457
377 383
377 342
377 287
378 291
379 353
379 268
379 269
379 441
379 437
380 289
380 275
380 287
381 312
381 419
382 299
383 377
383 457
384 296
384 338
384 455
385 390
385 349
385 350
385 351
386 288
386 445
387 426
387 276
387 285
387 422
388 344
388 265
388 296
389 288
389 386
389 371
389 359
390 385
391 368
391 353
392 341
392 334
393 331
393 318
393 366
394 323
394 293
395 413
395 277
395 373
396 280
397 424
397 289
397 345
398 326
399 333
399 302
400 348
401 307
402 306
403 274
404 328
404 329
404 292
405 349
406 275
406 373
406 294
407 373
408 346
409 360
409 282
409 310
410 264
410 416
410 365
411 372
411 263
412 454
412 342
413 392
413 395
413 308
413 311
414 365
414 439
415 342
416 304
416 410
417 280
417 321
417 306
417 331
417 374
418 449
418 350
418 349
418 342
419 355
419 381
420 279
421 266
421 285
421 334
422 387
422 421
422 334
423 377
423 266
423 271
423 434
423 367
424 289
424 397
424 461
425 266
425 332
425 271
426 387
427 335
428 268
429 291
430 283
431 288
431 359
432 314
433 272
433 273
433 309
434 423
435 453
435 350
436 288
436 386
436 371
436 389
436 359
437 441
437 379
438 336
439 365
439 414
440 285
441 379
441 437
442 394
442 323
442 452
442 293
443 298
443 267
443 419
444 280
444 285
445 288
445 386
445 389
446 320
446 370
446 319
447 440
447 347
447 285
447 358
448 460
448 269
449 418
450 307
451 330
452 442
452 323
452 394
452 293
453 435
453 350
454 412
454 342
455 296
455 384
455 388
455 270
455 327
456 368
456 353
456 340
457 377
457 383
458 331
459 290
459 479
460 448
460 269
461 421
461 278
461 71
461 424
461 463
461 462
461 15
462 461
462 463
463 461
463 462
464 96
464 272
464 34
464 467
464 468
464 469
464 466
464 167
464 470
464 476
464 338
465 464
466 464
466 475
466 471
467 464
467 473
468 464
468 469
468 477
469 464
469 472
469 474
469 468
470 464
470 476
471 465
471 466
471 475
472 469
472 478
473 467
474 469
475 464
475 466
475 471
476 464
476 470
477 468
478 472
478 476
479 480
479 305
479 230
479 22
479 439
479 459
480 479
481 112
481 482
481 212
481 489
481 284
481 319
482 481
482 490
482 483
482 484
482 485
483 488
483 482
484 482
484 490
485 482
485 486
486 482
486 485
487 483
488 483
488 485
489 481
490 482
490 491
490 484
491 490
492 498
492 68
492 182
492 41
492 76
492 493
493 497
493 492
493 494
494 496
494 498
494 492
494 493
495 493
496 494
497 499
497 493
497 494
497 495
498 496
498 492
498 494
499 497
