1 2
1 8
1 10
1 22
2 1
2 3
2 4
2 10
2 14
2 15
2 21
3 2
3 10
3 15
3 21
4 2
4 3
4 5
4 6
4 9
4 12
4 13
4 18
4 27
5 4
5 6
5 14
5 18
6 4
6 5
6 7
7 5
7 6
7 4
7 9
7 12
7 13
7 18
8 1
8 2
8 3
8 24
9 5
9 4
9 7
9 17
10 3
10 1
10 2
10 11
10 23
11 2
11 10
12 7
12 4
12 9
13 7
13 4
13 5
13 16
14 5
14 2
14 19
15 3
15 2
15 20
15 21
16 13
17 5
17 6
17 9
17 27
18 6
18 7
18 4
18 5
19 14
20 2
20 15
20 3
21 2
21 15
21 3
22 1
23 10
24 8
24 19
27 4
27 7
27 17
27 9
28 29
28 32
29 28
29 30
30 29
30 31
31 30
32 28
33 34
34 33
35 36
35 58
36 35
36 42
36 44
36 51
36 63
37 38
37 40
37 41
37 50
37 64
38 37
38 47
38 54
38 55
38 56
38 69
39 38
39 55
39 68
40 37
40 43
40 46
40 52
40 67
41 37
41 64
41 70
42 36
42 44
43 40
43 67
44 42
44 36
45 41
45 37
45 48
45 49
45 53
46 40
46 43
46 61
46 66
47 38
47 39
47 54
47 56
47 69
48 45
49 48
49 45
49 53
50 37
50 40
51 42
51 36
51 60
51 65
52 40
52 35
52 62
53 45
53 48
53 49
54 47
54 38
54 69
55 47
55 38
55 39
55 56
55 69
56 45
56 38
56 47
56 55
56 57
56 59
56 63
56 65
57 56
57 65
58 35
59 56
59 57
60 51
60 63
61 46
61 66
62 52
63 56
63 60
63 57
63 36
64 41
64 37
64 70
65 51
65 63
65 57
65 56
65 59
66 61
66 46
67 40
67 43
68 55
68 39
69 38
69 47
69 55
69 54
70 37
70 64
70 41
71 72
72 71
74 75
75 74
75 76
76 75
76 74
