0
0.112815
0.136346
0.187737
1
0.132439
0.132815
0.061275
0.014295
0.144667
1
0.33426
0.149348
0.131473
0.037647
0.040573
0.033037
0.033637
0.162755
0.01347
0.010177
0.056757
0.056692
0.500018
0.002421
0
0
0.128267
0
0
0
0
0
0
0
0.020184
0.017068
0.070199
0.102024
0.03817
1
0.02171
0.00902
0.263513
0.006139
0.091165
0.142416
0.122295
0.03043
0.021135
0.023449
0.025021
0.143036
0.021331
0.040971
0.113561
1
0.238512
0.004983
0.278518
0.040439
0.042203
0.071354
0.14223
0.015241
0.150663
0.042219
0.293107
0.012738
0.039245
0.006977
0
0
0
0
0
0
