0 1
0 2
0 3
0 4
0 5
0 6
0 7
0 8
0 9
0 10
0 13
0 15
0 19
0 39
0 96
0 145
0 173
1 0
1 20
1 72
1 75
1 153
2 0
2 12
2 17
2 23
2 24
2 43
2 150
2 163
2 184
2 185
2 209
3 0
3 164
3 173
4 0
4 114
5 0
5 18
5 19
5 36
5 40
5 45
5 76
6 0
6 19
6 52
6 96
6 173
7 0
7 13
7 14
7 15
7 96
8 0
8 6
8 17
8 21
8 22
8 26
8 31
8 32
8 41
8 54
8 77
8 161
8 176
9 3
9 6
9 0
9 50
9 73
9 74
9 205
10 0
10 11
10 30
10 33
10 200
11 10
11 47
11 160
11 165
11 172
11 202
12 2
12 24
12 28
12 45
12 60
12 113
13 0
13 7
13 6
13 14
13 164
14 13
14 9
14 7
14 6
14 80
14 94
14 132
15 0
15 7
15 38
15 45
15 66
15 113
16 1
16 58
16 67
16 71
16 83
16 182
17 2
17 8
17 20
17 25
17 27
17 28
17 42
17 97
17 106
17 117
17 123
18 5
18 2
18 34
18 44
18 56
18 134
18 147
19 6
19 0
19 5
19 45
19 61
19 127
19 159
19 186
20 1
20 17
21 8
21 51
21 95
21 176
22 21
22 8
22 17
22 37
22 41
22 131
23 2
23 29
23 59
23 90
23 133
23 140
23 155
24 17
24 2
24 12
24 25
24 42
24 64
24 70
24 79
24 122
24 128
24 139
24 143
24 154
25 17
25 24
25 105
26 0
26 18
26 8
26 19
26 35
26 62
26 101
26 111
26 187
27 17
27 69
27 81
27 106
27 144
28 17
28 12
28 38
29 23
29 90
29 155
30 10
31 8
31 21
31 32
32 8
32 31
32 12
32 73
32 78
32 141
33 10
34 18
34 152
35 26
36 5
36 30
36 39
37 22
38 28
38 25
38 15
38 12
38 46
38 68
39 0
39 36
39 103
39 146
39 156
40 5
40 63
41 8
41 22
41 31
41 48
41 75
42 17
42 25
42 24
42 53
42 55
42 85
42 91
42 104
42 148
43 2
44 18
44 24
44 100
44 129
44 198
45 12
45 19
45 5
45 15
45 49
45 57
45 110
45 132
45 203
46 38
46 81
46 125
47 11
47 84
47 89
47 93
47 98
47 116
48 41
49 45
49 15
49 179
49 210
50 11
50 9
50 136
50 167
51 41
51 21
51 26
51 58
52 40
52 0
52 6
52 30
52 192
53 42
53 85
53 91
54 8
54 21
54 77
55 39
55 42
55 53
55 73
55 86
55 181
56 18
56 134
57 45
57 132
58 51
58 16
58 48
58 71
58 102
59 23
59 29
59 90
59 206
60 12
61 19
61 63
61 127
61 159
62 26
62 149
62 178
62 187
63 19
63 40
63 61
63 82
63 191
64 24
65 16
66 15
66 46
66 38
66 94
66 183
67 16
68 12
68 46
68 38
68 87
68 92
68 121
69 67
69 27
69 83
70 24
70 139
71 58
71 16
71 102
72 1
72 108
72 144
73 32
73 9
73 23
73 55
74 59
74 9
74 0
74 107
74 126
74 168
75 1
75 41
75 131
76 5
77 54
77 21
77 8
77 95
77 161
78 32
78 120
79 24
80 14
81 46
81 27
81 12
81 72
81 199
82 63
83 69
83 16
84 47
84 118
84 166
85 42
85 53
85 91
85 104
85 148
86 55
86 115
87 68
87 92
88 7
88 6
88 13
88 145
88 164
89 47
89 93
89 98
89 116
90 23
90 29
90 59
90 189
90 206
91 53
91 42
91 85
92 87
92 81
92 68
93 47
93 89
93 98
93 135
93 138
94 66
94 14
94 130
95 77
95 21
95 42
95 31
95 198
96 0
96 7
96 6
96 145
97 17
98 93
98 47
98 10
98 89
98 99
98 171
98 180
98 190
99 98
99 171
100 44
100 129
100 188
100 198
101 26
102 67
102 71
102 58
103 39
103 112
103 146
104 53
104 85
104 42
104 117
105 25
106 27
106 17
106 124
106 137
107 74
108 72
109 49
110 45
111 26
112 103
112 84
112 193
113 46
113 28
113 15
113 12
113 179
114 4
115 86
116 47
116 89
116 14
116 93
116 157
116 158
116 194
117 17
117 104
118 84
118 166
119 18
120 78
121 66
121 68
121 87
121 174
122 24
122 139
122 154
123 17
123 128
124 106
124 137
125 46
125 38
126 74
127 19
127 61
127 159
127 186
127 188
128 106
128 123
128 24
128 25
128 175
129 100
129 44
130 94
130 116
130 151
131 22
131 75
131 142
132 110
132 45
132 14
132 57
133 90
133 23
133 206
134 18
134 56
134 147
135 89
135 47
135 93
136 50
137 106
137 27
137 124
137 196
138 47
138 93
138 89
139 70
139 122
139 24
140 23
140 29
140 133
140 155
141 32
142 131
142 72
143 24
143 122
144 72
144 27
145 6
145 0
145 96
145 88
145 162
145 170
145 177
146 84
146 39
146 103
146 156
146 160
147 134
147 18
147 119
148 85
148 42
149 26
149 62
149 101
149 178
150 2
151 130
151 160
152 34
153 1
154 24
154 139
154 122
155 90
155 140
155 29
155 23
156 39
156 146
156 204
156 207
157 116
158 116
159 61
159 127
159 19
159 188
160 11
160 146
160 151
160 130
161 8
161 77
162 145
163 2
163 209
164 0
164 13
164 88
164 3
165 11
165 172
166 84
166 118
167 136
167 50
168 74
168 126
169 117
170 145
171 98
171 99
172 11
172 165
173 6
173 3
173 0
174 121
175 92
175 128
175 78
176 8
176 21
176 161
177 145
178 26
178 62
178 149
178 187
179 49
179 113
180 171
180 98
180 99
180 190
181 55
182 16
183 66
184 2
184 43
184 185
185 2
185 184
186 127
186 19
187 62
187 26
187 178
188 127
188 86
188 100
188 159
189 21
189 90
189 22
189 77
189 8
189 201
190 98
190 180
191 63
191 82
192 52
193 143
193 112
193 208
194 116
195 10
195 171
195 63
195 30
196 137
197 36
197 143
197 115
198 44
198 100
198 95
199 81
200 10
200 33
201 189
202 11
202 172
203 57
203 45
204 156
205 9
206 133
206 90
206 59
206 92
207 156
208 193
209 185
209 2
209 163
210 49
