1
0.166035
1
0.190247
0.25125
0.154107
0.234423
0.153652
1
0.156249
0.087154
0.014888
0.173695
0.139551
0.10858
0.16842
1
1
0.075758
0.166858
0.278253
0.115812
0.100515
0.068661
1
0.23731
1
0.10621
0.169465
0.027253
0.031552
0.17195
0.106648
0.035475
0.019175
0.499729
0.038668
0.050286
0.030333
0.080344
0.037677
0.118049
0.111766
0.385885
0.009235
1
0.011791
0.084429
0.049446
0.126631
0.022305
0.040727
0.033626
0.023894
0.158333
0.012622
0.021664
0.233499
0.133515
0.118341
0.086896
0.025798
0.147456
0.006256
0.500274
0
0.020775
0.274698
0.004164
0.069618
0.287448
0.185823
0.024005
0.038031
1
0.048501
0.077006
0.136168
0.024118
0.500837
0.054221
0.014114
0.002558
0.254964
0.012125
0.020673
0.003856
0.002612
0.14829
0.120842
0.020818
0.024362
0.009102
0.106718
0.021325
0.031181
0.269385
0.500744
0.020234
0.003846
0.003031
0.340081
0.060913
0.01119
0.037929
0.118355
0.123423
0.500089
0.011881
0
0.373683
0.500878
0.002267
0.041105
0.125903
0.00131
1
0.145467
0.003391
0.006344
0.012186
0.000715
0.213764
0.275115
0.022799
0.00398
0.408574
0.023832
0.153952
0.002937
0.003756
0.023949
0.180828
0.016332
0.016885
0.026794
0.009126
0.020213
0.026878
0.221264
0.013194
0.053619
0.008007
0.200401
0.031661
1
0.011292
0.012688
0.031652
0.031318
0.500052
0.001756
0.009595
0.082948
0.230957
0.014508
0.010987
0.500109
0.500619
0.023512
0.003706
0.253367
0.50012
0.281883
0.064544
0.004464
0.002856
0.00743
0.334321
0
0.500599
0.004365
0.004332
0.22068
0.000337
0.038576
0.216424
0.500141
0.048678
0.040634
0.003975
0.006264
0.500956
0.010431
0.238363
0.26412
0.036828
0.187426
0.006765
0.002604
0.005639
0.002145
0.016843
0.000435
0.500258
0
0.01015
0
0.006909
0.00701
0.029213
0.001323
0.004977
0.333654
0.005449
0.078333
0.021311
0.005456
0.000223
0.201127
0.063122
