0 1
0 3
1 0
1 2
2 1
2 4
3 0
4 2
5 9
6 5
6 7
7 6
7 10
9 5
10 7
10 6
11 14
11 17
11 27
11 29
11 36
11 48
11 56
11 58
11 66
11 98
11 115
11 118
11 119
11 128
12 19
12 23
12 55
12 61
12 74
13 15
13 22
13 63
13 65
13 80
13 103
14 11
14 45
14 98
14 115
15 13
15 65
15 103
16 25
16 51
16 127
17 11
17 14
17 18
17 28
17 37
17 39
17 58
17 104
17 152
18 17
18 23
18 30
18 38
18 81
18 105
18 128
19 12
19 33
20 18
20 21
20 35
20 78
20 102
20 111
20 114
21 20
21 18
21 27
21 47
21 67
21 110
22 13
22 15
22 24
22 26
22 46
22 60
22 83
22 123
23 12
23 18
23 58
23 87
23 97
24 22
24 26
24 63
24 83
25 16
25 32
25 34
26 22
26 24
26 31
26 49
27 14
27 21
27 11
27 17
27 42
27 85
27 101
28 17
28 54
28 59
29 11
29 45
29 93
29 98
29 119
30 18
30 38
30 40
31 24
31 26
31 22
31 46
31 60
31 83
32 16
32 25
32 34
32 43
33 19
33 53
34 25
34 32
34 50
34 62
34 77
34 89
34 109
35 20
35 49
35 78
35 86
35 102
35 111
35 114
35 116
36 11
36 14
36 41
36 42
37 17
37 54
37 59
38 30
38 18
38 44
38 47
38 71
38 99
38 112
39 17
39 37
39 54
40 30
40 18
40 35
40 53
41 36
41 52
41 96
41 100
42 27
42 36
42 107
43 25
43 32
43 16
43 33
43 64
44 38
44 47
44 112
45 11
45 14
45 29
45 48
45 56
45 66
45 84
45 115
46 24
46 22
46 31
46 72
47 38
47 29
47 21
47 44
47 68
47 76
47 79
47 86
47 113
47 124
47 125
47 147
48 14
48 11
48 45
48 56
48 119
49 26
49 35
49 57
50 34
50 62
51 25
51 16
51 32
51 33
52 41
53 33
53 40
54 39
54 28
54 37
54 55
54 104
55 23
55 54
55 12
55 17
56 14
56 48
56 11
56 45
57 49
58 28
58 17
58 11
58 23
58 69
58 82
58 91
58 152
59 37
59 17
59 28
59 54
59 39
60 31
60 22
60 24
60 70
61 12
62 34
62 50
62 88
62 109
63 24
63 41
63 13
63 94
64 43
65 15
65 13
65 95
65 103
66 45
66 11
66 29
66 84
66 93
67 21
68 47
68 125
69 58
69 120
70 60
70 110
71 44
71 40
71 38
71 73
71 92
72 24
72 26
72 46
72 123
72 147
73 71
74 12
74 108
74 126
75 27
76 47
76 79
76 124
77 34
77 19
77 62
78 20
78 35
78 116
79 76
79 47
79 113
80 65
80 13
80 106
81 18
81 55
82 58
82 120
82 128
83 26
83 31
83 22
83 24
84 66
84 11
84 45
84 115
85 27
85 101
86 76
86 47
86 35
86 121
86 122
86 147
87 23
87 97
88 62
88 34
89 34
90 30
90 18
91 58
91 82
92 71
92 73
93 66
93 45
93 29
93 98
94 63
95 13
95 65
95 15
96 41
96 52
97 87
97 23
98 45
98 93
98 14
98 11
98 29
99 38
99 44
100 41
101 27
101 85
102 35
102 20
103 13
103 65
103 15
104 28
104 17
104 54
105 18
106 80
107 42
108 74
108 109
109 62
109 74
109 108
109 34
110 21
110 42
110 79
110 70
110 60
111 20
111 35
111 116
112 44
112 38
113 47
113 76
113 79
114 35
114 78
114 20
115 84
115 14
115 11
115 56
115 45
115 118
116 111
116 35
116 78
117 21
118 84
118 11
118 98
118 29
118 115
119 11
119 29
119 48
119 45
119 56
120 58
120 82
120 69
121 86
121 147
122 86
123 22
123 31
123 72
123 46
124 47
124 76
124 79
125 47
125 68
126 74
126 108
127 32
127 16
128 82
128 11
128 18
128 130
128 131
128 132
128 135
128 154
129 128
130 128
131 128
131 134
132 128
132 133
133 132
134 131
135 128
137 138
137 139
138 137
138 140
138 144
139 137
140 138
140 141
141 140
142 139
142 143
143 142
144 138
144 143
145 144
145 146
145 253
146 144
146 145
147 72
147 47
147 121
147 86
147 148
147 149
148 147
148 150
148 151
149 147
149 148
150 149
150 148
151 148
151 149
152 2
152 17
152 33
152 58
152 5
152 153
153 152
154 87
154 128
154 39
154 44
154 33
154 157
154 159
154 161
154 172
154 182
154 183
154 185
154 187
154 224
155 154
155 156
155 160
156 155
156 173
156 210
157 156
157 154
157 158
157 162
157 166
157 169
157 171
157 175
157 178
157 202
157 212
158 157
158 165
158 183
158 189
158 194
158 226
159 154
159 164
159 176
159 188
159 207
159 224
160 158
160 155
160 170
160 211
160 218
161 154
161 163
161 196
162 157
162 169
162 178
162 212
163 161
163 154
163 174
163 195
164 159
165 158
165 194
165 226
166 157
166 162
166 158
166 167
166 169
166 171
166 179
166 208
167 166
167 168
167 177
167 222
168 167
168 177
168 186
168 191
168 192
169 157
169 162
169 166
169 204
169 206
169 236
169 238
170 160
170 180
170 201
170 211
170 234
171 157
171 166
171 182
171 216
171 232
172 154
173 156
174 163
174 193
174 195
175 157
175 162
175 202
175 254
176 159
177 167
177 168
177 186
178 162
178 157
179 166
179 199
180 170
180 234
181 158
181 183
181 194
181 203
181 226
182 171
182 154
182 184
183 181
183 154
183 158
183 197
183 209
183 214
183 215
183 229
184 182
185 154
185 172
186 177
186 168
186 167
186 187
186 192
187 154
187 186
187 190
187 200
187 225
188 159
189 158
189 160
189 165
189 223
189 235
190 187
190 225
191 168
191 177
191 167
191 186
191 192
191 205
192 167
192 168
192 177
192 186
192 191
192 198
193 174
193 195
194 158
194 165
194 181
194 226
195 174
195 193
195 163
195 203
195 228
195 237
196 161
197 183
198 192
198 177
199 179
199 182
199 207
200 187
200 199
200 224
200 239
200 240
201 170
201 180
201 221
201 233
202 157
202 175
202 212
203 195
203 167
203 181
203 205
203 219
203 220
204 169
205 192
205 163
205 191
205 203
205 213
205 231
206 169
206 238
206 254
207 176
207 199
207 159
207 200
208 166
209 197
209 183
210 189
210 173
210 156
210 217
211 170
211 160
211 155
211 227
212 157
212 162
212 202
213 205
214 197
214 183
215 183
216 171
217 210
218 160
219 203
220 203
221 201
221 233
222 177
222 167
223 189
224 154
224 159
224 200
225 187
225 190
226 165
226 158
226 181
226 194
227 211
228 195
228 174
228 237
229 183
229 197
229 209
230 154
231 205
232 171
233 221
233 201
234 170
234 180
235 189
235 223
236 169
236 204
237 163
237 195
237 228
238 169
238 204
238 206
239 200
240 176
240 200
240 159
240 188
242 243
242 244
242 245
242 247
243 242
244 242
244 248
245 242
245 250
245 251
247 242
248 244
248 249
249 248
250 245
250 251
251 250
251 245
252 247
253 76
253 145
253 11
254 93
254 206
254 56
254 175
254 255
254 256
254 257
254 258
254 260
254 263
255 254
255 257
255 261
256 254
256 264
257 254
257 255
257 259
257 260
258 254
258 262
258 264
259 257
259 261
260 254
260 259
260 257
261 255
261 259
261 254
262 258
263 254
264 258
264 262
264 256
265 266
265 267
266 265
267 265
267 268
268 267
