0.005943
0.023797
0.142741
0.002923
0.035572
0.167372
0
0
0
0.083792
0
1
0.008988
0.000103
0.149692
0.000122
0.021241
0.120509
0.073716
0.096574
0.123058
0.098116
0.001344
0.038554
0.002505
0.123033
0.013907
0.074036
0.037894
0.197781
0.023872
0.001514
0.100434
0.243038
1
1
0.175037
0.041917
0.088506
0.158126
0.013535
1
0.036932
0.014534
0.221588
0.07981
0.001639
1
0.153618
0.125653
0.279166
0.004198
0.407924
0.062196
0.023991
0.00829
0.22968
0.062795
0.137076
0.011138
0.002391
0.004498
0.174116
0.000362
0.007289
3.6e-05
0.138318
0.049093
0.298412
0.040013
0.003897
0.011155
0.010652
0.004504
0.02833
0
0.186681
0.250394
0.204374
0.190351
1.8e-05
0.024676
0.129053
0.000739
0.059209
0.022178
0.17965
0.204522
0.057964
0.500072
0
0.045546
0.003727
0.174615
0.000118
5e-06
0.333714
0.058331
0.15785
0.029573
0.50116
0.022376
0.270262
4.2e-05
0.028228
0.03702
7e-06
0.018315
0.037581
0.162633
0.013839
0.20891
0.074203
0.227223
0.218008
0.122899
0.216764
0
0.156054
0.160718
0.032262
0.063896
0.089938
0.001505
0.227659
0.298498
0.009484
0.007108
1
0
0.500014
0.251476
0.165653
0.027495
0.126149
0.49997
0
0
0
0
0
0
0
0
0
0
0
0.086035
0.014611
0.018544
0.004763
0.004732
1
0.501341
1
0.011493
0.090981
1
0.121269
1
0.002113
0.182508
0.177458
0.129935
0.500745
0.027205
0.087875
0.039641
0.031509
0.089931
0.000166
0.12122
0.407732
0.020052
0.021968
0.285454
0.284182
0.035297
0.279808
0.024192
5.6e-05
0.122759
0.160593
1
0.080357
0.332889
0.037719
0.107558
0.337194
0.012183
0.032237
0.122395
0.103718
0.00969
0.035878
0.019654
0.091518
0.333335
0.034308
0.033974
0.057215
2.6e-05
0.225666
0.085797
0.039423
1
0.179049
0.167935
0.04416
0.297701
0.011346
0.000352
0.187334
0.500784
0.334263
0.500048
0.060602
0.002831
0.001035
0.043057
0.042983
8e-06
0.013225
0.00484
0.309022
0.031954
0.035582
0.000184
0.004674
0.250659
0
0.500897
0.060607
6e-06
5.1e-05
0.00399
0.030092
0.004576
0.05188
0.028738
0.011438
0
1
0.500238
0.201169
0.16664
0
0.333489
0.050433
0.0253
0.049915
0.049518
0
0
1
0.189683
0.256781
0.170444
0.176177
0.081873
0.223633
0.051967
0.080113
0.501415
0.082065
0
0
0
0
0
