3 4
3 10
4 3
4 5
4 17
4 28
4 66
5 4
5 6
5 7
5 8
5 29
5 59
6 5
6 8
6 29
6 59
7 5
7 6
8 6
8 5
8 9
8 12
8 15
8 23
8 53
9 8
9 18
9 34
10 3
10 11
10 27
11 10
11 27
11 49
12 8
12 23
12 42
13 14
13 16
13 55
14 13
14 37
14 45
14 67
15 12
15 8
15 23
16 14
16 13
16 19
16 27
16 38
17 4
17 5
17 32
17 60
17 65
18 4
18 9
18 24
19 16
20 22
20 26
20 57
20 58
20 63
21 33
22 7
22 20
22 9
22 30
22 39
22 43
23 8
23 15
23 12
23 31
23 36
23 42
23 53
24 18
26 20
26 41
26 57
26 58
26 63
27 11
27 16
27 10
28 4
28 17
28 48
28 62
29 6
29 17
29 5
29 44
29 56
30 22
31 8
31 23
31 12
31 36
31 42
32 17
32 47
32 60
32 65
33 21
33 35
33 38
33 51
34 9
35 33
35 51
36 23
36 31
36 4
37 13
37 14
38 33
38 35
38 16
38 40
39 22
39 30
40 38
41 20
41 26
41 25
41 33
42 8
42 31
42 12
42 23
43 39
43 22
43 30
44 29
45 13
45 37
45 14
45 54
45 61
45 64
46 29
46 8
46 50
47 32
47 17
48 4
48 28
49 10
49 11
50 46
51 33
51 38
51 35
53 23
53 8
53 31
54 45
55 13
55 37
55 14
55 61
55 156
56 29
57 20
57 26
57 58
58 26
58 57
58 20
59 5
59 6
60 17
60 32
60 65
61 45
61 55
62 28
63 20
63 26
64 45
64 54
65 17
65 32
65 60
66 4
67 37
67 14
67 13
68 71
68 74
69 73
70 72
71 68
72 70
73 69
74 68
75 76
75 77
75 79
76 75
76 78
77 75
77 80
78 76
79 75
80 77
81 84
82 83
82 84
83 82
84 82
84 81
85 93
86 87
86 94
86 115
86 134
87 86
87 85
87 95
87 101
87 116
87 130
88 89
88 90
88 118
88 119
89 88
89 92
89 98
89 117
90 88
90 99
90 109
90 142
91 126
91 141
92 89
92 106
92 107
92 133
93 85
94 86
94 96
94 111
94 128
95 87
95 97
95 99
96 94
96 113
96 132
96 145
97 95
97 138
98 89
98 102
99 90
99 95
100 102
100 127
101 87
101 116
102 89
102 98
102 100
102 108
102 143
104 121
106 92
106 107
106 133
107 106
107 92
107 112
107 119
107 122
107 133
108 102
108 99
109 90
109 125
109 140
110 104
110 120
110 144
111 94
111 96
111 136
112 107
112 92
112 113
112 119
112 131
113 96
113 112
114 111
114 87
114 139
115 86
116 101
116 87
116 123
117 89
117 98
117 137
118 88
119 107
119 88
119 108
119 112
120 110
121 104
121 110
122 107
122 92
123 116
123 124
123 134
123 135
124 123
125 109
126 91
127 100
127 139
128 94
130 87
130 123
130 138
131 112
132 96
133 107
133 92
133 106
134 123
134 86
135 123
136 111
137 98
137 89
137 117
138 99
138 97
138 130
139 127
139 114
140 109
141 91
142 90
143 102
144 110
145 96
146 129
146 85
146 105
149 150
150 149
151 152
151 154
152 151
152 154
153 151
154 151
154 152
154 155
155 154
156 55
