0
0
0
0.002287
0.022466
0.085965
0.107496
0.008561
0.103923
0.013028
0.000543
0.000271
0.170335
0.099497
0.106229
0.180652
0.009083
0.073652
0.001413
0.004563
0
3.3e-05
0
1
0.000478
0
0
0.001188
0.002233
1
0
0.167396
0.008994
0.000144
0.006604
0.000271
0.2247
0.185884
0.001172
0
0.000599
0
0.179027
0
0.500489
1
0
0.003049
0.000451
9.4e-05
0
9.7e-05
0
0.215816
0.408751
0.033185
0.501213
0
0
0.04612
0.015244
0.202276
0.000591
0
0.333356
0.01532
0.011213
0.017769
0
0
0
0
0
0
0
0
0
0
0
0
0
0
0
0
0
0.12602
0.084543
1
0.025222
0.017008
0.131473
0
0.176541
0.062953
0.107539
0.172468
1
0.051041
0.003858
0.059069
0.000501
0.274627
0.003273
0
0.167298
0
0.213674
1
0.026762
1
1
0.015287
0.145904
0.221777
6e-06
0.042479
0.155434
0.0035
0.01253
0.160023
0.499125
0.055755
0.333656
0.037117
0.01249
0.500457
0
0.000118
0.053937
0
0.202129
0.073056
0.500698
0.213316
0.020147
0.018505
0.007682
0.000864
0.040528
2.4e-05
0.499925
0
0.065815
0.001651
0.500174
0.500503
0
0
0
0
0
0
0
0
0
0
0.002809
0
