2 3
2 4
2 5
2 6
2 14
2 16
2 18
2 19
2 31
3 2
3 8
3 16
3 17
3 20
3 40
3 41
4 2
4 5
4 6
4 9
4 10
4 36
5 4
5 2
5 15
5 21
5 35
6 4
6 2
7 2
7 16
7 22
7 29
8 3
8 20
8 41
9 4
9 10
9 34
9 37
10 9
10 4
11 12
11 30
12 11
12 30
13 42
14 2
14 29
15 11
15 5
15 25
15 33
15 44
16 3
16 2
16 7
16 24
16 26
16 45
17 3
17 40
18 2
19 2
20 2
20 3
20 8
20 32
20 46
21 5
22 7
23 27
24 16
25 15
25 33
25 44
26 16
26 28
26 39
27 23
28 26
29 7
29 14
29 2
29 38
29 43
30 11
30 12
31 2
31 14
32 20
33 25
33 15
34 9
34 37
35 5
36 4
37 9
37 34
38 29
39 26
40 17
40 3
40 8
41 40
41 3
41 8
42 13
43 29
44 25
44 33
44 15
45 16
46 20
46 32
48 50
49 51
50 48
51 49
52 53
52 54
52 62
52 71
52 72
52 90
52 91
53 52
53 55
53 56
53 61
53 63
53 73
53 78
53 82
54 52
54 93
55 53
55 81
55 97
56 53
56 82
57 55
57 56
57 58
57 67
57 70
57 73
57 83
58 57
58 67
58 83
59 52
59 60
59 64
59 66
59 92
59 94
60 59
60 64
60 66
60 94
61 53
61 60
61 59
61 80
62 52
62 69
62 74
62 76
62 84
63 53
63 82
64 59
64 60
65 55
66 60
66 64
66 59
66 87
67 58
67 57
67 96
68 52
68 66
68 85
68 86
69 62
70 57
70 58
70 67
70 83
70 95
70 96
71 52
71 91
72 52
73 53
73 57
73 58
74 69
74 59
74 62
75 64
75 59
75 60
76 62
78 53
78 56
79 53
80 61
80 88
81 55
82 53
82 63
82 56
83 57
83 58
83 70
83 96
84 62
84 69
85 68
85 86
86 68
86 85
87 66
88 80
88 89
89 88
90 52
91 52
91 71
91 90
92 59
92 60
93 54
94 92
94 59
94 60
95 67
95 70
95 57
96 95
96 57
96 83
96 70
96 67
97 55
97 65
97 81
98 99
98 101
99 98
100 101
101 98
101 100
103 104
104 103
104 105
105 104
