0
0
1
0.089831
0.174565
1
0.226349
0.063627
0.018262
0.023002
0.038161
0.00916
0.002473
0
0.173379
0.091288
1
0.025748
0.499901
0.499709
0.008712
0.500635
0.031882
0
0.501062
0.015766
0.125354
0
0.062988
0.021362
0.00182
0.250121
0.003536
0.023535
0.006847
0.501243
0.087483
0.006845
0.010747
0.062815
0.020757
0.020567
0
0.005335
0.020591
0.500456
0.002893
0
0
0
0
0
1
1
0.250617
0.113583
0.183333
0.011715
0.018203
0.02188
0.01325
0.111541
1
0.166421
0.006208
0.007012
0.003501
0.004039
0
0.342717
0.001584
0.28966
0.500336
0.166092
0.250386
0
0.501188
0
0.333603
0
0.022196
0.033626
0.20916
0.003809
0.250031
0
0
0.001709
0.003585
0.001746
0.386749
0.241363
0.006941
0.125492
0.006781
0.000516
0.001145
0.028424
0
0
0
0
0
0
0
0
