2 3
2 19
2 23
2 26
2 28
2 38
3 2
3 5
3 20
3 22
3 26
3 27
3 46
4 3
4 6
4 11
4 13
4 31
4 42
4 53
5 3
5 27
5 46
6 4
6 3
6 30
6 35
6 43
7 8
7 9
7 12
7 15
7 24
7 45
8 7
8 10
8 14
8 47
8 51
9 7
9 21
9 25
10 8
10 14
10 16
11 4
11 18
11 29
11 53
12 7
12 21
12 25
13 4
13 42
14 10
14 8
14 17
14 33
14 44
14 48
15 7
15 12
15 21
16 10
16 8
17 14
17 48
18 11
19 2
19 23
19 38
20 3
20 5
21 15
21 9
21 12
21 45
22 3
22 20
22 5
22 28
23 2
23 19
24 9
24 7
24 32
24 37
24 40
25 12
25 7
25 9
25 21
25 15
26 3
26 19
26 2
27 3
27 20
27 5
27 28
28 3
28 27
28 2
28 19
28 22
28 36
28 50
29 11
29 5
29 3
30 6
31 4
32 24
32 49
33 17
33 16
33 14
33 34
33 41
34 33
35 6
36 28
36 50
37 24
37 49
37 51
37 53
38 2
38 19
38 23
39 10
39 8
40 24
40 37
41 33
41 34
42 13
42 4
42 119
43 6
44 14
44 17
45 9
45 7
45 21
46 3
46 5
46 22
46 51
47 8
48 17
48 14
49 24
49 37
49 32
50 36
50 28
51 46
51 37
51 8
51 52
52 51
53 11
53 4
53 37
53 14
53 54
53 55
53 56
54 53
55 53
55 58
55 59
56 53
56 57
57 56
58 55
58 53
59 55
61 60
62 63
62 80
62 104
63 62
63 66
64 74
64 87
65 67
65 71
65 95
66 63
66 62
66 69
66 80
67 65
67 68
67 75
67 105
68 67
68 75
68 78
68 84
68 85
69 66
69 70
70 69
71 65
71 102
71 112
72 73
72 76
72 101
72 103
73 72
73 83
73 90
74 64
74 86
74 87
75 67
75 68
75 78
76 72
76 79
76 92
76 106
76 107
76 113
77 88
77 96
77 98
77 99
77 109
78 75
78 68
78 67
78 85
79 76
79 92
80 62
80 66
80 91
81 72
81 100
82 63
83 73
84 68
84 75
84 67
84 78
84 85
84 93
85 67
85 68
85 75
85 78
85 84
85 89
86 74
86 87
87 74
87 86
87 64
87 108
87 115
88 77
89 85
89 75
90 73
91 80
92 79
92 76
92 106
92 111
93 85
93 64
93 84
93 97
93 110
94 73
94 90
95 65
96 88
96 77
97 93
98 88
98 77
99 77
100 81
101 72
102 71
103 72
104 62
105 75
105 67
106 76
106 92
107 76
107 92
108 87
108 74
108 115
109 77
109 88
109 96
110 93
111 92
111 81
111 76
112 71
113 73
113 106
113 76
114 77
114 76
115 64
115 87
115 108
117 118
118 117
119 42
119 120
119 121
120 119
120 121
121 119
121 120
121 122
122 121
