0
0
0.065009
0.097711
1
0.045897
0.07221
0.061392
0.063489
0.133352
0.151103
0.107597
0.014955
0.282226
1
0.013557
0.038805
0.180554
0.054124
0.137133
0.049817
0.016659
0.137916
0.045069
1
0.020465
0.032381
0.123404
1
0.012038
0.01449
0.251216
0.256655
0.12568
0.051291
0.014671
0.298404
0.15765
0.039195
0
0.335044
0.041825
0.201995
0.036223
0.333507
0.015178
0.021295
0.031784
0.281143
0.079402
0.298435
0.011041
0.005555
0.088822
0.014861
0.00878
0.017788
0.005844
0.00287
0.004493
0
0
0
0
0.111498
0.00171
0
0.02485
0.028963
0
0
0.000166
0.084829
0.02576
0.017551
0.031924
1
1
0.027133
0.28187
0
0.003532
0
0.012886
0.122261
0.102214
0.006543
0.010902
0.333488
0.03397
0.008654
0
0.190376
1
0
0.000855
0.297554
0.500646
0.333383
0.500013
0.001775
0.042711
9.4e-05
0.028106
0
0.008195
0.25954
0.333511
0.002493
0.250335
0.500095
0.03186
7.8e-05
0.201666
0
0.00241
0
0
0
0.009555
0.001828
0.001413
0.000296
0
