0 1
1 0
1 2
2 1
3 5
3 6
3 10
3 26
3 28
4 16
4 17
4 24
5 3
6 3
6 12
6 13
6 15
6 21
6 23
7 8
7 14
7 30
8 7
8 11
9 29
9 31
10 3
10 14
10 27
11 8
12 6
12 22
13 6
13 21
13 23
13 35
14 7
14 10
14 25
14 33
15 6
16 4
17 4
17 16
17 18
17 20
18 17
18 19
19 18
20 17
21 6
21 13
22 12
23 6
23 13
23 15
24 4
24 36
25 14
26 3
27 10
28 3
29 9
29 31
30 7
31 9
31 29
32 5
33 25
33 14
34 38
35 13
35 23
36 24
37 9
37 31
38 34
39 40
40 39
40 41
41 40
42 43
42 45
43 42
45 42
46 37
47 49
47 68
47 70
48 54
48 64
48 69
48 77
48 85
49 47
49 50
49 55
49 84
49 99
50 49
50 56
50 73
50 75
51 52
51 53
51 56
51 57
51 60
51 72
52 51
52 63
52 76
52 87
52 89
53 51
53 66
54 48
54 58
54 61
54 74
55 49
55 84
56 51
56 50
56 65
56 82
56 83
56 91
57 51
57 72
58 54
58 61
58 62
58 74
59 48
59 80
59 92
60 51
60 65
61 54
61 58
62 48
62 58
62 94
63 52
64 48
64 67
64 78
64 86
64 90
65 50
65 63
65 56
65 60
66 53
67 64
67 90
68 47
68 49
69 48
69 85
70 47
70 79
72 51
72 57
73 50
73 75
74 54
74 58
74 61
75 50
75 73
75 81
76 52
77 48
77 85
78 64
78 88
79 70
80 59
80 92
81 50
81 75
81 73
82 56
82 91
83 56
83 82
84 55
84 49
84 47
85 77
85 48
85 69
86 64
86 67
87 52
88 78
89 52
90 64
90 67
90 86
91 56
91 82
92 59
92 80
93 54
93 74
93 61
94 62
96 98
97 96
98 96
99 22
99 49
99 64
100 101
101 100
102 103
102 104
103 102
103 104
104 103
104 102
