0
0
0
1
0.101282
0.333112
0.058711
0.126236
0.021035
0
0.30581
0.010479
0.009718
0.008891
1
0.021447
0.350304
1
0.126003
0.063013
0.501766
0.016037
0.003457
0.008407
0.012813
0.407108
0.500006
0.102018
0.500327
0
0.063409
0
0
0.33228
0
0.001285
0.006357
0
0
0
0
0
0
0
0
0
0
0.000614
0.044087
0.005916
0.089202
0.123848
1
0.020627
0.003355
0.001293
1
0.036936
0.000522
0
0.071216
0.000717
5.9e-05
0.190584
1
0.172066
0.005114
0.275447
0.000159
0.012545
0.000146
0
0.036735
0.020748
0.000631
0.017294
0.500793
0.012327
0.142642
6.5e-05
0
0.00435
0.291895
0.333288
0.000883
0.008107
0.293427
0.500794
0.071844
0.500641
0.238747
0.298613
0
0
2.6e-05
0
0
0
0
0.000743
0
0
0
0
0
