105
224
0 1 0.166667
1 0 0.125
1 2 0.333333
2 1 0.166667
3 5 0.333333
3 6 0.0588235
3 10 0.166667
3 26 0.5
3 28 0.5
4 16 0.333333
4 17 0.125
4 24 0.125
5 3 0.0526316
6 3 0.0526316
6 12 0.166667
6 13 0.111111
6 15 0.333333
6 21 0.25
6 23 0.125
7 8 0.166667
7 14 0.0833333
7 30 0.5
8 7 0.125
8 11 0.5
9 29 0.166667
9 31 0.142857
10 3 0.0526316
10 14 0.0833333
10 27 0.333333
11 8 0.166667
12 6 0.0588235
12 22 0.333333
13 6 0.0588235
13 21 0.25
13 23 0.125
13 35 0.142857
14 7 0.125
14 10 0.166667
14 25 0.333333
14 33 0.333333
15 6 0.0588235
16 4 0.0769231
17 4 0.0769231
17 16 0.333333
17 18 0.125
17 20 0.5
18 17 0.125
18 19 0.5
19 18 0.125
20 17 0.125
21 6 0.0588235
21 13 0.111111
22 12 0.166667
23 6 0.0588235
23 13 0.111111
23 15 0.333333
24 4 0.0769231
24 36 0.5
25 14 0.0833333
26 3 0.0526316
27 10 0.166667
28 3 0.0526316
29 9 0.0909091
29 31 0.142857
30 7 0.125
31 9 0.0909091
31 29 0.166667
32 5 0.333333
33 25 0.333333
33 14 0.0833333
34 38 0.5
35 13 0.111111
35 23 0.125
36 24 0.125
37 9 0.0909091
37 31 0.142857
38 34 0.2
39 40 0.25
40 39 0.142857
40 41 0.333333
41 40 0.25
42 43 0.166667
42 45 0.5
43 42 0.111111
45 42 0.111111
46 37 0.25
47 49 0.0666667
47 68 0.25
47 70 0.25
48 54 0.0769231
48 64 0.0588235
48 69 0.25
48 77 0.25
48 85 0.125
49 47 0.0909091
49 50 0.0769231
49 55 0.2
49 84 0.125
49 99 0.125
50 49 0.0666667
50 56 0.0714286
50 73 0.2
50 75 0.166667
51 52 0.0714286
51 53 0.166667
51 56 0.0714286
51 57 0.25
51 60 0.25
51 72 0.25
52 51 0.0625
52 63 0.166667
52 76 0.5
52 87 0.5
52 89 0.5
53 51 0.0625
53 66 0.25
54 48 0.0434783
54 58 0.125
54 61 0.166667
54 74 0.166667
55 49 0.0666667
55 84 0.125
56 51 0.0625
56 50 0.0769231
56 65 0.166667
56 82 0.2
56 83 0.333333
56 91 0.25
57 51 0.0625
57 72 0.25
58 54 0.0769231
58 61 0.166667
58 62 0.111111
58 74 0.166667
59 48 0.0434783
59 80 0.25
59 92 0.25
60 51 0.0625
60 65 0.166667
61 54 0.0769231
61 58 0.125
62 48 0.0434783
62 58 0.125
62 94 0.5
63 52 0.0714286
64 48 0.0434783
64 67 0.2
64 78 0.142857
64 86 0.25
64 90 0.2
65 50 0.0769231
65 63 0.166667
65 56 0.0714286
65 60 0.25
66 53 0.166667
67 64 0.0588235
67 90 0.2
68 47 0.0909091
68 49 0.0666667
69 48 0.0434783
69 85 0.125
70 47 0.0909091
70 79 0.5
72 51 0.0625
72 57 0.25
73 50 0.0769231
73 75 0.166667
74 54 0.0769231
74 58 0.125
74 61 0.166667
75 50 0.0769231
75 73 0.2
75 81 0.25
76 52 0.0714286
77 48 0.0434783
77 85 0.125
78 64 0.0588235
78 88 0.5
79 70 0.25
80 59 0.111111
80 92 0.25
81 50 0.0769231
81 75 0.166667
81 73 0.2
82 56 0.0714286
82 91 0.25
83 56 0.0714286
83 82 0.2
84 55 0.2
84 49 0.0666667
84 47 0.0909091
85 77 0.25
85 48 0.0434783
85 69 0.25
86 64 0.0588235
86 67 0.2
87 52 0.0714286
88 78 0.142857
89 52 0.0714286
90 64 0.0588235
90 67 0.2
90 86 0.25
91 56 0.0714286
91 82 0.2
92 59 0.111111
92 80 0.25
93 54 0.0769231
93 74 0.166667
93 61 0.166667
94 62 0.111111
96 98 0.25
97 96 0.142857
98 96 0.142857
99 22 0.333333
99 49 0.0666667
99 64 0.0588235
100 101 0.5
101 100 0.142857
102 103 0.25
102 104 0.25
103 102 0.125
103 104 0.25
104 103 0.25
104 102 0.125
