0 1
0 3
0 4
0 16
0 17
0 27
0 114
1 0
1 2
1 5
1 19
1 20
1 42
2 1
2 12
2 22
2 26
2 34
2 52
2 111
2 145
2 178
3 0
3 6
3 9
3 10
3 15
3 38
3 40
3 56
3 209
4 0
4 66
4 91
4 148
4 185
5 1
5 11
5 36
5 155
5 210
6 3
6 7
6 9
6 13
6 14
6 62
6 120
6 190
6 206
7 6
7 5
7 8
7 18
7 39
7 82
7 96
7 143
7 181
8 6
8 3
8 7
8 37
8 39
8 110
8 166
8 168
9 6
9 3
9 14
9 15
9 23
9 25
9 31
9 33
9 53
9 114
9 123
9 124
9 127
10 3
10 41
10 55
10 84
11 5
12 2
12 7
12 21
12 30
12 144
13 6
13 43
13 71
13 132
13 157
13 170
14 6
14 9
14 31
14 75
14 102
14 131
15 3
15 9
15 10
15 35
15 109
15 124
15 197
16 0
16 17
16 27
16 47
16 60
16 92
16 135
16 184
17 16
17 0
17 28
17 29
17 76
17 175
17 199
18 7
18 5
18 19
18 36
18 46
18 167
19 18
19 1
19 49
20 1
20 61
20 151
21 12
21 2
21 78
21 99
22 2
23 9
23 25
23 33
23 45
23 62
24 17
24 28
24 67
24 77
24 108
25 9
25 23
25 26
25 32
25 37
25 71
25 101
25 105
25 118
25 142
25 162
25 174
25 200
26 2
26 25
26 74
26 81
26 117
26 140
26 150
26 161
27 16
27 0
27 29
27 54
27 55
27 63
27 87
27 159
28 24
28 17
28 147
28 171
28 195
29 27
29 17
29 4
29 32
29 73
29 76
30 12
30 57
30 61
30 99
31 14
31 6
31 9
31 101
31 160
31 180
32 29
32 25
32 58
32 90
33 23
33 9
33 53
33 123
34 2
34 14
34 22
34 119
34 123
34 151
34 179
35 15
35 44
35 133
35 205
36 30
36 18
36 5
36 152
37 25
37 3
37 8
37 7
37 48
37 51
37 70
37 88
37 134
37 181
37 193
37 204
38 3
38 56
38 209
39 7
39 8
39 72
40 3
40 65
41 10
42 1
42 50
42 64
42 68
42 93
43 13
43 132
44 35
44 133
44 205
45 9
45 23
45 25
45 59
45 117
45 121
46 18
47 24
47 16
47 69
47 80
47 208
48 37
48 38
48 8
48 94
48 107
48 115
48 149
49 19
50 42
50 68
51 37
51 84
51 134
52 2
52 22
53 32
53 33
53 9
53 83
53 175
54 27
54 55
54 66
54 79
54 87
55 27
55 54
55 10
55 65
55 66
56 38
56 3
56 10
57 30
57 106
58 32
59 40
59 45
59 158
60 16
60 135
60 184
60 186
61 20
61 30
61 100
62 23
62 6
62 9
62 114
62 175
62 191
62 201
63 27
63 53
63 125
63 187
64 18
64 42
64 93
64 146
64 153
65 56
65 55
65 40
65 137
66 54
66 55
66 4
67 24
67 4
67 54
67 91
67 103
67 148
67 184
68 50
68 42
68 153
68 164
69 47
69 176
70 37
70 51
71 25
71 14
71 13
71 104
71 122
71 126
71 136
71 188
72 39
73 29
74 26
75 14
75 131
76 67
76 29
76 17
76 97
77 24
77 108
78 21
79 54
79 85
80 47
81 26
81 173
82 7
82 6
82 86
82 95
82 116
82 143
83 53
84 10
84 3
84 51
84 37
84 89
85 24
85 79
85 47
85 80
86 82
87 27
87 55
87 54
88 37
88 70
89 84
90 58
90 32
91 67
91 4
92 16
92 66
92 91
92 112
92 186
92 196
93 64
93 42
93 68
94 48
94 107
94 115
95 82
95 116
96 7
97 76
98 6
98 25
98 43
99 30
99 36
99 21
99 20
99 128
100 61
101 89
101 25
101 31
101 32
101 177
101 180
102 14
102 75
103 67
104 71
104 126
105 25
105 162
106 57
107 48
107 94
108 24
108 77
109 15
109 139
109 186
110 8
111 2
111 22
112 92
112 196
113 40
114 6
114 9
114 0
114 62
114 125
115 48
115 94
116 95
116 82
116 172
117 26
117 45
117 129
118 25
119 34
120 6
121 45
122 104
122 71
122 126
122 136
122 188
123 34
123 33
123 56
123 45
123 9
123 141
124 9
124 15
124 130
124 154
124 182
125 63
125 114
126 71
126 104
126 122
126 136
127 23
127 9
128 99
129 117
130 124
130 163
130 182
131 75
131 14
132 13
132 43
132 157
132 170
132 203
133 44
133 35
134 37
134 51
134 126
134 70
134 48
135 16
135 60
136 104
136 126
136 122
136 71
136 188
137 65
138 17
138 29
138 169
139 109
140 26
140 150
141 123
142 25
142 105
142 200
143 82
143 7
144 132
144 57
144 12
145 2
146 64
147 28
148 29
148 103
148 67
148 4
149 107
149 48
149 5
149 189
149 198
150 140
150 81
150 26
150 161
150 173
151 34
151 20
151 21
151 78
151 192
152 36
153 42
153 68
153 50
153 64
154 124
154 130
155 5
155 36
155 165
156 134
157 132
157 13
157 170
158 59
159 27
160 31
160 180
161 150
161 26
161 173
162 105
162 25
163 124
163 130
163 154
163 207
164 68
164 50
164 42
165 155
166 8
167 18
168 8
169 138
170 13
170 132
170 157
170 203
171 28
171 147
171 195
172 116
173 150
173 81
173 26
173 161
174 105
174 25
174 200
175 17
175 53
175 62
175 183
176 69
177 101
178 2
178 52
179 34
180 31
180 101
180 160
181 7
181 51
181 37
181 194
182 154
182 124
182 130
183 175
184 60
184 67
184 16
185 4
186 92
186 60
186 109
187 40
187 63
187 113
188 122
188 71
188 136
188 126
189 149
190 6
190 206
191 62
192 151
193 37
193 51
193 70
193 204
194 181
195 28
195 171
196 92
196 112
197 15
198 189
198 149
199 17
200 142
200 174
200 25
201 62
201 191
202 20
203 132
203 170
203 13
204 51
204 70
204 193
204 37
205 35
205 44
206 144
206 190
206 6
207 163
208 47
208 80
209 3
209 38
210 5
