0.146973
0.173099
1
0.119535
0.058723
1
0.11779
1
0.142439
1
0.041849
0.500637
0.104615
0.013593
0.156645
0.093494
0.18621
1
0.096284
0.044017
0.038139
0.0338
0.441099
0.183859
0.014338
1
1
1
0.102143
0.165713
0.02321
0.113101
0.137747
0.179426
1
0.011921
0.14058
1
0.039088
0.158678
0.028423
0.020899
0.014558
0.003453
0.002009
0.046145
0.024378
0.019299
0.087156
0.021934
0.002207
0.180311
0.313178
0.140764
0.132491
0.133774
0.052678
0.00978
0.056155
0.009297
0.052477
0.007579
0.0428
0.146552
0.001954
0.022542
0.177218
0.032499
0.002155
0.004806
0.236526
0.068544
0.079504
0.082666
0.500799
0.038597
0.162362
0.004352
0.050527
0.033381
0.007624
0.227516
0.111298
0.070241
0.031947
0.006635
0.055817
0.21891
0.333691
0.046413
0.045805
0.20938
1
0.003188
0.019921
0.03133
0.500372
0.08132
0
0.007132
0.003741
0.112333
0.052102
0.010641
0.013989
0.262141
0.004967
0.02193
0.004324
0.04302
0.071683
0.333832
0.241176
0.018511
0.13204
0.024795
0.022307
0.129578
0.500912
0.500348
0.058801
0.015202
0.012071
0.204537
0.098062
0.066947
0.024976
0.333621
0.002387
0.064832
0.013568
0.045704
0.004221
0.003255
0.144363
0.056534
0.012094
0.011288
0
0.021376
0.27125
0.102225
0.231908
0.26765
0.026519
0.500471
0.000985
0.039804
0.011105
0.008698
0.129122
0.127926
0.070273
0.000656
0.023287
0.200254
0
0.003206
0.004618
0.500306
0.035844
0.188199
0.293617
0.002298
0.000566
0.100418
0.071557
0.04827
0.047419
0
0.002574
0.024935
0.011107
0.072681
0.231561
0.144004
0.002437
0.056407
0.333674
0.500199
0.04002
0.211195
0.021463
0.072146
0.043058
0.029211
0.173223
0.036797
0.012426
0.003577
0.033945
0.017469
0.064222
0.144191
0.105761
0.029602
0.288373
0.04676
0.002982
0.500902
0.221494
0.014256
0
0.001317
0.183932
0.00328
0.028357
0.001147
0.006478
0.037534
0.499724
