0 1
0 3
1 0
1 2
2 1
3 0
7 29
7 41
8 9
8 11
8 37
8 61
9 8
9 24
9 32
10 16
10 19
10 43
10 55
10 58
10 79
10 85
11 8
11 15
11 17
11 22
11 31
11 38
11 51
11 69
12 44
12 47
13 20
13 27
13 30
14 11
14 18
14 21
14 35
14 42
14 48
15 11
15 68
16 10
16 19
16 40
16 43
16 55
16 58
16 63
16 75
17 11
18 14
18 35
19 16
19 10
19 33
20 13
20 27
21 14
21 23
21 82
22 11
23 21
24 9
25 26
25 66
25 77
26 25
27 13
27 20
27 34
27 45
27 49
27 50
27 62
28 22
28 53
28 65
29 7
29 41
30 13
30 20
30 36
30 54
30 71
31 11
31 38
32 9
33 19
34 27
34 28
34 25
34 64
34 83
35 14
35 18
36 30
37 8
38 11
38 31
39 61
40 16
40 74
41 29
41 7
42 11
42 38
42 14
42 21
42 67
42 72
42 73
43 16
43 10
44 25
44 12
44 46
44 52
44 59
45 27
46 44
46 52
46 59
47 12
47 25
47 60
47 70
48 14
48 18
49 27
49 62
50 27
50 25
50 56
50 78
50 80
51 11
51 38
52 44
52 46
53 28
54 30
54 36
54 71
55 10
55 16
55 63
56 50
56 57
57 56
57 50
57 78
57 80
58 16
58 55
58 10
58 63
58 79
59 44
59 46
60 47
60 70
61 8
61 39
61 81
62 27
62 49
63 43
63 58
63 55
63 16
63 85
64 34
65 28
66 25
67 42
67 72
68 15
69 11
70 47
70 60
71 30
71 36
71 54
72 42
72 67
72 73
73 72
73 42
73 67
74 40
75 74
75 40
75 16
76 47
76 60
77 25
78 50
78 57
78 80
79 16
79 10
79 58
80 50
80 78
80 57
81 61
82 21
83 34
84 25
84 66
84 77
85 58
85 10
85 63
86 87
87 86
91 92
91 93
92 91
93 91
93 95
95 93
97 96
99 100
99 107
99 111
99 114
99 151
99 154
99 168
100 99
100 101
100 102
100 117
100 119
100 150
100 152
101 100
101 102
101 105
101 108
101 135
101 163
101 174
102 100
102 101
102 106
102 110
103 109
103 112
103 113
103 122
103 125
104 126
104 140
104 161
105 101
105 100
105 108
105 121
105 136
106 102
107 99
107 114
107 154
107 182
108 105
108 101
108 175
109 103
110 102
110 106
111 99
111 116
111 127
112 103
112 109
112 149
112 153
113 103
114 99
114 107
114 115
114 123
114 124
114 131
114 133
114 134
114 139
115 114
115 123
115 124
115 131
115 139
116 111
116 99
117 100
117 152
118 107
118 99
118 120
118 136
118 143
118 144
118 156
119 100
119 129
119 130
119 142
120 118
120 156
120 166
121 102
121 105
121 114
121 117
121 115
121 171
122 109
122 103
123 115
123 114
123 131
123 133
123 134
123 169
124 114
124 115
124 133
124 169
125 103
125 109
125 132
126 123
126 104
126 111
126 146
126 159
126 167
127 111
128 112
128 143
128 149
128 153
129 119
129 172
130 119
130 142
131 123
131 114
131 115
131 139
132 125
133 131
133 114
133 124
133 123
133 115
133 134
134 123
134 114
134 133
134 139
135 101
136 118
136 101
136 105
136 138
136 145
136 148
136 158
138 136
138 148
139 134
139 115
139 123
139 131
139 114
140 104
140 161
142 130
142 119
143 120
143 118
143 128
143 170
144 118
144 120
145 136
146 126
146 159
146 161
147 162
148 136
148 145
148 138
148 158
149 112
149 128
150 100
151 99
152 100
152 117
153 112
153 118
153 128
153 173
154 99
154 107
154 151
154 168
156 120
156 118
157 155
157 160
158 148
158 145
158 136
159 126
159 146
159 167
160 157
161 104
161 126
161 146
161 140
162 147
163 101
163 135
165 110
166 144
166 118
166 156
166 120
167 126
167 159
167 146
168 99
168 154
169 115
169 123
169 131
169 124
170 143
171 121
172 129
173 153
174 101
175 108
176 177
177 176
182 107
183 184
183 186
183 188
184 183
184 185
185 184
186 183
188 183
188 186
189 190
190 189
