191
465
0 1 0.25
0 3 0.5
1 0 0.25
1 2 0.166667
2 1 0.25
3 0 0.25
7 29 0.25
7 41 0.166667
8 9 0.0909091
8 11 0.0526316
8 37 0.5
8 61 0.125
9 8 0.0625
9 24 0.5
9 32 0.25
10 16 0.0434783
10 19 0.125
10 43 0.142857
10 55 0.142857
10 58 0.1
10 79 0.2
10 85 0.2
11 8 0.0625
11 15 0.25
11 17 0.5
11 22 0.25
11 31 0.2
11 38 0.166667
11 51 0.333333
11 69 0.5
12 44 0.0833333
12 47 0.0833333
13 20 0.1
13 27 0.0555556
13 30 0.0909091
14 11 0.0526316
14 18 0.166667
14 21 0.0833333
14 35 0.25
14 42 0.0769231
14 48 0.333333
15 11 0.0526316
15 68 0.5
16 10 0.0434783
16 19 0.125
16 40 0.2
16 43 0.142857
16 55 0.142857
16 58 0.1
16 63 0.0909091
16 75 0.25
17 11 0.0526316
18 14 0.0526316
18 35 0.25
19 16 0.0434783
19 10 0.0434783
19 33 0.5
20 13 0.0666667
20 27 0.0555556
21 14 0.0526316
21 23 0.142857
21 82 0.5
22 11 0.0526316
23 21 0.0833333
24 9 0.0909091
25 26 0.5
25 66 0.333333
25 77 0.333333
26 25 0.05
27 13 0.0666667
27 20 0.1
27 34 0.0714286
27 45 0.5
27 49 0.25
27 50 0.0666667
27 62 0.166667
28 22 0.25
28 53 0.5
28 65 0.5
29 7 0.1
29 41 0.166667
30 13 0.0666667
30 20 0.1
30 36 0.166667
30 54 0.2
30 71 0.2
31 11 0.0526316
31 38 0.166667
32 9 0.0909091
33 19 0.125
34 27 0.0555556
34 28 0.125
34 25 0.05
34 64 0.5
34 83 0.25
35 14 0.0526316
35 18 0.166667
36 30 0.0909091
37 8 0.0625
38 11 0.0526316
38 31 0.2
39 61 0.125
40 16 0.0434783
40 74 0.142857
41 29 0.25
41 7 0.1
42 11 0.0526316
42 38 0.166667
42 14 0.0526316
42 21 0.0833333
42 67 0.2
42 72 0.166667
42 73 0.2
43 16 0.0434783
43 10 0.0434783
44 25 0.05
44 12 0.0909091
44 46 0.125
44 52 0.166667
44 59 0.25
45 27 0.0555556
46 44 0.0833333
46 52 0.166667
46 59 0.25
47 12 0.0909091
47 25 0.05
47 60 0.2
47 70 0.25
48 14 0.0526316
48 18 0.166667
49 27 0.0555556
49 62 0.166667
50 27 0.0555556
50 25 0.05
50 56 0.25
50 78 0.166667
50 80 0.166667
51 11 0.0526316
51 38 0.166667
52 44 0.0833333
52 46 0.125
53 28 0.125
54 30 0.0909091
54 36 0.166667
54 71 0.2
55 10 0.0434783
55 16 0.0434783
55 63 0.0909091
56 50 0.0666667
56 57 0.142857
57 56 0.25
57 50 0.0666667
57 78 0.166667
57 80 0.166667
58 16 0.0434783
58 55 0.142857
58 10 0.0434783
58 63 0.0909091
58 79 0.2
59 44 0.0833333
59 46 0.125
60 47 0.0833333
60 70 0.25
61 8 0.0625
61 39 0.25
61 81 0.5
62 27 0.0555556
62 49 0.25
63 43 0.142857
63 58 0.1
63 55 0.142857
63 16 0.0434783
63 85 0.2
64 34 0.0714286
65 28 0.125
66 25 0.05
67 42 0.0769231
67 72 0.166667
68 15 0.25
69 11 0.0526316
70 47 0.0833333
70 60 0.2
71 30 0.0909091
71 36 0.166667
71 54 0.2
72 42 0.0769231
72 67 0.2
72 73 0.2
73 72 0.166667
73 42 0.0769231
73 67 0.2
74 40 0.2
75 74 0.142857
75 40 0.2
75 16 0.0434783
76 47 0.0833333
76 60 0.2
77 25 0.05
78 50 0.0666667
78 57 0.142857
78 80 0.166667
79 16 0.0434783
79 10 0.0434783
79 58 0.1
80 50 0.0666667
80 78 0.166667
80 57 0.142857
81 61 0.125
82 21 0.0833333
83 34 0.0714286
84 25 0.05
84 66 0.333333
84 77 0.333333
85 58 0.1
85 10 0.0434783
85 63 0.0909091
86 87 0.125
87 86 0.0714286
91 92 0.142857
91 93 0.111111
92 91 0.166667
93 91 0.166667
93 95 0.5
95 93 0.111111
97 96 0.333333
99 100 0.0454545
99 107 0.1
99 111 0.125
99 114 0.047619
99 151 0.333333
99 154 0.142857
99 168 0.25
100 99 0.0333333
100 101 0.0526316
100 102 0.0909091
100 117 0.142857
100 119 0.111111
100 150 0.5
100 152 0.25
101 100 0.0454545
101 102 0.0909091
101 105 0.0714286
101 108 0.125
101 135 0.333333
101 163 0.333333
101 174 0.5
102 100 0.0454545
102 101 0.0526316
102 106 0.25
102 110 0.125
103 109 0.2
103 112 0.1
103 113 0.0833333
103 122 0.333333
103 125 0.166667
104 126 0.0714286
104 140 0.25
104 161 0.142857
105 101 0.0526316
105 100 0.0454545
105 108 0.125
105 121 0.0833333
105 136 0.0666667
106 102 0.0909091
107 99 0.0333333
107 114 0.047619
107 154 0.142857
107 182 0.1
108 105 0.0714286
108 101 0.0526316
108 175 0.5
109 103 0.0454545
110 102 0.0909091
110 106 0.25
111 99 0.0333333
111 116 0.166667
111 127 0.25
112 103 0.0454545
112 109 0.2
112 149 0.25
112 153 0.111111
113 103 0.0454545
114 99 0.0333333
114 107 0.1
114 115 0.0666667
114 123 0.0625
114 124 0.0909091
114 131 0.1
114 133 0.0714286
114 134 0.125
114 139 0.111111
115 114 0.047619
115 123 0.0625
115 124 0.0909091
115 131 0.1
115 139 0.111111
116 111 0.125
116 99 0.0333333
117 100 0.0454545
117 152 0.25
118 107 0.1
118 99 0.0333333
118 120 0.125
118 136 0.0666667
118 143 0.111111
118 144 0.25
118 156 0.2
119 100 0.0454545
119 129 0.166667
119 130 0.25
119 142 0.25
120 118 0.05
120 156 0.2
120 166 0.2
121 102 0.0909091
121 105 0.0714286
121 114 0.047619
121 117 0.142857
121 115 0.0666667
121 171 0.5
122 109 0.2
122 103 0.0454545
123 115 0.0666667
123 114 0.047619
123 131 0.1
123 133 0.0714286
123 134 0.125
123 169 0.166667
124 114 0.047619
124 115 0.0666667
124 133 0.0714286
124 169 0.166667
125 103 0.0454545
125 109 0.2
125 132 0.5
126 123 0.0625
126 104 0.1
126 111 0.125
126 146 0.142857
126 159 0.166667
126 167 0.2
127 111 0.125
128 112 0.1
128 143 0.111111
128 149 0.25
128 153 0.111111
129 119 0.111111
129 172 0.5
130 119 0.111111
130 142 0.25
131 123 0.0625
131 114 0.047619
131 115 0.0666667
131 139 0.111111
132 125 0.166667
133 131 0.1
133 114 0.047619
133 124 0.0909091
133 123 0.0625
133 115 0.0666667
133 134 0.125
134 123 0.0625
134 114 0.047619
134 133 0.0714286
134 139 0.111111
135 101 0.0526316
136 118 0.05
136 101 0.0526316
136 105 0.0714286
136 138 0.166667
136 145 0.25
136 148 0.1
136 158 0.142857
138 136 0.0666667
138 148 0.1
139 134 0.125
139 115 0.0666667
139 123 0.0625
139 131 0.1
139 114 0.047619
140 104 0.1
140 161 0.142857
142 130 0.25
142 119 0.111111
143 120 0.125
143 118 0.05
143 128 0.142857
143 170 0.5
144 118 0.05
144 120 0.125
145 136 0.0666667
146 126 0.0714286
146 159 0.166667
146 161 0.142857
147 162 0.5
148 136 0.0666667
148 145 0.25
148 138 0.166667
148 158 0.142857
149 112 0.1
149 128 0.142857
150 100 0.0454545
151 99 0.0333333
152 100 0.0454545
152 117 0.142857
153 112 0.1
153 118 0.05
153 128 0.142857
153 173 0.5
154 99 0.0333333
154 107 0.1
154 151 0.333333
154 168 0.25
156 120 0.125
156 118 0.05
157 155 0.111111
157 160 0.5
158 148 0.1
158 145 0.25
158 136 0.0666667
159 126 0.0714286
159 146 0.142857
159 167 0.2
160 157 0.142857
161 104 0.1
161 126 0.0714286
161 146 0.142857
161 140 0.25
162 147 0.166667
163 101 0.0526316
163 135 0.333333
165 110 0.125
166 144 0.25
166 118 0.05
166 156 0.2
166 120 0.125
167 126 0.0714286
167 159 0.166667
167 146 0.142857
168 99 0.0333333
168 154 0.142857
169 115 0.0666667
169 123 0.0625
169 131 0.1
169 124 0.0909091
170 143 0.111111
171 121 0.0833333
172 129 0.166667
173 153 0.111111
174 101 0.0526316
175 108 0.125
176 177 0.5
177 176 0.25
182 107 0.1
183 184 0.25
183 186 0.333333
183 188 0.333333
184 183 0.1
184 185 0.5
185 184 0.25
186 183 0.1
188 183 0.1
188 186 0.333333
189 190 0.5
190 189 0.25
