0
0
0
0
0
0
0
0
0.06292
0.005738
0.069303
1
0
0.073279
1
0.250892
1
0.499975
0.24641
0.132625
0.107097
0.089832
0.437631
0.013167
0.002818
1
0.500579
1
1
0
0.006646
0.236257
0.001475
0.066266
0.071837
0.291429
0.001489
0.031674
0.248902
0.001957
0.245457
0
0.076921
0.164429
0
0.500138
0
0
0.334206
0.282825
0.067138
0.333863
0
0.500996
0.001595
0.176688
0.017423
0.005719
0.11971
0
0
0.007855
0.201802
0.114154
0.036036
0.500753
0.334524
0.020601
0.125557
0.501082
0
0.001507
0.017369
0.01767
0.068293
0.25031
0
0.334276
0.013252
0.036764
0.013435
0.003957
0.04492
0.018019
0
0.035828
0
0
0
0
0
0
0
0
0
0
0
0
0
1
0.096839
1
0.099005
0.00011
0
0.084716
0.027169
0.209853
0.134441
0.000481
0.012251
0.126016
0.002218
1.2e-05
0.058055
0.006348
0.021079
0.018049
1
0.010884
0.187226
0.007246
3.6e-05
0.005707
0.006266
2.2e-05
0
0.031612
0.016211
0.001706
0.003284
0.008259
1.1e-05
0.005478
0.009248
0.407611
0.071981
0
0.01307
0.008624
0
0
0.003251
0.112108
0.25703
0.021727
0
0
0.009217
0.004517
0.048176
0.376637
0.027069
0.001979
0.196584
0
0.230878
0
0.011341
0
0
0
0
0.333457
0
0
0.037256
0
0.280864
0.001925
0.056073
0.003648
0.000833
0.000974
0.500638
0.067383
0
0
0
0
0
0
0.020983
1
0.250689
0.125348
0.407947
0
0.334035
0
0
