0 45
2 3
3 2
3 4
3 8
3 9
3 27
3 29
4 3
4 9
4 11
4 20
4 28
4 32
4 86
7 3
7 10
7 12
7 16
7 31
7 36
8 3
8 29
9 4
9 3
9 25
9 34
10 7
10 15
11 4
11 21
12 7
13 14
13 17
13 24
13 30
14 13
15 10
16 7
16 12
17 13
17 18
18 17
19 2
20 4
20 26
21 11
21 33
22 14
22 13
22 18
22 5
23 4
24 13
25 9
25 34
26 4
26 20
27 3
28 4
28 35
29 3
29 8
30 13
31 7
31 12
32 4
32 26
33 21
34 25
34 9
35 28
36 7
36 4
36 37
36 38
36 41
37 36
38 36
38 39
38 40
38 87
39 38
39 40
40 39
40 38
41 36
42 43
42 44
43 42
44 42
45 0
45 36
45 46
45 47
45 51
45 57
45 60
45 71
45 78
46 45
46 49
46 52
46 64
46 76
47 45
47 48
47 53
47 56
47 58
48 45
48 47
48 63
49 46
49 52
50 55
50 61
50 70
51 45
52 46
52 49
52 64
52 76
53 47
53 59
53 68
53 69
53 87
54 66
55 50
55 81
56 47
56 58
56 79
57 45
57 76
58 47
58 56
58 53
58 80
59 53
60 45
60 78
61 50
62 48
62 47
62 46
63 48
64 52
64 46
65 53
65 72
65 73
65 77
66 54
67 75
68 53
68 69
69 53
69 68
70 67
70 50
70 66
71 45
72 65
72 73
72 77
73 72
73 65
73 74
73 77
74 65
74 72
74 73
74 86
75 67
76 49
76 57
76 52
76 46
77 73
77 65
77 72
78 45
78 60
79 47
79 56
80 58
81 55
82 70
83 84
84 83
86 53
86 38
86 74
86 4
87 53
87 38
88 87
