89
199
0 45 0.0243902
2 3 0.047619
3 2 0.0909091
3 4 0.0384615
3 8 0.25
3 9 0.1
3 27 0.5
3 29 0.25
4 3 0.047619
4 9 0.1
4 11 0.125
4 20 0.25
4 28 0.25
4 32 0.333333
4 86 0.111111
7 3 0.047619
7 10 0.166667
7 12 0.25
7 16 0.333333
7 31 0.333333
7 36 0.05
8 3 0.047619
8 29 0.25
9 4 0.0384615
9 3 0.047619
9 25 0.25
9 34 0.25
10 7 0.0625
10 15 0.5
11 4 0.0384615
11 21 0.166667
12 7 0.0625
13 14 0.333333
13 17 0.25
13 24 0.5
13 30 0.5
14 13 0.0714286
15 10 0.166667
16 7 0.0625
16 12 0.25
17 13 0.0714286
17 18 0.333333
18 17 0.25
19 2 0.0909091
20 4 0.0384615
20 26 0.25
21 11 0.125
21 33 0.25
22 14 0.333333
22 13 0.0714286
22 18 0.333333
22 5 0.25
23 4 0.0384615
24 13 0.0714286
25 9 0.1
25 34 0.25
26 4 0.0384615
26 20 0.25
27 3 0.047619
28 4 0.0384615
28 35 0.5
29 3 0.047619
29 8 0.25
30 13 0.0714286
31 7 0.0625
31 12 0.25
32 4 0.0384615
32 26 0.25
33 21 0.166667
34 25 0.25
34 9 0.1
35 28 0.25
36 7 0.0625
36 4 0.0384615
36 37 0.5
36 38 0.0909091
36 41 0.333333
37 36 0.05
38 36 0.05
38 39 0.25
38 40 0.25
38 87 0.0625
39 38 0.0909091
39 40 0.25
40 39 0.25
40 38 0.0909091
41 36 0.05
42 43 0.25
42 44 0.166667
43 42 0.166667
44 42 0.166667
45 0 0.125
45 36 0.05
45 46 0.0666667
45 47 0.0588235
45 51 0.333333
45 57 0.111111
45 60 0.2
45 71 0.5
45 78 0.25
46 45 0.0243902
46 49 0.2
46 52 0.1
46 64 0.1
46 76 0.142857
47 45 0.0243902
47 48 0.125
47 53 0.0588235
47 56 0.166667
47 58 0.125
48 45 0.0243902
48 47 0.0588235
48 63 0.25
49 46 0.0666667
49 52 0.1
50 55 0.142857
50 61 0.5
50 70 0.142857
51 45 0.0243902
52 46 0.0666667
52 49 0.2
52 64 0.1
52 76 0.142857
53 47 0.0588235
53 59 0.5
53 68 0.25
53 69 0.25
53 87 0.0625
54 66 0.333333
55 50 0.1
55 81 0.5
56 47 0.0588235
56 58 0.125
56 79 0.333333
57 45 0.0243902
57 76 0.142857
58 47 0.0588235
58 56 0.166667
58 53 0.0588235
58 80 0.5
59 53 0.0588235
60 45 0.0243902
60 78 0.25
61 50 0.1
62 48 0.125
62 47 0.0588235
62 46 0.0666667
63 48 0.125
64 52 0.1
64 46 0.0666667
65 53 0.0588235
65 72 0.142857
65 73 0.125
65 77 0.166667
66 54 0.166667
67 75 0.5
68 53 0.0588235
68 69 0.25
69 53 0.0588235
69 68 0.25
70 67 0.111111
70 50 0.1
70 66 0.333333
71 45 0.0243902
72 65 0.1
72 73 0.125
72 77 0.166667
73 72 0.142857
73 65 0.1
73 74 0.166667
73 77 0.166667
74 65 0.1
74 72 0.142857
74 73 0.125
74 86 0.111111
75 67 0.111111
76 49 0.2
76 57 0.111111
76 52 0.1
76 46 0.0666667
77 73 0.125
77 65 0.1
77 72 0.142857
78 45 0.0243902
78 60 0.2
79 47 0.0588235
79 56 0.166667
80 58 0.125
81 55 0.142857
82 70 0.142857
83 84 0.5
84 83 0.125
86 53 0.0588235
86 38 0.0909091
86 74 0.166667
86 4 0.0384615
87 53 0.0588235
87 38 0.0909091
88 87 0.0625
