0.125568
0
0.008932
0.097318
1
0
0
1
0.029127
0.109047
0.166617
0.12601
0.370791
1
0.333586
0.083057
0.33284
0.251096
0.083426
0
0.267037
0.021149
0
0
0.500615
0.032841
0.141582
0.048538
0.250639
0.029289
0.500491
0.334001
0.333276
0.005369
0.032554
0.125503
0.099355
0.049771
0.024286
0.007352
0.007468
0.03348
0
0
0
1
0.068267
0.114194
0.014275
0.019834
0
0.33393
0.011478
1
0
0
0.021033
0.112855
0.016557
0.500786
0.240989
0
0
0.00353
0.007876
0.002475
0
0
0.298073
0.298447
0
0.499631
0.003297
0.002946
0.018613
0
0.026278
0.001369
0.287442
0.006893
0.008367
0
0
0
0
0
0.111718
0.063667
0
