3 2
3 4
3 9
3 15
3 29
3 33
3 39
3 53
4 3
4 5
4 7
4 8
4 12
4 13
4 14
4 17
4 21
4 22
4 30
5 4
5 6
5 7
5 16
5 18
5 23
5 24
5 26
5 35
5 41
5 42
6 5
7 5
7 4
7 9
7 10
7 32
7 40
7 47
7 49
8 4
8 5
8 11
8 19
8 25
8 28
8 31
8 34
8 38
8 46
9 3
9 7
9 29
10 7
10 27
10 43
11 8
11 19
11 25
11 38
11 46
12 5
12 4
12 45
13 4
13 14
14 13
14 4
15 3
15 39
16 5
17 4
18 5
18 24
18 26
18 42
19 11
19 8
19 31
19 46
20 3
20 6
21 12
21 4
21 10
22 4
23 5
23 18
23 35
24 5
24 18
25 8
25 11
25 19
26 5
26 18
27 10
28 8
28 11
28 25
28 19
29 3
29 9
30 4
31 11
31 8
31 19
32 7
32 37
33 3
34 31
34 8
35 24
35 5
35 23
36 3
36 33
37 32
38 8
38 11
38 19
39 15
39 3
40 7
41 5
41 23
41 24
42 5
42 18
43 10
43 27
44 6
45 12
46 19
46 8
46 38
46 11
47 7
48 32
48 37
49 7
49 4
49 9
49 50
49 51
50 49
50 52
51 49
52 50
53 11
53 39
53 3
53 54
53 55
53 57
54 53
55 53
55 56
55 57
55 59
55 60
56 55
56 58
56 59
57 53
57 55
58 56
59 56
59 55
60 55
61 62
62 61
63 81
63 89
63 94
64 66
64 67
64 68
64 69
64 71
64 75
64 76
64 85
64 86
64 90
64 91
64 103
64 114
64 121
64 123
65 81
65 108
66 64
66 67
66 123
67 64
67 66
67 68
67 71
67 75
67 86
68 64
68 67
68 116
68 118
69 64
69 70
69 74
69 78
69 97
69 100
69 106
69 115
69 122
70 69
70 63
71 67
71 66
71 64
71 72
71 76
71 85
71 90
71 95
71 123
72 64
72 71
72 73
72 74
72 84
72 102
72 119
72 131
73 72
73 112
73 125
74 72
74 69
74 77
74 98
74 101
74 124
75 67
75 66
75 64
75 76
75 90
75 92
75 95
75 114
76 64
76 67
76 71
76 75
76 86
76 92
76 114
76 121
77 74
77 80
77 88
77 93
77 110
78 69
78 64
78 82
78 96
78 104
79 69
80 77
80 88
81 63
81 65
81 83
81 113
82 78
82 96
82 99
83 81
83 109
83 113
84 72
85 71
85 75
85 64
85 92
85 114
85 123
86 64
86 76
86 67
86 87
86 105
87 86
88 80
88 77
88 93
88 107
89 63
90 71
90 67
90 64
90 75
91 84
91 64
91 67
91 85
92 75
92 85
92 64
92 76
93 88
93 77
93 102
93 107
93 110
94 63
95 71
95 66
95 75
95 64
96 78
96 82
96 104
97 69
98 74
99 82
99 78
99 96
100 97
100 69
100 106
100 115
101 74
101 124
102 93
102 72
102 80
102 111
103 64
103 71
103 66
103 75
104 82
104 78
104 96
105 86
106 69
106 100
107 80
107 88
107 93
107 110
108 65
109 83
109 89
109 64
109 81
110 93
110 77
110 107
111 102
112 73
112 120
113 81
113 83
114 76
114 64
114 85
114 75
115 69
115 100
116 68
117 78
117 96
117 104
117 82
118 68
119 72
120 73
120 74
120 112
121 64
121 76
121 95
121 85
122 69
122 100
123 64
123 71
123 85
123 66
124 74
124 101
125 73
125 112
126 119
126 56
126 127
127 126
129 130
130 129
131 72
131 86
131 132
132 131
133 134
134 133
135 136
135 138
136 135
137 138
138 137
138 135
