0
0
0.333764
1
1
1
0.142698
0.109111
1
0.120663
0.019636
0.130057
0.112523
0.297788
0.29777
0.290706
0.500597
0.251688
0.200244
0.164356
0
0.125818
0.500129
0.229197
0.255547
0.21057
0.230205
0.008098
0.200705
0.269171
0.501059
0.23299
0.015472
0.333509
0.334115
0.23333
0
0.00516
0.206639
0.249903
0.036447
0.251105
0.284456
0.006529
0
0.056451
0.174994
0.027334
0
0.007742
0.000786
0.001965
0.000269
0.05334
0.02659
0.005473
0.000749
0.014089
0.000371
0.00123
0.00136
0
0
0.030202
1
0.000215
0.143553
0.12945
0.09388
1
0.332701
0.151822
1
0.07204
0.099412
0.1099
0.109596
0.009502
0.076974
0
0.018071
0.002743
0.011059
0.000448
0.37861
0.13682
0.103055
0.051409
0.005022
0.010018
0.172424
0.201081
0.049143
0.012561
0.015235
0.061372
0.012373
0.37434
0.049572
0.002829
0.180951
0.029645
0.112701
0.200481
0.014518
0.051476
0.144511
0.002876
0.000113
7.1e-05
0.003998
0.056476
0.018218
0.000708
0.160771
0.280336
0.046808
0
0.047017
0.334194
0.0023
0.181536
0.33301
0.168798
0.029459
0.024031
0
0
0
0
0
0.143257
0.071405
0
0
0
0
0
0
