0 1
0 12
0 15
0 59
0 63
0 165
1 0
1 3
1 37
1 67
1 72
1 157
2 0
2 1
2 4
2 9
2 12
2 20
2 25
2 42
2 54
2 68
2 112
2 182
3 1
3 40
3 67
3 72
3 157
4 2
4 5
4 6
4 8
4 11
4 69
4 74
4 80
4 93
4 101
5 4
6 4
6 5
6 7
6 17
6 140
7 6
7 68
7 174
8 4
8 39
8 87
8 149
9 2
9 10
9 14
9 17
9 21
9 46
9 49
9 144
9 160
9 183
10 9
10 14
10 21
10 140
11 4
11 5
11 31
11 177
11 190
12 0
12 2
12 13
12 23
12 166
13 12
13 0
13 34
13 55
13 61
14 10
14 9
15 0
15 12
15 13
15 98
15 130
16 6
16 17
16 30
16 32
16 56
16 57
16 107
16 132
17 9
17 14
17 16
17 6
17 18
17 19
17 22
17 44
18 17
18 22
18 24
19 17
19 179
19 188
20 2
20 25
20 41
20 75
20 133
21 9
21 10
21 27
21 28
21 50
21 72
21 113
21 120
22 17
22 18
22 69
22 168
23 12
23 110
24 18
24 9
24 0
24 48
24 64
24 86
24 126
24 134
24 141
25 20
25 2
25 29
25 33
25 48
25 88
25 114
25 143
26 12
26 2
26 51
26 100
26 138
27 21
27 28
27 38
27 113
27 120
28 21
28 27
28 35
28 36
28 45
28 49
28 84
29 25
29 58
29 81
29 90
29 104
29 127
29 135
30 16
30 60
30 195
31 11
32 16
32 107
33 25
33 47
34 13
34 53
34 55
34 83
34 106
34 109
34 136
34 163
34 185
35 28
35 36
35 49
35 92
35 142
36 35
36 28
36 45
36 84
37 1
37 52
37 66
37 78
37 150
37 154
37 167
38 27
38 21
38 43
38 82
38 175
38 184
39 8
39 87
39 122
39 149
39 162
40 3
40 1
40 90
40 170
41 20
41 75
41 147
42 2
42 68
42 70
43 38
43 84
43 175
44 17
44 18
44 62
44 125
44 146
45 28
45 36
45 84
45 142
46 9
46 119
46 128
46 169
47 33
47 69
48 25
48 18
48 24
48 86
48 152
49 9
49 45
49 35
49 28
49 71
49 76
49 108
49 121
49 139
50 21
50 27
50 120
51 26
51 79
52 37
52 66
52 167
52 186
53 34
53 109
53 163
54 2
54 112
55 34
55 13
55 123
56 16
56 7
56 65
56 89
57 16
57 32
57 132
58 29
59 0
59 96
59 109
60 30
61 13
61 77
61 95
61 105
62 44
62 64
62 159
63 0
63 37
64 62
64 24
64 91
64 181
65 56
66 37
66 52
66 78
66 154
67 1
67 3
67 157
67 170
68 9
68 2
68 42
68 7
68 46
68 103
68 118
68 131
69 4
69 22
69 47
69 73
70 42
71 49
71 108
71 121
72 1
72 3
72 21
72 161
72 188
73 69
73 85
73 87
73 122
74 4
75 41
75 20
76 71
76 49
76 79
76 102
76 108
76 121
76 139
77 61
78 37
78 52
78 66
78 150
78 167
79 51
79 76
79 49
79 42
79 148
80 4
80 69
80 164
81 29
81 33
81 124
82 38
82 43
82 184
83 34
83 51
83 26
83 98
83 106
84 45
84 28
84 43
84 36
84 116
84 172
85 73
86 24
86 48
86 18
86 97
86 180
87 39
87 8
87 73
87 117
88 25
88 114
89 6
89 56
90 29
90 84
90 40
90 1
90 133
90 151
90 179
91 64
91 181
92 45
92 28
92 35
93 4
93 74
94 84
94 116
95 61
95 77
95 100
96 59
97 86
97 115
97 141
97 152
98 15
98 83
98 155
99 76
99 71
99 49
100 26
100 51
100 95
100 111
100 156
101 4
101 74
102 76
102 99
102 71
102 49
102 108
103 68
103 118
103 131
104 29
104 58
105 61
106 95
106 34
106 83
106 192
107 32
107 16
108 76
108 102
108 71
108 49
108 139
109 53
109 59
109 34
109 137
110 23
110 83
110 163
111 100
111 115
111 156
111 171
111 189
112 2
112 54
112 183
113 21
113 27
114 25
114 88
114 143
115 98
115 97
115 111
116 84
116 94
116 158
117 5
117 87
117 33
118 103
118 68
119 46
119 176
120 21
120 50
120 27
121 51
121 49
121 102
121 76
121 71
121 178
122 39
122 73
123 55
123 105
124 81
124 129
125 44
125 146
126 24
127 29
127 135
128 119
128 46
128 169
129 124
129 81
130 15
130 98
130 115
131 68
131 103
132 16
132 57
132 32
133 75
133 90
133 20
133 147
134 24
135 109
135 29
135 127
135 104
136 34
136 53
136 185
137 53
137 109
137 34
137 13
137 196
138 42
138 26
138 51
138 70
138 152
138 171
138 182
139 49
139 108
139 76
139 102
140 10
140 6
140 27
140 9
140 191
141 115
141 24
141 97
141 134
142 45
142 35
142 28
142 92
142 145
143 114
143 25
143 135
144 9
144 10
144 160
145 142
146 44
146 125
147 133
147 41
147 20
147 71
148 79
149 8
149 39
150 78
150 37
150 66
151 90
152 97
152 48
152 138
153 64
153 91
154 66
154 78
154 37
154 52
154 186
155 98
156 111
156 100
157 1
157 40
157 67
157 3
157 170
158 84
158 116
159 62
160 147
160 144
160 9
161 72
162 39
162 8
163 53
163 110
163 34
164 80
165 0
166 12
167 78
167 37
167 52
167 193
168 22
169 46
169 128
169 176
170 157
170 67
170 1
170 40
171 111
171 77
171 61
171 138
172 84
172 158
173 39
173 162
173 8
173 149
174 7
175 82
175 43
175 38
175 184
176 119
176 46
176 169
177 11
177 190
178 121
179 19
179 90
179 167
180 86
181 64
181 91
182 2
182 138
183 2
183 9
183 112
183 68
184 175
184 82
184 38
185 53
185 136
185 34
186 154
186 78
186 52
187 17
188 72
188 19
188 69
188 194
189 100
189 111
190 177
190 11
191 140
192 106
193 167
194 188
195 30
195 149
196 137
197 25
197 114
