1
0.079626
0.159162
0.012463
1
0.251141
0.200348
0.183139
0.10183
1
0.135558
0.111686
0.125512
0.128165
0.241743
0.127643
1
0.143004
0.156574
0.026794
0.026681
0.072739
0.049478
0.040404
1
0.078212
0.139196
0.021347
0.087499
1
0.166951
0.055877
0.261465
0.045167
1
0.030034
0.147934
0.027624
0.017085
0.012861
0.013596
0.011425
0.283651
0.143586
0.018039
0.125446
0.191447
0.037422
0.147385
0.052194
0.017036
0.156259
0.004089
0.188114
0.051096
0.182717
0.142776
0.233236
0.396372
0.187575
0.083543
0.042642
0.021382
0.333971
0.112121
0.071533
0.004706
0.012628
1
0.109592
0.389967
0.010965
0.016627
0.015916
0.370468
0.010866
0.006781
0.057923
0.004202
0.020328
0.167711
0.166849
0.007226
0.132669
1
0.007935
0.130052
0.015968
0.022019
0.047545
0.08481
0.019419
0.009652
0.333851
0.059653
0.035188
0.093872
0.062522
0.040089
0.000867
0.020241
0.333112
0.003257
0.234511
0.283676
0.033549
0.156733
0.293181
0.007648
0.162666
0.044178
0.022825
0.058581
0.022576
0.015404
0.039814
0.179104
0.004006
0.28806
0.046713
0.017212
0.006791
0.007014
0.060907
0.042063
0.005397
0.501133
0.277972
0.044068
0.014101
0.03223
0.288493
0.233519
0.020286
0.371574
0.175525
0.233254
0.023475
1
0.00903
0.041402
0.172649
0.01921
0.017913
0.232568
0.009522
0.005405
0.036085
0.010244
0.027438
0.006107
0.042367
0.190141
0
0.004068
0.020246
0.010346
0.011398
0.122333
0.010751
0.233127
0.008346
0.003203
0.191648
0.084257
0.500873
0.062749
0.006272
0.024856
0.038399
0.005096
0.167992
0.333136
0
0.091462
0.022639
0.016078
0.033307
0.003409
0.021699
0.065314
0.031247
0.279268
0.171484
0.007193
0.232786
0.001603
0
0.006097
0.007615
0.033307
0.010294
0.078852
0.003144
0.003077
0.055646
0.011757
0
