0 1
0 2
0 3
0 9
1 0
2 0
2 3
2 9
3 2
3 0
3 5
3 7
3 124
5 3
6 8
7 3
8 6
9 0
9 1
9 2
9 11
9 32
9 67
9 79
9 86
10 12
10 13
10 31
10 42
10 53
10 63
10 70
10 71
10 78
10 118
11 9
11 13
11 17
11 22
11 25
11 32
11 37
11 38
11 45
11 50
11 74
11 112
11 114
12 10
12 16
12 18
12 26
12 36
12 60
12 68
12 72
12 81
13 11
13 10
13 14
13 30
13 73
13 78
13 85
13 102
14 13
14 15
14 20
14 25
14 93
14 107
15 14
15 48
15 88
15 101
15 110
16 12
16 18
16 26
16 28
16 36
16 60
16 76
16 103
17 11
17 19
17 43
18 16
18 12
18 26
18 28
18 36
18 60
18 68
18 103
19 17
19 21
19 23
19 24
19 27
19 29
19 65
20 14
20 34
20 92
20 95
21 19
21 83
22 11
22 52
22 82
22 109
23 19
24 19
24 33
24 35
24 49
24 55
24 80
25 14
25 11
25 22
25 44
25 58
25 64
25 91
25 121
26 18
26 12
26 16
26 39
26 64
26 69
26 71
27 23
27 19
27 59
28 18
28 16
28 34
28 91
28 116
29 17
29 19
29 33
30 13
31 10
31 40
31 54
31 56
31 90
32 22
32 9
32 11
32 47
32 51
32 57
32 61
32 62
32 74
32 89
32 98
32 111
33 24
33 29
33 41
34 20
34 28
34 84
35 24
36 16
36 18
36 12
36 81
37 11
37 50
37 67
37 105
37 114
38 11
38 105
39 26
39 46
39 69
40 31
40 54
40 120
41 33
42 10
43 15
43 17
43 66
43 94
44 25
44 58
44 104
44 121
45 11
46 26
46 39
46 71
47 32
47 9
47 75
47 77
47 119
48 15
48 101
49 24
50 33
50 11
50 37
50 61
50 108
51 32
51 62
51 111
52 22
53 10
54 40
54 31
54 56
54 90
54 145
55 24
55 35
56 31
56 54
56 40
57 51
57 32
58 25
58 44
58 104
59 17
59 27
59 43
60 12
60 36
60 18
60 16
60 68
60 72
60 76
60 103
61 32
61 50
61 9
61 123
62 51
62 32
62 74
62 89
62 98
63 10
63 78
63 118
64 26
64 25
64 46
64 67
64 117
65 19
66 43
67 9
67 37
67 64
68 12
68 18
68 60
69 26
69 39
70 10
70 42
70 53
71 10
71 46
71 26
71 70
71 113
71 145
72 12
72 60
73 13
74 32
74 62
74 11
74 253
75 47
75 77
75 99
75 253
76 60
76 16
76 12
77 75
77 47
77 99
78 10
78 13
78 63
78 11
78 30
78 100
79 9
79 86
80 35
80 55
80 24
80 49
81 36
81 68
81 72
81 12
81 96
81 115
81 122
82 22
82 52
82 109
83 21
83 87
84 34
85 13
85 73
85 30
85 102
86 79
86 9
87 83
88 15
88 48
88 110
89 32
89 62
89 97
90 54
90 31
90 40
91 28
91 10
91 25
91 20
91 44
91 145
92 20
93 14
93 107
94 43
95 20
95 92
96 81
96 115
96 122
97 89
98 32
98 51
98 62
99 77
99 75
99 47
99 119
100 78
101 48
101 15
101 88
102 13
102 85
102 38
102 11
103 60
103 18
103 76
103 16
103 106
104 44
104 25
104 58
105 11
105 38
105 45
105 37
106 16
106 12
106 18
106 103
107 93
107 14
108 50
109 22
109 82
110 15
110 88
111 51
111 32
112 11
112 114
113 71
114 11
114 112
114 37
115 96
115 81
116 28
117 64
118 63
118 10
118 13
118 20
119 99
119 75
119 47
120 40
120 54
120 56
120 90
121 25
121 104
121 44
122 96
122 81
123 61
124 98
124 99
124 108
124 3
124 125
124 126
124 127
124 128
125 124
125 127
125 129
126 124
126 125
127 125
127 124
127 130
128 124
128 131
128 132
129 125
129 124
130 127
131 128
132 128
132 133
133 128
133 132
133 131
134 60
134 118
134 114
134 143
135 136
135 138
136 135
136 137
136 144
137 136
137 139
138 135
138 139
139 137
139 138
139 140
140 139
141 135
141 136
141 142
142 141
143 134
144 136
145 71
145 91
145 10
145 54
145 146
146 145
147 145
149 177
149 207
150 152
150 153
150 155
150 156
150 158
150 160
150 164
150 169
150 181
150 191
150 197
150 200
150 213
151 153
151 154
152 150
152 162
152 166
152 192
152 195
153 151
153 150
153 184
153 199
154 151
154 179
154 183
154 205
154 212
154 214
155 150
155 158
156 150
156 155
156 157
156 174
156 187
156 190
156 210
157 156
157 168
157 217
158 150
158 155
158 165
158 169
158 178
158 181
158 197
158 200
158 213
159 161
159 166
159 167
159 171
159 172
159 231
160 150
160 155
160 158
160 165
160 174
161 159
161 167
162 152
162 156
162 163
162 174
163 162
163 193
164 150
164 152
164 158
164 181
164 192
164 233
165 160
165 158
165 173
165 182
165 196
165 207
165 216
166 159
166 164
166 152
166 170
166 195
166 227
166 231
167 161
167 159
167 176
167 180
167 201
167 202
168 157
168 185
168 209
168 217
169 150
169 155
169 158
169 200
170 166
170 163
170 175
170 189
171 159
171 161
172 171
172 159
172 161
172 231
173 165
174 160
174 162
174 156
174 186
175 170
175 215
176 167
176 180
176 202
176 219
177 149
178 169
178 158
178 150
179 154
179 188
179 194
179 198
179 203
180 167
180 176
180 202
180 218
180 219
180 223
181 164
181 150
181 158
181 190
182 174
182 165
182 149
182 204
182 226
182 230
183 154
183 229
183 234
184 151
184 153
185 168
185 157
186 174
187 156
188 179
188 194
188 198
188 232
189 170
190 181
190 156
190 221
191 150
192 190
192 164
192 152
193 162
193 163
194 188
194 179
194 206
194 211
195 166
195 152
195 201
195 222
196 173
196 165
197 178
197 158
197 155
197 150
198 179
198 188
198 203
198 232
199 153
200 155
200 150
200 165
200 158
200 169
200 203
200 208
201 195
201 167
202 167
202 180
202 176
202 219
203 200
203 179
203 198
203 207
203 244
204 182
205 154
205 151
205 228
206 194
206 211
207 203
207 165
207 149
207 196
208 200
209 168
209 185
210 156
211 154
211 206
211 194
211 225
212 154
213 158
213 150
214 154
214 234
215 175
216 165
216 196
217 168
217 157
217 185
218 176
218 202
218 180
218 167
219 167
219 180
219 176
219 202
220 166
221 190
222 195
223 202
223 180
223 219
224 174
224 186
225 211
226 182
226 230
227 166
228 205
229 154
229 183
230 182
230 226
231 161
231 172
231 159
231 166
232 179
232 198
232 188
233 164
234 154
234 214
234 183
236 237
236 238
237 236
237 238
237 239
238 237
238 236
238 242
239 237
239 240
239 241
240 239
240 241
241 239
241 240
242 238
243 96
243 154
243 16
244 240
244 203
244 12
244 76
244 245
244 249
245 244
245 246
245 251
245 252
246 245
246 247
247 246
248 244
248 249
249 244
249 248
249 250
250 249
251 245
252 245
253 75
253 57
253 74
253 254
253 255
253 256
253 258
254 253
255 253
256 253
256 257
256 258
257 256
258 253
258 256
258 257
