0.025886
0.015805
0.031446
0.08626
0
0.04304
0
0.043076
0
0.086176
1
1
0.104895
0.107048
0.015394
0.003558
0.016515
0.211922
0.021047
1
0.018849
0.126593
0.164364
0.365467
0.080006
0.059668
0.015191
0.143013
0.004021
0.206008
0.059972
0.100803
1
0.049777
0.003823
0.027001
0.126475
0.135611
0.207195
0.005813
0.018199
0.012439
0.382474
0.031528
0.009923
0.346289
0.017532
0.127932
0.000939
0.030047
0.169747
0.200473
0.048863
0.382089
0.014139
0.023307
0.019031
0.438296
0.011558
0.035572
0.030334
0.162524
0.157877
0.201928
0.011957
0.50086
0.015955
0.037221
0.158289
0.005048
0.215944
0.091944
0.218871
0.040242
0.343169
0.117273
0.017836
0.059947
0.126738
0.025639
0.016097
1
0.03954
0.031902
0.001901
0.020296
0.025653
0.015923
0.000799
0.186844
0.01911
0.007907
0.007635
0.004627
0.01589
0.006265
0.202707
0.093613
0.321849
0.143184
0.063542
0.000868
0.020229
0.007327
0.005371
0.055749
0.001436
0.00463
0.362713
0.047466
0.000989
0.284148
0.280224
0.046208
0.187871
0.283595
0.002013
0.006012
0.164507
0.052153
0.003552
0.013127
0.283112
0.081192
1
0.109012
0.333479
0.137164
0.142426
0.021722
0.034493
0.049602
0.035624
0.009053
0
0
0
0
0
0
0
0
0
0
0
0.008147
0.002099
0
0
0.020869
1
0.133426
0.200918
0.138648
1
0.227169
1
0.142108
0.126602
0.074098
0.246664
0.025165
0.044113
0.028327
0.188088
1
1
0.00829
0.021581
0.137658
0.100734
0.01804
0.036495
0.395171
0.131868
0.016791
0.00111
0.010559
0.051619
0.094392
0.000877
0.174036
0.08431
0.131397
0.04632
0.011035
0.043802
0.500497
0.015423
0.050621
0.171399
0.500939
0.075446
0.009535
0.013532
0.147028
0.276701
0.139014
0.018578
0.069102
0.105352
0.02568
0.001037
0.041761
0.041993
0.201174
0.003666
0.147114
0.052823
0.007162
0.500127
0.001807
0.500691
0.273047
0.255012
0.008419
0.333548
0.031344
0.000186
0.000393
0
0.085361
0.07337
0.00021
0
0.000929
0.02515
0.499537
0.101123
0.043659
0.024862
0.151859
0.006544
0.094052
0.074155
0
4.3e-05
0.000298
4.9e-05
0.003002
0.014908
0.004125
2.5e-05
0
0.074441
1
0.251471
0.125974
0.003168
0.012453
0.003062
0.500963
0.499991
1
0.25022
0.500843
0.202462
0.130749
0.227379
