1 0
1 2
2 1
2 3
3 2
3 4
4 3
4 5
5 4
6 12
6 26
6 66
6 72
6 74
6 76
7 8
7 40
7 67
8 7
8 31
8 38
8 50
8 67
9 7
9 11
9 13
9 14
9 20
9 24
9 27
9 44
9 55
9 61
9 69
10 41
10 59
11 9
11 14
11 24
11 27
11 47
12 6
12 15
12 47
12 93
13 9
13 18
13 19
13 20
13 28
13 90
14 11
14 9
14 20
14 55
15 12
15 6
15 36
15 58
15 68
15 79
16 59
16 65
17 45
17 80
17 85
18 13
18 21
18 32
18 53
18 92
19 13
19 28
19 90
20 14
20 13
20 9
20 19
21 18
22 23
22 30
22 35
22 42
22 86
23 22
23 30
23 40
23 42
23 86
24 9
24 11
25 23
25 30
25 35
25 71
26 8
26 6
26 31
26 34
26 67
26 70
27 11
27 9
27 14
27 47
28 13
28 19
29 38
29 40
29 43
29 48
29 60
29 63
29 84
30 25
30 23
30 22
30 59
31 8
31 26
31 91
32 18
32 21
32 53
32 92
33 37
33 62
33 64
33 89
34 26
35 22
35 25
36 15
36 68
37 33
37 16
37 56
37 75
38 8
38 29
38 46
38 67
39 41
39 82
40 23
40 7
40 29
40 57
40 73
40 87
40 183
41 39
41 10
42 22
42 23
43 29
44 9
44 24
45 17
45 85
46 38
47 12
47 9
47 11
47 27
47 51
47 52
47 79
48 29
49 54
49 105
50 8
51 47
51 52
51 79
52 47
52 51
53 18
53 32
53 92
54 49
55 24
55 9
55 11
55 27
55 14
56 37
57 40
57 73
58 15
59 10
59 30
59 16
60 29
60 48
60 43
61 55
61 9
61 14
61 106
62 33
62 18
63 29
63 48
63 84
64 33
65 16
65 78
66 6
67 7
67 8
67 38
67 26
68 15
68 36
69 9
69 55
69 183
70 26
71 25
71 83
72 6
72 66
72 74
73 40
73 57
74 72
74 6
74 66
74 76
75 37
76 6
76 74
76 66
77 31
78 65
78 37
79 15
79 51
79 28
79 47
79 88
80 17
81 71
81 30
82 39
83 71
84 29
84 63
85 17
85 45
86 23
86 22
87 40
88 79
89 33
89 64
90 19
90 13
91 31
92 53
92 18
92 32
93 12
94 95
94 96
94 97
94 99
95 94
96 94
97 94
97 96
98 100
99 94
100 98
103 104
104 103
105 2
105 49
106 18
106 14
106 19
106 94
106 61
106 109
106 112
106 113
106 114
106 116
106 119
106 142
106 149
107 106
107 108
107 117
107 126
107 128
108 107
108 117
108 139
109 106
109 110
109 173
110 109
110 111
110 121
110 137
110 143
110 183
111 110
111 121
111 129
111 169
112 106
112 119
112 141
113 106
113 144
114 106
114 127
114 130
114 135
114 151
115 111
115 146
115 148
115 154
115 155
115 168
115 171
116 106
116 118
116 140
116 151
116 161
116 167
117 108
117 107
117 181
118 116
118 131
118 160
118 172
119 112
119 106
119 117
119 108
119 123
119 132
119 150
120 108
120 115
120 136
120 152
121 111
121 110
122 109
123 119
124 125
124 134
125 124
126 108
126 107
127 114
127 130
127 135
128 107
128 163
128 165
129 111
129 121
129 169
130 114
130 127
130 138
131 118
131 160
131 172
131 177
132 109
132 119
133 130
133 159
133 180
134 124
134 162
135 114
135 127
136 120
136 152
137 111
137 121
137 110
137 143
137 179
138 130
138 145
139 108
140 116
140 161
141 112
141 175
142 106
142 118
142 153
142 170
142 178
143 110
143 120
143 137
143 111
143 147
143 157
143 179
144 113
145 130
145 138
146 115
146 148
146 155
146 168
146 171
147 143
147 157
147 179
148 146
148 115
148 155
149 106
149 164
150 119
151 116
151 114
152 120
152 136
153 142
153 156
154 115
154 174
155 146
155 154
155 115
155 148
156 153
157 143
157 147
159 133
159 130
160 118
160 131
161 116
161 140
161 167
162 134
162 124
163 128
164 149
164 106
165 133
165 128
167 161
167 116
168 115
168 146
169 111
169 110
169 129
170 142
170 178
171 115
171 146
171 154
171 155
171 148
172 118
172 131
172 160
172 177
173 109
173 122
174 115
174 154
174 155
175 141
177 172
177 131
177 160
177 118
178 142
178 170
179 143
179 147
179 137
180 133
181 117
183 40
183 136
183 69
183 110
183 184
183 185
183 186
184 183
184 188
185 183
185 189
186 183
188 184
189 185
192 190
193 194
194 193
