196
512
1 0 0.142857
1 2 0.142857
2 1 0.166667
2 3 0.125
3 2 0.142857
3 4 0.25
4 3 0.125
4 5 0.5
5 4 0.25
6 12 0.111111
6 26 0.0588235
6 66 0.2
6 72 0.2
6 74 0.142857
6 76 0.2
7 8 0.0833333
7 40 0.0666667
7 67 0.125
8 7 0.0769231
8 31 0.111111
8 38 0.0909091
8 50 0.5
8 67 0.125
9 7 0.0769231
9 11 0.0833333
9 13 0.0588235
9 14 0.0833333
9 20 0.111111
9 24 0.166667
9 27 0.125
9 44 0.333333
9 55 0.111111
9 61 0.166667
9 69 0.2
10 41 0.2
10 59 0.166667
11 9 0.0344828
11 14 0.0833333
11 24 0.166667
11 27 0.125
11 47 0.0769231
12 6 0.0526316
12 15 0.0588235
12 47 0.0769231
12 93 0.5
13 9 0.0344828
13 18 0.0555556
13 19 0.1
13 20 0.111111
13 28 0.125
13 90 0.25
14 11 0.0833333
14 9 0.0344828
14 20 0.111111
14 55 0.111111
15 12 0.111111
15 6 0.0526316
15 36 0.25
15 58 0.5
15 68 0.25
15 79 0.111111
16 59 0.166667
16 65 0.25
17 45 0.25
17 80 0.5
17 85 0.25
18 13 0.0588235
18 21 0.333333
18 32 0.142857
18 53 0.166667
18 92 0.166667
19 13 0.0588235
19 28 0.125
19 90 0.25
20 14 0.0833333
20 13 0.0588235
20 9 0.0344828
20 19 0.1
21 18 0.0555556
22 23 0.0833333
22 30 0.0769231
22 35 0.166667
22 42 0.25
22 86 0.25
23 22 0.0769231
23 30 0.0769231
23 40 0.0666667
23 42 0.25
23 86 0.25
24 9 0.0344828
24 11 0.0833333
25 23 0.0833333
25 30 0.0769231
25 35 0.166667
25 71 0.142857
26 8 0.0833333
26 6 0.0526316
26 31 0.111111
26 34 0.166667
26 67 0.125
26 70 0.333333
27 11 0.0833333
27 9 0.0344828
27 14 0.0833333
27 47 0.0769231
28 13 0.0588235
28 19 0.1
29 38 0.0909091
29 40 0.0666667
29 43 0.333333
29 48 0.25
29 60 0.25
29 63 0.2
29 84 0.25
30 25 0.0833333
30 23 0.0833333
30 22 0.0769231
30 59 0.166667
31 8 0.0833333
31 26 0.0588235
31 91 0.5
32 18 0.0555556
32 21 0.333333
32 53 0.166667
32 92 0.166667
33 37 0.0588235
33 62 0.166667
33 64 0.333333
33 89 0.2
34 26 0.0588235
35 22 0.0769231
35 25 0.0833333
36 15 0.0588235
36 68 0.25
37 33 0.0625
37 16 0.142857
37 56 0.5
37 75 0.5
38 8 0.0833333
38 29 0.047619
38 46 0.5
38 67 0.125
39 41 0.2
39 82 0.25
40 23 0.0833333
40 7 0.0769231
40 29 0.047619
40 57 0.25
40 73 0.25
40 87 0.5
40 183 0.0454545
41 39 0.125
41 10 0.111111
42 22 0.0769231
42 23 0.0833333
43 29 0.047619
44 9 0.0344828
44 24 0.166667
45 17 0.0833333
45 85 0.25
46 38 0.0909091
47 12 0.111111
47 9 0.0344828
47 11 0.0833333
47 27 0.125
47 51 0.166667
47 52 0.25
47 79 0.111111
48 29 0.047619
49 54 0.5
49 105 0.0769231
50 8 0.0833333
51 47 0.0769231
51 52 0.25
51 79 0.111111
52 47 0.0769231
52 51 0.166667
53 18 0.0555556
53 32 0.142857
53 92 0.166667
54 49 0.1
55 24 0.166667
55 9 0.0344828
55 11 0.0833333
55 27 0.125
55 14 0.0833333
56 37 0.0588235
57 40 0.0666667
57 73 0.25
58 15 0.0588235
59 10 0.111111
59 30 0.0769231
59 16 0.142857
60 29 0.047619
60 48 0.25
60 43 0.333333
61 55 0.111111
61 9 0.0344828
61 14 0.0833333
61 106 0.030303
62 33 0.0625
62 18 0.0555556
63 29 0.047619
63 48 0.25
63 84 0.25
64 33 0.0625
65 16 0.142857
65 78 0.166667
66 6 0.0526316
67 7 0.0769231
67 8 0.0833333
67 38 0.0909091
67 26 0.0588235
68 15 0.0588235
68 36 0.25
69 9 0.0344828
69 55 0.111111
69 183 0.0454545
70 26 0.0588235
71 25 0.0833333
71 83 0.5
72 6 0.0526316
72 66 0.2
72 74 0.142857
73 40 0.0666667
73 57 0.25
74 72 0.2
74 6 0.0526316
74 66 0.2
74 76 0.2
75 37 0.0588235
76 6 0.0526316
76 74 0.142857
76 66 0.2
77 31 0.111111
78 65 0.25
78 37 0.0588235
79 15 0.0588235
79 51 0.166667
79 28 0.125
79 47 0.0769231
79 88 0.5
80 17 0.0833333
81 71 0.142857
81 30 0.0769231
82 39 0.125
83 71 0.142857
84 29 0.047619
84 63 0.2
85 17 0.0833333
85 45 0.25
86 23 0.0833333
86 22 0.0769231
87 40 0.0666667
88 79 0.111111
89 33 0.0625
89 64 0.333333
90 19 0.1
90 13 0.0588235
91 31 0.111111
92 53 0.166667
92 18 0.0555556
92 32 0.142857
93 12 0.111111
94 95 0.25
94 96 0.333333
94 97 0.25
94 99 0.25
95 94 0.0833333
96 94 0.0833333
97 94 0.0833333
97 96 0.333333
98 100 0.5
99 94 0.0833333
100 98 0.2
103 104 0.5
104 103 0.25
105 2 0.142857
105 49 0.1
106 18 0.0555556
106 14 0.0833333
106 19 0.1
106 94 0.0833333
106 61 0.166667
106 109 0.0909091
106 112 0.0909091
106 113 0.25
106 114 0.0833333
106 116 0.0625
106 119 0.0714286
106 142 0.0769231
106 149 0.25
107 106 0.030303
107 108 0.0769231
107 117 0.111111
107 126 0.2
107 128 0.0833333
108 107 0.047619
108 117 0.111111
108 139 0.25
109 106 0.030303
109 110 0.0625
109 173 0.25
110 109 0.0909091
110 111 0.0625
110 121 0.125
110 137 0.125
110 143 0.0714286
110 183 0.0454545
111 110 0.0625
111 121 0.125
111 129 0.142857
111 169 0.2
112 106 0.030303
112 119 0.0714286
112 141 0.25
113 106 0.030303
113 144 0.5
114 106 0.030303
114 127 0.142857
114 130 0.1
114 135 0.25
114 151 0.166667
115 111 0.0625
115 146 0.1
115 148 0.142857
115 154 0.166667
115 155 0.111111
115 168 0.25
115 171 0.142857
116 106 0.030303
116 118 0.0909091
116 140 0.25
116 151 0.166667
116 161 0.166667
116 167 0.166667
117 108 0.0769231
117 107 0.047619
117 181 0.25
118 116 0.0625
118 131 0.125
118 160 0.166667
118 172 0.142857
119 112 0.0909091
119 106 0.030303
119 117 0.111111
119 108 0.0769231
119 123 0.25
119 132 0.25
119 150 0.5
120 108 0.0769231
120 115 0.0526316
120 136 0.2
120 152 0.166667
121 111 0.0625
121 110 0.0625
122 109 0.0909091
123 119 0.0714286
124 125 0.25
124 134 0.25
125 124 0.142857
126 108 0.0769231
126 107 0.047619
127 114 0.0833333
127 130 0.1
127 135 0.25
128 107 0.047619
128 163 0.5
128 165 0.142857
129 111 0.0625
129 121 0.125
129 169 0.2
130 114 0.0833333
130 127 0.142857
130 138 0.25
131 118 0.0909091
131 160 0.166667
131 172 0.142857
131 177 0.166667
132 109 0.0909091
132 119 0.0714286
133 130 0.1
133 159 0.2
133 180 0.5
134 124 0.142857
134 162 0.333333
135 114 0.0833333
135 127 0.142857
136 120 0.1
136 152 0.166667
137 111 0.0625
137 121 0.125
137 110 0.0625
137 143 0.0714286
137 179 0.166667
138 130 0.1
138 145 0.333333
139 108 0.0769231
140 116 0.0625
140 161 0.166667
141 112 0.0909091
141 175 0.166667
142 106 0.030303
142 118 0.0909091
142 153 0.166667
142 170 0.25
142 178 0.25
143 110 0.0625
143 120 0.1
143 137 0.125
143 111 0.0625
143 147 0.166667
143 157 0.25
143 179 0.166667
144 113 0.25
145 130 0.1
145 138 0.25
146 115 0.0526316
146 148 0.142857
146 155 0.111111
146 168 0.25
146 171 0.142857
147 143 0.0714286
147 157 0.25
147 179 0.166667
148 146 0.1
148 115 0.0526316
148 155 0.111111
149 106 0.030303
149 164 0.333333
150 119 0.0714286
151 116 0.0625
151 114 0.0833333
152 120 0.1
152 136 0.2
153 142 0.0769231
153 156 0.5
154 115 0.0526316
154 174 0.25
155 146 0.1
155 154 0.166667
155 115 0.0526316
155 148 0.142857
156 153 0.166667
157 143 0.0714286
157 147 0.166667
159 133 0.142857
159 130 0.1
160 118 0.0909091
160 131 0.125
161 116 0.0625
161 140 0.25
161 167 0.166667
162 134 0.25
162 124 0.142857
163 128 0.0833333
164 149 0.25
164 106 0.030303
165 133 0.142857
165 128 0.0833333
167 161 0.166667
167 116 0.0625
168 115 0.0526316
168 146 0.1
169 111 0.0625
169 110 0.0625
169 129 0.142857
170 142 0.0769231
170 178 0.25
171 115 0.0526316
171 146 0.1
171 154 0.166667
171 155 0.111111
171 148 0.142857
172 118 0.0909091
172 131 0.125
172 160 0.166667
172 177 0.166667
173 109 0.0909091
173 122 0.5
174 115 0.0526316
174 154 0.166667
174 155 0.111111
175 141 0.25
177 172 0.142857
177 131 0.125
177 160 0.166667
177 118 0.0909091
178 142 0.0769231
178 170 0.25
179 143 0.0714286
179 147 0.166667
179 137 0.125
180 133 0.142857
181 117 0.111111
183 40 0.0666667
183 136 0.2
183 69 0.2
183 110 0.0625
183 184 0.25
183 185 0.125
183 186 0.25
184 183 0.0454545
184 188 0.5
185 183 0.0454545
185 189 0.5
186 183 0.0454545
188 184 0.25
189 185 0.125
192 190 0.2
193 194 0.333333
194 193 0.125
