0
0
0
0
0
0
1
0.088516
0.022655
1
0.002723
0.14568
0.214123
0.078882
0.221709
1
0.143131
0
0.060335
0.123225
0.140152
0.022792
0.001452
0.011426
0.254871
0.000255
0.060644
0.165323
0.038905
1
0.002835
0.009136
0.01136
0.062679
0.010162
0.000285
0.297409
1
0.093532
6e-05
0.13379
0.000556
0.003081
0.389834
0.332857
0
0.046619
0.048863
0.339847
0
0.011265
0.028387
0.018411
0.012846
0
0.195875
0.501198
0.039984
0.500736
0.024247
0.251296
0.305543
0.01032
0.24092
0.023569
0.035823
0.297038
0.031953
0.297857
0.361044
0.020059
4.7e-05
0.22798
0.04004
0.190506
0.500602
0.227282
0
0.006001
0.116491
0
0
2e-05
2.1e-05
0.288316
0
0.003099
0.066871
0.058162
0.012604
0.048396
0.004639
0.012901
0.107167
0.083886
0.020879
0.032674
0.021018
0
0.02095
0
0
0
0
0
0
1
0.010235
0.093519
0.122818
0.146256
0.139408
0.173881
0.251087
0.085086
1
0.064231
0.121239
0.012818
1
0.122184
0.056401
0.015416
0.251034
0
0
0.00208
0.015842
0.000817
0.023066
0.009877
0.002096
0.251639
1.6e-05
0
0.023716
0.219882
0.16164
0.002435
0.023392
0.018293
0.043425
0.077058
1
0.125725
0.000758
0.163874
0.226866
0.195686
0.250145
0.501076
0.024418
0.054625
0.012863
0.211353
0.163392
0.006363
0.287191
0
2e-06
0.002806
0.014572
0
0.000405
0.083952
0.000124
0
0.012442
0.277274
0.031284
0.023058
0.161464
0.002074
0.030961
0.05314
0.00729
0
0.000677
0.023037
0.21378
1e-05
0.030498
0
1
0.249894
0.126079
0.250817
0
0.125
0.063083
0
0
0
0
0
0
