0 1
1 0
2 3
2 6
3 2
3 4
3 5
4 3
5 3
5 7
5 232
6 2
6 7
7 5
7 6
8 19
8 49
8 59
8 60
8 78
8 99
9 14
9 15
9 22
9 23
9 24
9 42
9 46
9 50
9 51
9 55
9 227
10 9
10 25
10 92
11 44
11 48
11 58
11 79
12 14
12 21
12 54
12 66
12 95
12 96
12 97
13 10
13 61
14 12
14 9
14 18
14 57
14 84
15 9
16 87
17 9
17 24
17 29
17 33
17 34
17 43
17 105
17 107
18 14
18 20
18 36
18 51
19 8
19 88
20 18
20 36
20 51
21 12
21 54
21 97
22 9
22 24
22 46
23 17
23 9
23 26
23 34
23 37
23 52
23 68
23 104
24 17
24 22
24 9
24 63
24 90
25 10
25 53
26 23
26 27
26 68
26 104
27 26
27 23
27 32
27 40
27 62
27 101
28 31
28 86
29 17
29 23
30 24
31 28
31 38
31 86
32 27
32 69
33 17
33 47
33 105
34 23
34 17
34 70
35 8
35 45
35 72
35 81
36 18
36 20
37 23
37 52
37 65
38 31
38 23
38 27
38 56
38 64
38 71
38 73
38 77
38 80
39 37
40 27
40 62
40 76
40 101
41 83
41 114
42 9
42 55
43 17
43 105
44 11
44 41
44 102
45 35
45 72
46 9
46 22
46 50
47 17
47 33
48 11
49 8
50 42
50 46
50 9
50 51
51 18
51 20
51 9
51 36
51 50
52 23
52 37
52 65
53 10
53 25
53 74
53 75
54 12
54 21
55 42
55 9
55 22
56 38
56 71
57 14
58 11
58 79
59 8
59 49
60 35
60 8
61 11
61 13
61 94
62 40
62 27
62 101
63 24
63 90
64 38
64 56
65 26
65 23
65 37
65 52
65 91
66 12
67 13
67 82
68 23
68 26
68 52
68 37
69 32
70 34
70 85
70 106
71 38
71 56
72 35
72 45
73 28
73 53
73 38
74 53
74 75
75 53
75 74
76 40
76 27
77 38
77 80
78 8
79 11
79 58
80 38
80 71
80 77
81 35
81 45
82 67
83 41
83 103
84 14
84 57
85 70
86 31
86 28
87 16
88 19
89 73
89 10
89 93
89 100
90 63
90 24
90 9
91 65
92 25
92 10
93 89
93 100
94 61
94 29
94 13
95 12
95 20
95 98
96 12
96 66
97 21
97 12
98 95
99 8
99 59
100 89
100 93
101 62
101 40
101 76
101 27
102 44
103 83
104 23
104 26
105 43
105 17
105 33
106 70
107 17
107 29
107 108
107 227
108 107
108 110
109 108
109 111
110 108
110 112
111 109
112 110
114 23
114 61
114 41
114 115
114 118
114 120
114 121
115 114
116 119
117 116
118 114
118 120
119 116
119 117
120 118
120 114
120 121
121 120
121 114
124 134
124 142
124 169
124 178
124 205
125 127
125 128
125 130
125 157
125 160
125 164
125 206
125 213
126 137
126 139
126 174
126 211
127 125
128 125
128 129
128 192
128 220
128 222
129 128
129 130
129 141
129 163
129 165
130 125
130 128
130 129
130 153
130 157
130 163
130 167
130 177
130 214
130 215
131 134
131 135
131 168
132 147
132 195
132 200
133 124
133 182
133 185
133 217
133 218
134 131
134 124
134 138
134 144
134 152
134 156
134 181
135 131
135 180
136 162
136 171
136 172
137 126
137 139
138 124
138 134
138 196
138 207
139 137
139 126
139 201
140 136
140 143
140 217
141 129
141 145
141 212
142 124
142 144
142 148
142 151
142 175
142 184
142 199
143 140
144 134
144 142
144 176
144 191
144 203
145 141
146 154
146 190
147 132
147 195
148 142
148 184
148 199
148 222
149 139
150 134
150 159
151 128
151 142
151 171
152 134
153 130
154 146
154 139
154 174
155 193
155 204
155 221
156 134
156 152
157 130
157 125
158 219
159 150
160 125
160 161
160 211
161 160
162 136
163 130
163 129
164 125
164 210
165 129
165 130
166 157
166 130
166 125
166 128
166 179
167 130
167 153
167 214
168 131
168 209
169 124
169 173
170 124
170 131
170 216
171 151
171 162
171 136
171 198
171 217
172 136
173 169
173 124
174 126
174 154
174 189
175 142
175 184
176 144
177 130
178 124
179 166
179 183
180 135
181 134
181 152
182 133
182 185
182 202
183 179
183 196
184 148
184 142
184 175
185 133
185 182
185 202
185 218
186 154
186 188
186 197
187 171
188 186
189 174
189 194
190 146
191 144
191 203
191 211
192 128
193 155
194 189
195 132
195 147
195 200
196 138
196 183
196 124
197 186
197 188
197 208
198 171
198 187
198 217
199 148
199 142
199 190
200 132
200 195
201 139
202 182
202 133
202 185
202 218
203 144
203 191
204 193
204 155
205 124
205 169
206 125
206 164
206 210
207 138
208 197
209 168
209 131
210 164
210 206
210 125
211 126
211 160
211 191
212 141
212 129
213 125
214 130
214 167
215 130
215 214
216 170
217 198
217 171
217 133
217 140
218 133
218 202
218 185
219 158
220 128
220 222
221 155
222 128
222 148
222 220
223 134
223 125
223 224
224 223
227 107
227 9
227 228
228 227
228 231
229 228
229 231
231 229
231 227
231 228
232 134
232 5
232 233
232 236
233 232
233 235
233 237
234 232
235 233
236 232
237 233
