0
0
0
0
0
0
0
0
1
1
0.00088
1
1
1e-05
0.175022
0.166399
0
1
0.03644
0.25095
0.042129
0.183358
0.21229
0.105146
0.174248
0.002083
0.025008
0.078088
0.049009
0.174905
0
0.170174
0.013003
0.194849
0.109808
0.027777
0.038688
0.017694
1
0
0.013014
0.018717
0.189578
0.286782
0.1668
0.008139
0.214629
0.065373
0.500448
0.403134
0.180008
0.131945
0.01963
0.011896
0.189671
0.227335
0.290596
0.071582
0.297768
0.312734
0.333956
7.7e-05
0.016062
0.0483
0.33385
0.004511
0.40873
0
0.020884
0.006585
0.01388
0.27854
0.008383
0.142725
0.003491
0.003545
0.006487
0.288701
0.333619
0.298402
0.241336
0.009133
0
0.003702
0.05864
0.006939
0.051634
0
0.125416
0
0.030015
0.002219
0.000154
0
1.7e-05
0.111984
0.333304
0.189489
0.056191
0.332728
0
0.014451
0.041882
0.001814
0.030862
0.223694
0.007057
0.056582
0.006329
0
0.000827
0
0.000401
0
0.001086
0.000265
0
0
0.000186
0
0.00023
0.000225
0
0
0.092017
1
0.001813
0.500497
0.155628
0.063697
1
0.07673
0
0.014914
1
0.012746
0.111051
0.000517
0.111755
0.000346
0.021204
0.006412
1
0.010643
0.161498
0.001599
0.005409
0
0.167048
0
0
0.361803
0.371403
0.388018
0.000694
1
0.33416
0.360806
0
0
0.127157
0.063802
0.352684
0.261219
0.238738
0.012729
0.000139
0.241896
0.019302
0.023551
0
1
0.05553
0.004773
0.000397
0.28586
0.080698
0.501156
0.045774
0.00092
0.006401
0.333865
0.002822
0.004512
0.221667
0.002501
0
0.110629
0
5.8e-05
0.032146
0.035203
0.077818
0.408218
3e-05
0
0.022403
0
0.221544
0.161624
0
0.000174
0.001075
0.046236
0.333255
0.030908
0.206788
0.056023
0
0.00652
0.084276
0.019959
0.00131
0.500769
0.284476
0.334432
0
0.148105
0.002875
0
0.050433
0.500016
0.057571
0
0
0
0
0.06601
0.007419
0.000353
0
0.001494
0
0
0
0
0
0
