0 1
1 0
1 2
2 1
2 3
2 9
2 12
2 14
3 2
3 4
3 10
3 11
3 19
3 21
3 22
3 41
3 49
3 53
3 54
4 3
4 16
4 41
4 49
5 2
5 7
5 13
5 32
5 43
5 45
5 48
6 20
6 25
6 29
7 5
7 10
7 18
7 24
8 15
9 2
9 23
9 46
9 68
10 4
10 7
10 3
10 36
10 42
11 3
11 16
11 38
11 41
11 54
12 2
12 51
13 5
13 32
13 37
13 43
13 45
13 48
13 50
14 2
15 8
16 3
16 4
16 11
16 19
16 21
16 22
16 35
16 49
17 33
17 39
17 59
18 11
18 7
18 26
18 31
18 34
18 37
18 47
18 57
18 58
18 68
19 4
19 3
19 16
19 21
19 54
20 6
20 25
21 4
21 19
21 3
21 16
22 16
22 3
22 11
22 35
22 38
23 9
23 46
24 7
25 6
25 20
26 18
26 58
28 40
29 6
30 10
31 18
31 34
31 57
32 5
32 13
32 50
33 17
34 31
34 18
34 47
35 22
35 3
35 16
35 49
36 10
36 42
37 31
37 18
37 13
37 55
37 56
37 68
38 22
38 16
38 11
38 41
39 17
39 59
40 28
41 16
41 38
41 4
41 3
41 11
42 10
42 36
43 13
43 5
44 39
44 25
44 6
45 5
45 13
45 50
46 9
46 23
47 18
47 31
47 34
48 13
48 32
48 5
49 35
49 4
49 3
49 21
49 16
49 53
50 45
50 13
50 32
51 12
52 7
53 35
53 3
53 41
53 11
53 49
54 3
54 11
54 19
54 16
54 21
55 37
55 68
56 37
57 18
57 31
57 34
58 18
58 26
59 39
59 17
61 62
62 61
63 64
64 63
65 64
65 66
66 64
66 65
68 9
68 18
68 55
68 37
69 70
69 73
69 76
69 79
69 81
70 69
70 79
70 89
71 72
71 75
71 80
71 84
71 85
71 91
71 93
71 102
71 114
72 71
72 78
72 90
72 108
72 114
73 69
73 70
73 74
73 82
73 87
73 103
74 71
74 73
74 77
74 95
74 112
75 71
75 80
75 85
75 102
76 70
76 69
76 83
76 94
77 74
77 71
77 104
77 111
77 114
78 72
78 90
78 108
79 69
79 70
79 110
80 71
80 75
80 95
80 97
80 98
80 113
80 117
81 76
81 69
81 92
81 104
82 79
82 73
82 88
82 96
82 101
82 107
83 76
83 82
83 72
84 71
84 75
84 93
85 75
85 71
86 72
86 90
86 94
86 108
87 73
87 91
87 95
87 99
88 82
88 91
88 96
88 100
89 70
89 69
90 72
90 78
90 86
90 108
91 87
91 88
91 82
91 71
91 109
91 115
91 116
92 81
93 71
93 84
93 102
94 76
94 86
94 105
94 106
95 80
95 74
95 87
96 82
96 88
96 100
96 101
96 107
97 80
98 80
98 117
99 87
100 96
100 82
100 88
100 101
101 96
101 100
101 82
102 71
102 75
102 93
103 73
104 81
104 77
105 94
106 94
107 100
107 82
107 96
107 88
108 78
108 72
108 86
108 90
109 91
110 79
111 77
112 74
113 80
113 97
114 102
114 77
114 72
114 71
115 91
116 91
116 115
117 80
117 97
117 98
119 120
120 118
120 119
122 124
124 122
