0.0017
0.009892
0.059456
1
0.121996
0.12322
0
0.098127
0
0.014659
0.073044
0.18827
0.010032
1
0.015038
0
0.064419
0
1
0.144025
0
0.141359
0.124681
0.003475
0.049056
0
0.298155
0
0
0
0
0.185761
0.204583
0
0.189066
0.05518
0.0217
0.17998
0.054626
0
0
0.143452
0.021778
0.271192
0
0.208889
0.004181
0.227418
0.218089
0.119316
0.216751
0.00506
0
0.155489
0.159143
0.064125
0.090387
0.227572
0.297988
0
0
0
0
0
0
0
0
0
0.086638
0.065548
0.080427
0.083912
0.015118
1
0.106378
0.111714
0.1323
0.010555
0.006858
0.036701
1
0.004562
0.117218
0.033367
0.014257
0.046967
0.111836
0.187134
0.125632
0.02672
0.017885
1
0.002335
0.019897
1
0.202087
0.020916
0.353363
0.194046
0.093855
0.022854
0.022165
0.030283
0.500242
0.002088
0.501557
0.500805
0.022166
0.017754
0.500473
0.018434
0.005298
0.053323
0.333838
0.012022
0.408073
0.333223
0.227356
0
0
0
0
0
0
0
