33 29
33 4
42 40
12 1
12 22
13 8
1 2
1 3
1 12
1 21
14 4
14 7
34 37
15 6
15 16
43 39
43 44
2 1
2 24
2 25
16 6
16 15
16 23
16 25
3 1
3 2
3 4
3 10
3 18
17 4
17 20
18 3
35 36
35 41
19 7
19 4
19 14
19 20
44 43
36 35
36 40
37 34
37 38
37 39
37 45
4 3
4 5
4 8
4 14
4 17
4 20
4 49
20 4
20 7
20 17
20 19
21 1
22 12
5 4
5 6
5 11
6 5
6 8
6 15
6 16
38 37
7 4
7 14
7 19
7 20
23 16
39 37
39 43
45 37
8 6
8 7
8 4
8 9
8 13
24 2
40 36
40 38
40 42
25 2
25 16
26 6
26 15
9 8
49 33
49 14
49 4
49 15
49 50
10 3
50 49
50 51
51 50
11 5
29 33
41 35
