52
100
33 29 0.25
33 4 0.0526316
42 40 0.166667
12 1 0.0833333
12 22 0.25
13 8 0.111111
1 2 0.142857
1 3 0.0769231
1 12 0.25
1 21 0.25
14 4 0.0526316
14 7 0.1
34 37 0.111111
15 6 0.1
15 16 0.111111
43 39 0.166667
43 44 0.5
2 1 0.0833333
2 24 0.5
2 25 0.25
16 6 0.1
16 15 0.142857
16 23 0.5
16 25 0.25
3 1 0.0833333
3 2 0.142857
3 4 0.0526316
3 10 0.5
3 18 0.5
17 4 0.0526316
17 20 0.125
18 3 0.0769231
35 36 0.125
35 41 0.5
19 7 0.1
19 4 0.0526316
19 14 0.166667
19 20 0.125
44 43 0.25
36 35 0.166667
36 40 0.166667
37 34 0.142857
37 38 0.2
37 39 0.166667
37 45 0.5
4 3 0.0769231
4 5 0.166667
4 8 0.111111
4 14 0.166667
4 17 0.25
4 20 0.125
4 49 0.0909091
20 4 0.0526316
20 7 0.1
20 17 0.25
20 19 0.166667
21 1 0.0833333
22 12 0.25
5 4 0.0526316
5 6 0.1
5 11 0.5
6 5 0.166667
6 8 0.111111
6 15 0.142857
6 16 0.111111
38 37 0.111111
7 4 0.0526316
7 14 0.166667
7 19 0.166667
7 20 0.125
23 16 0.111111
39 37 0.111111
39 43 0.25
45 37 0.111111
8 6 0.1
8 7 0.1
8 4 0.0526316
8 9 0.5
8 13 0.5
24 2 0.142857
40 36 0.125
40 38 0.2
40 42 0.5
25 2 0.142857
25 16 0.111111
26 6 0.1
26 15 0.142857
9 8 0.111111
49 33 0.1
49 14 0.166667
49 4 0.0526316
49 15 0.142857
49 50 0.125
10 3 0.0769231
50 49 0.0909091
50 51 0.5
51 50 0.125
11 5 0.166667
29 33 0.1
41 35 0.166667
