0 1
0 7
1 0
1 2
1 4
1 5
1 7
2 1
2 3
2 7
3 2
4 1
4 5
4 6
5 1
5 4
6 4
7 2
7 0
7 1
7 9
7 16
7 26
7 79
8 20
9 7
9 14
9 39
9 49
9 82
10 15
10 19
10 22
10 23
10 73
11 10
11 13
11 21
11 41
11 51
11 61
11 86
11 199
12 17
12 21
12 37
12 44
12 56
12 75
13 11
13 32
13 41
14 9
14 39
14 49
14 82
15 10
15 34
15 78
15 83
16 7
16 26
17 12
17 40
17 52
18 51
18 57
18 65
18 74
18 76
18 87
18 91
19 10
19 15
19 34
19 78
20 9
20 8
21 11
21 12
21 19
22 10
22 36
22 43
22 50
22 85
22 95
23 10
23 15
23 78
23 83
24 18
24 30
24 31
24 36
24 84
25 7
26 7
26 16
26 42
26 92
27 14
27 8
27 28
27 29
27 45
27 48
27 192
28 27
28 29
28 45
28 59
29 27
29 28
29 34
29 45
30 24
30 35
30 88
31 24
32 13
33 24
33 13
33 53
34 10
34 15
34 19
34 29
34 46
34 47
34 54
34 58
34 64
34 71
34 89
35 30
35 77
36 22
36 24
36 51
37 12
37 68
38 90
39 9
39 14
39 110
40 17
40 42
40 69
41 13
41 11
42 40
42 26
43 22
44 12
45 27
45 28
45 29
45 48
45 67
45 94
46 34
47 34
47 58
47 71
48 27
48 45
48 29
49 9
49 14
50 22
50 43
51 36
51 11
51 18
52 17
53 33
53 13
53 55
53 60
54 34
54 58
54 63
54 64
55 53
55 60
56 12
57 18
57 65
57 91
58 54
58 34
58 47
59 48
59 28
59 27
59 45
59 201
60 55
60 53
60 93
61 11
61 72
62 37
63 54
63 34
63 58
63 47
63 95
64 58
64 34
64 54
64 71
65 18
65 57
65 87
66 11
67 45
67 28
67 27
67 94
68 37
69 40
70 49
70 9
71 34
71 64
71 46
71 47
71 89
72 11
72 61
73 10
73 19
74 18
75 12
76 65
76 18
76 57
77 35
77 62
78 19
78 15
78 23
79 7
81 34
81 58
81 63
81 46
82 14
82 9
83 23
83 10
83 15
84 24
85 22
85 43
86 11
86 72
87 65
87 57
87 18
88 30
89 34
89 71
90 38
91 87
91 18
91 57
92 26
93 60
93 19
94 48
94 67
94 28
94 59
94 45
95 22
95 63
95 11
95 97
95 99
96 98
97 95
97 100
98 96
99 95
100 97
101 102
101 192
102 101
102 103
102 104
102 106
102 108
102 109
103 102
103 107
104 102
104 109
106 102
106 109
107 103
108 102
109 106
109 102
109 104
110 39
110 0
110 14
110 111
110 112
111 110
112 110
112 113
113 112
115 117
115 119
115 122
115 134
116 115
116 120
116 123
116 138
116 145
116 154
116 165
116 183
116 186
116 188
117 115
117 156
118 119
118 128
118 136
118 137
119 115
119 118
119 124
119 144
120 116
120 121
120 132
120 152
120 160
120 168
121 120
121 152
121 160
121 168
121 174
122 115
122 126
122 146
122 148
122 161
122 167
122 185
123 116
123 130
124 119
124 142
124 156
125 124
125 140
125 172
126 122
126 127
126 146
126 147
126 185
127 126
127 122
127 129
127 166
127 183
128 118
128 172
129 127
129 166
130 123
131 123
131 133
131 139
131 153
132 120
132 164
133 131
133 141
133 175
133 177
134 115
134 180
136 118
137 118
138 116
138 188
139 131
139 154
140 125
141 133
142 124
143 150
143 173
143 179
144 119
145 116
145 186
145 188
146 122
146 126
146 159
146 167
146 185
147 126
147 122
147 148
147 167
147 185
148 122
148 147
148 158
150 143
150 173
150 179
151 132
152 121
152 120
152 160
152 163
153 131
154 116
154 139
155 117
155 115
156 117
156 124
157 149
158 148
158 127
159 146
159 126
160 120
160 152
160 121
160 163
160 174
161 147
161 122
161 159
162 142
162 124
162 169
162 170
162 178
163 120
163 152
163 121
163 160
164 132
165 116
165 164
166 127
166 129
166 183
167 122
167 146
167 147
168 120
168 121
168 184
169 162
169 170
169 178
170 169
170 162
170 171
170 178
171 162
171 169
171 170
171 199
172 125
172 128
172 181
173 143
173 150
174 120
174 160
174 121
175 133
175 182
177 133
178 170
178 162
178 169
179 143
179 150
180 115
180 134
181 172
182 175
183 145
183 166
183 127
183 116
184 174
184 121
184 168
185 126
185 146
185 147
185 122
186 145
186 116
187 165
188 116
188 138
188 145
189 119
189 137
189 95
189 190
190 189
190 191
191 190
192 27
192 10
192 19
192 101
192 193
193 192
193 197
194 196
196 194
196 198
197 193
198 196
199 171
199 11
199 122
199 200
200 199
201 158
201 59
201 122
201 27
201 202
202 201
203 201
205 206
206 205
