0.152809
0.09273
0.178369
0.089156
0.011442
0.025011
0.005707
1
0.001066
0.067031
0.148418
1
1
0.065583
0.009735
0.130066
0.274725
0.101252
1
0.138259
0.000228
0.360991
1
0.030409
1
0
0.153405
0.007279
0.011877
0.100844
0.11131
0.500897
0.021882
0
1
0.018695
0.257862
0.142769
0
0.012312
0.019961
0.132221
0.021344
0.370949
0.500579
0.009061
0.283276
0.14346
0.002613
0.010522
0.332563
0.258436
0.050578
0
0.142298
0
0.501173
0.216726
0.156203
0.001647
0
0.266414
0.000586
0.024032
0.176358
0.218437
0
0.001675
0.071389
0.010034
0
0.164161
0.141284
0.049542
0.500105
0.500292
0.2507
0.003746
0.047012
0.50031
0
0
0.018324
0.030892
0.499926
0.333485
0.333175
0.223998
0.055549
0.277759
0
0.231809
0.076419
0
0.001479
0.051826
0
0.013042
0
0.017225
0.006546
0.112147
1
0.125955
0.194618
0
0.286167
0.062832
0.500545
0.223134
0.001306
0.0003
0.000311
0.00016
0
0.114155
1
0.014558
0.000818
0.011629
0.04841
0.004458
1
0.110178
0.001556
5e-06
0.107556
0.018025
0.000126
0.010692
0.055046
0.102192
0.015881
1
0.019032
0
0.000398
0.000178
0.230584
0.02859
3e-06
0.499729
0.001331
0
0.005864
0.180858
0.142466
0.069825
0.175195
0
0
0
0.007231
0.051205
0.12828
0
0.00403
0
0.029649
0.095093
0.005962
0.251038
0.0025
0.002129
0.050463
0.143568
0.027174
0.191986
0.00855
0.003313
0.002928
0.018873
2e-05
0
0.001997
0.166678
0
0.501356
0.001356
0
0.006419
1.1e-05
0.083561
0.143944
0.002209
0.15644
0.189805
0
0.215617
0
0
0
0.007913
0.00099
0
0
0
0.000529
0
0.112049
0.056086
8.2e-05
3.5e-05
0
0
0
0
