0 1
1 0
1 4
2 3
3 2
4 0
4 1
4 2
4 5
4 15
4 16
4 23
4 25
4 35
5 4
5 10
5 14
5 21
6 7
6 8
6 9
6 30
6 31
7 6
7 11
7 15
7 17
7 32
8 6
8 12
8 20
8 28
8 46
8 47
8 49
9 6
9 22
10 5
10 4
10 24
11 7
11 32
12 7
12 11
12 8
12 13
12 19
12 26
13 12
13 19
13 29
13 33
14 5
14 21
14 59
15 4
15 7
15 18
15 23
16 4
17 7
17 11
17 32
18 15
19 13
19 12
19 26
19 29
20 8
21 5
21 14
22 9
22 6
23 4
23 15
23 41
23 45
24 10
25 4
26 19
26 13
26 12
26 29
26 50
27 8
27 38
27 39
27 43
27 58
28 8
28 46
29 26
29 19
29 13
29 36
29 42
29 44
29 59
30 6
31 6
32 7
32 17
32 11
33 24
33 13
33 34
33 37
34 33
35 4
35 25
36 26
36 29
37 33
37 13
38 27
38 115
39 27
39 38
39 43
40 4
41 23
41 48
42 29
42 12
43 39
43 27
44 12
44 42
44 29
45 23
46 8
46 28
46 49
47 8
47 46
48 41
49 46
49 8
49 47
50 13
50 26
50 51
50 52
51 50
52 50
53 54
53 57
53 116
54 53
54 55
54 56
55 54
56 55
56 54
57 53
58 4
58 27
58 38
59 29
59 4
59 15
59 14
59 60
59 64
59 65
59 67
59 68
59 71
59 73
59 76
59 86
59 91
59 92
59 97
59 100
59 104
60 59
60 61
60 62
60 77
60 79
60 86
60 105
60 116
61 60
61 59
61 63
61 70
61 71
61 74
62 59
62 60
63 61
63 106
64 59
64 60
64 69
64 71
64 72
64 94
64 109
64 115
65 59
65 73
65 76
65 97
66 62
67 59
67 61
68 67
68 59
68 71
68 75
69 64
69 112
70 61
70 63
70 74
70 101
70 106
71 59
71 64
71 61
71 68
71 81
71 83
71 107
72 64
72 109
73 65
73 59
73 76
73 92
73 111
74 70
74 61
75 68
76 73
76 65
76 59
76 97
77 60
77 87
77 105
77 110
78 60
79 60
79 59
79 73
79 82
79 96
80 74
80 64
80 71
80 61
80 70
80 84
80 89
81 71
82 79
83 64
83 71
83 85
83 90
84 80
85 83
86 59
86 79
86 60
87 60
87 77
87 105
88 61
88 74
88 70
88 98
88 103
88 114
89 80
89 95
90 83
90 85
91 59
92 59
92 73
92 93
93 92
94 64
94 109
95 80
95 89
96 79
96 82
97 59
97 65
97 76
98 88
99 102
99 108
99 113
100 59
101 66
101 70
101 62
101 86
102 99
102 100
103 88
103 98
104 59
105 60
105 77
105 87
106 70
106 74
106 61
106 63
107 71
108 99
109 64
109 94
109 72
110 77
110 60
111 59
111 65
111 73
111 91
112 69
113 112
113 99
113 108
114 88
114 98
114 103
115 38
115 64
115 54
116 53
116 60
116 19
116 117
117 116
