0.173165
0.277173
0.142367
0.071477
1
0.076556
1
0.081263
1
0.250891
0.015335
0.028729
0.066699
0.012819
0.134773
0.159014
0.500409
0.019042
0.026547
0.016619
0.501864
0.050818
0.050236
0.114519
0.005415
0.407802
0.016437
0.000111
0.288288
0.072869
0.500287
0.501002
0.01974
0.001121
0.000566
0.332804
0.014692
0.000177
0.001645
2.6e-05
0
0.014388
0.021802
3.1e-05
0.018462
0.057384
0.229965
0.293877
0.007076
0.233578
0.000734
0.000147
0.000254
0.000372
0.000795
0.000173
0.000259
0.000105
1.1e-05
1
0.064643
0.097724
0.012177
0.037138
0.131903
0.108542
0.004065
0.19132
0.173401
0.021782
0.080683
1
0.025802
0.107693
0.129521
0.087072
0.165946
0.008551
0
0.020319
1
0.501102
0.008348
0.142628
0.500224
0.058313
0.119498
0.003861
0
0.250829
0.047727
0.338855
0.18001
0.090081
0.037562
0.083594
0.006709
0.199175
0
0
0.20178
0.016313
0
0
0.500393
0.011972
0.018871
0.500808
0
0.029433
0.002854
0.021623
0.007199
0
0
0.009617
0.003618
0.000915
0
0
