120
343
0 1 0.25
1 0 0.142857
1 4 0.0285714
2 3 0.5
3 2 0.142857
4 0 0.142857
4 1 0.25
4 2 0.142857
4 5 0.0666667
4 15 0.0769231
4 16 0.5
4 23 0.1
4 25 0.333333
4 35 0.333333
5 4 0.0285714
5 10 0.2
5 14 0.125
5 21 0.25
6 7 0.0666667
6 8 0.05
6 9 0.25
6 30 0.5
6 31 0.5
7 6 0.0625
7 11 0.166667
7 15 0.0769231
7 17 0.2
7 32 0.166667
8 6 0.0625
8 12 0.0625
8 20 0.5
8 28 0.25
8 46 0.142857
8 47 0.25
8 49 0.2
9 6 0.0625
9 22 0.2
10 5 0.0666667
10 4 0.0285714
10 24 0.333333
11 7 0.0666667
11 32 0.166667
12 7 0.0666667
12 11 0.166667
12 8 0.05
12 13 0.0769231
12 19 0.1
12 26 0.1
13 12 0.0625
13 19 0.1
13 29 0.0714286
13 33 0.0909091
14 5 0.0666667
14 21 0.25
14 59 0.0204082
15 4 0.0285714
15 7 0.0666667
15 18 0.166667
15 23 0.1
16 4 0.0285714
17 7 0.0666667
17 11 0.166667
17 32 0.166667
18 15 0.0769231
19 13 0.0769231
19 12 0.0625
19 26 0.1
19 29 0.0714286
20 8 0.05
21 5 0.0666667
21 14 0.125
22 9 0.25
22 6 0.0625
23 4 0.0285714
23 15 0.0769231
23 41 0.125
23 45 0.5
24 10 0.2
25 4 0.0285714
26 19 0.1
26 13 0.0769231
26 12 0.0625
26 29 0.0714286
26 50 0.0434783
27 8 0.05
27 38 0.166667
27 39 0.2
27 43 0.25
27 58 0.1
28 8 0.05
28 46 0.142857
29 26 0.1
29 19 0.1
29 13 0.0769231
29 36 0.2
29 42 0.25
29 44 0.25
29 59 0.0204082
30 6 0.0625
31 6 0.0625
32 7 0.0666667
32 17 0.2
32 11 0.166667
33 24 0.333333
33 13 0.0769231
33 34 0.5
33 37 0.166667
34 33 0.0909091
35 4 0.0285714
35 25 0.333333
36 26 0.1
36 29 0.0714286
37 33 0.0909091
37 13 0.0769231
38 27 0.0769231
38 115 0.0714286
39 27 0.0769231
39 38 0.166667
39 43 0.25
40 4 0.0285714
41 23 0.1
41 48 0.5
42 29 0.0714286
42 12 0.0625
43 39 0.2
43 27 0.0769231
44 12 0.0625
44 42 0.25
44 29 0.0714286
45 23 0.1
46 8 0.05
46 28 0.25
46 49 0.2
47 8 0.05
47 46 0.142857
48 41 0.125
49 46 0.142857
49 8 0.05
49 47 0.25
50 13 0.0769231
50 26 0.1
50 51 0.2
50 52 0.333333
51 50 0.0434783
52 50 0.0434783
53 54 0.0769231
53 57 0.25
53 116 0.0555556
54 53 0.0833333
54 55 0.142857
54 56 0.333333
55 54 0.0769231
56 55 0.142857
56 54 0.0769231
57 53 0.0833333
58 4 0.0285714
58 27 0.0769231
58 38 0.166667
59 29 0.0714286
59 4 0.0285714
59 15 0.0769231
59 14 0.125
59 60 0.047619
59 64 0.0434783
59 65 0.0769231
59 67 0.166667
59 68 0.0909091
59 71 0.0416667
59 73 0.0769231
59 76 0.125
59 86 0.111111
59 91 0.333333
59 92 0.166667
59 97 0.166667
59 100 0.2
59 104 0.5
60 59 0.0204082
60 61 0.04
60 62 0.142857
60 77 0.111111
60 79 0.111111
60 86 0.111111
60 105 0.166667
60 116 0.0555556
61 60 0.047619
61 59 0.0204082
61 63 0.2
61 70 0.0666667
61 71 0.0416667
61 74 0.111111
62 59 0.0204082
62 60 0.047619
63 61 0.04
63 106 0.166667
64 59 0.0204082
64 60 0.047619
64 69 0.166667
64 71 0.0416667
64 72 0.166667
64 94 0.25
64 109 0.166667
64 115 0.0714286
65 59 0.0204082
65 73 0.0769231
65 76 0.125
65 97 0.166667
66 62 0.142857
67 59 0.0204082
67 61 0.04
68 67 0.166667
68 59 0.0204082
68 71 0.0416667
68 75 0.5
69 64 0.0434783
69 112 0.333333
70 61 0.04
70 63 0.2
70 74 0.111111
70 101 0.2
70 106 0.166667
71 59 0.0204082
71 64 0.0434783
71 61 0.04
71 68 0.0909091
71 81 0.5
71 83 0.142857
71 107 0.5
72 64 0.0434783
72 109 0.166667
73 65 0.0769231
73 59 0.0204082
73 76 0.125
73 92 0.166667
73 111 0.2
74 70 0.0666667
74 61 0.04
75 68 0.0909091
76 73 0.0769231
76 65 0.0769231
76 59 0.0204082
76 97 0.166667
77 60 0.047619
77 87 0.2
77 105 0.166667
77 110 0.333333
78 60 0.047619
79 60 0.047619
79 59 0.0204082
79 73 0.0769231
79 82 0.333333
79 96 0.333333
80 74 0.111111
80 64 0.0434783
80 71 0.0416667
80 61 0.04
80 70 0.0666667
80 84 0.5
80 89 0.25
81 71 0.0416667
82 79 0.111111
83 64 0.0434783
83 71 0.0416667
83 85 0.333333
83 90 0.333333
84 80 0.1
85 83 0.142857
86 59 0.0204082
86 79 0.111111
86 60 0.047619
87 60 0.047619
87 77 0.111111
87 105 0.166667
88 61 0.04
88 74 0.111111
88 70 0.0666667
88 98 0.25
88 103 0.25
88 114 0.25
89 80 0.1
89 95 0.333333
90 83 0.142857
90 85 0.333333
91 59 0.0204082
92 59 0.0204082
92 73 0.0769231
92 93 0.5
93 92 0.166667
94 64 0.0434783
94 109 0.166667
95 80 0.1
95 89 0.25
96 79 0.111111
96 82 0.333333
97 59 0.0204082
97 65 0.0769231
97 76 0.125
98 88 0.0909091
99 102 0.25
99 108 0.333333
99 113 0.2
100 59 0.0204082
101 66 0.25
101 70 0.0666667
101 62 0.142857
101 86 0.111111
102 99 0.1
102 100 0.2
103 88 0.0909091
103 98 0.25
104 59 0.0204082
105 60 0.047619
105 77 0.111111
105 87 0.2
106 70 0.0666667
106 74 0.111111
106 61 0.04
106 63 0.2
107 71 0.0416667
108 99 0.1
109 64 0.0434783
109 94 0.25
109 72 0.166667
110 77 0.111111
110 60 0.047619
111 59 0.0204082
111 65 0.0769231
111 73 0.0769231
111 91 0.333333
112 69 0.166667
113 112 0.333333
113 99 0.1
113 108 0.333333
114 88 0.0909091
114 98 0.25
114 103 0.25
115 38 0.166667
115 64 0.0434783
115 54 0.0769231
116 53 0.0833333
116 60 0.047619
116 19 0.1
116 117 0.25
117 116 0.0555556
