45
78
13 4 0.0833333
13 8 0.0714286
13 20 0.5
13 22 0.333333
37 29 0.0833333
14 18 0.125
15 6 0.1
15 12 0.25
16 11 0.125
0 2 0.166667
0 6 0.1
25 30 0.142857
25 39 0.5
1 7 0.25
17 8 0.0714286
17 23 0.25
2 0 0.0909091
39 25 0.111111
3 9 0.25
3 21 0.25
18 11 0.125
18 14 0.166667
18 6 0.1
18 0 0.0909091
4 5 0.125
4 10 0.25
4 19 0.25
27 26 0.166667
27 29 0.0833333
5 4 0.0833333
40 28 0.0666667
40 34 0.333333
40 33 0.25
6 0 0.0909091
6 12 0.25
6 15 0.25
6 18 0.125
19 4 0.0833333
19 10 0.25
20 13 0.0833333
41 28 0.0666667
41 33 0.25
28 33 0.25
28 34 0.333333
28 35 0.166667
28 41 0.25
29 27 0.1
29 26 0.166667
29 36 0.5
7 1 0.166667
42 37 0.25
8 4 0.0833333
8 3 0.125
8 11 0.125
8 23 0.25
21 3 0.125
21 9 0.25
30 25 0.111111
30 43 0.5
43 30 0.142857
22 13 0.0833333
9 3 0.125
9 21 0.25
31 35 0.166667
23 8 0.0714286
23 17 0.25
10 4 0.0833333
10 19 0.25
11 3 0.125
11 8 0.0714286
11 16 0.5
33 28 0.0666667
34 28 0.0666667
12 6 0.1
12 15 0.25
35 28 0.0666667
35 31 0.2
36 29 0.0833333
