0 62
0 120
1 32
1 44
2 5
2 10
2 14
2 16
2 24
2 25
2 26
2 41
2 42
3 7
3 8
3 9
3 29
4 9
4 11
4 15
4 19
4 30
4 49
4 62
5 2
5 1
5 12
5 13
5 47
6 17
6 21
6 27
6 29
6 31
6 39
6 40
6 44
6 51
6 52
7 3
8 7
8 3
8 14
9 7
9 4
9 3
9 34
9 36
9 43
9 46
10 2
10 5
10 23
10 35
10 48
11 4
11 21
11 30
12 5
13 5
13 18
13 28
13 50
14 8
14 2
14 20
15 4
15 11
15 30
16 2
16 22
17 6
17 27
17 39
17 40
17 51
18 13
18 28
18 50
19 4
19 15
19 21
20 14
21 4
21 6
21 11
21 19
21 33
21 62
22 16
23 10
23 48
24 2
25 2
25 42
26 2
26 25
27 17
27 6
27 38
27 39
28 13
28 18
28 50
29 6
29 3
29 17
29 27
29 37
29 45
30 11
30 4
30 15
30 49
31 6
31 17
31 40
32 1
32 44
33 21
34 9
35 10
35 23
36 9
36 34
37 29
38 6
38 17
38 27
38 40
38 51
39 27
39 6
39 17
40 31
40 6
40 17
40 38
41 2
41 25
42 2
42 25
43 34
43 9
44 1
44 6
44 32
45 29
45 37
46 9
46 34
47 5
48 23
48 10
48 35
49 4
49 30
49 11
50 18
50 13
50 28
51 17
51 31
51 6
51 38
51 27
51 52
52 27
52 6
52 51
54 55
54 58
55 54
55 56
55 60
56 55
56 57
56 120
57 55
57 56
58 54
60 55
62 4
62 0
62 21
62 63
62 70
62 73
62 80
62 83
62 85
62 92
62 113
63 62
63 64
63 65
63 66
63 68
63 75
63 95
63 109
63 120
64 63
64 72
64 76
65 63
65 77
65 86
65 89
65 96
66 63
66 108
67 69
67 71
67 78
67 79
67 85
67 93
67 103
68 63
69 67
69 74
69 88
69 101
69 111
70 62
70 64
70 91
70 116
71 67
71 97
71 103
72 64
73 62
74 69
74 101
74 111
75 63
75 95
76 64
76 72
76 81
77 65
77 86
78 67
78 71
78 88
78 93
78 99
78 100
79 67
79 78
79 99
79 102
80 62
80 92
81 76
82 70
83 62
83 113
84 87
84 107
85 62
85 67
86 65
86 77
86 89
86 98
87 84
87 82
88 69
88 74
88 78
88 94
88 114
89 86
89 65
89 77
89 98
90 82
90 91
91 70
91 90
92 62
92 80
93 67
93 78
93 99
94 88
94 114
95 63
95 75
95 68
96 89
96 65
96 105
96 110
97 71
97 67
97 78
98 65
98 89
98 86
98 77
98 106
99 67
99 78
99 79
99 93
99 103
99 104
100 78
100 97
100 79
101 74
101 69
102 78
102 79
102 101
102 67
102 99
102 112
102 115
103 100
103 67
103 99
103 71
104 99
104 78
104 67
105 96
105 110
106 77
106 98
106 89
107 84
108 66
109 68
109 63
110 105
110 96
110 117
111 69
111 74
112 102
112 115
113 62
113 83
114 94
114 88
115 102
115 112
116 70
117 96
117 110
117 105
118 119
119 118
120 91
120 63
120 56
120 0
120 121
120 122
121 120
121 122
121 123
122 121
122 120
122 124
123 121
124 122
