126
372
0 62 0.0277778
0 120 0.0714286
1 32 0.25
1 44 0.166667
2 5 0.0714286
2 10 0.1
2 14 0.1
2 16 0.166667
2 24 0.5
2 25 0.125
2 26 0.333333
2 41 0.2
2 42 0.25
3 7 0.2
3 8 0.111111
3 9 0.0714286
3 29 0.0833333
4 9 0.0714286
4 11 0.125
4 15 0.125
4 19 0.2
4 30 0.1
4 49 0.2
4 62 0.0277778
5 2 0.0416667
5 1 0.111111
5 12 0.25
5 13 0.111111
5 47 0.5
6 17 0.0769231
6 21 0.0666667
6 27 0.0909091
6 29 0.0833333
6 31 0.166667
6 39 0.166667
6 40 0.125
6 44 0.166667
6 51 0.1
6 52 0.2
7 3 0.0666667
8 7 0.2
8 3 0.0666667
8 14 0.1
9 7 0.2
9 4 0.047619
9 3 0.0666667
9 34 0.2
9 36 0.333333
9 43 0.333333
9 46 0.333333
10 2 0.0416667
10 5 0.0714286
10 23 0.125
10 35 0.25
10 48 0.2
11 4 0.047619
11 21 0.0666667
11 30 0.1
12 5 0.0714286
13 5 0.0714286
13 18 0.166667
13 28 0.166667
13 50 0.166667
14 8 0.111111
14 2 0.0416667
14 20 0.5
15 4 0.047619
15 11 0.125
15 30 0.1
16 2 0.0416667
16 22 0.5
17 6 0.04
17 27 0.0909091
17 39 0.166667
17 40 0.125
17 51 0.1
18 13 0.111111
18 28 0.166667
18 50 0.166667
19 4 0.047619
19 15 0.125
19 21 0.0666667
20 14 0.1
21 4 0.047619
21 6 0.04
21 11 0.125
21 19 0.2
21 33 0.333333
21 62 0.0277778
22 16 0.166667
23 10 0.1
23 48 0.2
24 2 0.0416667
25 2 0.0416667
25 42 0.25
26 2 0.0416667
26 25 0.125
27 17 0.0769231
27 6 0.04
27 38 0.125
27 39 0.166667
28 13 0.111111
28 18 0.166667
28 50 0.166667
29 6 0.04
29 3 0.0666667
29 17 0.0769231
29 27 0.0909091
29 37 0.333333
29 45 0.333333
30 11 0.125
30 4 0.047619
30 15 0.125
30 49 0.2
31 6 0.04
31 17 0.0769231
31 40 0.125
32 1 0.111111
32 44 0.166667
33 21 0.0666667
34 9 0.0714286
35 10 0.1
35 23 0.125
36 9 0.0714286
36 34 0.2
37 29 0.0833333
38 6 0.04
38 17 0.0769231
38 27 0.0909091
38 40 0.125
38 51 0.1
39 27 0.0909091
39 6 0.04
39 17 0.0769231
40 31 0.166667
40 6 0.04
40 17 0.0769231
40 38 0.125
41 2 0.0416667
41 25 0.125
42 2 0.0416667
42 25 0.125
43 34 0.2
43 9 0.0714286
44 1 0.111111
44 6 0.04
44 32 0.25
45 29 0.0833333
45 37 0.333333
46 9 0.0714286
46 34 0.2
47 5 0.0714286
48 23 0.125
48 10 0.1
48 35 0.25
49 4 0.047619
49 30 0.1
49 11 0.125
50 18 0.166667
50 13 0.111111
50 28 0.166667
51 17 0.0769231
51 31 0.166667
51 6 0.04
51 38 0.125
51 27 0.0909091
51 52 0.2
52 27 0.0909091
52 6 0.04
52 51 0.1
54 55 0.142857
54 58 0.5
55 54 0.0714286
55 56 0.166667
55 60 0.5
56 55 0.142857
56 57 0.333333
56 120 0.0714286
57 55 0.142857
57 56 0.166667
58 54 0.0714286
60 55 0.142857
62 4 0.047619
62 0 0.0714286
62 21 0.0666667
62 63 0.0357143
62 70 0.0833333
62 73 0.5
62 80 0.166667
62 83 0.25
62 85 0.142857
62 92 0.25
62 113 0.25
63 62 0.0277778
63 64 0.111111
63 65 0.0833333
63 66 0.2
63 68 0.2
63 75 0.25
63 95 0.2
63 109 0.166667
63 120 0.0714286
64 63 0.0357143
64 72 0.333333
64 76 0.2
65 63 0.0357143
65 77 0.142857
65 86 0.125
65 89 0.111111
65 96 0.111111
66 63 0.0357143
66 108 0.5
67 69 0.0666667
67 71 0.142857
67 78 0.0666667
67 79 0.125
67 85 0.142857
67 93 0.166667
67 103 0.142857
68 63 0.0357143
69 67 0.0454545
69 74 0.0909091
69 88 0.1
69 101 0.2
69 111 0.25
70 62 0.0277778
70 64 0.111111
70 91 0.166667
70 116 0.5
71 67 0.0454545
71 97 0.2
71 103 0.142857
72 64 0.111111
73 62 0.0277778
74 69 0.0666667
74 101 0.2
74 111 0.25
75 63 0.0357143
75 95 0.2
76 64 0.111111
76 72 0.333333
76 81 0.5
77 65 0.0833333
77 86 0.125
78 67 0.0454545
78 71 0.142857
78 88 0.1
78 93 0.166667
78 99 0.0833333
78 100 0.2
79 67 0.0454545
79 78 0.0666667
79 99 0.0833333
79 102 0.1
80 62 0.0277778
80 92 0.25
81 76 0.2
82 70 0.0833333
83 62 0.0277778
83 113 0.25
84 87 0.166667
84 107 0.5
85 62 0.0277778
85 67 0.0454545
86 65 0.0833333
86 77 0.142857
86 89 0.111111
86 98 0.125
87 84 0.111111
87 82 0.142857
88 69 0.0666667
88 74 0.0909091
88 78 0.0666667
88 94 0.2
88 114 0.25
89 86 0.125
89 65 0.0833333
89 77 0.142857
89 98 0.125
90 82 0.142857
90 91 0.166667
91 70 0.0833333
91 90 0.111111
92 62 0.0277778
92 80 0.166667
93 67 0.0454545
93 78 0.0666667
93 99 0.0833333
94 88 0.1
94 114 0.25
95 63 0.0357143
95 75 0.25
95 68 0.2
96 89 0.111111
96 65 0.0833333
96 105 0.2
96 110 0.166667
97 71 0.142857
97 67 0.0454545
97 78 0.0666667
98 65 0.0833333
98 89 0.111111
98 86 0.125
98 77 0.142857
98 106 0.25
99 67 0.0454545
99 78 0.0666667
99 79 0.125
99 93 0.166667
99 103 0.142857
99 104 0.25
100 78 0.0666667
100 97 0.2
100 79 0.125
101 74 0.0909091
101 69 0.0666667
102 78 0.0666667
102 79 0.125
102 101 0.2
102 67 0.0454545
102 99 0.0833333
102 112 0.25
102 115 0.25
103 100 0.2
103 67 0.0454545
103 99 0.0833333
103 71 0.142857
104 99 0.0833333
104 78 0.0666667
104 67 0.0454545
105 96 0.111111
105 110 0.166667
106 77 0.142857
106 98 0.125
106 89 0.111111
107 84 0.111111
108 66 0.2
109 68 0.2
109 63 0.0357143
110 105 0.2
110 96 0.111111
110 117 0.25
111 69 0.0666667
111 74 0.0909091
112 102 0.1
112 115 0.25
113 62 0.0277778
113 83 0.25
114 94 0.2
114 88 0.1
115 102 0.1
115 112 0.25
116 70 0.0833333
117 96 0.111111
117 110 0.166667
117 105 0.2
118 119 0.5
119 118 0.25
120 91 0.166667
120 63 0.0357143
120 56 0.166667
120 0 0.0714286
120 121 0.166667
120 122 0.1
121 120 0.0714286
121 122 0.1
121 123 0.5
122 121 0.166667
122 120 0.0714286
122 124 0.5
123 121 0.166667
124 122 0.1
