0.076936
0.132266
1
0.085571
0.101099
1
1
0.215429
0.020691
1
0.100842
0.034342
0.251136
0.111667
0.101773
0.019698
0.167405
0.141069
0.024232
0.045501
0.051099
0.131147
0.084126
0.018059
0.49974
0.209901
0.332899
0.153393
0.024274
0.089874
0.016577
0.204661
0.074415
0.043489
0.351121
0.029328
0.333613
0.036578
0.053813
0.203283
0.163403
0.201123
0.285016
0.333441
0.185626
0.029979
0.333384
0.500277
0.022383
0.022734
0.02468
0.13409
0.220051
0
0.000181
0.002372
0.012876
0.00424
9.6e-05
0
0.001202
0
1
1
0.120283
0.083988
0.200246
0.070542
0.265413
0.020162
0.084807
0.025772
0.04593
0.501114
0.02127
0.288287
0.024191
0.01516
0.088545
0.144813
0.201546
0.012161
0.000441
0.298633
0
0.151295
0.013373
0
0.010805
0.011579
0.003063
0.026767
0.28213
0.041405
0.002604
0.240356
0.00946
0.009507
0.002974
0.102907
0.022704
0.202048
1
0.027153
0.025906
0.002174
0.000751
0
0.10042
0.166836
0.00182
0.00994
0.298487
0.298429
0.003074
0.297588
0.042346
0.000493
0
0
0.076789
0.013822
0.008677
0.006909
0.004376
0
