0 1
0 5
0 9
0 33
0 34
0 41
0 62
0 77
0 167
0 181
1 0
1 2
1 3
1 8
1 11
1 35
1 68
1 105
1 156
1 169
2 1
2 3
2 11
2 19
2 25
2 44
2 45
2 106
2 108
2 147
3 1
3 2
3 4
3 6
3 7
3 12
3 13
3 15
3 16
3 22
3 27
3 36
3 37
3 40
3 47
3 48
3 57
4 3
4 7
4 12
4 40
4 51
4 109
4 165
5 0
5 24
5 28
5 34
5 72
5 107
5 170
6 3
6 14
6 21
6 168
6 184
7 3
7 4
7 10
7 54
7 82
7 121
8 1
8 103
9 0
9 22
9 24
9 55
9 58
9 61
9 180
10 7
10 56
11 2
11 1
11 35
11 112
11 125
12 4
12 3
12 17
12 26
12 178
13 3
13 10
13 43
13 141
13 148
14 4
14 6
14 65
14 84
14 98
14 104
15 3
15 23
15 124
16 3
16 15
16 27
16 30
16 89
16 155
16 206
17 12
17 31
17 111
18 9
18 20
18 53
18 55
19 2
19 11
19 118
19 183
19 205
20 18
20 46
20 53
20 145
21 6
21 39
21 128
21 156
22 9
22 3
22 60
22 99
22 113
22 163
22 177
22 201
23 15
23 59
23 80
23 195
24 5
24 9
24 50
24 52
24 93
24 123
24 153
24 170
25 2
25 45
25 106
25 147
26 12
26 29
26 40
26 116
26 154
27 3
27 16
27 42
27 149
27 202
28 5
29 26
29 174
29 209
30 16
30 21
30 3
30 73
30 85
30 91
30 99
30 129
30 136
30 137
30 190
31 17
31 7
32 31
32 20
32 88
32 111
33 0
33 34
33 41
33 197
34 5
34 0
34 33
34 117
35 1
35 11
35 38
36 3
37 3
37 64
37 78
37 120
37 160
37 191
38 35
39 21
39 14
39 92
40 4
40 26
40 3
40 69
40 75
40 83
40 95
40 104
40 127
41 33
41 0
41 59
41 67
41 86
41 87
41 146
41 151
41 158
41 186
41 208
42 27
43 13
43 148
44 2
44 25
44 63
44 90
45 21
45 2
45 25
45 71
46 20
47 3
47 48
47 57
48 3
48 47
48 57
49 4
49 31
49 54
50 24
51 4
52 24
52 18
52 74
53 18
53 29
53 20
53 94
54 7
54 31
54 49
55 9
55 18
55 64
55 187
56 10
57 3
57 48
57 47
57 124
58 23
58 9
58 135
59 41
59 23
59 62
59 173
59 194
60 22
60 163
61 50
61 54
61 9
61 87
61 130
62 59
62 9
62 0
62 114
62 164
62 173
62 175
63 44
63 2
63 66
63 112
64 37
64 55
64 99
64 101
65 14
65 70
66 63
67 41
67 87
67 117
67 158
67 186
68 16
68 1
68 97
69 40
69 95
69 127
70 65
70 38
70 35
70 76
71 45
71 140
72 41
72 5
73 30
73 129
73 136
73 138
74 24
74 52
74 50
75 40
75 79
75 81
76 70
76 19
76 96
76 118
77 0
77 5
77 33
77 146
78 45
78 37
78 30
78 99
78 110
78 133
78 193
79 75
80 23
81 75
82 7
83 40
83 14
83 115
83 122
83 143
84 14
85 73
85 30
85 91
85 136
85 190
85 198
86 41
87 67
87 61
87 41
87 86
87 130
88 32
88 102
88 131
89 15
89 16
89 22
89 203
90 2
90 44
90 118
91 30
91 85
91 129
91 136
91 137
91 159
91 198
92 39
93 24
93 50
93 157
94 53
95 40
95 69
96 38
96 76
97 68
98 14
98 104
99 22
99 64
99 30
99 78
99 126
99 142
99 161
99 172
99 179
100 46
100 20
100 153
101 64
102 77
102 88
102 144
103 8
104 14
104 98
104 40
104 192
105 1
106 2
106 25
107 5
107 28
108 2
108 147
108 156
109 104
109 4
110 78
110 152
110 166
110 193
111 32
111 29
111 17
111 116
111 132
111 134
111 145
112 11
112 63
112 70
112 139
113 22
113 177
114 62
114 164
115 83
116 26
116 111
116 184
117 34
117 67
118 19
118 76
118 90
118 139
119 6
119 182
120 37
121 56
121 7
121 113
121 141
122 83
122 143
122 196
122 204
123 49
123 50
123 5
123 24
124 3
124 15
124 57
125 25
125 2
125 63
125 11
126 99
126 55
126 9
126 164
127 40
127 69
127 95
128 21
129 85
129 91
129 73
129 30
129 137
129 138
129 159
129 190
129 198
130 87
130 61
130 188
131 88
132 14
132 116
132 111
132 103
132 162
133 78
133 110
133 152
134 111
135 58
136 73
136 91
136 85
136 30
136 190
137 30
137 129
137 91
138 73
138 129
138 30
139 118
139 112
139 38
139 185
140 45
140 71
141 13
141 82
141 121
141 187
142 99
142 179
143 115
143 122
143 83
144 102
144 18
145 111
145 20
146 77
146 41
146 23
146 80
146 150
147 2
147 25
147 108
148 43
148 13
149 27
150 146
151 67
151 41
152 133
152 110
152 166
153 129
153 83
153 100
153 24
153 199
153 204
154 26
155 16
156 108
156 21
156 147
156 1
157 93
157 72
157 5
158 67
158 41
158 86
159 30
159 91
159 136
159 129
159 85
160 37
160 191
161 99
162 132
163 22
163 60
163 113
163 177
163 201
164 126
164 114
164 62
164 173
165 49
165 4
166 152
166 110
166 78
167 0
167 33
168 6
168 182
169 105
169 1
169 202
170 24
170 5
170 210
171 1
171 11
172 99
172 161
173 164
173 62
173 59
174 29
174 209
175 62
176 58
176 135
177 113
177 22
177 163
178 146
178 12
179 99
179 172
179 142
180 9
181 0
181 167
182 37
182 168
182 44
182 119
183 19
184 103
184 116
184 6
185 139
186 67
186 41
187 148
187 141
187 55
188 130
189 123
190 85
190 136
190 129
190 91
190 30
191 37
191 160
192 104
193 78
193 110
194 59
195 23
196 122
196 4
196 83
196 143
197 0
197 33
198 91
198 129
198 138
198 85
199 153
200 50
200 24
201 60
201 177
201 163
201 22
201 113
202 6
202 169
202 27
202 168
202 207
203 89
204 153
204 75
204 122
205 19
206 16
207 202
208 86
208 186
208 41
209 29
209 174
210 170
