0.141606
1
0.137839
1
1
0.09208
0.154059
0.154924
0.259602
0.135042
0.054247
0.180447
0.207044
0.112602
1
0.258995
1
0.171574
0.033856
1
0.048005
0.040036
0.116978
0.063287
1
0.027668
0.05493
0.193604
0.037465
0.105924
0.083484
0.05733
0.167216
0.122697
0.047737
0.17014
0.500961
0.092133
0.047588
0.007979
0.120161
1
0.097008
0.03296
0.022326
0.022423
0.023943
0.211772
0.212071
0.086067
0.197805
0.501721
0.200706
0.011362
0.044139
0.053683
0.026206
0.172189
0.022485
0.210302
0.023544
0.034899
1
0.010692
0.139566
0.251591
0.005271
0.16325
0.200972
0.026566
0.042252
0.005666
0.035529
0.012611
0.050261
0.020225
0.023723
0.037437
0.083163
0.010137
0.0582
0.010145
0.057949
0.02002
0.499988
0.009506
0.293661
0.128938
0.027933
0.166531
0.029067
0.008487
0.003963
0.20167
0.005745
0.031318
0.008026
0.100076
0.28072
1
0.025626
0.069953
0.005617
0.108859
0.179504
0.379136
0.039766
0.030489
0.051102
0.333407
0.013413
1
0.029287
0.02648
0.28073
0.007649
0.133166
0.051026
0.127074
0.0021
0.046331
0.028606
0.005365
0.167525
0.083024
0.036215
0.190066
0.023177
0.020064
0.012038
0.026574
0.013944
0.142687
0.016973
0.500419
0.007357
0.010886
0.014138
0.00455
0.021915
0.001819
0.021299
0.289114
0.004206
0.00184
0.255314
0.121259
0.038449
0.0297
0.097008
0.060911
0.333021
0.005225
0.101202
0.027342
0.499832
0.149267
0.050881
0.22473
0.002271
0.027344
0.40017
0.071814
0.015246
0.191099
0.33392
0.003512
0.044583
0.038397
0.20361
0.17864
0
0.296213
0.216995
0.031412
0.500115
0
0.020727
0.069444
0.24164
0.067344
0.047116
0.006335
0.500704
0.055868
0.010932
0.262426
0.014571
0.013295
0
0.010045
0.027384
0.089961
0.023019
0.105293
0.031818
0.001032
0.041141
0.004059
0.050428
0
0.01827
0.038931
0.083147
0.020742
0.500801
0.499733
0.019433
0.250662
0.031438
0.044707
