211
699
0 1 0.047619
0 5 0.0588235
0 9 0.0555556
0 33 0.1
0 34 0.125
0 41 0.0416667
0 62 0.0769231
0 77 0.142857
0 167 0.25
0 181 0.333333
1 0 0.0434783
1 2 0.0434783
1 3 0.0263158
1 8 0.25
1 11 0.0833333
1 35 0.142857
1 68 0.2
1 105 0.333333
1 156 0.142857
1 169 0.2
2 1 0.047619
2 3 0.0263158
2 11 0.0833333
2 19 0.1
2 25 0.1
2 44 0.125
2 45 0.0909091
2 106 0.25
2 108 0.166667
2 147 0.111111
3 1 0.047619
3 2 0.0434783
3 4 0.047619
3 6 0.0769231
3 7 0.0769231
3 12 0.1
3 13 0.111111
3 15 0.125
3 16 0.0714286
3 22 0.0526316
3 27 0.1
3 36 0.5
3 37 0.0769231
3 40 0.0555556
3 47 0.166667
3 48 0.166667
3 57 0.125
4 3 0.0263158
4 7 0.0769231
4 12 0.1
4 40 0.0555556
4 51 0.5
4 109 0.333333
4 165 0.333333
5 0 0.0434783
5 24 0.0555556
5 28 0.333333
5 34 0.125
5 72 0.25
5 107 0.333333
5 170 0.166667
6 3 0.0263158
6 14 0.0714286
6 21 0.1
6 168 0.2
6 184 0.2
7 3 0.0263158
7 4 0.047619
7 10 0.2
7 54 0.166667
7 82 0.333333
7 121 0.166667
8 1 0.047619
8 103 0.25
9 0 0.0434783
9 22 0.0526316
9 24 0.0555556
9 55 0.111111
9 58 0.166667
9 61 0.125
9 180 0.5
10 7 0.0769231
10 56 0.333333
11 2 0.0434783
11 1 0.047619
11 35 0.142857
11 112 0.142857
11 125 0.2
12 4 0.047619
12 3 0.0263158
12 17 0.142857
12 26 0.1
12 178 0.333333
13 3 0.0263158
13 10 0.2
13 43 0.25
13 141 0.142857
13 148 0.2
14 4 0.047619
14 6 0.0769231
14 65 0.25
14 84 0.5
14 98 0.25
14 104 0.111111
15 3 0.0263158
15 23 0.1
15 124 0.2
16 3 0.0263158
16 15 0.125
16 27 0.1
16 30 0.04
16 89 0.166667
16 155 0.5
16 206 0.5
17 12 0.1
17 31 0.125
17 111 0.0769231
18 9 0.0555556
18 20 0.1
18 53 0.142857
18 55 0.111111
19 2 0.0434783
19 11 0.0833333
19 118 0.125
19 183 0.5
19 205 0.5
20 18 0.111111
20 46 0.333333
20 53 0.142857
20 145 0.25
21 6 0.0769231
21 39 0.2
21 128 0.5
21 156 0.142857
22 9 0.0555556
22 3 0.0263158
22 60 0.166667
22 99 0.0555556
22 113 0.142857
22 163 0.0909091
22 177 0.125
22 201 0.142857
23 15 0.125
23 59 0.1
23 80 0.333333
23 195 0.5
24 5 0.0588235
24 9 0.0555556
24 50 0.142857
24 52 0.2
24 93 0.2
24 123 0.166667
24 153 0.1
24 170 0.166667
25 2 0.0434783
25 45 0.0909091
25 106 0.25
25 147 0.111111
26 12 0.1
26 29 0.1
26 40 0.0555556
26 116 0.111111
26 154 0.5
27 3 0.0263158
27 16 0.0714286
27 42 0.5
27 149 0.5
27 202 0.1
28 5 0.0588235
29 26 0.1
29 174 0.25
29 209 0.25
30 16 0.0714286
30 21 0.1
30 3 0.0263158
30 73 0.111111
30 85 0.0769231
30 91 0.0625
30 99 0.0555556
30 129 0.0526316
30 136 0.0909091
30 137 0.142857
30 190 0.0909091
31 17 0.142857
31 7 0.0769231
32 31 0.125
32 20 0.1
32 88 0.166667
32 111 0.0769231
33 0 0.0434783
33 34 0.125
33 41 0.0416667
33 197 0.333333
34 5 0.0588235
34 0 0.0434783
34 33 0.1
34 117 0.25
35 1 0.047619
35 11 0.0833333
35 38 0.2
36 3 0.0263158
37 3 0.0263158
37 64 0.125
37 78 0.0769231
37 120 0.5
37 160 0.25
37 191 0.25
38 35 0.142857
39 21 0.1
39 14 0.0714286
39 92 0.5
40 4 0.047619
40 26 0.1
40 3 0.0263158
40 69 0.166667
40 75 0.142857
40 83 0.0909091
40 95 0.2
40 104 0.111111
40 127 0.166667
41 33 0.1
41 0 0.0434783
41 59 0.1
41 67 0.0909091
41 86 0.2
41 87 0.111111
41 146 0.111111
41 151 0.333333
41 158 0.2
41 186 0.2
41 208 0.25
42 27 0.1
43 13 0.111111
43 148 0.2
44 2 0.0434783
44 25 0.1
44 63 0.125
44 90 0.2
45 21 0.1
45 2 0.0434783
45 25 0.1
45 71 0.25
46 20 0.1
47 3 0.0263158
47 48 0.166667
47 57 0.125
48 3 0.0263158
48 47 0.166667
48 57 0.125
49 4 0.047619
49 31 0.125
49 54 0.166667
50 24 0.0555556
51 4 0.047619
52 24 0.0555556
52 18 0.111111
52 74 0.25
53 18 0.111111
53 29 0.1
53 20 0.1
53 94 0.5
54 7 0.0769231
54 31 0.125
54 49 0.166667
55 9 0.0555556
55 18 0.111111
55 64 0.125
55 187 0.2
56 10 0.2
57 3 0.0263158
57 48 0.166667
57 47 0.166667
57 124 0.2
58 23 0.1
58 9 0.0555556
58 135 0.333333
59 41 0.0416667
59 23 0.1
59 62 0.0769231
59 173 0.166667
59 194 0.5
60 22 0.0526316
60 163 0.0909091
61 50 0.142857
61 54 0.166667
61 9 0.0555556
61 87 0.111111
61 130 0.166667
62 59 0.1
62 9 0.0555556
62 0 0.0434783
62 114 0.25
62 164 0.125
62 173 0.166667
62 175 0.5
63 44 0.125
63 2 0.0434783
63 66 0.5
63 112 0.142857
64 37 0.0769231
64 55 0.111111
64 99 0.0555556
64 101 0.5
65 14 0.0714286
65 70 0.142857
66 63 0.125
67 41 0.0416667
67 87 0.111111
67 117 0.25
67 158 0.2
67 186 0.2
68 16 0.0714286
68 1 0.047619
68 97 0.5
69 40 0.0555556
69 95 0.2
69 127 0.166667
70 65 0.25
70 38 0.2
70 35 0.142857
70 76 0.142857
71 45 0.0909091
71 140 0.333333
72 41 0.0416667
72 5 0.0588235
73 30 0.04
73 129 0.0526316
73 136 0.0909091
73 138 0.166667
74 24 0.0555556
74 52 0.2
74 50 0.142857
75 40 0.0555556
75 79 0.5
75 81 0.5
76 70 0.142857
76 19 0.1
76 96 0.333333
76 118 0.125
77 0 0.0434783
77 5 0.0588235
77 33 0.1
77 146 0.111111
78 45 0.0909091
78 37 0.0769231
78 30 0.04
78 99 0.0555556
78 110 0.111111
78 133 0.2
78 193 0.25
79 75 0.142857
80 23 0.1
81 75 0.142857
82 7 0.0769231
83 40 0.0555556
83 14 0.0714286
83 115 0.333333
83 122 0.125
83 143 0.166667
84 14 0.0714286
85 73 0.111111
85 30 0.04
85 91 0.0625
85 136 0.0909091
85 190 0.0909091
85 198 0.142857
86 41 0.0416667
87 67 0.0909091
87 61 0.125
87 41 0.0416667
87 86 0.2
87 130 0.166667
88 32 0.166667
88 102 0.2
88 131 0.5
89 15 0.125
89 16 0.0714286
89 22 0.0526316
89 203 0.5
90 2 0.0434783
90 44 0.125
90 118 0.125
91 30 0.04
91 85 0.0769231
91 129 0.0526316
91 136 0.0909091
91 137 0.142857
91 159 0.111111
91 198 0.142857
92 39 0.2
93 24 0.0555556
93 50 0.142857
93 157 0.25
94 53 0.142857
95 40 0.0555556
95 69 0.166667
96 38 0.2
96 76 0.142857
97 68 0.2
98 14 0.0714286
98 104 0.111111
99 22 0.0526316
99 64 0.125
99 30 0.04
99 78 0.0769231
99 126 0.166667
99 142 0.25
99 161 0.333333
99 172 0.25
99 179 0.2
100 46 0.333333
100 20 0.1
100 153 0.1
101 64 0.125
102 77 0.142857
102 88 0.166667
102 144 0.333333
103 8 0.25
104 14 0.0714286
104 98 0.25
104 40 0.0555556
104 192 0.5
105 1 0.047619
106 2 0.0434783
106 25 0.1
107 5 0.0588235
107 28 0.333333
108 2 0.0434783
108 147 0.111111
108 156 0.142857
109 104 0.111111
109 4 0.047619
110 78 0.0769231
110 152 0.166667
110 166 0.2
110 193 0.25
111 32 0.166667
111 29 0.1
111 17 0.142857
111 116 0.111111
111 132 0.142857
111 134 0.5
111 145 0.25
112 11 0.0833333
112 63 0.125
112 70 0.142857
112 139 0.142857
113 22 0.0526316
113 177 0.125
114 62 0.0769231
114 164 0.125
115 83 0.0909091
116 26 0.1
116 111 0.0769231
116 184 0.2
117 34 0.125
117 67 0.0909091
118 19 0.1
118 76 0.142857
118 90 0.2
118 139 0.142857
119 6 0.0769231
119 182 0.166667
120 37 0.0769231
121 56 0.333333
121 7 0.0769231
121 113 0.142857
121 141 0.142857
122 83 0.0909091
122 143 0.166667
122 196 0.2
122 204 0.2
123 49 0.166667
123 50 0.142857
123 5 0.0588235
123 24 0.0555556
124 3 0.0263158
124 15 0.125
124 57 0.125
125 25 0.1
125 2 0.0434783
125 63 0.125
125 11 0.0833333
126 99 0.0555556
126 55 0.111111
126 9 0.0555556
126 164 0.125
127 40 0.0555556
127 69 0.166667
127 95 0.2
128 21 0.1
129 85 0.0769231
129 91 0.0625
129 73 0.111111
129 30 0.04
129 137 0.142857
129 138 0.166667
129 159 0.111111
129 190 0.0909091
129 198 0.142857
130 87 0.111111
130 61 0.125
130 188 0.5
131 88 0.166667
132 14 0.0714286
132 116 0.111111
132 111 0.0769231
132 103 0.25
132 162 0.5
133 78 0.0769231
133 110 0.111111
133 152 0.166667
134 111 0.0769231
135 58 0.166667
136 73 0.111111
136 91 0.0625
136 85 0.0769231
136 30 0.04
136 190 0.0909091
137 30 0.04
137 129 0.0526316
137 91 0.0625
138 73 0.111111
138 129 0.0526316
138 30 0.04
139 118 0.125
139 112 0.142857
139 38 0.2
139 185 0.5
140 45 0.0909091
140 71 0.25
141 13 0.111111
141 82 0.333333
141 121 0.166667
141 187 0.2
142 99 0.0555556
142 179 0.2
143 115 0.333333
143 122 0.125
143 83 0.0909091
144 102 0.2
144 18 0.111111
145 111 0.0769231
145 20 0.1
146 77 0.142857
146 41 0.0416667
146 23 0.1
146 80 0.333333
146 150 0.5
147 2 0.0434783
147 25 0.1
147 108 0.166667
148 43 0.25
148 13 0.111111
149 27 0.1
150 146 0.111111
151 67 0.0909091
151 41 0.0416667
152 133 0.2
152 110 0.111111
152 166 0.2
153 129 0.0526316
153 83 0.0909091
153 100 0.25
153 24 0.0555556
153 199 0.5
153 204 0.2
154 26 0.1
155 16 0.0714286
156 108 0.166667
156 21 0.1
156 147 0.111111
156 1 0.047619
157 93 0.2
157 72 0.25
157 5 0.0588235
158 67 0.0909091
158 41 0.0416667
158 86 0.2
159 30 0.04
159 91 0.0625
159 136 0.0909091
159 129 0.0526316
159 85 0.0769231
160 37 0.0769231
160 191 0.25
161 99 0.0555556
162 132 0.142857
163 22 0.0526316
163 60 0.166667
163 113 0.142857
163 177 0.125
163 201 0.142857
164 126 0.166667
164 114 0.25
164 62 0.0769231
164 173 0.166667
165 49 0.166667
165 4 0.047619
166 152 0.166667
166 110 0.111111
166 78 0.0769231
167 0 0.0434783
167 33 0.1
168 6 0.0769231
168 182 0.166667
169 105 0.333333
169 1 0.047619
169 202 0.1
170 24 0.0555556
170 5 0.0588235
170 210 0.25
171 1 0.047619
171 11 0.0833333
172 99 0.0555556
172 161 0.333333
173 164 0.125
173 62 0.0769231
173 59 0.1
174 29 0.1
174 209 0.25
175 62 0.0769231
176 58 0.166667
176 135 0.333333
177 113 0.142857
177 22 0.0526316
177 163 0.0909091
178 146 0.111111
178 12 0.1
179 99 0.0555556
179 172 0.25
179 142 0.25
180 9 0.0555556
181 0 0.0434783
181 167 0.25
182 37 0.0769231
182 168 0.2
182 44 0.125
182 119 0.333333
183 19 0.1
184 103 0.25
184 116 0.111111
184 6 0.0769231
185 139 0.142857
186 67 0.0909091
186 41 0.0416667
187 148 0.2
187 141 0.142857
187 55 0.111111
188 130 0.166667
189 123 0.166667
190 85 0.0769231
190 136 0.0909091
190 129 0.0526316
190 91 0.0625
190 30 0.04
191 37 0.0769231
191 160 0.25
192 104 0.111111
193 78 0.0769231
193 110 0.111111
194 59 0.1
195 23 0.1
196 122 0.125
196 4 0.047619
196 83 0.0909091
196 143 0.166667
197 0 0.0434783
197 33 0.1
198 91 0.0625
198 129 0.0526316
198 138 0.166667
198 85 0.0769231
199 153 0.1
200 50 0.142857
200 24 0.0555556
201 60 0.166667
201 177 0.125
201 163 0.0909091
201 22 0.0526316
201 113 0.142857
202 6 0.0769231
202 169 0.2
202 27 0.1
202 168 0.2
202 207 0.5
203 89 0.166667
204 153 0.1
204 75 0.142857
204 122 0.125
205 19 0.1
206 16 0.0714286
207 202 0.1
208 86 0.2
208 186 0.2
208 41 0.0416667
209 29 0.1
209 174 0.25
210 170 0.166667
