34
62
0 1 0.5
1 0 0.25
30 22 0.0625
22 24 0.125
22 30 0.125
22 31 0.333333
23 22 0.0625
23 26 0.125
23 27 0.2
23 28 0.166667
24 22 0.0625
24 25 0.333333
12 2 0.0625
12 7 0.125
13 3 0.0625
13 5 0.0769231
13 15 0.5
2 3 0.0625
2 4 0.0625
2 7 0.125
2 12 0.25
2 16 0.166667
3 2 0.0625
3 5 0.0769231
3 9 0.142857
3 18 0.5
4 2 0.0625
4 5 0.0769231
4 6 0.0909091
4 10 0.2
4 14 0.5
5 4 0.0625
5 3 0.0625
5 8 0.5
5 9 0.142857
14 4 0.0625
15 13 0.25
25 24 0.125
26 23 0.0769231
26 28 0.166667
31 22 0.0625
31 24 0.125
6 4 0.0625
16 7 0.125
16 2 0.0625
27 23 0.0769231
17 7 0.125
28 23 0.0769231
28 26 0.125
7 2 0.0625
7 12 0.25
7 16 0.166667
7 17 0.166667
18 3 0.0625
8 5 0.0769231
9 5 0.0769231
9 3 0.0625
9 11 0.5
29 22 0.0625
10 4 0.0625
10 6 0.0909091
11 9 0.142857
