2 3
3 2
3 4
3 108
4 3
5 14
5 31
5 96
5 106
6 8
6 17
6 27
6 41
7 10
7 12
7 22
7 33
7 39
8 6
8 9
8 47
9 8
9 13
9 30
9 61
9 83
9 85
10 7
10 24
10 29
11 20
11 21
11 81
12 7
12 19
12 23
12 25
12 26
12 33
12 64
12 75
13 9
13 16
13 40
13 57
13 63
14 5
14 15
15 14
15 5
15 96
16 8
16 13
16 9
16 36
16 55
17 6
18 28
18 38
18 44
18 46
18 68
18 69
18 76
18 95
19 12
19 84
19 87
20 11
20 21
21 20
21 11
21 32
22 7
23 12
23 19
23 84
24 10
25 12
25 9
25 39
25 40
25 43
25 50
25 89
26 12
26 19
26 84
26 87
27 6
27 48
27 74
28 18
28 34
28 35
28 40
28 88
29 10
29 52
29 56
29 64
29 70
29 74
30 9
30 85
31 5
31 14
31 15
32 21
33 12
33 7
33 86
33 92
34 28
34 59
34 91
35 28
36 16
37 28
37 22
37 16
37 53
38 18
38 25
39 7
39 25
39 49
40 25
40 13
40 28
41 6
41 71
42 36
42 45
42 60
43 25
44 18
45 42
45 60
45 66
46 18
46 44
46 68
46 69
46 78
46 79
46 95
47 17
47 8
48 27
49 39
50 25
50 43
51 58
52 29
52 56
53 37
53 8
53 16
53 54
53 62
54 53
54 62
55 16
55 90
56 29
56 52
56 70
56 74
57 13
57 63
58 51
59 34
59 82
60 42
60 45
61 6
61 9
62 54
62 8
62 53
62 97
63 13
63 57
63 65
64 9
64 29
64 12
64 73
64 77
65 63
65 13
65 80
66 45
66 60
67 58
67 41
67 17
68 18
68 46
68 78
68 208
69 46
69 18
69 76
69 79
70 29
70 56
70 52
71 41
73 64
74 29
74 56
74 27
75 12
75 23
76 18
76 69
76 46
76 95
77 64
78 46
78 18
78 68
78 69
78 95
79 18
79 46
79 69
80 65
81 11
81 20
82 59
83 9
84 23
84 19
84 26
85 9
85 30
86 33
86 61
87 26
87 12
87 19
88 28
89 25
89 43
90 55
91 34
92 33
95 78
95 46
95 69
95 18
95 76
96 5
96 15
96 14
97 62
97 23
102 103
103 102
106 5
106 14
106 107
107 106
108 3
108 12
108 109
108 110
108 113
108 122
108 125
108 134
108 136
108 147
108 165
108 183
108 193
109 108
109 112
109 127
109 191
110 108
110 111
110 115
110 122
110 135
110 137
111 108
111 110
111 117
112 109
112 127
113 108
113 114
113 121
113 163
113 189
113 201
114 113
114 115
114 126
114 140
114 142
114 149
114 192
115 110
115 114
115 151
116 130
116 146
116 148
116 177
117 111
117 113
117 136
117 143
118 119
118 120
118 128
118 131
118 162
118 174
118 175
118 185
119 118
119 120
119 162
119 174
119 175
119 185
119 190
120 118
120 119
120 129
120 133
120 153
121 113
121 189
122 108
122 110
122 123
122 145
122 154
122 157
122 176
122 184
122 207
123 122
123 145
123 154
123 156
123 207
124 117
124 113
124 108
124 138
124 160
124 182
125 108
126 114
126 149
127 109
127 112
127 191
128 118
128 174
128 188
129 120
129 133
129 146
130 116
130 166
131 118
131 180
132 124
132 174
132 202
133 120
133 129
134 108
134 125
134 169
135 110
135 137
135 196
136 108
136 117
136 171
136 191
137 110
137 135
137 199
138 124
138 139
138 144
138 150
138 152
138 179
138 186
139 138
139 198
140 114
141 155
141 158
141 205
142 114
142 149
143 124
143 117
143 108
144 138
144 150
144 152
144 179
145 122
145 123
145 137
145 146
145 164
145 168
146 116
146 145
146 129
147 108
147 193
148 116
148 164
149 126
149 142
149 114
150 138
150 144
150 152
150 179
151 115
152 138
152 144
152 150
153 120
153 133
153 129
154 122
154 123
154 173
154 184
154 207
155 141
156 123
156 122
156 157
156 165
156 184
156 207
157 122
157 156
158 141
158 170
158 187
159 127
159 204
160 124
160 131
160 161
161 160
161 131
161 198
162 119
162 118
162 175
162 178
163 113
164 145
164 148
164 197
165 156
165 122
165 108
165 194
166 130
167 130
167 128
167 155
167 181
168 145
169 134
169 111
169 110
169 109
170 158
170 155
171 136
172 165
172 203
173 154
173 123
174 128
174 118
174 119
174 132
175 118
175 162
175 119
175 178
175 190
176 156
176 122
176 173
177 116
178 118
178 162
178 119
178 175
179 144
179 138
179 150
179 186
180 131
181 171
181 167
182 124
183 108
184 122
184 154
184 156
185 118
185 119
185 206
186 138
186 150
186 179
187 158
187 177
188 128
189 121
189 113
190 118
190 175
190 119
191 112
191 136
191 127
191 109
192 114
193 108
193 147
194 165
195 113
195 147
195 108
196 110
196 135
197 164
198 161
198 139
199 137
200 148
201 189
201 113
202 132
203 172
204 159
205 155
205 141
206 190
206 119
206 185
207 123
207 154
207 156
207 122
208 115
208 142
208 68
208 209
209 208
210 212
210 213
212 210
213 210
213 216
214 218
216 213
216 217
217 216
218 214
220 223
221 222
222 221
223 220
225 226
226 225
228 226
