229
594
2 3 0.1
3 2 0.166667
3 4 0.5
3 108 0.0243902
4 3 0.1
5 14 0.142857
5 31 0.2
5 96 0.2
5 106 0.142857
6 8 0.0909091
6 17 0.25
6 27 0.111111
6 41 0.142857
7 10 0.142857
7 12 0.047619
7 22 0.2
7 33 0.1
7 39 0.166667
8 6 0.0666667
8 9 0.047619
8 47 0.333333
9 8 0.0909091
9 13 0.0909091
9 30 0.25
9 61 0.166667
9 83 0.5
9 85 0.25
10 7 0.0714286
10 24 0.2
10 29 0.0833333
11 20 0.2
11 21 0.125
11 81 0.333333
12 7 0.0714286
12 19 0.1
12 23 0.0909091
12 25 0.0625
12 26 0.142857
12 33 0.1
12 64 0.0909091
12 75 0.333333
13 9 0.047619
13 16 0.0588235
13 40 0.125
13 57 0.25
13 63 0.166667
14 5 0.0909091
14 15 0.166667
15 14 0.142857
15 5 0.0909091
15 96 0.2
16 8 0.0909091
16 13 0.0909091
16 9 0.047619
16 36 0.333333
16 55 0.2
17 6 0.0666667
18 28 0.0833333
18 38 0.25
18 44 0.333333
18 46 0.0714286
18 68 0.125
18 69 0.1
18 76 0.142857
18 95 0.111111
19 12 0.047619
19 84 0.166667
19 87 0.2
20 11 0.1
20 21 0.125
21 20 0.2
21 11 0.1
21 32 0.5
22 7 0.0714286
23 12 0.047619
23 19 0.1
23 84 0.166667
24 10 0.142857
25 12 0.047619
25 9 0.047619
25 39 0.166667
25 40 0.125
25 43 0.25
25 50 0.333333
25 89 0.333333
26 12 0.047619
26 19 0.1
26 84 0.166667
26 87 0.2
27 6 0.0666667
27 48 0.5
27 74 0.166667
28 18 0.0416667
28 34 0.111111
28 35 0.5
28 40 0.125
28 88 0.5
29 10 0.142857
29 52 0.2
29 56 0.111111
29 64 0.0909091
29 70 0.2
29 74 0.166667
30 9 0.047619
30 85 0.25
31 5 0.0909091
31 14 0.142857
31 15 0.166667
32 21 0.125
33 12 0.047619
33 7 0.0714286
33 86 0.333333
33 92 0.25
34 28 0.0833333
34 59 0.166667
34 91 0.5
35 28 0.0833333
36 16 0.0588235
37 28 0.0833333
37 22 0.2
37 16 0.0588235
37 53 0.125
38 18 0.0416667
38 25 0.0625
39 7 0.0714286
39 25 0.0625
39 49 0.5
40 25 0.0625
40 13 0.0909091
40 28 0.0833333
41 6 0.0666667
41 71 0.5
42 36 0.333333
42 45 0.166667
42 60 0.2
43 25 0.0625
44 18 0.0416667
45 42 0.142857
45 60 0.2
45 66 0.333333
46 18 0.0416667
46 44 0.333333
46 68 0.125
46 69 0.1
46 78 0.125
46 79 0.2
46 95 0.111111
47 17 0.25
47 8 0.0909091
48 27 0.111111
49 39 0.166667
50 25 0.0625
50 43 0.25
51 58 0.333333
52 29 0.0833333
52 56 0.111111
53 37 0.2
53 8 0.0909091
53 16 0.0588235
53 54 0.25
53 62 0.142857
54 53 0.125
54 62 0.142857
55 16 0.0588235
55 90 0.5
56 29 0.0833333
56 52 0.2
56 70 0.2
56 74 0.166667
57 13 0.0909091
57 63 0.166667
58 51 0.25
59 34 0.111111
59 82 0.5
60 42 0.142857
60 45 0.166667
61 6 0.0666667
61 9 0.047619
62 54 0.25
62 8 0.0909091
62 53 0.125
62 97 0.333333
63 13 0.0909091
63 57 0.25
63 65 0.166667
64 9 0.047619
64 29 0.0833333
64 12 0.047619
64 73 0.5
64 77 0.5
65 63 0.166667
65 13 0.0909091
65 80 0.5
66 45 0.166667
66 60 0.2
67 58 0.333333
67 41 0.142857
67 17 0.25
68 18 0.0416667
68 46 0.0714286
68 78 0.125
68 208 0.125
69 46 0.0714286
69 18 0.0416667
69 76 0.142857
69 79 0.2
70 29 0.0833333
70 56 0.111111
70 52 0.2
71 41 0.142857
73 64 0.0909091
74 29 0.0833333
74 56 0.111111
74 27 0.111111
75 12 0.047619
75 23 0.0909091
76 18 0.0416667
76 69 0.1
76 46 0.0714286
76 95 0.111111
77 64 0.0909091
78 46 0.0714286
78 18 0.0416667
78 68 0.125
78 69 0.1
78 95 0.111111
79 18 0.0416667
79 46 0.0714286
79 69 0.1
80 65 0.166667
81 11 0.1
81 20 0.2
82 59 0.166667
83 9 0.047619
84 23 0.0909091
84 19 0.1
84 26 0.142857
85 9 0.047619
85 30 0.25
86 33 0.1
86 61 0.166667
87 26 0.142857
87 12 0.047619
87 19 0.1
88 28 0.0833333
89 25 0.0625
89 43 0.25
90 55 0.2
91 34 0.111111
92 33 0.1
95 78 0.125
95 46 0.0714286
95 69 0.1
95 18 0.0416667
95 76 0.142857
96 5 0.0909091
96 15 0.166667
96 14 0.142857
97 62 0.142857
97 23 0.0909091
102 103 0.166667
103 102 0.25
106 5 0.0909091
106 14 0.142857
106 107 0.5
107 106 0.142857
108 3 0.1
108 12 0.047619
108 109 0.0666667
108 110 0.0588235
108 113 0.047619
108 122 0.0434783
108 125 0.333333
108 134 0.142857
108 136 0.111111
108 147 0.2
108 165 0.125
108 183 0.5
108 193 0.25
109 108 0.0243902
109 112 0.2
109 127 0.1
109 191 0.142857
110 108 0.0243902
110 111 0.125
110 115 0.1
110 122 0.0434783
110 135 0.166667
110 137 0.125
111 108 0.0243902
111 110 0.0588235
111 117 0.1
112 109 0.0666667
112 127 0.1
113 108 0.0243902
113 114 0.0714286
113 121 0.25
113 163 0.5
113 189 0.2
113 201 0.333333
114 113 0.047619
114 115 0.1
114 126 0.166667
114 140 0.5
114 142 0.2
114 149 0.166667
114 192 0.5
115 110 0.0588235
115 114 0.0714286
115 151 0.5
116 130 0.1
116 146 0.111111
116 148 0.142857
116 177 0.2
117 111 0.125
117 113 0.047619
117 136 0.111111
117 143 0.142857
118 119 0.0625
118 120 0.0769231
118 128 0.1
118 131 0.166667
118 162 0.125
118 174 0.1
118 175 0.1
118 185 0.166667
119 118 0.047619
119 120 0.0769231
119 162 0.125
119 174 0.1
119 175 0.1
119 185 0.166667
119 190 0.166667
120 118 0.047619
120 119 0.0625
120 129 0.142857
120 133 0.2
120 153 0.25
121 113 0.047619
121 189 0.2
122 108 0.0243902
122 110 0.0588235
122 123 0.0769231
122 145 0.0833333
122 154 0.1
122 157 0.166667
122 176 0.25
122 184 0.166667
122 207 0.125
123 122 0.0434783
123 145 0.0833333
123 154 0.1
123 156 0.0833333
123 207 0.125
124 117 0.1
124 113 0.047619
124 108 0.0243902
124 138 0.0625
124 160 0.2
124 182 0.5
125 108 0.0243902
126 114 0.0714286
126 149 0.166667
127 109 0.0666667
127 112 0.2
127 191 0.142857
128 118 0.047619
128 174 0.1
128 188 0.25
129 120 0.0769231
129 133 0.2
129 146 0.111111
130 116 0.0714286
130 166 0.5
131 118 0.047619
131 180 0.333333
132 124 0.0666667
132 174 0.1
132 202 0.5
133 120 0.0769231
133 129 0.142857
134 108 0.0243902
134 125 0.333333
134 169 0.2
135 110 0.0588235
135 137 0.125
135 196 0.333333
136 108 0.0243902
136 117 0.1
136 171 0.333333
136 191 0.142857
137 110 0.0588235
137 135 0.166667
137 199 0.5
138 124 0.0666667
138 139 0.25
138 144 0.125
138 150 0.111111
138 152 0.166667
138 179 0.125
138 186 0.2
139 138 0.0625
139 198 0.25
140 114 0.0714286
141 155 0.2
141 158 0.111111
141 205 0.333333
142 114 0.0714286
142 149 0.166667
143 124 0.0666667
143 117 0.1
143 108 0.0243902
144 138 0.0625
144 150 0.111111
144 152 0.166667
144 179 0.125
145 122 0.0434783
145 123 0.0769231
145 137 0.125
145 146 0.111111
145 164 0.125
145 168 0.5
146 116 0.0714286
146 145 0.0833333
146 129 0.142857
147 108 0.0243902
147 193 0.25
148 116 0.0714286
148 164 0.125
149 126 0.166667
149 142 0.2
149 114 0.0714286
150 138 0.0625
150 144 0.125
150 152 0.166667
150 179 0.125
151 115 0.1
152 138 0.0625
152 144 0.125
152 150 0.111111
153 120 0.0769231
153 133 0.2
153 129 0.142857
154 122 0.0434783
154 123 0.0769231
154 173 0.25
154 184 0.166667
154 207 0.125
155 141 0.125
156 123 0.0769231
156 122 0.0434783
156 157 0.166667
156 165 0.125
156 184 0.166667
156 207 0.125
157 122 0.0434783
157 156 0.0833333
158 141 0.125
158 170 0.333333
158 187 0.111111
159 127 0.1
159 204 0.5
160 124 0.0666667
160 131 0.166667
160 161 0.2
161 160 0.2
161 131 0.166667
161 198 0.25
162 119 0.0625
162 118 0.047619
162 175 0.1
162 178 0.166667
163 113 0.047619
164 145 0.0833333
164 148 0.142857
164 197 0.5
165 156 0.0833333
165 122 0.0434783
165 108 0.0243902
165 194 0.5
166 130 0.1
167 130 0.1
167 128 0.1
167 155 0.2
167 181 0.333333
168 145 0.0833333
169 134 0.142857
169 111 0.125
169 110 0.0588235
169 109 0.0666667
170 158 0.111111
170 155 0.2
171 136 0.111111
172 165 0.125
172 203 0.5
173 154 0.1
173 123 0.0769231
174 128 0.1
174 118 0.047619
174 119 0.0625
174 132 0.142857
175 118 0.047619
175 162 0.125
175 119 0.0625
175 178 0.166667
175 190 0.166667
176 156 0.0833333
176 122 0.0434783
176 173 0.25
177 116 0.0714286
178 118 0.047619
178 162 0.125
178 119 0.0625
178 175 0.1
179 144 0.125
179 138 0.0625
179 150 0.111111
179 186 0.2
180 131 0.166667
181 171 0.333333
181 167 0.2
182 124 0.0666667
183 108 0.0243902
184 122 0.0434783
184 154 0.1
184 156 0.0833333
185 118 0.047619
185 119 0.0625
185 206 0.25
186 138 0.0625
186 150 0.111111
186 179 0.125
187 158 0.111111
187 177 0.2
188 128 0.1
189 121 0.25
189 113 0.047619
190 118 0.047619
190 175 0.1
190 119 0.0625
191 112 0.2
191 136 0.111111
191 127 0.1
191 109 0.0666667
192 114 0.0714286
193 108 0.0243902
193 147 0.2
194 165 0.125
195 113 0.047619
195 147 0.2
195 108 0.0243902
196 110 0.0588235
196 135 0.166667
197 164 0.125
198 161 0.2
198 139 0.25
199 137 0.125
200 148 0.142857
201 189 0.2
201 113 0.047619
202 132 0.142857
203 172 0.2
204 159 0.166667
205 155 0.2
205 141 0.125
206 190 0.166667
206 119 0.0625
206 185 0.166667
207 123 0.0769231
207 154 0.1
207 156 0.0833333
207 122 0.0434783
208 115 0.1
208 142 0.2
208 68 0.125
208 209 0.25
209 208 0.125
210 212 0.5
210 213 0.25
212 210 0.125
213 210 0.125
213 216 0.25
214 218 0.5
216 213 0.25
216 217 0.5
217 216 0.25
218 214 0.2
220 223 0.2
221 222 0.166667
222 221 0.25
223 220 0.125
225 226 0.333333
226 225 0.25
228 226 0.333333
