0
0
0.016656
0.100591
0.050121
0
0.026167
0.032567
0.193078
1
0.145697
0
0.098767
0.115957
0
0
0.076132
0.021908
1
0.013657
0
0
0.046453
0.017178
0.029056
1
0.014894
0.02369
1
1
0.297551
0
0
0.013104
0.111875
0.500499
0.025307
0.201295
0.25053
0.169988
0.245516
0.003715
0
0.370378
0.358144
0
0.111281
0.064364
0.011904
0.085262
0.333201
0
0.258086
1
0.277896
0.015193
0.170206
0.032706
0
0.018764
0
0.167207
0.173622
0.023253
0.098948
0.003922
0
0
0.140706
0.14122
0.225103
0.001851
0
0.049341
0.188178
0.033058
0.172687
0.049807
0.046997
0.048685
0.001939
0
0.009402
0.500249
0.007187
0.297251
0.004297
0.005503
0.500683
0.334443
0.00762
0.056029
0.003283
0
0
0.139616
0
0.058037
0
0
0
0
0
0
0
0
0
0
1
0.06987
0.121656
0.020964
0.020185
1
1
0.112762
0.001003
0.020168
1
0.103692
0.084491
0.298584
1
0.11306
0.068512
0.365474
0.19384
0.011175
0.110921
0.018489
9.7e-05
0.170782
0.016806
0.022692
0.142972
0.024395
0.114136
0.029067
1
0.251126
0.500911
0
0.233253
0.002898
0.180433
0.092418
0.012204
0.240236
0.001734
0.217482
0.181473
0.05643
0.209482
0.02113
0.14349
0
0.080046
0.176398
0
0
0.016195
0.015063
0.149701
0.501315
0.011776
0.133063
5.1e-05
0
0.046345
0.02857
0
0.038194
0
0.09544
0.119145
0.125796
0.250858
0.000197
0.044277
0.18155
0.057365
0
0.034413
0.500455
0.193935
0.18
0.226247
0
0.02783
0.291331
0.044047
0.026939
0.500386
0.288115
0.066476
0
0.008128
0.006001
0.063422
0.014642
0
0.333613
0.008498
0
0
0
0.045138
0.157387
0.017543
0.004324
0
0
0
0
0
0
0
0
0
0
0
0
0
0
0
0
0
0
0
