42
90
33 27 0.166667
34 30 0.125
34 38 0.25
35 29 0.2
35 32 0.125
1 2 0.0526316
1 3 0.1
1 5 0.25
1 8 0.0588235
1 22 0.25
2 1 0.047619
2 3 0.1
2 5 0.25
2 8 0.0588235
2 16 0.125
2 18 0.25
16 7 0.0588235
16 2 0.0526316
16 20 0.142857
17 14 0.0909091
18 2 0.0526316
18 1 0.047619
36 32 0.125
36 26 0.0833333
3 2 0.0526316
3 1 0.047619
3 19 0.5
4 6 0.0909091
26 32 0.125
26 36 0.25
5 1 0.047619
5 2 0.0526316
6 4 0.142857
6 7 0.0588235
6 9 0.333333
6 11 0.333333
6 14 0.0909091
19 3 0.1
7 6 0.0909091
7 4 0.142857
7 8 0.0588235
7 10 0.333333
7 12 0.0666667
7 16 0.125
37 31 0.25
37 28 0.2
37 39 0.25
8 7 0.0588235
8 1 0.047619
8 2 0.0526316
8 12 0.0666667
8 23 0.5
27 33 0.166667
28 31 0.25
28 37 0.166667
38 34 0.25
38 30 0.125
20 16 0.125
20 12 0.0666667
20 1 0.047619
9 6 0.0909091
9 4 0.142857
10 7 0.0588235
39 37 0.166667
22 1 0.047619
22 2 0.0526316
22 18 0.25
11 6 0.0909091
11 4 0.142857
12 8 0.0588235
12 7 0.0588235
12 13 0.166667
12 14 0.0909091
12 20 0.142857
23 8 0.0588235
30 34 0.25
30 38 0.25
13 12 0.0666667
24 25 0.166667
25 24 0.111111
31 28 0.2
31 37 0.166667
41 26 0.0833333
41 24 0.111111
14 7 0.0588235
14 6 0.0909091
14 12 0.0666667
14 17 0.5
32 26 0.0833333
32 36 0.25
