1 2
1 3
1 8
1 9
1 14
1 15
1 64
1 69
2 1
2 5
2 13
2 21
2 27
2 33
2 40
2 68
3 1
3 4
3 10
3 20
3 27
3 42
4 3
4 20
4 23
5 2
5 40
5 45
5 50
6 29
6 30
6 36
6 51
6 67
7 10
7 28
7 66
8 1
8 9
8 14
8 17
9 1
9 4
9 8
9 25
9 35
9 46
10 7
10 3
11 9
12 37
12 61
13 2
13 18
13 31
13 33
13 65
14 8
14 1
14 15
14 17
15 1
15 8
15 14
15 27
15 69
16 1
16 8
16 14
16 148
17 1
17 14
17 8
17 22
17 32
17 53
17 74
18 17
18 13
18 34
18 70
19 7
19 66
20 4
20 3
20 55
21 2
21 5
21 33
22 17
22 32
22 53
23 4
25 9
25 39
25 47
26 4
26 49
26 56
26 79
27 3
27 2
27 17
27 15
27 44
27 62
28 7
28 66
29 6
29 43
30 6
30 71
31 13
32 17
32 22
32 53
33 13
33 2
33 21
33 41
34 18
35 9
36 27
36 6
36 52
37 12
39 25
40 21
40 2
40 5
40 45
40 50
41 33
41 48
42 3
43 29
44 27
44 3
45 2
45 5
45 40
46 9
46 11
46 60
46 79
47 39
47 25
48 41
49 26
50 21
50 40
50 45
50 5
51 6
51 67
51 86
52 36
52 33
52 19
53 17
53 22
53 32
54 24
54 59
55 20
56 26
56 4
57 34
57 18
58 46
58 148
59 54
60 58
60 46
61 12
61 73
62 27
64 1
64 8
64 14
65 13
66 19
66 7
66 28
67 6
67 51
68 40
68 50
68 2
68 5
69 1
69 15
70 34
70 18
71 30
72 44
73 61
74 22
74 17
74 32
77 75
79 26
79 4
79 56
79 46
79 80
79 81
80 79
80 82
81 79
81 82
82 81
82 80
83 82
86 13
86 51
86 43
86 93
86 118
87 89
87 92
87 107
87 126
87 127
88 90
88 91
88 95
88 131
89 87
89 126
89 127
90 88
91 88
91 90
91 98
91 131
92 87
92 94
93 86
93 143
94 89
94 92
95 88
95 102
95 119
95 123
95 129
96 117
96 121
97 96
97 109
97 112
97 130
97 138
98 91
98 88
98 95
98 101
98 120
98 132
98 142
99 104
100 103
100 104
101 98
101 108
101 110
101 125
102 95
102 106
102 120
102 122
103 100
103 97
103 105
103 114
103 128
104 100
104 99
104 124
105 103
105 114
106 102
107 87
107 116
107 135
108 101
108 125
109 97
110 101
110 108
110 125
111 91
111 88
111 115
112 97
112 98
112 133
113 136
113 141
114 103
114 105
114 128
114 137
115 111
116 107
117 96
117 121
118 86
119 95
120 102
120 106
120 107
120 98
121 117
121 96
122 112
122 102
122 107
122 106
123 95
123 140
124 104
125 110
125 101
125 108
126 87
126 89
127 89
127 87
127 134
128 114
128 105
128 103
129 95
129 119
130 97
130 109
130 137
131 91
131 88
132 98
132 142
133 112
134 127
134 107
134 123
135 107
136 113
137 103
137 114
137 130
137 87
137 139
138 97
138 107
138 130
138 109
139 137
140 123
141 113
142 132
142 98
143 93
145 147
147 145
148 98
148 16
148 58
