0
0.11923
0.077526
1
0.093135
0.011127
1
0.028486
0.122874
0.111503
0.251378
0.500482
0
1
0.126073
0.039041
0.001506
1
0.112228
0.006587
0.108541
0.02988
0.172854
0.046683
0
0.014138
0.010705
0.089551
0.007927
0.101216
0.250916
0.500164
0.211963
0.123774
0.035053
0.05598
0.166998
0
0
0.005879
0.010512
0.025085
0.500685
0.022539
0.01498
0.00409
1
0.004735
0.012407
0.005477
0.005078
0.20217
0.041917
0.213167
0
0.054275
0.015249
0
0.083839
0
0.333168
0
0.0449
0
0.02985
0.500103
0.005009
0.28142
0.015593
0.03796
0.037469
0.125321
0
0
0.250974
0
0
0
0
0.084034
0.021494
0.010963
0.004607
0
0
0
0.012618
0.0027
0.067922
0.00041
0.055865
0.107765
0.000243
0.001612
5.8e-05
0.083022
0.125715
1
1
7e-06
0.000257
0.112449
0.035215
0.002225
3.4e-05
0.000993
0.049061
0.031361
0.020837
0.32193
0.018635
0
0.143978
1
0.002328
0
0.015631
0.037557
0.00315
0.031378
0.167437
0.037361
0.007124
0.016735
1.8e-05
0.023474
0.000741
0.000366
0.000855
0.016594
0.194529
0.042243
0.297874
0.071862
7.1e-05
0.01565
0.500577
0.019599
0.200446
0.00976
0.008302
0.500107
0.297444
0.000423
0
0
0
0
0.007592
0
0
0
