0 1
1 0
4 5
5 4
6 7
6 9
6 15
6 28
6 32
6 74
7 6
7 8
7 12
7 19
7 38
8 7
8 10
8 16
8 17
8 18
8 20
8 27
8 58
8 194
9 6
10 8
10 26
10 29
10 50
10 51
10 56
11 14
11 49
11 52
12 7
12 21
12 57
13 33
13 41
13 70
14 11
15 6
15 9
15 23
15 65
16 8
16 21
16 39
16 47
17 8
18 8
18 20
18 33
18 58
19 7
20 8
20 18
20 17
21 12
21 8
21 16
21 22
21 31
21 69
22 21
22 45
23 15
24 30
24 43
24 61
26 10
26 44
26 51
26 56
27 8
27 20
28 6
28 9
29 10
29 50
29 78
30 24
31 21
32 6
32 48
32 60
33 8
33 13
33 18
33 35
33 46
33 64
33 68
33 77
34 24
35 10
35 33
36 66
37 20
37 27
37 17
37 18
38 7
38 54
38 55
39 16
39 47
40 19
41 13
42 62
43 24
44 10
44 16
44 26
44 65
45 22
46 33
46 77
47 16
47 39
48 32
48 45
48 22
49 13
49 11
49 53
50 10
50 29
51 26
51 10
52 11
53 49
54 38
54 55
55 38
55 54
56 10
56 26
57 12
58 8
58 18
58 20
59 48
59 22
60 32
61 24
61 30
61 67
62 42
62 68
63 21
64 33
64 46
64 77
65 44
65 15
65 32
65 75
66 36
67 24
67 30
67 61
68 62
68 33
68 73
69 21
69 7
70 41
70 13
71 36
71 14
72 33
72 76
73 68
74 6
75 65
76 72
77 46
77 64
77 33
78 29
78 26
78 10
79 80
79 81
80 79
81 79
81 82
81 83
81 85
82 81
83 81
83 85
84 81
84 85
85 84
85 81
85 83
86 87
86 92
87 86
87 88
87 90
87 93
88 87
88 89
89 88
89 91
90 87
91 89
92 86
93 88
93 87
96 97
96 104
96 117
96 132
96 144
96 152
96 158
97 96
97 99
97 102
97 105
97 110
97 141
97 168
98 101
98 103
98 112
98 116
98 121
98 122
98 128
98 135
98 137
98 138
98 140
98 170
98 176
99 97
99 100
99 107
99 125
100 99
100 125
101 98
101 117
101 181
102 97
102 127
103 98
103 116
103 138
103 176
104 96
104 117
104 132
104 152
104 158
105 97
106 126
106 156
106 171
107 100
107 99
107 108
107 127
107 174
108 107
108 174
109 106
109 120
109 136
109 154
109 155
109 159
110 97
110 139
111 125
112 98
112 113
112 131
112 143
112 145
112 153
113 112
114 98
114 115
114 118
114 119
114 165
114 179
115 114
115 179
116 98
116 103
116 121
116 135
116 146
116 150
116 176
117 101
117 104
117 96
118 115
118 114
118 133
119 115
119 114
119 122
119 165
120 109
121 98
121 116
121 128
121 137
121 146
122 114
122 121
122 119
122 98
122 123
122 160
122 169
123 122
124 130
124 142
124 161
124 178
125 111
125 99
125 100
126 106
126 156
126 171
127 107
127 102
128 98
128 121
128 137
128 176
129 172
130 124
130 161
131 112
132 96
132 101
132 104
132 164
132 173
133 118
134 127
135 98
135 116
136 109
136 154
137 121
137 98
137 128
137 138
137 146
138 137
138 116
138 103
138 98
138 148
139 110
140 135
140 98
140 137
140 147
140 151
140 163
140 166
141 97
142 124
142 130
142 149
142 155
143 112
144 96
144 104
144 152
145 112
145 153
146 116
146 121
146 137
146 148
147 140
147 151
147 194
148 116
148 103
148 146
148 128
148 138
148 170
148 176
149 142
149 157
150 146
150 135
150 103
150 148
150 116
150 170
151 140
151 147
151 166
151 175
152 104
152 96
152 144
153 112
153 145
154 109
154 136
154 155
155 109
155 154
155 142
156 106
156 126
156 107
156 167
156 177
157 142
157 149
157 162
158 104
158 96
159 109
159 154
160 122
160 123
160 168
160 169
161 130
161 124
161 178
162 157
163 140
163 151
163 147
163 175
164 132
165 114
165 119
166 151
166 147
166 140
166 163
166 175
167 127
167 156
168 122
168 105
168 160
168 97
169 122
169 160
170 116
170 150
170 148
170 98
171 106
171 126
172 129
173 132
174 108
174 107
175 147
175 163
175 140
175 151
175 166
176 116
176 103
176 148
176 128
176 98
177 156
178 130
178 124
178 161
179 114
179 119
179 115
180 107
180 126
181 101
182 183
183 182
185 187
185 188
185 189
186 187
186 194
187 186
187 185
188 185
189 185
190 191
191 190
194 8
194 147
194 186
194 195
194 196
194 198
195 194
195 197
196 194
197 195
198 194
