0
0
0
0
0
0
1
0.067656
0.145689
0.289594
1
0
0.096039
0.09062
0
0.084437
0.089079
0.043865
0.130168
0.009734
0.034288
1
0.101252
0.021217
0
0
0.165171
0.024442
0.125527
0.20143
0
0.500624
0.067329
1
0
0.142728
0
0
0.006658
0.026698
0
0.036924
0.010344
0
0.028455
0.021763
0.254788
0.02659
0.007438
0
0.281802
0.277371
0
0
0.001941
0.001967
0.2776
0.048314
0.053173
0
0.033522
0
0.041504
0
0.166184
0.011158
0
0
0.166195
0.200984
0.030097
0
0
0.08345
0.500814
0.005572
0
0.216586
0.040759
0
0
0
0
0
0
0
0.100825
1
0.183589
0.046052
0.500096
0.022966
0.02548
0.333912
0
0
0.034418
1
1
0.053103
0.013128
0.077357
0.201017
0.086062
0.006506
0.365408
0.076676
0.007224
0.002081
1
0.201715
0.001734
1
0.499587
0.005722
0.002161
0.093307
0.014695
0.000968
0.010499
0.499485
0.127301
0.077777
0.034938
0.001285
0.010522
0.009947
0.026105
0.149355
0
0.00249
0.166886
0.002964
0.00051
0
0.192087
0.284385
0.129914
0.133597
0.100683
0.075117
0.500425
0.013499
0.499627
0.007911
0.282059
0.043491
0.121348
0.036237
0.003439
0.025803
0.023503
0.007547
0.201735
0.210943
0.14774
0.007118
0.00036
0.009853
0.20069
0.032628
0.000643
0.000189
0.012802
0.001502
0.003911
0.012376
0.001196
0.144359
0.021073
0.115622
0.020792
0
0.000541
0.001735
0.005828
0.130564
0.003605
0.000349
0.001094
0
0.038757
0
0
0
0.001273
0.1006
0.012698
0.000205
0.000598
0
0
0
0
1
0.166756
0.251248
0.083569
0.500815
