18
52
0 1 0.166667
0 2 0.166667
0 4 0.333333
0 17 0.5
1 0 0.0714286
1 3 0.125
1 8 0.5
2 0 0.0714286
2 7 0.166667
2 13 0.25
3 1 0.166667
3 5 0.0588235
3 10 0.125
3 14 0.2
4 0 0.0714286
5 3 0.125
5 0 0.0714286
5 6 0.1
5 9 0.166667
5 10 0.125
5 12 0.25
5 14 0.2
5 15 0.25
5 16 0.333333
6 5 0.0588235
6 9 0.166667
6 10 0.125
6 15 0.25
7 2 0.166667
7 4 0.333333
7 13 0.25
8 1 0.166667
9 6 0.1
9 5 0.0588235
9 11 0.5
10 6 0.1
10 3 0.125
10 5 0.0588235
10 12 0.25
11 9 0.166667
12 10 0.125
12 5 0.0588235
13 7 0.166667
13 2 0.166667
14 3 0.125
14 5 0.0588235
14 6 0.1
15 6 0.1
15 5 0.0588235
16 6 0.1
16 5 0.0588235
17 0 0.0714286
