1 2
1 3
2 1
2 4
3 1
4 2
4 5
5 4
5 2
5 6
5 7
5 10
5 38
5 56
6 5
6 9
6 14
6 23
6 25
7 5
7 8
7 11
7 27
7 28
7 53
7 61
7 63
8 7
8 20
8 23
8 45
9 6
9 35
9 43
9 44
10 5
10 15
10 18
10 51
11 7
11 17
11 20
11 27
11 28
11 61
11 63
11 70
12 34
12 46
13 21
13 22
13 26
13 36
14 13
14 6
14 16
14 42
15 10
15 51
16 14
16 42
17 11
17 7
17 48
17 78
17 91
17 184
18 10
18 19
18 32
18 47
18 66
18 75
18 83
19 18
20 7
20 11
20 8
20 27
20 60
21 13
21 26
22 13
22 36
23 8
23 6
23 37
23 40
23 74
24 11
24 33
24 38
24 41
25 6
25 76
26 13
26 21
26 36
27 11
27 20
27 7
27 32
27 52
28 7
28 11
28 29
28 30
29 28
29 30
29 31
29 64
29 65
30 28
30 29
30 64
30 79
31 30
31 28
31 29
32 27
32 5
32 18
33 24
34 12
34 54
34 58
34 73
35 9
35 43
36 22
36 13
36 26
37 23
37 24
37 49
38 5
38 24
38 67
38 68
38 71
40 23
40 74
41 24
42 14
42 16
43 35
43 9
44 9
44 57
45 8
46 12
47 18
48 17
49 12
49 37
51 15
51 10
52 50
52 27
52 62
53 7
53 11
54 34
54 73
55 5
56 5
57 44
58 34
60 20
61 7
61 11
61 53
62 52
63 53
63 11
63 7
64 28
64 29
64 30
64 65
64 79
64 91
65 29
65 64
65 28
66 18
66 75
67 38
67 71
68 38
68 71
70 7
70 53
70 11
71 68
71 38
71 67
72 49
73 34
73 54
73 58
74 40
74 23
75 18
75 66
76 50
76 25
77 20
78 17
79 30
79 64
79 29
80 81
81 80
82 80
83 52
83 18
83 67
83 84
83 85
83 90
84 83
85 83
85 88
85 180
86 87
86 89
87 86
88 85
89 86
90 83
91 19
91 64
91 17
91 92
91 93
92 91
92 93
92 180
93 91
93 92
95 96
95 103
95 112
95 125
95 136
96 95
96 97
96 102
96 112
97 96
97 103
97 139
98 110
98 120
98 128
98 149
98 166
99 105
99 123
99 145
99 154
100 99
100 135
100 153
100 170
102 96
102 129
102 150
103 97
103 96
103 95
103 157
104 107
104 116
104 122
104 158
105 99
105 121
105 123
105 145
106 118
106 133
106 141
106 165
107 104
107 100
107 108
107 109
107 111
107 173
108 107
108 109
108 114
108 173
109 107
109 108
109 113
109 130
109 131
109 160
109 167
110 98
110 149
110 166
110 171
111 107
111 108
112 96
112 95
112 115
112 142
112 168
113 109
113 130
113 131
113 152
113 164
114 109
114 108
114 144
115 112
116 104
117 134
118 106
119 105
119 100
119 132
119 138
119 148
119 163
119 169
120 98
120 127
120 159
121 100
121 105
121 99
121 124
121 137
121 146
122 104
122 116
122 125
123 99
123 105
124 121
124 137
125 109
125 122
125 95
125 143
125 156
127 120
128 98
128 147
128 151
129 102
130 109
130 113
130 152
131 109
131 113
132 119
132 148
132 163
133 106
133 141
134 117
135 121
135 120
135 100
135 155
136 95
136 117
136 140
136 150
137 124
137 121
138 119
139 97
140 136
141 106
141 133
141 165
142 112
142 115
142 184
143 125
143 156
144 114
145 105
145 99
146 121
147 128
148 119
148 132
149 98
149 110
150 136
150 102
151 128
152 130
152 109
152 113
152 167
153 100
154 99
154 123
155 135
156 125
156 143
157 103
157 162
158 104
159 120
160 109
160 130
161 126
162 157
163 119
163 132
164 152
164 109
164 130
164 113
164 167
165 141
165 106
165 133
166 110
166 98
166 171
167 164
167 109
167 152
168 112
168 115
169 119
170 100
170 172
171 98
171 149
171 110
171 166
172 100
172 170
173 107
173 108
174 175
174 177
174 178
174 179
175 174
175 176
176 175
177 174
178 174
179 174
180 92
180 85
180 10
180 181
180 182
181 180
181 182
182 180
182 181
182 183
183 182
184 109
184 142
184 17
184 64
184 187
187 184
