0
0.025494
0.202052
0.012722
0.282868
1
0.063021
0.080286
0.006398
0.005768
0.108669
0.060866
6e-06
0.000638
0.007086
0.012254
0.002152
1
1
0.350627
0.005899
0.000176
0.000177
0.004357
0.0092
0.015992
0.000146
0.023684
0.012048
0.002377
0.002814
0.000606
0.113767
0.003124
1e-06
0.001671
0.000115
0.000492
0.119462
0
0.001295
0.004553
0.002142
0.001688
0.001139
0.00158
4e-06
0.500086
0.500829
8.4e-05
0.014607
0.016902
0.12834
0.022855
0
0
0.333699
0.000592
0
0
0.002872
0.027538
0.064506
0.027413
0.012216
0.002753
0.298392
0.183637
0.040267
0
0.009996
0.052494
0
0
0.001292
0.298197
0.002655
0
0.499957
0.002927
0
0
0
1
0.250934
0.083888
0
0
0.041989
0
0.500722
0.072329
0.015534
0.020639
0
0.000774
0.000178
5.1e-05
1
0.076872
0.147646
0
1.9e-05
7e-05
1
0.18005
0
0.137731
0.130974
1
0.169295
0.034614
0.001656
0.117382
0.018675
0.003116
0.371253
1.1e-05
0
1
0.12752
1
0.166014
0.053421
0.241573
0.016516
0
0.063835
0.166649
1.2e-05
0.161075
0.268776
0.235793
0
2e-06
0.015038
7.1e-05
0.288689
0.500982
1e-05
1.6e-05
0
0.014279
0.004843
0.009414
0.06222
0.499613
0.027665
0.288279
0.231763
2e-05
0.083458
0.052526
0.073938
0.025683
0.007573
0.004912
1.8e-05
0.500049
0.063481
0.334253
0
9e-06
0.288414
0.034419
0
0.190224
0.131622
0.000556
0.499561
0.036903
0.057155
0.012287
0.06427
1
0.125996
0.02112
0.250278
0.25033
0.500426
0.007381
0.002018
0.001149
0.000236
0.071463
0
0
0.017796
