0 1
0 3
0 4
1 0
1 2
1 3
1 5
2 1
2 5
3 0
3 1
4 0
4 12
5 8
5 1
5 2
5 6
5 7
6 9
6 5
7 5
8 11
8 5
9 10
9 12
9 6
10 9
10 11
11 8
11 10
12 1
12 4
12 69
12 9
12 13
12 15
12 81
12 114
12 19
12 53
12 184
12 164
12 26
12 27
12 223
13 464
13 17
13 59
13 21
13 214
13 24
13 28
13 43
13 12
13 37
14 36
14 38
14 39
14 13
14 16
14 49
14 178
14 20
14 117
14 22
14 25
14 29
14 31
15 12
16 18
16 36
16 54
16 40
16 91
16 14
17 57
17 28
17 13
17 22
18 16
19 128
19 12
20 117
20 44
20 22
20 14
20 23
21 34
21 68
21 205
21 124
21 13
21 190
21 95
22 17
22 146
22 20
22 38
22 127
22 29
22 14
22 111
23 48
23 20
23 85
23 175
24 96
24 84
24 21
24 153
24 74
24 13
24 149
25 32
25 178
25 39
25 14
25 31
26 100
26 12
26 86
26 15
27 176
27 481
27 12
27 101
28 17
28 83
28 35
28 94
28 211
28 58
28 187
28 13
28 78
28 77
29 80
29 14
29 38
29 104
29 22
29 30
30 97
30 139
30 29
30 71
31 25
31 178
31 14
32 49
32 36
32 54
32 40
32 25
32 60
32 14
32 31
33 152
33 52
33 28
34 88
34 41
34 124
34 21
34 29
35 187
35 28
35 77
35 78
35 211
36 16
36 32
36 18
36 49
36 217
36 76
36 14
36 207
37 59
37 13
37 261
38 218
38 22
38 14
38 29
39 25
39 90
39 107
39 14
40 16
40 32
40 73
40 14
40 64
41 88
41 34
41 42
41 95
42 34
42 67
42 73
42 106
42 66
42 46
42 13
42 144
42 148
42 213
42 41
42 56
42 58
42 47
42 126
42 63
43 130
43 51
43 166
43 70
43 55
43 103
43 92
43 13
43 62
43 125
44 20
45 144
45 163
45 148
45 213
45 57
45 42
45 479
45 106
45 221
46 42
46 106
47 42
47 46
47 63
48 136
48 175
48 85
48 23
49 32
49 50
49 131
49 36
49 182
49 39
49 98
49 14
50 49
50 146
50 38
50 22
50 218
50 182
51 156
51 130
51 43
51 108
52 33
52 29
52 30
53 12
53 69
54 16
54 32
54 109
54 61
54 39
55 16
55 161
55 162
55 133
55 43
55 110
56 171
56 118
56 40
56 42
56 159
56 14
56 63
57 17
57 79
57 45
57 65
58 173
58 99
58 36
58 151
58 42
58 123
58 28
58 45
58 94
58 93
59 214
59 66
59 13
59 94
59 37
60 32
60 49
60 145
61 131
61 54
61 143
62 122
62 43
62 92
62 130
62 103
63 56
63 80
63 42
63 46
63 47
64 40
65 57
66 210
66 134
66 119
66 42
66 59
66 215
66 47
67 42
67 45
67 47
68 21
69 12
69 53
70 120
70 66
70 177
70 72
70 73
70 170
70 43
70 62
71 121
71 75
71 30
72 170
72 70
73 193
73 165
73 70
73 40
73 42
73 203
73 47
74 24
74 116
74 43
74 84
75 82
75 71
76 36
76 181
77 123
77 83
77 35
77 28
78 140
78 35
78 52
78 104
78 89
78 138
78 28
78 93
78 461
79 57
80 29
80 63
81 184
81 263
81 12
81 53
81 167
82 152
82 202
82 75
82 158
82 71
83 35
83 187
83 211
83 123
83 28
83 77
84 24
84 168
84 74
84 209
85 48
85 23
86 128
86 26
86 12
86 119
87 81
87 12
87 69
88 41
88 34
89 256
89 140
89 78
90 107
90 39
91 16
92 51
92 43
92 108
92 62
93 58
93 212
93 30
93 78
93 189
94 43
94 132
94 198
94 121
94 58
94 59
94 28
94 93
95 21
95 102
95 105
95 41
95 42
95 106
95 174
96 24
96 155
96 111
97 30
98 49
99 58
100 26
101 176
101 185
101 27
101 164
101 204
102 195
102 206
102 95
103 43
103 125
103 62
104 188
104 180
104 29
104 78
104 183
105 95
106 112
106 179
106 135
106 42
106 172
106 45
106 46
106 95
107 90
107 39
108 51
108 43
108 92
108 166
108 103
109 90
109 54
109 39
110 141
110 55
111 96
111 22
112 106
112 179
112 172
113 24
113 137
113 192
114 27
114 12
114 101
115 78
116 74
117 20
117 142
117 14
118 56
118 171
119 66
119 157
119 86
120 70
121 83
121 147
121 71
121 154
121 28
121 94
122 51
122 43
122 92
122 62
123 58
123 83
123 77
123 94
123 170
124 160
124 34
124 196
124 21
124 150
124 114
125 43
125 103
126 42
126 148
127 136
127 129
127 50
127 38
127 22
128 19
128 86
129 127
130 200
130 51
130 43
130 62
131 49
131 61
132 94
133 161
133 110
133 55
134 66
135 106
136 48
136 127
137 192
137 113
138 78
139 30
140 89
140 78
141 162
141 133
141 110
141 55
142 117
143 61
144 42
144 163
144 45
145 60
146 50
146 22
147 121
147 158
148 144
148 42
148 163
148 45
148 126
149 24
150 160
150 196
150 124
151 58
151 132
151 94
152 33
152 82
152 197
153 24
154 256
154 121
155 96
155 153
155 169
155 167
156 51
156 92
156 62
157 119
158 194
158 147
158 201
158 121
158 154
158 82
159 56
159 171
159 118
160 196
160 124
160 150
161 141
161 186
161 133
161 110
161 55
162 141
162 55
163 144
163 148
163 45
163 47
164 27
164 12
164 101
164 222
165 73
165 203
165 193
166 43
166 108
166 62
167 81
167 155
168 84
169 155
170 72
170 123
170 70
171 56
171 118
171 159
172 112
172 106
173 58
174 95
175 48
175 208
175 23
176 216
176 27
176 101
177 70
178 25
178 14
178 31
179 112
179 106
179 135
180 104
180 183
181 76
182 49
182 50
183 104
183 188
183 180
184 81
184 12
185 176
185 101
186 161
186 133
186 110
187 35
187 83
187 28
188 104
188 180
188 183
189 93
190 481
190 219
190 21
191 42
191 45
191 47
192 113
192 137
193 73
193 203
193 165
194 158
195 206
195 102
196 160
196 124
196 150
197 152
198 94
199 56
199 171
199 159
200 153
200 130
200 43
201 94
201 158
202 82
203 73
203 165
203 193
204 176
204 216
204 27
204 101
204 223
205 219
205 21
206 195
206 102
207 146
207 36
208 175
209 84
210 464
210 66
210 134
211 83
211 35
211 28
212 93
213 42
213 45
213 46
213 47
214 59
214 13
214 37
215 66
215 134
216 176
216 204
216 101
217 220
217 146
217 36
217 218
218 217
218 50
218 38
219 21
219 190
219 205
220 217
221 45
221 148
221 213
221 47
222 164
222 223
223 224
223 226
223 53
223 12
223 9
223 204
223 222
224 225
224 229
224 223
225 224
225 223
226 225
226 227
226 235
226 223
227 226
227 235
228 224
228 229
229 224
229 232
229 234
229 228
230 224
230 236
230 231
231 233
231 237
231 230
232 229
233 231
234 229
235 226
235 227
235 223
236 230
237 231
238 240
238 20
238 54
238 231
238 248
238 239
238 237
238 31
239 242
239 238
240 241
240 243
240 246
240 238
241 240
241 251
241 244
242 252
242 245
242 239
243 240
243 244
243 255
244 241
244 243
244 247
244 249
244 251
244 255
245 242
245 253
245 246
246 240
246 249
246 245
246 253
247 244
248 238
249 250
249 251
249 244
249 246
249 247
250 249
251 249
251 481
251 244
251 241
252 242
253 245
253 246
254 249
255 243
255 244
256 193
256 258
256 83
256 257
256 259
256 89
256 154
256 63
257 256
257 259
257 260
258 256
259 256
259 257
260 257
261 73
261 51
261 37
261 262
261 125
262 261
263 128
263 273
263 264
263 108
263 330
263 267
263 332
263 81
263 375
263 156
263 94
263 287
264 368
264 324
264 326
264 295
264 265
264 366
264 263
264 334
264 304
264 433
264 274
264 302
264 278
264 314
264 341
265 264
265 313
265 266
265 268
265 358
266 321
266 306
266 265
266 459
266 322
266 285
266 270
267 272
267 288
267 263
267 367
267 269
267 351
268 424
268 289
268 331
268 399
268 277
268 361
268 328
268 265
268 271
268 303
269 288
269 267
269 388
269 309
269 283
269 373
270 266
270 284
270 310
271 344
271 290
271 307
271 264
271 275
271 268
271 387
271 318
272 276
272 439
272 279
272 377
272 267
272 430
273 280
273 263
274 264
274 369
274 357
275 384
275 353
275 307
275 318
275 387
275 350
275 271
276 272
276 374
276 294
276 279
276 281
276 378
276 316
276 365
277 296
277 268
277 293
278 264
278 298
278 356
278 343
279 272
279 450
279 276
279 263
280 352
280 273
280 291
280 263
280 376
280 441
280 330
280 315
281 272
281 449
281 276
281 317
281 301
281 351
282 274
282 420
282 263
282 347
282 412
282 333
283 269
283 309
284 372
284 270
284 327
285 266
285 348
285 270
286 275
286 278
286 312
286 393
286 381
286 271
287 392
287 299
287 436
287 263
288 377
288 431
288 267
288 269
288 407
289 297
289 404
289 268
289 358
289 308
290 370
290 276
290 325
290 278
290 263
290 271
291 280
291 352
291 330
291 315
291 441
292 264
292 337
292 338
292 416
292 286
293 353
293 277
293 318
293 335
294 276
295 264
295 305
295 300
295 413
296 335
296 277
296 293
297 289
297 342
297 391
298 312
298 371
298 444
298 278
299 287
299 403
299 263
300 305
300 422
300 295
300 362
300 413
300 394
301 281
301 396
301 317
302 264
302 425
302 339
302 278
303 331
303 268
304 264
304 314
304 451
304 341
305 300
305 413
305 295
306 266
306 459
307 384
307 353
307 275
307 350
307 271
308 289
308 402
308 420
308 460
309 363
309 283
309 269
309 311
310 270
311 309
312 298
312 286
312 270
312 381
313 265
314 304
314 433
314 324
314 341
314 326
314 264
314 334
315 280
315 356
315 291
315 324
315 278
316 276
316 294
317 449
317 386
317 281
317 396
317 301
317 351
318 320
318 275
318 293
318 295
318 323
318 271
318 319
319 320
319 337
319 434
319 323
319 318
320 340
320 318
320 421
320 409
320 348
320 286
320 319
321 306
321 266
321 438
322 321
322 266
322 362
322 285
323 447
323 286
323 318
323 319
324 304
324 454
324 264
324 329
324 314
324 315
324 332
324 346
325 290
326 264
326 433
326 314
327 320
327 336
327 284
327 397
328 268
329 443
329 324
330 280
330 291
330 428
330 349
330 263
331 455
331 408
331 281
331 268
331 446
331 303
332 324
332 263
333 282
334 264
334 314
334 341
334 366
335 296
335 293
336 289
336 265
336 327
337 305
337 292
337 342
337 381
337 318
337 319
338 264
338 418
338 292
338 325
339 425
339 302
340 320
340 409
340 348
340 421
341 304
341 385
341 433
341 264
341 314
341 334
342 360
342 404
342 337
342 264
342 297
342 410
343 278
344 345
344 275
344 271
345 344
346 324
346 454
347 282
347 412
347 406
348 320
348 432
348 340
348 285
348 270
348 383
349 272
349 273
349 330
349 269
350 275
350 307
350 271
351 281
351 427
351 267
351 317
352 280
352 376
352 291
352 411
353 401
353 275
353 293
353 307
353 382
353 271
354 264
354 304
354 314
354 341
354 385
355 400
355 379
355 276
355 435
356 315
356 452
356 278
356 390
356 343
356 379
357 392
357 458
357 274
357 330
358 265
358 282
358 333
358 289
359 353
360 410
360 342
361 453
361 268
361 405
361 303
362 320
362 322
362 300
362 429
362 438
363 415
363 309
363 279
364 278
364 343
365 276
366 264
366 368
366 341
366 334
366 385
367 267
368 264
368 341
368 366
369 274
370 338
370 290
371 298
372 442
372 284
373 481
373 283
373 269
374 272
374 276
375 263
376 280
376 352
376 291
377 272
377 288
377 419
377 279
378 276
378 365
379 355
379 356
379 414
379 343
379 395
379 398
380 307
380 331
380 355
380 301
380 271
381 312
381 337
381 437
381 286
382 353
383 445
383 423
383 348
383 389
383 421
384 275
384 307
385 264
385 354
385 341
385 366
386 281
386 396
386 317
386 301
387 307
387 275
387 271
388 373
388 269
389 383
390 356
391 297
392 426
392 357
392 287
393 286
394 300
394 295
395 448
395 379
396 449
396 386
396 317
396 301
397 327
398 379
399 268
400 355
400 435
401 456
401 353
401 382
402 436
402 308
403 450
403 299
404 289
404 342
405 361
405 453
406 282
406 347
406 333
407 288
408 331
408 446
409 320
409 340
410 360
410 342
411 352
411 376
411 356
411 390
411 280
412 282
412 347
413 305
413 300
413 295
414 448
414 379
414 294
415 363
416 292
417 287
418 338
419 377
420 282
420 308
421 320
421 340
421 383
422 305
422 479
422 300
422 413
422 429
423 389
423 383
424 268
425 339
425 302
426 392
427 351
428 330
429 305
429 362
429 300
429 422
430 272
431 288
432 348
433 264
433 314
433 451
433 341
433 326
434 440
434 361
434 405
434 318
434 319
435 400
435 355
436 457
436 402
436 287
437 337
437 381
438 321
438 362
438 266
439 272
439 363
439 415
440 434
441 280
441 450
441 291
442 372
443 329
443 324
444 298
444 371
445 423
445 389
445 383
446 408
446 331
447 323
448 395
448 414
449 281
449 396
449 317
450 441
450 291
450 403
450 279
451 264
451 433
451 354
451 366
451 304
452 356
453 361
453 405
454 329
454 346
454 443
454 324
455 408
455 331
456 353
456 382
456 401
457 436
458 357
459 266
459 306
460 308
461 342
461 278
461 462
461 42
461 78
461 414
462 461
462 463
463 462
464 465
464 210
464 163
464 376
464 473
464 474
464 43
464 13
465 464
465 466
465 475
465 478
465 471
466 464
466 465
466 467
466 476
467 472
467 466
467 468
467 470
468 467
469 464
469 465
469 466
469 475
470 467
471 465
472 467
472 469
473 464
473 466
474 464
474 473
475 465
475 469
475 478
475 477
476 466
477 475
478 465
478 475
479 0
479 161
479 370
479 480
479 422
479 45
480 479
481 482
481 347
481 484
481 373
481 251
481 27
481 190
481 485
482 481
482 483
482 489
483 482
483 490
484 488
484 481
484 492
484 486
484 487
485 481
485 491
486 484
487 488
487 484
488 484
488 486
488 487
489 482
489 483
490 483
491 485
491 486
492 496
492 433
492 484
492 21
492 70
492 497
492 264
492 493
493 492
493 494
494 498
494 493
495 494
496 497
496 499
496 492
497 496
497 492
498 494
499 496
