0 1
0 8
1 0
1 2
1 3
2 1
3 1
3 4
3 5
3 6
4 3
4 7
4 130
5 3
5 8
5 236
6 3
7 4
8 5
8 0
8 9
8 11
8 12
8 18
8 34
8 37
8 61
8 78
8 90
9 8
9 21
9 67
9 112
10 15
10 63
10 99
10 113
11 8
11 29
11 37
11 41
11 84
12 8
12 18
12 63
13 15
13 102
14 17
14 30
14 38
14 45
14 54
14 64
14 76
14 91
15 10
15 13
15 19
15 25
15 27
15 50
16 17
16 33
16 38
16 46
16 68
16 77
16 82
16 111
16 113
17 14
17 16
17 23
17 53
17 57
17 69
17 73
17 94
18 8
18 12
18 19
18 26
18 40
18 65
19 16
19 17
19 18
19 15
19 22
19 32
19 40
19 44
19 74
20 79
20 103
20 109
21 9
21 56
22 19
22 44
23 17
23 53
23 57
23 69
23 73
23 75
23 95
24 21
24 9
24 31
24 39
24 47
24 60
25 15
25 35
25 50
25 83
25 86
26 17
26 18
26 15
26 28
27 15
28 12
28 26
28 16
28 105
29 11
29 43
29 96
30 14
30 42
30 49
30 66
31 24
31 60
32 19
32 10
32 36
32 51
32 55
32 98
33 16
33 46
33 68
33 77
33 82
33 111
34 8
34 52
34 59
35 15
35 25
35 27
35 85
36 10
36 32
37 8
37 34
37 11
37 71
38 14
38 16
38 42
38 81
38 113
39 24
40 18
40 19
40 72
41 11
42 38
42 30
42 48
42 58
42 104
42 113
43 29
43 83
43 96
44 19
44 22
45 14
45 80
45 93
45 108
46 33
46 16
46 111
47 24
47 31
47 39
48 42
49 30
49 66
50 15
50 25
50 63
50 102
51 32
52 34
52 59
53 23
53 17
53 73
53 75
54 14
54 87
55 32
55 19
55 60
56 21
56 70
57 17
57 23
57 53
58 42
58 89
58 104
58 110
59 52
59 34
60 31
60 24
60 55
61 37
61 8
62 18
63 10
63 25
63 50
63 12
64 14
64 76
64 87
64 91
65 18
66 49
66 30
67 9
68 33
68 16
68 8
69 53
69 17
69 23
69 75
69 94
70 56
71 37
72 40
72 101
73 17
73 23
73 69
73 53
74 22
74 19
75 23
75 69
75 53
75 95
76 14
76 64
76 87
77 33
77 16
78 8
78 90
79 20
79 103
80 45
81 38
82 33
82 16
82 46
83 25
83 12
83 43
83 15
83 97
84 11
85 35
86 50
86 25
86 15
87 54
87 14
87 64
87 76
88 30
88 20
89 42
89 48
89 58
90 8
90 78
91 76
91 64
91 87
91 14
92 17
92 75
92 107
93 30
93 45
93 66
93 100
93 108
94 17
94 69
94 23
95 23
95 75
95 17
95 53
96 43
96 29
97 83
98 32
99 10
100 93
100 108
101 72
102 50
102 25
102 13
102 106
103 20
103 79
104 42
104 58
104 48
104 110
105 28
106 102
107 92
108 45
108 93
108 100
109 9
109 20
109 31
110 58
110 42
110 104
111 33
111 16
111 46
112 9
113 42
113 10
113 16
113 38
113 114
113 116
114 113
115 117
116 113
116 117
117 115
117 116
118 114
119 120
119 127
120 119
121 123
123 121
124 119
124 126
126 124
126 125
126 123
127 119
128 129
129 128
130 4
130 131
131 130
132 144
132 148
132 150
132 151
132 159
132 162
132 163
132 169
132 177
132 205
132 215
132 234
133 134
133 157
133 167
133 201
134 133
134 138
134 156
135 132
135 136
135 137
135 148
135 165
135 168
136 135
136 137
136 144
136 150
136 154
136 168
137 136
137 135
137 142
137 158
137 179
137 192
138 134
138 147
138 166
138 183
138 206
139 135
139 132
139 134
139 145
139 146
139 172
139 180
139 189
139 193
139 202
139 204
140 147
140 226
141 177
141 191
141 225
142 137
142 179
142 197
142 214
143 155
144 135
144 136
144 132
144 160
145 138
145 139
145 183
145 194
146 139
146 134
146 149
146 155
146 174
146 207
146 220
147 140
147 138
147 153
148 132
148 135
148 152
148 181
148 186
148 198
148 223
149 146
149 143
149 156
149 227
149 230
150 135
150 136
150 132
150 164
150 185
150 187
151 132
151 159
152 148
152 181
152 186
152 198
152 216
152 223
153 147
154 136
155 143
155 146
155 161
155 195
155 196
155 224
156 134
156 149
156 167
157 133
158 137
158 142
158 175
158 200
158 208
158 211
159 132
159 151
159 163
159 169
159 234
160 144
160 140
161 155
162 132
162 169
163 159
163 132
163 177
163 218
164 150
165 135
165 136
166 138
167 133
167 156
168 136
168 135
169 162
169 159
169 132
169 217
170 163
170 173
170 184
170 213
172 139
172 180
172 189
172 202
173 170
173 184
173 201
173 213
174 146
174 207
175 158
175 179
175 208
176 152
176 171
176 178
177 141
177 132
177 163
177 233
178 176
179 137
179 142
179 175
180 139
180 172
181 148
181 152
182 134
182 228
183 138
183 145
183 190
183 210
184 170
184 173
185 150
186 152
186 148
186 216
186 223
187 164
187 150
187 204
188 175
189 139
189 172
189 202
190 183
190 194
190 221
191 141
192 137
193 139
193 172
193 212
193 232
194 145
194 190
194 209
195 155
195 161
195 196
196 155
196 195
196 161
196 224
197 142
198 152
198 186
198 169
198 148
199 148
199 152
199 181
200 158
201 173
201 170
201 133
202 139
202 172
202 189
202 204
203 155
203 219
204 172
204 139
204 202
204 187
205 132
206 138
207 146
207 174
208 175
208 158
209 194
210 183
211 158
211 200
211 175
212 193
212 232
213 173
213 170
214 142
215 205
215 132
215 159
216 148
216 152
216 186
217 169
218 163
219 203
220 174
220 146
221 190
221 231
222 176
222 188
222 186
222 148
223 152
223 186
223 148
224 155
224 196
225 191
225 141
226 140
227 149
228 182
228 134
229 170
230 149
231 190
231 221
231 140
232 193
232 212
233 177
234 132
234 159
236 87
236 164
236 25
236 5
236 237
236 239
237 236
237 238
238 237
239 236
239 241
241 239
244 17
244 203
244 196
244 111
244 245
244 246
244 247
244 248
244 252
245 244
245 246
245 247
246 244
246 245
247 244
247 245
247 249
247 250
247 251
248 244
248 245
249 247
250 247
250 251
251 247
251 250
252 244
