255
716
0 1 0.125
0 8 0.0357143
1 0 0.25
1 2 0.5
1 3 0.111111
2 1 0.125
3 1 0.125
3 4 0.125
3 5 0.166667
3 6 0.5
4 3 0.111111
4 7 0.5
4 130 0.125
5 3 0.111111
5 8 0.0357143
5 236 0.0588235
6 3 0.111111
7 4 0.125
8 5 0.166667
8 0 0.25
8 9 0.0625
8 11 0.0625
8 12 0.0833333
8 18 0.0666667
8 34 0.142857
8 37 0.125
8 61 0.2
8 78 0.25
8 90 0.25
9 8 0.0357143
9 21 0.2
9 67 0.5
9 112 0.5
10 15 0.0555556
10 63 0.111111
10 99 0.5
10 113 0.0588235
11 8 0.0357143
11 29 0.166667
11 37 0.125
11 41 0.5
11 84 0.5
12 8 0.0357143
12 18 0.0666667
12 63 0.111111
13 15 0.0555556
13 102 0.142857
14 17 0.0434783
14 30 0.0833333
14 38 0.0833333
14 45 0.111111
14 54 0.25
14 64 0.125
14 76 0.142857
14 91 0.166667
15 10 0.0625
15 13 0.166667
15 19 0.0555556
15 25 0.0714286
15 27 0.333333
15 50 0.111111
16 17 0.0434783
16 33 0.0833333
16 38 0.0833333
16 46 0.142857
16 68 0.2
16 77 0.25
16 82 0.2
16 111 0.142857
16 113 0.0588235
17 14 0.0454545
17 16 0.0454545
17 23 0.0666667
17 53 0.0909091
17 57 0.2
17 69 0.1
17 73 0.142857
17 94 0.2
18 8 0.0357143
18 12 0.0833333
18 19 0.0555556
18 26 0.111111
18 40 0.166667
18 65 0.5
19 16 0.0454545
19 17 0.0434783
19 18 0.0666667
19 15 0.0555556
19 22 0.166667
19 32 0.0769231
19 40 0.166667
19 44 0.25
19 74 0.2
20 79 0.25
20 103 0.25
20 109 0.25
21 9 0.0625
21 56 0.25
22 19 0.0555556
22 44 0.25
23 17 0.0434783
23 53 0.0909091
23 57 0.2
23 69 0.1
23 73 0.142857
23 75 0.111111
23 95 0.166667
24 21 0.2
24 9 0.0625
24 31 0.111111
24 39 0.333333
24 47 0.166667
24 60 0.166667
25 15 0.0555556
25 35 0.166667
25 50 0.111111
25 83 0.111111
25 86 0.25
26 17 0.0434783
26 18 0.0666667
26 15 0.0555556
26 28 0.166667
27 15 0.0555556
28 12 0.0833333
28 26 0.111111
28 16 0.0454545
28 105 0.5
29 11 0.0625
29 43 0.142857
29 96 0.25
30 14 0.0454545
30 42 0.0588235
30 49 0.25
30 66 0.142857
31 24 0.0666667
31 60 0.166667
32 19 0.0555556
32 10 0.0625
32 36 0.333333
32 51 0.5
32 55 0.166667
32 98 0.5
33 16 0.0454545
33 46 0.142857
33 68 0.2
33 77 0.25
33 82 0.2
33 111 0.142857
34 8 0.0357143
34 52 0.25
34 59 0.25
35 15 0.0555556
35 25 0.0714286
35 27 0.333333
35 85 0.5
36 10 0.0625
36 32 0.0769231
37 8 0.0357143
37 34 0.142857
37 11 0.0625
37 71 0.5
38 14 0.0454545
38 16 0.0454545
38 42 0.0588235
38 81 0.5
38 113 0.0588235
39 24 0.0666667
40 18 0.0666667
40 19 0.0555556
40 72 0.166667
41 11 0.0625
42 38 0.0833333
42 30 0.0833333
42 48 0.25
42 58 0.125
42 104 0.142857
42 113 0.0588235
43 29 0.166667
43 83 0.111111
43 96 0.25
44 19 0.0555556
44 22 0.166667
45 14 0.0454545
45 80 0.5
45 93 0.1
45 108 0.125
46 33 0.0833333
46 16 0.0454545
46 111 0.142857
47 24 0.0666667
47 31 0.111111
47 39 0.333333
48 42 0.0588235
49 30 0.0833333
49 66 0.142857
50 15 0.0555556
50 25 0.0714286
50 63 0.111111
50 102 0.142857
51 32 0.0769231
52 34 0.142857
52 59 0.25
53 23 0.0666667
53 17 0.0434783
53 73 0.142857
53 75 0.111111
54 14 0.0454545
54 87 0.111111
55 32 0.0769231
55 19 0.0555556
55 60 0.166667
56 21 0.2
56 70 0.333333
57 17 0.0434783
57 23 0.0666667
57 53 0.0909091
58 42 0.0588235
58 89 0.25
58 104 0.142857
58 110 0.2
59 52 0.25
59 34 0.142857
60 31 0.111111
60 24 0.0666667
60 55 0.166667
61 37 0.125
61 8 0.0357143
62 18 0.0666667
63 10 0.0625
63 25 0.0714286
63 50 0.111111
63 12 0.0833333
64 14 0.0454545
64 76 0.142857
64 87 0.111111
64 91 0.166667
65 18 0.0666667
66 49 0.25
66 30 0.0833333
67 9 0.0625
68 33 0.0833333
68 16 0.0454545
68 8 0.0357143
69 53 0.0909091
69 17 0.0434783
69 23 0.0666667
69 75 0.111111
69 94 0.2
70 56 0.25
71 37 0.125
72 40 0.166667
72 101 0.25
73 17 0.0434783
73 23 0.0666667
73 69 0.1
73 53 0.0909091
74 22 0.166667
74 19 0.0555556
75 23 0.0666667
75 69 0.1
75 53 0.0909091
75 95 0.166667
76 14 0.0454545
76 64 0.125
76 87 0.111111
77 33 0.0833333
77 16 0.0454545
78 8 0.0357143
78 90 0.25
79 20 0.0909091
79 103 0.25
80 45 0.111111
81 38 0.0833333
82 33 0.0833333
82 16 0.0454545
82 46 0.142857
83 25 0.0714286
83 12 0.0833333
83 43 0.142857
83 15 0.0555556
83 97 0.5
84 11 0.0625
85 35 0.166667
86 50 0.111111
86 25 0.0714286
86 15 0.0555556
87 54 0.25
87 14 0.0454545
87 64 0.125
87 76 0.142857
88 30 0.0833333
88 20 0.0909091
89 42 0.0588235
89 48 0.25
89 58 0.125
90 8 0.0357143
90 78 0.25
91 76 0.142857
91 64 0.125
91 87 0.111111
91 14 0.0454545
92 17 0.0434783
92 75 0.111111
92 107 0.5
93 30 0.0833333
93 45 0.111111
93 66 0.142857
93 100 0.25
93 108 0.125
94 17 0.0434783
94 69 0.1
94 23 0.0666667
95 23 0.0666667
95 75 0.111111
95 17 0.0434783
95 53 0.0909091
96 43 0.142857
96 29 0.166667
97 83 0.111111
98 32 0.0769231
99 10 0.0625
100 93 0.1
100 108 0.125
101 72 0.166667
102 50 0.111111
102 25 0.0714286
102 13 0.166667
102 106 0.5
103 20 0.0909091
103 79 0.25
104 42 0.0588235
104 58 0.125
104 48 0.25
104 110 0.2
105 28 0.166667
106 102 0.142857
107 92 0.125
108 45 0.111111
108 93 0.1
108 100 0.25
109 9 0.0625
109 20 0.0909091
109 31 0.111111
110 58 0.125
110 42 0.0588235
110 104 0.142857
111 33 0.0833333
111 16 0.0454545
111 46 0.142857
112 9 0.0625
113 42 0.0588235
113 10 0.0625
113 16 0.0454545
113 38 0.0833333
113 114 0.333333
113 116 0.166667
114 113 0.0588235
115 117 0.166667
116 113 0.0588235
116 117 0.166667
117 115 0.166667
117 116 0.166667
118 114 0.333333
119 120 0.2
119 127 0.5
120 119 0.0666667
121 123 0.333333
123 121 0.25
124 119 0.0666667
124 126 0.25
126 124 0.2
126 125 0.333333
126 123 0.333333
127 119 0.0666667
128 129 0.25
129 128 0.25
130 4 0.125
130 131 0.5
131 130 0.125
132 144 0.1
132 148 0.0526316
132 150 0.0909091
132 151 0.25
132 159 0.0909091
132 162 0.25
132 163 0.0833333
132 169 0.1
132 177 0.111111
132 205 0.333333
132 215 0.25
132 234 0.25
133 134 0.0909091
133 157 0.25
133 167 0.166667
133 201 0.2
134 133 0.0714286
134 138 0.0909091
134 156 0.166667
135 132 0.0277778
135 136 0.0526316
135 137 0.0666667
135 148 0.0526316
135 165 0.333333
135 168 0.111111
136 135 0.05
136 137 0.0666667
136 144 0.1
136 150 0.0909091
136 154 0.5
136 168 0.111111
137 136 0.0526316
137 135 0.05
137 142 0.0909091
137 158 0.0909091
137 179 0.142857
137 192 0.5
138 134 0.0909091
138 147 0.125
138 166 0.5
138 183 0.125
138 206 0.25
139 135 0.05
139 132 0.0277778
139 134 0.0909091
139 145 0.142857
139 146 0.0666667
139 172 0.1
139 180 0.25
139 189 0.166667
139 193 0.125
139 202 0.125
139 204 0.142857
140 147 0.125
140 226 0.5
141 177 0.111111
141 191 0.333333
141 225 0.333333
142 137 0.0666667
142 179 0.142857
142 197 0.5
142 214 0.5
143 155 0.0588235
144 135 0.05
144 136 0.0526316
144 132 0.0277778
144 160 0.333333
145 138 0.0909091
145 139 0.04
145 183 0.125
145 194 0.142857
146 139 0.04
146 134 0.0909091
146 149 0.111111
146 155 0.0588235
146 174 0.2
146 207 0.25
146 220 0.333333
147 140 0.125
147 138 0.0909091
147 153 0.5
148 132 0.0277778
148 135 0.05
148 152 0.0666667
148 181 0.2
148 186 0.1
148 198 0.125
148 223 0.166667
149 146 0.0666667
149 143 0.125
149 156 0.166667
149 227 0.25
149 230 0.5
150 135 0.05
150 136 0.0526316
150 132 0.0277778
150 164 0.25
150 185 0.5
150 187 0.2
151 132 0.0277778
151 159 0.0909091
152 148 0.0526316
152 181 0.2
152 186 0.1
152 198 0.125
152 216 0.2
152 223 0.166667
153 147 0.125
154 136 0.0526316
155 143 0.125
155 146 0.0666667
155 161 0.25
155 195 0.2
155 196 0.125
155 224 0.25
156 134 0.0909091
156 149 0.111111
156 167 0.166667
157 133 0.0714286
158 137 0.0666667
158 142 0.0909091
158 175 0.125
158 200 0.333333
158 208 0.25
158 211 0.25
159 132 0.0277778
159 151 0.25
159 163 0.0833333
159 169 0.1
159 234 0.25
160 144 0.1
160 140 0.125
161 155 0.0588235
162 132 0.0277778
162 169 0.1
163 159 0.0909091
163 132 0.0277778
163 177 0.111111
163 218 0.5
164 150 0.0909091
165 135 0.05
165 136 0.0526316
166 138 0.0909091
167 133 0.0714286
167 156 0.166667
168 136 0.0526316
168 135 0.05
169 162 0.25
169 159 0.0909091
169 132 0.0277778
169 217 0.5
170 163 0.0833333
170 173 0.125
170 184 0.25
170 213 0.25
172 139 0.04
172 180 0.25
172 189 0.166667
172 202 0.125
173 170 0.0909091
173 184 0.25
173 201 0.2
173 213 0.25
174 146 0.0666667
174 207 0.25
175 158 0.0909091
175 179 0.142857
175 208 0.25
176 152 0.0666667
176 171 0.333333
176 178 0.5
177 141 0.111111
177 132 0.0277778
177 163 0.0833333
177 233 0.5
178 176 0.166667
179 137 0.0666667
179 142 0.0909091
179 175 0.125
180 139 0.04
180 172 0.1
181 148 0.0526316
181 152 0.0666667
182 134 0.0909091
182 228 0.333333
183 138 0.0909091
183 145 0.142857
183 190 0.111111
183 210 0.5
184 170 0.0909091
184 173 0.125
185 150 0.0909091
186 152 0.0666667
186 148 0.0526316
186 216 0.2
186 223 0.166667
187 164 0.25
187 150 0.0909091
187 204 0.142857
188 175 0.125
189 139 0.04
189 172 0.1
189 202 0.125
190 183 0.125
190 194 0.142857
190 221 0.25
191 141 0.111111
192 137 0.0666667
193 139 0.04
193 172 0.1
193 212 0.25
193 232 0.25
194 145 0.142857
194 190 0.111111
194 209 0.5
195 155 0.0588235
195 161 0.25
195 196 0.125
196 155 0.0588235
196 195 0.2
196 161 0.25
196 224 0.25
197 142 0.0909091
198 152 0.0666667
198 186 0.1
198 169 0.1
198 148 0.0526316
199 148 0.0526316
199 152 0.0666667
199 181 0.2
200 158 0.0909091
201 173 0.125
201 170 0.0909091
201 133 0.0714286
202 139 0.04
202 172 0.1
202 189 0.166667
202 204 0.142857
203 155 0.0588235
203 219 0.5
204 172 0.1
204 139 0.04
204 202 0.125
204 187 0.2
205 132 0.0277778
206 138 0.0909091
207 146 0.0666667
207 174 0.2
208 175 0.125
208 158 0.0909091
209 194 0.142857
210 183 0.125
211 158 0.0909091
211 200 0.333333
211 175 0.125
212 193 0.125
212 232 0.25
213 173 0.125
213 170 0.0909091
214 142 0.0909091
215 205 0.333333
215 132 0.0277778
215 159 0.0909091
216 148 0.0526316
216 152 0.0666667
216 186 0.1
217 169 0.1
218 163 0.0833333
219 203 0.125
220 174 0.2
220 146 0.0666667
221 190 0.111111
221 231 0.25
222 176 0.166667
222 188 0.166667
222 186 0.1
222 148 0.0526316
223 152 0.0666667
223 186 0.1
223 148 0.0526316
224 155 0.0588235
224 196 0.125
225 191 0.333333
225 141 0.111111
226 140 0.125
227 149 0.111111
228 182 0.333333
228 134 0.0909091
229 170 0.0909091
230 149 0.111111
231 190 0.111111
231 221 0.25
231 140 0.125
232 193 0.125
232 212 0.25
233 177 0.111111
234 132 0.0277778
234 159 0.0909091
236 87 0.111111
236 164 0.25
236 25 0.0714286
236 5 0.166667
236 237 0.125
236 239 0.125
237 236 0.0588235
237 238 0.5
238 237 0.125
239 236 0.0588235
239 241 0.2
241 239 0.125
244 17 0.0434783
244 203 0.125
244 196 0.125
244 111 0.142857
244 245 0.142857
244 246 0.25
244 247 0.0909091
244 248 0.2
244 252 0.5
245 244 0.0625
245 246 0.25
245 247 0.0909091
246 244 0.0625
246 245 0.142857
247 244 0.0625
247 245 0.142857
247 249 0.5
247 250 0.2
247 251 0.25
248 244 0.0625
248 245 0.142857
249 247 0.0909091
250 247 0.0909091
250 251 0.25
251 247 0.0909091
251 250 0.2
252 244 0.0625
