0.251013
0.033794
0.016943
0.022052
0.002768
0.167509
0.010975
0.001375
1
0.133046
0.09096
1
0.095462
0.010531
1
0.06143
1
0.164703
0.144268
1
0
0.220292
0.227763
0.019503
1
0.007863
0.016082
0.020932
0.00271
0.166624
0.086241
0.147396
1
0.167631
0.174176
0.001388
0.334084
0.255262
0.166766
0.370375
0.185503
0.500309
0.018873
0.028903
0.287564
0.112012
0.219927
0.166496
0.005417
0.024466
0.010245
0.499907
0.0519
0.023853
0.261039
0.192842
0.055261
0.035859
0.002719
0.051787
0.207838
0.201189
0
0.021436
0.168104
0.072126
0.016672
0.066892
0.226306
0.023601
0.018422
0.127947
0.030993
0.028297
0.200318
0.007369
0.189788
0.279573
0.29782
0
0.056293
0.083307
0.225335
0.004052
0.499649
0.000694
0.002045
0.084545
0
0.000684
0.298298
0.187269
0
0.012925
0.036433
0.004339
0.046106
0.002049
0.499208
0.045502
0.006741
0.007817
0.002902
0
0.003058
0.001329
0.001437
0
0.015757
0
0.001113
0.299588
0.066632
0.074086
0.024706
0.000337
0.012221
0.002002
0
0
0
0
0
0
0
0
0
0
0
0
0.000349
0.000172
1
0.016386
0.19637
0.067577
0.019223
0.079954
1
1
0.020072
0.013432
0.100006
0.129367
0.101876
0.157885
0.131294
0.12649
0.056235
1
0.095338
0.278555
0.005995
0.063646
0.009551
0.034612
0.192277
0.004195
1
0.16814
0.033736
0.045205
0.272494
0.105032
0.036948
0.022936
0.500155
0.034252
0.009685
0.137732
0.000378
0
0.178036
0.000506
0.038298
0.182488
0
0.121493
0
0.049578
0.279621
0.012177
0
0.141907
0.000213
0.047997
0.007617
0.050294
0
0.210041
0.018001
0.005536
0.040185
0.126427
0.024778
0.031805
0.129265
0.050192
0.007694
0
0.389171
0.003254
0.178113
0.125543
0.165189
0.389066
0.25061
0.038929
0.280099
0.012343
0.071019
0.250989
0.037524
0.00021
0.050095
0.250974
0.002609
0.069371
0.052603
0.063272
0.04395
0.004417
0
0.010976
0.039438
0.004525
0.010154
0.251305
0
0
0.50117
0.001126
0.037523
0.060381
0.27919
0
0.009895
0.0013
0.000661
0.001239
0
0.000246
0
0
1
0.207911
0.284348
0.107181
0.201027
0.053581
0.026004
0.030917
0.500361
0
0
