1 2
1 11
2 1
2 4
2 5
2 9
2 13
2 15
2 25
2 26
2 31
2 41
4 2
4 9
4 18
4 19
4 27
4 30
4 32
4 39
4 42
5 2
5 4
5 6
5 7
5 38
6 5
6 10
6 20
6 40
7 5
9 4
9 2
9 11
9 17
9 28
9 29
9 37
10 6
10 16
11 9
11 1
11 12
11 24
12 11
12 8
12 14
12 21
13 2
14 12
14 21
14 23
15 2
15 13
15 25
15 26
15 33
15 34
15 41
16 10
16 6
16 20
17 9
17 37
18 4
19 4
19 27
19 42
20 6
20 16
20 36
21 12
21 14
22 18
22 35
23 14
23 21
24 11
25 2
25 15
25 33
25 91
26 15
26 2
26 31
26 34
27 4
27 19
27 39
28 9
29 9
29 17
30 4
31 2
31 26
31 15
31 41
32 27
32 4
32 19
33 15
33 2
33 25
33 26
33 41
34 2
34 15
34 26
35 22
36 20
37 9
37 17
37 29
38 5
39 27
39 19
39 4
40 6
41 33
41 15
41 26
41 2
41 31
42 39
42 4
42 19
43 44
44 43
45 46
46 45
48 49
48 50
48 52
48 53
48 54
48 72
48 80
48 90
49 48
49 55
49 60
49 63
49 68
49 83
50 48
50 80
52 48
52 53
52 54
52 57
52 62
52 66
52 74
52 75
52 77
52 86
53 52
53 48
53 64
53 79
54 48
54 52
54 56
54 58
54 61
54 67
54 73
54 82
55 49
55 68
55 79
56 54
56 61
56 67
56 82
56 89
57 52
58 54
58 59
58 65
58 69
58 70
58 76
58 78
59 58
59 88
60 49
61 54
61 56
61 73
62 52
63 49
63 68
64 53
65 58
65 69
65 70
65 76
66 52
66 74
67 54
67 56
67 71
67 81
67 85
68 55
68 63
68 49
69 58
69 65
69 70
69 76
70 58
70 65
70 69
71 67
71 81
71 85
72 48
73 61
73 54
73 84
73 89
74 57
74 52
74 66
74 75
74 77
74 86
75 52
75 74
75 77
76 65
76 58
76 69
76 78
77 52
77 74
77 75
78 58
78 69
78 76
79 53
79 55
79 87
80 50
80 48
81 67
81 71
82 56
82 54
82 61
83 49
84 82
84 56
84 54
84 73
85 67
85 71
86 74
86 52
87 79
88 59
89 56
89 73
89 61
90 80
90 48
91 63
91 52
91 25
92 93
92 94
93 92
94 92
