0
0.168491
1
0
1
0.084103
0.009315
0.042185
0.001796
0.130674
0.001555
0.036898
0.005391
0.358133
0.00105
0.111367
0.000625
0.030156
0.333995
0.216017
0.00157
0.001264
0
0.000359
0.018511
0.140544
0.140649
0.218638
0.065428
0.038226
0.499668
0.172476
0.250374
0.047105
0.048731
0
0.000821
0.030304
0.042017
0.22472
0.004653
0.139674
0.231813
0
0
0
0
0
1
1
0.299406
0
1
0.21463
0.114614
0.198963
0.015161
0.36864
0.0073
0.001788
0.500625
0.020596
0.500578
0.234395
0.107358
0.001285
0.277349
0.012891
0.217699
0.001304
0.001585
0.002976
0.499981
0.016662
0.158204
0.161252
0.001299
0.205519
0.001629
0.066747
0.290813
0.00367
0.021439
0.500832
0.003322
0.003718
0.277161
0.033377
0.000487
0.006243
0.33342
0.017822
0
0
0
0
