96
275
1 2 0.0416667
1 11 0.125
2 1 0.166667
2 4 0.047619
2 5 0.0833333
2 9 0.0666667
2 13 0.333333
2 15 0.0714286
2 25 0.125
2 26 0.1
2 31 0.142857
2 41 0.111111
4 2 0.0416667
4 9 0.0666667
4 18 0.333333
4 19 0.125
4 27 0.142857
4 30 0.5
4 32 0.25
4 39 0.166667
4 42 0.2
5 2 0.0416667
5 4 0.047619
5 6 0.111111
5 7 0.5
5 38 0.5
6 5 0.0833333
6 10 0.166667
6 20 0.166667
6 40 0.5
7 5 0.0833333
9 4 0.047619
9 2 0.0416667
9 11 0.125
9 17 0.166667
9 28 0.5
9 29 0.25
9 37 0.2
10 6 0.111111
10 16 0.2
11 9 0.0666667
11 1 0.166667
11 12 0.142857
11 24 0.5
12 11 0.125
12 8 0.333333
12 14 0.166667
12 21 0.2
13 2 0.0416667
14 12 0.142857
14 21 0.2
14 23 0.333333
15 2 0.0416667
15 13 0.333333
15 25 0.125
15 26 0.1
15 33 0.125
15 34 0.2
15 41 0.111111
16 10 0.166667
16 6 0.111111
16 20 0.166667
17 9 0.0666667
17 37 0.2
18 4 0.047619
19 4 0.047619
19 27 0.142857
19 42 0.2
20 6 0.111111
20 16 0.2
20 36 0.5
21 12 0.142857
21 14 0.166667
22 18 0.333333
22 35 0.5
23 14 0.166667
23 21 0.2
24 11 0.125
25 2 0.0416667
25 15 0.0714286
25 33 0.125
25 91 0.125
26 15 0.0714286
26 2 0.0416667
26 31 0.142857
26 34 0.2
27 4 0.047619
27 19 0.125
27 39 0.166667
28 9 0.0666667
29 9 0.0666667
29 17 0.166667
30 4 0.047619
31 2 0.0416667
31 26 0.1
31 15 0.0714286
31 41 0.111111
32 27 0.142857
32 4 0.047619
32 19 0.125
33 15 0.0714286
33 2 0.0416667
33 25 0.125
33 26 0.1
33 41 0.111111
34 2 0.0416667
34 15 0.0714286
34 26 0.1
35 22 0.166667
36 20 0.166667
37 9 0.0666667
37 17 0.166667
37 29 0.25
38 5 0.0833333
39 27 0.142857
39 19 0.125
39 4 0.047619
40 6 0.111111
41 33 0.125
41 15 0.0714286
41 26 0.1
41 2 0.0416667
41 31 0.142857
42 39 0.166667
42 4 0.047619
42 19 0.125
43 44 0.5
44 43 0.25
45 46 0.5
46 45 0.142857
48 49 0.0714286
48 50 0.25
48 52 0.0434783
48 53 0.111111
48 54 0.0588235
48 72 0.5
48 80 0.2
48 90 0.333333
49 48 0.047619
49 55 0.166667
49 60 0.5
49 63 0.2
49 68 0.166667
49 83 0.5
50 48 0.047619
50 80 0.2
52 48 0.047619
52 53 0.111111
52 54 0.0588235
52 57 0.333333
52 62 0.5
52 66 0.25
52 74 0.0909091
52 75 0.125
52 77 0.166667
52 86 0.25
53 52 0.0434783
53 48 0.047619
53 64 0.5
53 79 0.166667
54 48 0.047619
54 52 0.0434783
54 56 0.0909091
54 58 0.0625
54 61 0.125
54 67 0.1
54 73 0.125
54 82 0.166667
55 49 0.0714286
55 68 0.166667
55 79 0.166667
56 54 0.0588235
56 61 0.125
56 67 0.1
56 82 0.166667
56 89 0.2
57 52 0.0434783
58 54 0.0588235
58 59 0.25
58 65 0.125
58 69 0.111111
58 70 0.166667
58 76 0.125
58 78 0.2
59 58 0.0625
59 88 0.25
60 49 0.0714286
61 54 0.0588235
61 56 0.0909091
61 73 0.125
62 52 0.0434783
63 49 0.0714286
63 68 0.166667
64 53 0.111111
65 58 0.0625
65 69 0.111111
65 70 0.166667
65 76 0.125
66 52 0.0434783
66 74 0.0909091
67 54 0.0588235
67 56 0.0909091
67 71 0.166667
67 81 0.25
67 85 0.25
68 55 0.166667
68 63 0.2
68 49 0.0714286
69 58 0.0625
69 65 0.125
69 70 0.166667
69 76 0.125
70 58 0.0625
70 65 0.125
70 69 0.111111
71 67 0.1
71 81 0.25
71 85 0.25
72 48 0.047619
73 61 0.125
73 54 0.0588235
73 84 0.2
73 89 0.2
74 57 0.333333
74 52 0.0434783
74 66 0.25
74 75 0.125
74 77 0.166667
74 86 0.25
75 52 0.0434783
75 74 0.0909091
75 77 0.166667
76 65 0.125
76 58 0.0625
76 69 0.111111
76 78 0.2
77 52 0.0434783
77 74 0.0909091
77 75 0.125
78 58 0.0625
78 69 0.111111
78 76 0.125
79 53 0.111111
79 55 0.166667
79 87 0.5
80 50 0.25
80 48 0.047619
81 67 0.1
81 71 0.166667
82 56 0.0909091
82 54 0.0588235
82 61 0.125
83 49 0.0714286
84 82 0.166667
84 56 0.0909091
84 54 0.0588235
84 73 0.125
85 67 0.1
85 71 0.166667
86 74 0.0909091
86 52 0.0434783
87 79 0.166667
88 59 0.25
89 56 0.0909091
89 73 0.125
89 61 0.125
90 80 0.2
90 48 0.047619
91 63 0.2
91 52 0.0434783
91 25 0.125
92 93 0.5
92 94 0.5
93 92 0.125
94 92 0.125
