50
82
6 16 0.25
22 23 0.0833333
22 29 0.0909091
22 34 0.5
23 22 0.04
23 24 0.0666667
23 27 0.1
23 32 0.5
24 23 0.0833333
24 25 0.111111
24 36 0.142857
24 42 0.5
25 24 0.0666667
25 22 0.04
7 1 0.111111
7 15 0.5
26 22 0.04
26 28 0.0833333
26 29 0.0909091
26 30 0.125
26 35 0.142857
26 44 0.166667
9 8 0.25
9 13 0.5
38 27 0.1
10 4 0.166667
11 1 0.111111
11 14 0.5
11 17 0.333333
39 30 0.125
39 35 0.142857
39 26 0.0625
27 23 0.0833333
27 36 0.142857
27 38 0.5
27 43 0.5
28 26 0.0625
28 29 0.0909091
28 30 0.125
28 44 0.166667
40 36 0.142857
12 2 0.125
13 9 0.142857
41 29 0.0909091
42 24 0.0666667
43 27 0.1
44 28 0.0833333
44 26 0.0625
14 11 0.1
15 7 0.166667
16 6 0.125
16 8 0.25
17 11 0.1
18 1 0.111111
29 22 0.04
29 28 0.0833333
29 26 0.0625
29 41 0.5
46 31 0.142857
1 7 0.166667
1 11 0.1
1 18 0.5
2 12 0.5
34 22 0.04
30 26 0.0625
30 28 0.0833333
30 35 0.142857
30 39 0.166667
48 49 0.25
35 26 0.0625
35 30 0.125
35 28 0.0833333
31 29 0.0909091
31 46 0.5
49 48 0.0666667
32 23 0.0833333
33 24 0.0666667
4 10 0.5
36 25 0.111111
36 24 0.0666667
36 27 0.1
36 40 0.5
