0 1
0 4
0 10
0 24
0 67
0 69
0 112
1 0
1 2
1 11
1 15
1 32
1 39
1 41
1 51
1 61
1 63
1 71
1 78
1 103
1 105
1 170
2 1
2 3
2 5
2 50
2 95
3 2
3 7
3 22
3 43
3 58
3 59
3 196
4 0
4 6
4 9
4 25
4 88
4 104
5 2
5 8
5 14
5 26
5 40
5 65
5 68
5 98
5 136
5 161
6 4
6 20
6 25
6 46
6 110
6 125
7 3
7 21
7 47
8 5
8 1
8 12
8 27
8 44
8 55
8 81
8 124
9 4
9 13
9 16
9 114
9 167
9 176
10 0
10 17
11 1
11 94
11 106
12 8
12 44
12 55
12 87
12 90
12 121
12 124
13 9
13 16
13 18
13 31
13 53
13 102
13 111
13 115
14 5
14 30
14 33
15 1
15 35
15 80
15 93
16 13
16 9
16 0
16 187
17 10
17 0
17 28
17 52
17 67
17 89
17 113
17 178
18 13
18 9
18 38
18 54
18 88
18 186
19 0
19 11
19 70
19 84
19 149
19 157
20 6
20 46
21 7
21 64
21 109
22 3
22 7
22 85
23 12
23 15
23 8
23 49
23 118
23 130
24 0
24 36
24 129
24 173
25 6
25 4
25 114
25 144
25 168
26 5
26 34
26 45
26 95
26 141
27 0
27 15
27 8
27 13
27 62
27 107
28 17
28 52
28 67
28 89
28 178
29 1
29 23
29 74
29 75
29 153
30 14
30 55
30 72
30 90
31 13
32 1
32 37
32 42
32 150
33 14
33 30
33 72
34 26
34 79
34 128
35 15
35 49
35 108
35 181
36 0
36 24
36 140
37 32
37 42
37 99
37 131
37 150
37 159
38 18
38 54
38 133
39 1
39 15
39 76
39 162
40 5
40 68
41 1
41 51
41 78
41 188
42 37
42 32
42 150
43 3
43 196
44 8
44 12
44 87
44 90
44 121
45 26
45 139
45 157
45 197
46 6
46 20
46 48
46 100
47 7
48 46
49 35
49 7
49 23
49 118
50 2
51 1
51 41
51 61
51 63
51 71
51 78
51 170
52 17
52 15
52 28
52 61
52 93
53 13
53 31
54 38
54 18
54 88
54 123
54 133
54 186
55 30
55 8
55 32
55 12
55 56
55 57
55 60
56 55
56 57
56 60
56 74
56 171
57 55
57 56
57 23
57 77
57 85
57 146
57 158
58 43
58 3
58 175
59 3
59 22
59 58
59 99
60 55
60 23
60 56
60 184
61 41
61 1
61 51
61 52
61 66
61 69
61 83
61 191
62 27
63 1
63 51
63 170
64 57
64 21
64 73
64 134
65 5
66 61
66 180
67 0
67 28
67 17
67 86
67 165
68 5
68 18
68 40
68 145
68 183
68 192
69 61
69 0
70 19
71 1
71 51
71 78
71 103
72 30
72 33
73 26
73 64
73 2
74 42
74 55
74 56
74 29
74 79
74 118
75 29
75 62
75 1
75 155
76 39
76 162
77 57
77 85
77 146
77 158
78 41
78 1
78 71
78 51
78 122
78 170
79 34
79 1
79 74
79 97
79 141
79 147
80 15
81 8
81 12
81 82
82 81
83 61
83 191
84 19
84 143
84 149
85 77
85 7
85 57
85 22
85 120
85 169
86 9
86 10
86 67
86 6
87 8
87 44
87 12
88 4
88 18
88 54
88 164
89 17
89 28
89 113
89 148
90 8
90 44
90 30
90 12
90 119
90 138
91 1
91 78
91 51
91 41
91 122
92 13
92 116
92 137
92 172
93 80
93 52
93 15
93 116
93 127
93 189
94 11
94 67
94 129
94 195
95 19
95 2
95 26
95 70
96 90
97 79
97 147
98 5
98 40
98 142
98 190
99 59
99 57
99 37
99 166
99 175
100 46
100 16
100 152
101 80
101 15
102 13
103 1
103 78
103 71
103 105
103 122
104 4
105 1
105 103
105 78
106 11
107 75
107 27
108 35
109 21
109 179
110 6
110 20
111 9
111 13
112 0
113 17
113 89
113 28
114 16
114 9
114 25
114 156
115 13
115 102
116 93
116 80
116 92
116 132
116 135
116 151
117 8
117 92
117 68
117 44
117 38
118 49
118 23
118 74
118 174
119 90
120 85
120 126
120 158
120 160
120 182
121 44
121 12
122 1
122 78
122 103
122 91
123 54
123 18
123 38
123 133
124 12
124 8
124 44
125 110
125 6
126 120
127 93
128 34
129 94
129 24
129 163
130 23
131 32
131 37
132 116
132 185
133 54
133 123
133 38
133 186
134 64
135 116
136 5
137 92
137 172
138 90
138 119
138 193
139 45
139 173
140 36
140 187
141 26
141 79
142 98
142 190
143 19
143 70
143 84
144 25
145 68
145 183
146 57
146 77
147 79
147 97
148 89
148 93
148 127
148 113
148 17
149 84
149 19
150 32
150 37
150 42
151 116
151 31
151 185
152 100
153 29
154 24
155 75
156 114
157 19
157 45
158 120
158 57
158 77
159 42
159 150
159 37
159 166
160 120
160 126
161 5
162 39
162 76
163 129
164 88
165 67
166 159
166 42
166 37
166 99
167 9
168 25
169 85
170 63
170 51
170 78
170 1
170 188
171 55
171 142
171 98
171 56
171 177
172 92
172 137
173 139
173 24
173 194
174 74
174 118
175 99
175 58
175 3
176 9
176 152
176 100
177 171
178 28
178 17
178 187
179 109
180 61
180 66
181 35
181 108
182 120
182 126
182 160
183 68
183 145
184 60
185 151
185 132
186 54
186 18
186 133
187 16
187 178
187 28
187 140
188 103
188 1
188 170
188 91
188 41
189 93
190 98
190 142
191 66
191 61
191 83
191 180
192 68
192 145
193 90
193 138
193 119
194 173
195 94
196 3
196 43
197 45
