1
1
0.25011
1
0.17454
1
0.089755
0.145258
0.062094
0.120257
0.204696
0.265728
0.016716
1
0.168335
0.108253
0.138722
0.021208
0.085787
1
0.022898
0.024322
0.204473
0.088206
0.112795
1
0.131362
0.007025
0.014123
0.01281
0.032042
0.34439
0.109996
0.035433
0.18294
0.015659
0.023735
0.013487
0.01275
0.142848
0.234478
0.129553
0.026428
0.270171
0.008323
0.047891
0.014211
0.072904
0.007054
0.017632
0.125102
0.113509
0.023055
0.333462
0.011952
0.086976
0.116707
1
0.190216
0.16798
0.028373
0.084749
0.003044
0.195535
0.003467
0.500001
0.020369
0.095863
0.101401
0.26385
0.270681
0.161896
0.015952
0.000903
0.100928
0.002084
0.042591
0.182428
0.119714
1
0.230308
0.01251
0.006238
0.024126
0.173799
0.121739
0.019302
0.004891
0.033094
0.00467
0.004222
0.010046
0.125347
0.092801
0.040855
0.062327
0
0.297024
0.127684
0.023983
0.008448
0
0.408508
0.13641
0.087351
0.219586
0.133361
0.001718
0.006367
0.006116
0.019093
0.334065
0.501017
0.003702
0.156695
0.333474
1
0
0.024944
0.001264
0.031046
0.006047
0.036257
0.002706
0.015311
0.029772
0.010801
0.031266
0.091339
0.024802
0.04428
0.004555
0.259676
0.005032
0.001718
0.501229
0.499796
0.037231
0.000847
0.016406
0.010925
0.27133
0.033778
0.043489
0.501175
0.029427
0.279159
0.299182
0.000773
0.277504
0.020438
0.17562
0.011719
0.006423
0
0.001081
0.078527
0.253902
0.191124
0.002197
0.009236
0.501679
0.04255
0.012415
0.016617
0.04783
0.00435
0.059831
0.500209
0.061026
0.124204
0.01646
0.037299
0.020734
0.008305
0.042017
0.030147
0.008298
0.008999
0.003056
0.008807
0.005189
0.007796
0.030297
0.014074
0.102526
0.016049
0.021413
0.035796
0.046216
0.037463
0.017091
0.033864
0.000202
0.010271
0.020486
0.293776
0.024218
