198
649
0 1 0.0263158
0 4 0.0833333
0 10 0.2
0 24 0.111111
0 67 0.0909091
0 69 0.25
0 112 0.5
1 0 0.04
1 2 0.0909091
1 11 0.142857
1 15 0.0714286
1 32 0.1
1 39 0.142857
1 41 0.1
1 51 0.0666667
1 61 0.0625
1 63 0.166667
1 71 0.125
1 78 0.0666667
1 103 0.1
1 105 0.2
1 170 0.0909091
2 1 0.0263158
2 3 0.0666667
2 5 0.05
2 50 0.5
2 95 0.166667
3 2 0.0909091
3 7 0.111111
3 22 0.166667
3 43 0.2
3 58 0.166667
3 59 0.166667
3 196 0.25
4 0 0.04
4 6 0.0769231
4 9 0.0666667
4 25 0.1
4 88 0.125
4 104 0.5
5 2 0.0909091
5 8 0.0526316
5 14 0.166667
5 26 0.0909091
5 40 0.2
5 65 0.5
5 68 0.0833333
5 98 0.125
5 136 0.5
5 161 0.5
6 4 0.0833333
6 20 0.2
6 25 0.1
6 46 0.125
6 110 0.166667
6 125 0.333333
7 3 0.0666667
7 21 0.166667
7 47 0.5
8 5 0.05
8 1 0.0263158
8 12 0.0625
8 27 0.111111
8 44 0.0833333
8 55 0.0666667
8 81 0.2
8 124 0.2
9 4 0.0833333
9 13 0.0555556
9 16 0.111111
9 114 0.142857
9 167 0.5
9 176 0.25
10 0 0.04
10 17 0.0625
11 1 0.0263158
11 94 0.142857
11 106 0.5
12 8 0.0526316
12 44 0.0833333
12 55 0.0666667
12 87 0.2
12 90 0.0769231
12 121 0.25
12 124 0.2
13 9 0.0666667
13 16 0.111111
13 18 0.0769231
13 31 0.25
13 53 0.333333
13 102 0.333333
13 111 0.333333
13 115 0.333333
14 5 0.05
14 30 0.111111
14 33 0.2
15 1 0.0263158
15 35 0.125
15 80 0.2
15 93 0.0833333
16 13 0.0555556
16 9 0.0666667
16 0 0.04
16 187 0.142857
17 10 0.2
17 0 0.04
17 28 0.0833333
17 52 0.111111
17 67 0.0909091
17 89 0.125
17 113 0.142857
17 178 0.166667
18 13 0.0555556
18 9 0.0666667
18 38 0.125
18 54 0.0833333
18 88 0.125
18 186 0.166667
19 0 0.04
19 11 0.142857
19 70 0.25
19 84 0.142857
19 149 0.25
19 157 0.25
20 6 0.0769231
20 46 0.125
21 7 0.111111
21 64 0.142857
21 109 0.25
22 3 0.0666667
22 7 0.111111
22 85 0.0909091
23 12 0.0625
23 15 0.0714286
23 8 0.0526316
23 49 0.142857
23 118 0.125
23 130 0.5
24 0 0.04
24 36 0.2
24 129 0.166667
24 173 0.166667
25 6 0.0769231
25 4 0.0833333
25 114 0.142857
25 144 0.5
25 168 0.5
26 5 0.05
26 34 0.166667
26 45 0.125
26 95 0.166667
26 141 0.25
27 0 0.04
27 15 0.0714286
27 8 0.0526316
27 13 0.0555556
27 62 0.333333
27 107 0.25
28 17 0.0625
28 52 0.111111
28 67 0.0909091
28 89 0.125
28 178 0.166667
29 1 0.0263158
29 23 0.0833333
29 74 0.0909091
29 75 0.142857
29 153 0.5
30 14 0.166667
30 55 0.0666667
30 72 0.25
30 90 0.0769231
31 13 0.0555556
32 1 0.0263158
32 37 0.0769231
32 42 0.111111
32 150 0.142857
33 14 0.166667
33 30 0.111111
33 72 0.25
34 26 0.0909091
34 79 0.0833333
34 128 0.5
35 15 0.0714286
35 49 0.142857
35 108 0.333333
35 181 0.333333
36 0 0.04
36 24 0.111111
36 140 0.25
37 32 0.1
37 42 0.111111
37 99 0.111111
37 131 0.333333
37 150 0.142857
37 159 0.125
38 18 0.0769231
38 54 0.0833333
38 133 0.125
39 1 0.0263158
39 15 0.0714286
39 76 0.25
39 162 0.25
40 5 0.05
40 68 0.0833333
41 1 0.0263158
41 51 0.0666667
41 78 0.0666667
41 188 0.142857
42 37 0.0769231
42 32 0.1
42 150 0.142857
43 3 0.0666667
43 196 0.25
44 8 0.0526316
44 12 0.0625
44 87 0.2
44 90 0.0769231
44 121 0.25
45 26 0.0909091
45 139 0.25
45 157 0.25
45 197 0.5
46 6 0.0769231
46 20 0.2
46 48 0.5
46 100 0.166667
47 7 0.111111
48 46 0.125
49 35 0.125
49 7 0.111111
49 23 0.0833333
49 118 0.125
50 2 0.0909091
51 1 0.0263158
51 41 0.1
51 61 0.0625
51 63 0.166667
51 71 0.125
51 78 0.0666667
51 170 0.0909091
52 17 0.0625
52 15 0.0714286
52 28 0.0833333
52 61 0.0625
52 93 0.0833333
53 13 0.0555556
53 31 0.25
54 38 0.125
54 18 0.0769231
54 88 0.125
54 123 0.166667
54 133 0.125
54 186 0.166667
55 30 0.111111
55 8 0.0526316
55 32 0.1
55 12 0.0625
55 56 0.1
55 57 0.0666667
55 60 0.142857
56 55 0.0666667
56 57 0.0666667
56 60 0.142857
56 74 0.0909091
56 171 0.142857
57 55 0.0666667
57 56 0.1
57 23 0.0833333
57 77 0.125
57 85 0.0909091
57 146 0.25
57 158 0.166667
58 43 0.2
58 3 0.0666667
58 175 0.2
59 3 0.0666667
59 22 0.166667
59 58 0.166667
59 99 0.111111
60 55 0.0666667
60 23 0.0833333
60 56 0.1
60 184 0.5
61 41 0.1
61 1 0.0263158
61 51 0.0666667
61 52 0.111111
61 66 0.2
61 69 0.25
61 83 0.25
61 191 0.166667
62 27 0.111111
63 1 0.0263158
63 51 0.0666667
63 170 0.0909091
64 57 0.0666667
64 21 0.166667
64 73 0.25
64 134 0.5
65 5 0.05
66 61 0.0625
66 180 0.25
67 0 0.04
67 28 0.0833333
67 17 0.0625
67 86 0.2
67 165 0.5
68 5 0.05
68 18 0.0769231
68 40 0.2
68 145 0.2
68 183 0.25
68 192 0.333333
69 61 0.0625
69 0 0.04
70 19 0.0833333
71 1 0.0263158
71 51 0.0666667
71 78 0.0666667
71 103 0.1
72 30 0.111111
72 33 0.2
73 26 0.0909091
73 64 0.142857
73 2 0.0909091
74 42 0.111111
74 55 0.0666667
74 56 0.1
74 29 0.125
74 79 0.0833333
74 118 0.125
75 29 0.125
75 62 0.333333
75 1 0.0263158
75 155 0.5
76 39 0.142857
76 162 0.25
77 57 0.0666667
77 85 0.0909091
77 146 0.25
77 158 0.166667
78 41 0.1
78 1 0.0263158
78 71 0.125
78 51 0.0666667
78 122 0.142857
78 170 0.0909091
79 34 0.166667
79 1 0.0263158
79 74 0.0909091
79 97 0.25
79 141 0.25
79 147 0.25
80 15 0.0714286
81 8 0.0526316
81 12 0.0625
81 82 0.5
82 81 0.2
83 61 0.0625
83 191 0.166667
84 19 0.0833333
84 143 0.25
84 149 0.25
85 77 0.125
85 7 0.111111
85 57 0.0666667
85 22 0.166667
85 120 0.1
85 169 0.5
86 9 0.0666667
86 10 0.2
86 67 0.0909091
86 6 0.0769231
87 8 0.0526316
87 44 0.0833333
87 12 0.0625
88 4 0.0833333
88 18 0.0769231
88 54 0.0833333
88 164 0.5
89 17 0.0625
89 28 0.0833333
89 113 0.142857
89 148 0.166667
90 8 0.0526316
90 44 0.0833333
90 30 0.111111
90 12 0.0625
90 119 0.25
90 138 0.2
91 1 0.0263158
91 78 0.0666667
91 51 0.0666667
91 41 0.1
91 122 0.142857
92 13 0.0555556
92 116 0.0909091
92 137 0.25
92 172 0.25
93 80 0.2
93 52 0.111111
93 15 0.0714286
93 116 0.0909091
93 127 0.333333
93 189 0.5
94 11 0.142857
94 67 0.0909091
94 129 0.166667
94 195 0.5
95 19 0.0833333
95 2 0.0909091
95 26 0.0909091
95 70 0.25
96 90 0.0769231
97 79 0.0833333
97 147 0.25
98 5 0.05
98 40 0.2
98 142 0.2
98 190 0.25
99 59 0.166667
99 57 0.0666667
99 37 0.0769231
99 166 0.166667
99 175 0.2
100 46 0.125
100 16 0.111111
100 152 0.333333
101 80 0.2
101 15 0.0714286
102 13 0.0555556
103 1 0.0263158
103 78 0.0666667
103 71 0.125
103 105 0.2
103 122 0.142857
104 4 0.0833333
105 1 0.0263158
105 103 0.1
105 78 0.0666667
106 11 0.142857
107 75 0.142857
107 27 0.111111
108 35 0.125
109 21 0.166667
109 179 0.5
110 6 0.0769231
110 20 0.2
111 9 0.0666667
111 13 0.0555556
112 0 0.04
113 17 0.0625
113 89 0.125
113 28 0.0833333
114 16 0.111111
114 9 0.0666667
114 25 0.1
114 156 0.5
115 13 0.0555556
115 102 0.333333
116 93 0.0833333
116 80 0.2
116 92 0.125
116 132 0.25
116 135 0.5
116 151 0.166667
117 8 0.0526316
117 92 0.125
117 68 0.0833333
117 44 0.0833333
117 38 0.125
118 49 0.142857
118 23 0.0833333
118 74 0.0909091
118 174 0.333333
119 90 0.0769231
120 85 0.0909091
120 126 0.25
120 158 0.166667
120 160 0.25
120 182 0.25
121 44 0.0833333
121 12 0.0625
122 1 0.0263158
122 78 0.0666667
122 103 0.1
122 91 0.142857
123 54 0.0833333
123 18 0.0769231
123 38 0.125
123 133 0.125
124 12 0.0625
124 8 0.0526316
124 44 0.0833333
125 110 0.166667
125 6 0.0769231
126 120 0.1
127 93 0.0833333
128 34 0.166667
129 94 0.142857
129 24 0.111111
129 163 0.5
130 23 0.0833333
131 32 0.1
131 37 0.0769231
132 116 0.0909091
132 185 0.25
133 54 0.0833333
133 123 0.166667
133 38 0.125
133 186 0.166667
134 64 0.142857
135 116 0.0909091
136 5 0.05
137 92 0.125
137 172 0.25
138 90 0.0769231
138 119 0.25
138 193 0.25
139 45 0.125
139 173 0.166667
140 36 0.2
140 187 0.142857
141 26 0.0909091
141 79 0.0833333
142 98 0.125
142 190 0.25
143 19 0.0833333
143 70 0.25
143 84 0.142857
144 25 0.1
145 68 0.0833333
145 183 0.25
146 57 0.0666667
146 77 0.125
147 79 0.0833333
147 97 0.25
148 89 0.125
148 93 0.0833333
148 127 0.333333
148 113 0.142857
148 17 0.0625
149 84 0.142857
149 19 0.0833333
150 32 0.1
150 37 0.0769231
150 42 0.111111
151 116 0.0909091
151 31 0.25
151 185 0.25
152 100 0.166667
153 29 0.125
154 24 0.111111
155 75 0.142857
156 114 0.142857
157 19 0.0833333
157 45 0.125
158 120 0.1
158 57 0.0666667
158 77 0.125
159 42 0.111111
159 150 0.142857
159 37 0.0769231
159 166 0.166667
160 120 0.1
160 126 0.25
161 5 0.05
162 39 0.142857
162 76 0.25
163 129 0.166667
164 88 0.125
165 67 0.0909091
166 159 0.125
166 42 0.111111
166 37 0.0769231
166 99 0.111111
167 9 0.0666667
168 25 0.1
169 85 0.0909091
170 63 0.166667
170 51 0.0666667
170 78 0.0666667
170 1 0.0263158
170 188 0.142857
171 55 0.0666667
171 142 0.2
171 98 0.125
171 56 0.1
171 177 0.5
172 92 0.125
172 137 0.25
173 139 0.25
173 24 0.111111
173 194 0.5
174 74 0.0909091
174 118 0.125
175 99 0.111111
175 58 0.166667
175 3 0.0666667
176 9 0.0666667
176 152 0.333333
176 100 0.166667
177 171 0.142857
178 28 0.0833333
178 17 0.0625
178 187 0.142857
179 109 0.25
180 61 0.0625
180 66 0.2
181 35 0.125
181 108 0.333333
182 120 0.1
182 126 0.25
182 160 0.25
183 68 0.0833333
183 145 0.2
184 60 0.142857
185 151 0.166667
185 132 0.25
186 54 0.0833333
186 18 0.0769231
186 133 0.125
187 16 0.111111
187 178 0.166667
187 28 0.0833333
187 140 0.25
188 103 0.1
188 1 0.0263158
188 170 0.0909091
188 91 0.142857
188 41 0.1
189 93 0.0833333
190 98 0.125
190 142 0.2
191 66 0.2
191 61 0.0625
191 83 0.25
191 180 0.25
192 68 0.0833333
192 145 0.2
193 90 0.0769231
193 138 0.2
193 119 0.25
194 173 0.166667
195 94 0.142857
196 3 0.0666667
196 43 0.2
197 45 0.125
