1 2
2 1
3 5
3 6
3 14
3 20
3 25
3 31
3 43
4 7
4 8
4 11
4 38
5 3
5 9
5 14
5 22
5 27
6 3
6 35
7 4
7 12
7 13
7 19
7 24
7 38
7 44
7 148
8 4
8 21
9 5
9 10
9 34
10 9
10 34
11 4
11 18
11 26
11 33
11 36
11 42
11 46
11 47
11 52
12 7
12 15
12 16
12 41
13 4
13 8
13 7
13 17
13 21
13 23
13 47
13 50
14 5
14 3
14 40
14 48
15 12
15 16
15 41
16 12
16 15
16 32
17 13
17 21
17 23
17 47
17 50
18 11
18 26
19 7
19 44
20 3
21 4
21 17
21 8
21 13
21 29
21 30
22 5
22 26
22 49
23 17
23 13
23 50
24 7
25 3
25 20
26 18
26 11
26 22
26 33
26 37
26 53
27 22
27 5
27 54
28 9
28 21
28 47
29 21
29 30
30 21
30 29
31 5
31 3
32 16
32 51
33 26
33 11
34 10
34 9
35 6
36 28
36 11
36 4
36 18
36 39
36 45
37 26
37 53
38 19
38 7
38 8
38 4
39 36
39 45
40 14
40 48
41 15
41 12
41 32
42 11
42 18
42 47
43 3
43 25
44 7
44 19
45 36
45 39
46 11
47 42
47 28
47 13
47 11
47 17
48 14
48 40
49 22
50 17
50 13
50 23
51 32
52 18
52 42
52 11
53 37
53 26
54 27
55 56
56 55
58 61
59 60
60 59
60 61
60 62
60 63
60 64
61 58
61 60
62 60
63 60
64 60
65 49
66 67
66 68
66 81
66 83
66 95
66 102
66 123
67 66
67 68
67 69
67 99
67 111
68 66
68 67
68 69
68 70
68 74
68 83
68 91
68 100
68 112
68 113
68 121
68 127
68 128
68 130
69 68
69 67
69 73
69 120
69 125
69 138
70 68
70 86
70 94
70 97
70 131
71 72
71 115
71 137
71 139
72 68
72 70
72 71
72 77
72 92
73 69
73 84
73 86
73 89
73 125
74 68
74 121
75 66
75 103
75 106
75 134
75 135
76 78
76 79
76 80
76 104
77 72
77 90
78 76
78 79
78 93
78 96
78 98
79 76
79 78
79 129
80 76
80 78
80 82
80 134
81 66
81 68
81 74
81 85
81 87
81 101
81 105
81 120
81 148
82 80
83 68
83 66
83 114
83 136
84 73
84 88
84 110
85 81
85 105
85 120
85 139
86 73
86 70
86 69
86 110
87 71
87 81
87 96
88 84
88 89
89 73
89 88
90 72
90 77
91 68
91 112
91 128
91 132
92 72
92 68
92 81
92 116
92 117
92 133
93 78
94 70
94 131
95 66
95 99
96 87
96 93
96 78
96 119
96 134
97 70
97 131
98 78
99 95
99 67
99 66
100 68
101 81
101 105
102 66
103 75
103 106
103 122
104 76
105 85
105 81
105 101
106 75
106 103
106 122
106 135
107 88
107 89
107 109
107 118
108 96
109 107
110 84
110 86
111 67
112 68
112 91
112 100
113 68
113 100
113 121
113 132
114 83
115 71
116 92
117 79
117 92
117 124
118 107
118 109
118 126
119 96
119 108
119 134
120 69
120 85
120 81
120 110
121 68
121 113
121 74
121 112
122 103
122 75
122 106
122 135
123 66
123 95
124 117
125 69
125 73
126 118
127 74
127 68
127 91
127 132
128 68
128 91
128 112
129 79
130 68
130 100
130 113
130 91
131 94
131 70
131 97
132 113
132 91
132 127
132 100
133 92
134 119
134 96
134 75
134 80
135 75
135 122
135 106
136 83
136 114
137 71
137 139
138 69
139 71
139 85
139 137
141 128
141 142
142 141
142 143
142 144
142 145
143 142
144 142
145 142
145 146
146 145
147 145
148 81
148 7
148 86
148 149
149 148
151 150
