0
0
0
1
0.144064
0.084314
0.250579
1
0.067004
0.016526
0.003346
1
0.125922
0.081622
0.11978
0.026469
0.016925
0.024552
0.221419
0.195016
0.403399
0.016348
0.023968
0.019228
0.251102
0.313565
0.119289
0.012141
0.031889
0.004878
0.004899
0.335064
0.008888
0.269478
0.004638
0.125576
0.101372
0.03527
0.1856
0.030249
0.028776
0.028863
0.215581
0.333886
0.281502
0.030461
0.500092
0.127436
0.034486
0.008022
0.019335
0.004509
0.250161
0.035555
0.006102
0
0
0
0.041799
0.142129
1
0.166253
0.501249
0.166488
0.500625
0
1
0.136585
1
0.07789
0.099977
0.009062
0.090618
0.009031
0.227479
0.001738
0.088796
0.022721
1
0.176557
0.014854
0.108826
0.007458
0.235958
0.003318
0.019354
0.027744
0.041457
0.000677
0.001882
0.007569
0.16569
1
0.35647
0.028919
0.25872
0.103273
0.028827
0.500311
0.07654
0.250413
0.031113
0.499837
0.000333
0.044694
0.024293
0.000321
0
0.011468
0
0.011246
0.068474
0.201883
0.170617
0.096406
0.004517
0.500005
0.201012
0
0.023161
0.028047
0.186198
0.000115
0.332681
0.100716
0.021086
0
0.173239
0.161996
0.088207
0.200458
0.023472
0.068914
0.500341
0.016924
0.000344
0.078333
0.003292
0.03923
0.004891
0
0
0
0
0
0
0
0
0.110533
0.05516
0
0
