0 1
1 0
2 5
5 2
6 7
6 8
6 12
6 39
6 47
6 84
7 6
7 29
7 35
7 59
8 6
8 9
8 23
8 42
8 110
9 8
9 35
9 38
9 42
9 78
10 14
10 24
10 40
10 74
10 93
11 17
11 19
11 26
11 36
11 57
11 67
11 71
11 79
11 101
11 111
12 6
12 15
12 18
12 37
12 48
12 64
12 90
13 25
13 73
13 108
14 10
14 103
15 12
15 89
16 20
16 28
16 31
16 55
16 60
17 11
17 19
17 26
17 36
17 57
17 71
17 79
17 85
18 12
19 17
19 11
19 43
20 16
21 22
21 33
21 35
21 106
22 21
22 33
22 51
23 8
24 10
24 65
24 243
25 13
26 17
26 19
26 11
26 51
27 25
27 13
27 73
27 82
27 108
27 124
28 16
28 46
28 55
28 60
28 63
29 7
30 31
30 41
30 56
30 99
30 124
31 30
31 16
31 32
31 76
31 87
31 98
32 31
33 22
33 21
33 35
34 45
34 46
34 68
34 91
35 9
35 33
35 21
35 7
35 49
35 59
36 11
36 17
37 12
37 48
38 9
38 8
39 6
39 62
40 10
40 74
40 93
41 30
41 240
42 8
42 9
43 19
44 70
45 34
45 243
46 34
46 28
47 6
48 12
48 37
49 35
49 84
50 53
51 26
51 22
51 19
51 69
52 12
52 48
52 21
52 54
52 88
52 94
52 95
53 50
53 107
54 52
54 92
55 28
55 16
55 60
56 30
57 17
57 11
57 67
58 31
58 13
58 61
58 66
58 80
58 81
59 7
59 35
59 84
60 28
60 55
60 16
61 58
61 66
61 80
61 81
62 39
63 28
63 31
63 55
63 72
63 100
63 102
63 112
64 12
64 48
65 24
66 58
66 61
66 80
67 11
67 57
68 34
68 45
68 91
69 51
69 22
70 44
71 11
71 17
71 85
72 63
72 77
73 27
73 13
73 75
73 82
74 10
74 40
74 93
75 27
75 73
76 31
77 72
77 63
77 100
77 102
78 9
79 17
79 71
79 11
79 85
79 101
80 58
80 66
80 61
81 58
81 61
82 67
82 73
82 13
82 27
82 124
83 69
83 82
83 96
83 97
84 6
84 49
84 59
84 105
85 57
85 79
85 71
85 17
85 111
87 31
88 52
88 94
89 15
90 12
91 34
91 45
91 68
92 54
93 10
93 40
93 74
94 52
94 88
94 95
95 94
95 52
95 88
96 83
96 97
97 83
97 96
98 31
99 30
99 104
100 63
100 77
100 102
101 17
101 11
101 79
102 63
102 100
102 77
103 14
104 30
104 99
105 84
106 21
107 53
108 13
108 27
108 73
109 31
109 87
109 98
110 8
111 79
111 11
111 85
112 46
112 16
112 63
112 113
112 114
112 118
113 112
113 114
113 115
113 118
114 112
114 113
114 115
114 116
114 119
114 120
115 113
115 114
115 112
116 115
116 114
116 117
117 116
118 112
118 113
119 114
119 120
120 114
120 119
121 122
122 121
122 123
123 122
123 121
124 82
124 30
124 27
124 125
124 240
125 124
127 128
127 135
127 189
128 127
128 129
128 134
128 137
128 139
128 143
128 157
128 197
128 200
128 223
129 128
129 130
129 132
129 147
129 150
129 158
129 162
129 196
129 198
130 129
130 132
130 144
130 171
130 217
130 236
131 132
131 133
131 138
131 168
131 204
131 209
131 216
132 131
132 129
132 130
132 136
132 141
133 131
133 177
133 215
134 128
134 151
134 160
134 163
134 174
134 193
134 194
134 210
134 219
134 224
135 127
135 139
135 142
135 189
135 192
136 132
137 128
137 143
137 200
137 252
138 131
138 149
138 182
139 135
139 128
139 151
139 164
140 161
140 231
141 132
141 136
141 219
142 135
142 179
142 211
143 128
143 137
143 145
143 154
143 155
143 166
143 169
143 170
143 176
143 215
144 130
145 143
145 154
145 155
145 166
145 176
145 205
146 148
146 181
146 212
147 129
147 198
148 137
148 146
148 128
148 151
148 152
148 172
148 173
148 185
148 186
148 202
149 130
149 138
149 182
149 208
149 226
150 129
150 164
150 165
150 184
151 127
151 150
151 134
151 148
151 139
151 232
152 148
152 202
152 220
153 132
153 143
153 147
153 145
153 203
153 229
154 145
154 143
154 166
154 169
154 170
154 215
154 225
155 143
155 145
155 157
155 169
155 225
156 167
157 128
157 137
157 155
157 178
157 190
157 221
157 238
158 129
158 199
159 156
159 185
159 239
160 134
160 174
160 193
160 210
160 219
160 224
161 140
161 173
161 231
162 129
163 134
164 150
164 139
164 234
165 150
165 184
166 154
166 143
166 145
166 176
167 156
168 131
168 204
168 209
168 216
169 166
169 143
169 155
169 154
169 145
169 170
169 261
170 154
170 143
170 169
170 176
171 130
172 148
172 130
172 175
172 188
172 195
172 206
172 207
173 148
173 161
173 180
173 183
173 187
173 191
174 134
174 160
174 193
174 194
174 224
175 172
175 195
175 207
176 170
176 145
176 154
176 166
176 143
177 133
178 157
178 190
178 238
179 142
180 173
180 183
181 146
181 212
182 138
182 149
183 173
183 180
183 191
183 237
184 165
184 150
185 152
185 148
185 159
185 227
186 148
186 152
187 180
187 173
188 172
189 127
189 135
189 214
190 178
190 157
190 221
191 180
191 183
191 173
192 135
193 134
193 174
193 160
194 134
194 174
194 224
195 172
195 188
195 175
195 206
195 207
196 129
197 128
198 129
198 147
199 158
200 128
200 137
200 197
200 223
201 208
201 235
202 152
202 148
203 153
203 226
204 168
204 131
205 145
205 178
205 131
205 155
206 195
206 188
206 172
206 231
207 175
207 181
207 195
207 146
207 172
208 149
208 201
208 182
208 218
209 131
209 168
210 160
210 134
211 142
211 222
212 181
212 146
213 201
213 228
214 189
215 154
215 133
215 143
216 131
216 168
217 130
217 171
218 208
219 134
219 160
219 141
220 186
220 148
220 202
220 152
221 157
221 190
221 178
222 211
223 128
223 200
224 160
224 134
224 174
224 194
224 243
225 145
225 154
225 166
225 155
226 149
226 203
227 185
228 213
229 153
231 161
231 140
231 206
232 151
233 215
234 164
235 201
236 130
237 183
238 178
238 157
239 159
240 124
240 41
240 115
240 241
241 240
241 242
242 241
243 45
243 28
243 224
243 24
243 244
243 246
244 243
246 243
246 250
247 248
248 247
250 246
250 245
251 247
252 131
252 204
252 137
253 254
253 255
253 256
253 259
254 253
255 253
256 253
256 258
258 256
258 260
259 253
259 255
260 258
261 80
261 195
261 169
261 130
261 31
262 263
263 262
263 264
264 263
