0
0
0
0
0
0
0.122626
0.010048
1
0.104021
4.9e-05
1
1
0.02639
6e-06
0.25125
0.077009
0.09301
0.500004
0.153759
0.038544
0.084865
0.016412
0.500301
0.000728
0.040217
0.153693
0.101602
0.009889
0.005123
0.149359
1
0.499935
0.015598
0.000248
0.014497
0.178624
0.25615
0.02116
0.030864
9e-06
0.064141
0.267256
0.076987
0
0.001383
0.001609
0.061173
0.367276
0.007339
0
0.018713
1
0
0.249988
0.013674
0.074538
0.185847
1.7e-05
0.004898
0.015775
4.2e-05
0.010198
0.000697
0.333855
0.000112
4e-05
0.244938
6e-05
0.003784
0
0.174436
0.000176
0.028891
5e-06
0.00957
0.166383
5.7e-05
0.052076
0.147514
0.000196
1.6e-05
0.121465
0
0.016261
0.053301
0
0.333476
0.265418
0.125715
0.499952
5.3e-05
0.124725
9e-06
0.225914
0.232096
0
0
0.333237
0.037511
0.000145
0.221465
0.000128
3e-06
0.012484
0.008146
0.041994
0
0.024696
0
0.33295
0.206418
0.001143
0.001413
0.001205
0.014587
0.000278
5.7e-05
0.000595
0.000356
0.000344
0
0
0
1
0.500495
0
0.02733
0.138874
1
1
1
0.318872
0.102116
1
0.004749
0.092257
0.209404
0.168314
0.024549
0.002749
0.062714
0.000409
0.073297
0.200717
0.080506
0.11302
0.291266
1
0.029107
0.128316
0.162025
0.187045
1
0.01573
0.104215
0.002685
1
0.16758
0.016062
0.148775
0.013304
0.500672
0.334185
0.025198
0.038192
0.021119
0.001383
0.201206
0.014393
0.014741
0.408182
0.067143
0.077342
0.156095
0.013352
0.019912
0.025506
0.198512
0.000143
0.019937
0.029036
0.038591
0.010783
0.038397
0.111876
0.256965
0.025639
0.020631
0.00517
0.218423
0.016867
0.002392
0.203656
0.202445
0.009604
0.500802
0.060329
0.300288
0.083864
0.052689
0.000494
0.231604
0.252282
0.233072
0.013465
0.010907
0.009676
0.004156
0.28401
0.274983
6.8e-05
0.03319
0
0.002536
0.026388
0.283699
0.334822
0.002118
0.191844
0.037692
0.231061
3.4e-05
0.04556
0.141988
0.019625
0.068513
0.056094
0
0.50052
0
0.004084
0.081062
0
0.012475
0.00024
0.500081
0.001323
0.283426
0.008078
0.115462
0.028911
0.014488
0.008315
0.002059
0.000115
0.002116
0
0
0
0.000367
0
0.021046
1
0.250902
0.408681
0.200534
0
0.050109
0.334139
0.025166
0.001454
0
0
0
