265
756
0 1 0.166667
1 0 0.25
2 5 0.5
5 2 0.166667
6 7 0.0714286
6 8 0.0909091
6 12 0.0526316
6 39 0.25
6 47 0.5
6 84 0.125
7 6 0.0625
7 29 0.5
7 35 0.0666667
7 59 0.125
8 6 0.0625
8 9 0.0833333
8 23 0.5
8 42 0.25
8 110 0.333333
9 8 0.0909091
9 35 0.0666667
9 38 0.2
9 42 0.25
9 78 0.5
10 14 0.166667
10 24 0.0833333
10 40 0.125
10 74 0.166667
10 93 0.166667
11 17 0.0434783
11 19 0.125
11 26 0.142857
11 36 0.166667
11 57 0.142857
11 67 0.2
11 71 0.142857
11 79 0.1
11 101 0.2
11 111 0.2
12 6 0.0625
12 15 0.25
12 18 0.5
12 37 0.2
12 48 0.166667
12 64 0.333333
12 90 0.5
13 25 0.333333
13 73 0.111111
13 108 0.2
14 10 0.0714286
14 103 0.5
15 12 0.0526316
15 89 0.5
16 20 0.5
16 28 0.0909091
16 31 0.05
16 55 0.142857
16 60 0.166667
17 11 0.0434783
17 19 0.125
17 26 0.142857
17 36 0.166667
17 57 0.142857
17 71 0.142857
17 79 0.1
17 85 0.0909091
18 12 0.0526316
19 17 0.0434783
19 11 0.0434783
19 43 0.5
20 16 0.0769231
21 22 0.142857
21 33 0.142857
21 35 0.0666667
21 106 0.5
22 21 0.0833333
22 33 0.142857
22 51 0.111111
23 8 0.0909091
24 10 0.0714286
24 65 0.166667
24 243 0.0588235
25 13 0.0909091
26 17 0.0434783
26 19 0.125
26 11 0.0434783
26 51 0.111111
27 25 0.333333
27 13 0.0909091
27 73 0.111111
27 82 0.111111
27 108 0.2
27 124 0.0555556
28 16 0.0769231
28 46 0.142857
28 55 0.142857
28 60 0.166667
28 63 0.0666667
29 7 0.0714286
30 31 0.05
30 41 0.25
30 56 0.5
30 99 0.25
30 124 0.0555556
31 30 0.0769231
31 16 0.0769231
31 32 0.5
31 76 0.166667
31 87 0.333333
31 98 0.333333
32 31 0.05
33 22 0.142857
33 21 0.0833333
33 35 0.0666667
34 45 0.166667
34 46 0.142857
34 68 0.2
34 91 0.2
35 9 0.0833333
35 33 0.142857
35 21 0.0833333
35 7 0.0714286
35 49 0.25
35 59 0.125
36 11 0.0434783
36 17 0.0434783
37 12 0.0526316
37 48 0.166667
38 9 0.0833333
38 8 0.0909091
39 6 0.0625
39 62 0.333333
40 10 0.0714286
40 74 0.166667
40 93 0.166667
41 30 0.0769231
41 240 0.111111
42 8 0.0909091
42 9 0.0833333
43 19 0.125
44 70 0.5
45 34 0.0909091
45 243 0.0588235
46 34 0.0909091
46 28 0.0909091
47 6 0.0625
48 12 0.0526316
48 37 0.2
49 35 0.0666667
49 84 0.125
50 53 0.166667
51 26 0.142857
51 22 0.142857
51 19 0.125
51 69 0.2
52 12 0.0526316
52 48 0.166667
52 21 0.0833333
52 54 0.25
52 88 0.2
52 94 0.166667
52 95 0.2
53 50 0.166667
53 107 0.5
54 52 0.0769231
54 92 0.5
55 28 0.0909091
55 16 0.0769231
55 60 0.166667
56 30 0.0769231
57 17 0.0434783
57 11 0.0434783
57 67 0.2
58 31 0.05
58 13 0.0909091
58 61 0.125
58 66 0.166667
58 80 0.142857
58 81 0.25
59 7 0.0714286
59 35 0.0666667
59 84 0.125
60 28 0.0909091
60 55 0.142857
60 16 0.0769231
61 58 0.0833333
61 66 0.166667
61 80 0.142857
61 81 0.25
62 39 0.25
63 28 0.0909091
63 31 0.05
63 55 0.142857
63 72 0.25
63 100 0.166667
63 102 0.166667
63 112 0.0666667
64 12 0.0526316
64 48 0.166667
65 24 0.0833333
66 58 0.0833333
66 61 0.125
66 80 0.142857
67 11 0.0434783
67 57 0.142857
68 34 0.0909091
68 45 0.166667
68 91 0.2
69 51 0.111111
69 22 0.142857
70 44 0.25
71 11 0.0434783
71 17 0.0434783
71 85 0.0909091
72 63 0.0666667
72 77 0.142857
73 27 0.0909091
73 13 0.0909091
73 75 0.333333
73 82 0.111111
74 10 0.0714286
74 40 0.125
74 93 0.166667
75 27 0.0909091
75 73 0.111111
76 31 0.05
77 72 0.25
77 63 0.0666667
77 100 0.166667
77 102 0.166667
78 9 0.0833333
79 17 0.0434783
79 71 0.142857
79 11 0.0434783
79 85 0.0909091
79 101 0.2
80 58 0.0833333
80 66 0.166667
80 61 0.125
81 58 0.0833333
81 61 0.125
82 67 0.2
82 73 0.111111
82 13 0.0909091
82 27 0.0909091
82 124 0.0555556
83 69 0.2
83 82 0.111111
83 96 0.25
83 97 0.25
84 6 0.0625
84 49 0.25
84 59 0.125
84 105 0.5
85 57 0.142857
85 79 0.1
85 71 0.142857
85 17 0.0434783
85 111 0.2
87 31 0.05
88 52 0.0769231
88 94 0.166667
89 15 0.25
90 12 0.0526316
91 34 0.0909091
91 45 0.166667
91 68 0.2
92 54 0.25
93 10 0.0714286
93 40 0.125
93 74 0.166667
94 52 0.0769231
94 88 0.2
94 95 0.2
95 94 0.166667
95 52 0.0769231
95 88 0.2
96 83 0.125
96 97 0.25
97 83 0.125
97 96 0.25
98 31 0.05
99 30 0.0769231
99 104 0.333333
100 63 0.0666667
100 77 0.142857
100 102 0.166667
101 17 0.0434783
101 11 0.0434783
101 79 0.1
102 63 0.0666667
102 100 0.166667
102 77 0.142857
103 14 0.166667
104 30 0.0769231
104 99 0.25
105 84 0.125
106 21 0.0833333
107 53 0.166667
108 13 0.0909091
108 27 0.0909091
108 73 0.111111
109 31 0.05
109 87 0.333333
109 98 0.333333
110 8 0.0909091
111 79 0.1
111 11 0.0434783
111 85 0.0909091
112 46 0.142857
112 16 0.0769231
112 63 0.0666667
112 113 0.0833333
112 114 0.0714286
112 118 0.25
113 112 0.0666667
113 114 0.0714286
113 115 0.125
113 118 0.25
114 112 0.0666667
114 113 0.0833333
114 115 0.125
114 116 0.2
114 119 0.25
114 120 0.25
115 113 0.0833333
115 114 0.0714286
115 112 0.0666667
116 115 0.125
116 114 0.0714286
116 117 0.25
117 116 0.2
118 112 0.0666667
118 113 0.0833333
119 114 0.0714286
119 120 0.25
120 114 0.0714286
120 119 0.25
121 122 0.166667
122 121 0.142857
122 123 0.25
123 122 0.166667
123 121 0.142857
124 82 0.111111
124 30 0.0769231
124 27 0.0909091
124 125 0.5
124 240 0.111111
125 124 0.0555556
127 128 0.0333333
127 135 0.0833333
127 189 0.166667
128 127 0.0909091
128 129 0.0454545
128 134 0.0454545
128 137 0.1
128 139 0.0769231
128 143 0.047619
128 157 0.0666667
128 197 0.333333
128 200 0.142857
128 223 0.25
129 128 0.0333333
129 130 0.0526316
129 132 0.0909091
129 147 0.142857
129 150 0.111111
129 158 0.166667
129 162 0.5
129 196 0.5
129 198 0.25
130 129 0.0454545
130 132 0.0909091
130 144 0.2
130 171 0.333333
130 217 0.333333
130 236 0.5
131 132 0.0909091
131 133 0.1
131 138 0.166667
131 168 0.125
131 204 0.2
131 209 0.25
131 216 0.25
132 131 0.0526316
132 129 0.0454545
132 130 0.0526316
132 136 0.25
132 141 0.125
133 131 0.0526316
133 177 0.25
133 215 0.142857
134 128 0.0333333
134 151 0.0833333
134 160 0.0833333
134 163 0.333333
134 174 0.1
134 193 0.166667
134 194 0.166667
134 210 0.25
134 219 0.166667
134 224 0.1
135 127 0.0909091
135 139 0.0769231
135 142 0.0833333
135 189 0.166667
135 192 0.5
136 132 0.0909091
137 128 0.0333333
137 143 0.047619
137 200 0.142857
137 252 0.1
138 131 0.0526316
138 149 0.111111
138 182 0.2
139 135 0.0833333
139 128 0.0333333
139 151 0.0833333
139 164 0.166667
140 161 0.166667
140 231 0.166667
141 132 0.0909091
141 136 0.25
141 219 0.166667
142 135 0.0833333
142 179 0.333333
142 211 0.166667
143 128 0.0333333
143 137 0.1
143 145 0.0666667
143 154 0.0625
143 155 0.0909091
143 166 0.1
143 169 0.0714286
143 170 0.125
143 176 0.111111
143 215 0.142857
144 130 0.0526316
145 143 0.047619
145 154 0.0625
145 155 0.0909091
145 166 0.1
145 176 0.111111
145 205 0.166667
146 148 0.05
146 181 0.2
146 212 0.25
147 129 0.0454545
147 198 0.25
148 137 0.1
148 146 0.111111
148 128 0.0333333
148 151 0.0833333
148 152 0.125
148 172 0.0666667
148 173 0.0769231
148 185 0.111111
148 186 0.25
148 202 0.2
149 130 0.0526316
149 138 0.166667
149 182 0.2
149 208 0.142857
149 226 0.25
150 129 0.0454545
150 164 0.166667
150 165 0.25
150 184 0.25
151 127 0.0909091
151 150 0.111111
151 134 0.0454545
151 148 0.05
151 139 0.0769231
151 232 0.5
152 148 0.05
152 202 0.2
152 220 0.2
153 132 0.0909091
153 143 0.047619
153 147 0.142857
153 145 0.0666667
153 203 0.25
153 229 0.5
154 145 0.0666667
154 143 0.047619
154 166 0.1
154 169 0.0714286
154 170 0.125
154 215 0.142857
154 225 0.166667
155 143 0.047619
155 145 0.0666667
155 157 0.0666667
155 169 0.0714286
155 225 0.166667
156 167 0.5
157 128 0.0333333
157 137 0.1
157 155 0.0909091
157 178 0.125
157 190 0.166667
157 221 0.2
157 238 0.25
158 129 0.0454545
158 199 0.5
159 156 0.166667
159 185 0.111111
159 239 0.5
160 134 0.0454545
160 174 0.1
160 193 0.166667
160 210 0.25
160 219 0.166667
160 224 0.1
161 140 0.166667
161 173 0.0769231
161 231 0.166667
162 129 0.0454545
163 134 0.0454545
164 150 0.111111
164 139 0.0769231
164 234 0.5
165 150 0.111111
165 184 0.25
166 154 0.0625
166 143 0.047619
166 145 0.0666667
166 176 0.111111
167 156 0.166667
168 131 0.0526316
168 204 0.2
168 209 0.25
168 216 0.25
169 166 0.1
169 143 0.047619
169 155 0.0909091
169 154 0.0625
169 145 0.0666667
169 170 0.125
169 261 0.1
170 154 0.0625
170 143 0.047619
170 169 0.0714286
170 176 0.111111
171 130 0.0526316
172 148 0.05
172 130 0.0526316
172 175 0.166667
172 188 0.25
172 195 0.1
172 206 0.142857
172 207 0.111111
173 148 0.05
173 161 0.166667
173 180 0.166667
173 183 0.1
173 187 0.333333
173 191 0.2
174 134 0.0454545
174 160 0.0833333
174 193 0.166667
174 194 0.166667
174 224 0.1
175 172 0.0666667
175 195 0.1
175 207 0.111111
176 170 0.125
176 145 0.0666667
176 154 0.0625
176 166 0.1
176 143 0.047619
177 133 0.1
178 157 0.0666667
178 190 0.166667
178 238 0.25
179 142 0.0833333
180 173 0.0769231
180 183 0.1
181 146 0.111111
181 212 0.25
182 138 0.166667
182 149 0.111111
183 173 0.0769231
183 180 0.166667
183 191 0.2
183 237 0.125
184 165 0.25
184 150 0.111111
185 152 0.125
185 148 0.05
185 159 0.142857
185 227 0.5
186 148 0.05
186 152 0.125
187 180 0.166667
187 173 0.0769231
188 172 0.0666667
189 127 0.0909091
189 135 0.0833333
189 214 0.5
190 178 0.125
190 157 0.0666667
190 221 0.2
191 180 0.166667
191 183 0.1
191 173 0.0769231
192 135 0.0833333
193 134 0.0454545
193 174 0.1
193 160 0.0833333
194 134 0.0454545
194 174 0.1
194 224 0.1
195 172 0.0666667
195 188 0.25
195 175 0.166667
195 206 0.142857
195 207 0.111111
196 129 0.0454545
197 128 0.0333333
198 129 0.0454545
198 147 0.142857
199 158 0.166667
200 128 0.0333333
200 137 0.1
200 197 0.333333
200 223 0.25
201 208 0.142857
201 235 0.5
202 152 0.125
202 148 0.05
203 153 0.0833333
203 226 0.25
204 168 0.125
204 131 0.0526316
205 145 0.0666667
205 178 0.125
205 131 0.0526316
205 155 0.0909091
206 195 0.1
206 188 0.25
206 172 0.0666667
206 231 0.166667
207 175 0.166667
207 181 0.2
207 195 0.1
207 146 0.111111
207 172 0.0666667
208 149 0.111111
208 201 0.111111
208 182 0.2
208 218 0.5
209 131 0.0526316
209 168 0.125
210 160 0.0833333
210 134 0.0454545
211 142 0.0833333
211 222 0.5
212 181 0.2
212 146 0.111111
213 201 0.111111
213 228 0.25
214 189 0.166667
215 154 0.0625
215 133 0.1
215 143 0.047619
216 131 0.0526316
216 168 0.125
217 130 0.0526316
217 171 0.333333
218 208 0.142857
219 134 0.0454545
219 160 0.0833333
219 141 0.125
220 186 0.25
220 148 0.05
220 202 0.2
220 152 0.125
221 157 0.0666667
221 190 0.166667
221 178 0.125
222 211 0.166667
223 128 0.0333333
223 200 0.142857
224 160 0.0833333
224 134 0.0454545
224 174 0.1
224 194 0.166667
224 243 0.0588235
225 145 0.0666667
225 154 0.0625
225 166 0.1
225 155 0.0909091
226 149 0.111111
226 203 0.25
227 185 0.111111
228 213 0.2
229 153 0.0833333
231 161 0.166667
231 140 0.166667
231 206 0.142857
232 151 0.0833333
233 215 0.142857
234 164 0.166667
235 201 0.111111
236 130 0.0526316
237 183 0.1
238 178 0.125
238 157 0.0666667
239 159 0.142857
240 124 0.0555556
240 41 0.25
240 115 0.125
240 241 0.25
241 240 0.111111
241 242 0.5
242 241 0.25
243 45 0.166667
243 28 0.0909091
243 224 0.1
243 24 0.0833333
243 244 0.25
243 246 0.25
244 243 0.0588235
246 243 0.0588235
246 250 0.166667
247 248 0.5
248 247 0.142857
250 246 0.25
250 245 0.333333
251 247 0.142857
252 131 0.0526316
252 204 0.2
252 137 0.1
253 254 0.25
253 255 0.333333
253 256 0.2
253 259 0.333333
254 253 0.1
255 253 0.1
256 253 0.1
256 258 0.25
258 256 0.2
258 260 0.5
259 253 0.1
259 255 0.333333
260 258 0.25
261 80 0.142857
261 195 0.1
261 169 0.0714286
261 130 0.0526316
261 31 0.05
262 263 0.25
263 262 0.25
263 264 0.5
264 263 0.25
