0 1
1 0
2 4
4 2
5 17
5 20
5 21
5 23
5 34
5 41
5 43
5 47
6 8
6 9
6 10
6 28
6 36
7 11
7 22
7 45
8 6
9 6
10 9
10 6
10 14
11 7
11 13
11 31
11 48
12 8
13 11
13 27
14 10
14 15
14 16
14 30
14 32
14 39
14 40
15 14
15 16
16 14
16 15
16 38
17 5
17 24
17 25
18 26
19 18
20 5
21 5
21 23
21 41
21 50
22 7
23 21
23 5
23 35
23 51
24 17
24 29
25 17
26 18
27 13
27 11
27 48
28 19
28 6
28 33
29 24
30 14
30 15
31 11
31 48
32 30
32 14
32 8
33 28
34 5
35 23
35 51
36 6
36 42
36 49
36 52
37 23
37 28
37 6
37 55
38 16
39 14
39 38
39 15
39 30
39 53
40 18
40 14
41 5
41 21
41 44
41 46
42 36
43 21
43 5
43 34
43 47
44 41
45 7
45 22
46 41
46 54
47 5
47 43
48 11
48 31
48 27
49 9
49 46
49 36
50 5
50 21
51 23
51 35
52 36
52 42
53 39
54 46
55 37
58 61
59 61
61 58
61 59
62 63
63 62
64 66
64 70
64 80
65 75
65 94
65 101
66 65
66 64
66 73
66 74
66 78
67 71
67 72
67 77
67 88
67 98
67 100
68 65
68 84
68 102
69 73
69 76
69 105
70 64
71 67
71 72
71 88
71 98
71 100
72 71
72 67
73 69
73 66
73 76
73 95
74 66
75 65
75 94
76 73
76 69
77 67
77 71
77 82
77 106
78 76
78 66
79 85
79 89
80 64
81 75
81 92
82 77
82 106
83 85
83 87
84 68
85 83
85 79
86 68
86 93
86 99
87 83
87 105
88 71
88 67
89 79
90 103
90 104
91 82
91 77
92 81
93 86
93 99
94 65
94 75
94 96
94 97
94 101
95 73
96 65
96 94
97 94
97 65
98 81
98 67
98 71
99 93
99 86
99 107
100 67
100 71
101 65
101 94
102 68
103 90
104 90
105 69
105 73
105 87
106 82
106 77
107 86
107 99
107 93
108 109
108 110
109 108
110 108
112 113
113 112
114 116
116 114
