0
0
0
0
0
1
0.011747
0
0.044107
0.024519
0.112245
0
0
0
1
0.239425
0.173242
0.083393
0.033267
0.000202
0.500611
0.151952
0
0.12576
0.013902
0.041744
0.016403
0
0.001247
0.006922
0.249497
0
0.166904
0.000613
0.377894
0.037556
0.001032
0
0.062154
0.143032
0.201391
0.113679
0.000425
0.202276
0.056785
0
0.012546
0.28296
0
0.000172
0.050659
0.037699
0.00033
0.07166
0.006282
0
0
0
0
0
0
0
0
0
0.12583
0.270285
1
1
1
0.014713
0.06315
0.164445
0.225434
0.116607
0.500946
0.24638
0.060837
0.101178
0.250594
1e-06
0.062741
0.031137
0.024291
2.4e-05
0.500126
3e-06
0
0.000299
0.225279
1e-06
0
0
0.015463
0
1
0.058229
0.16656
0.334226
0.187763
0
0.278592
0.299201
0.500103
0
0
0.002454
0.029152
0
0
0
0
0
0
0
0
0
0
