49
83
36 31 0.25
37 27 0.0526316
1 0 0.166667
15 6 0.166667
27 29 0.166667
27 30 0.333333
27 35 0.1
27 37 0.5
16 5 0.0833333
16 7 0.2
2 3 0.0909091
2 4 0.25
38 28 0.1
38 32 0.2
38 34 0.166667
28 38 0.166667
29 27 0.0526316
29 32 0.2
17 12 0.166667
17 18 0.166667
17 19 0.125
30 27 0.0526316
30 28 0.1
3 2 0.0625
3 9 0.25
3 14 0.25
31 36 0.25
39 34 0.166667
40 33 0.111111
41 35 0.1
32 29 0.166667
32 38 0.166667
42 35 0.1
42 44 0.5
4 2 0.0625
4 21 0.166667
5 7 0.2
5 16 0.2
5 23 0.142857
6 15 0.166667
43 33 0.111111
18 17 0.125
18 19 0.125
18 23 0.142857
19 18 0.166667
19 17 0.125
19 23 0.142857
19 48 0.1
44 42 0.2
20 15 0.166667
33 40 0.5
33 43 0.142857
7 5 0.0833333
7 16 0.2
45 46 0.1
45 47 0.333333
21 4 0.25
21 13 0.111111
22 11 0.125
23 5 0.0833333
23 18 0.166667
23 19 0.125
46 45 0.166667
47 45 0.166667
34 38 0.166667
34 39 0.5
24 2 0.0625
24 25 0.25
9 3 0.0909091
9 14 0.25
10 12 0.166667
48 19 0.125
48 27 0.0526316
25 24 0.0769231
11 22 0.5
35 27 0.0526316
35 41 0.5
35 42 0.2
12 10 0.125
12 17 0.125
13 21 0.166667
14 9 0.25
14 3 0.0909091
