1 2
2 1
3 4
4 3
4 6
4 11
4 27
4 42
4 46
5 9
5 31
5 40
6 4
6 18
6 44
6 56
7 23
7 25
7 55
7 57
8 6
8 41
9 5
9 10
9 20
9 23
9 33
10 7
10 9
10 14
10 17
10 51
11 4
11 12
11 13
11 16
11 19
11 37
11 62
12 11
12 26
12 45
12 52
13 11
13 28
14 10
14 51
15 12
15 20
15 26
15 29
15 32
15 63
16 11
16 22
16 27
16 30
16 36
17 10
17 32
17 35
18 6
18 21
18 41
18 44
18 56
19 11
20 15
20 12
20 9
20 5
21 18
21 24
21 53
22 16
23 7
23 9
23 38
23 43
23 61
24 21
24 58
25 7
25 57
26 12
26 15
26 16
26 32
26 35
27 4
27 16
27 50
27 54
27 59
28 13
29 15
29 63
30 16
31 5
32 26
32 15
32 17
33 9
34 12
35 9
35 26
35 17
36 32
36 16
36 22
36 46
36 49
37 11
38 23
38 61
39 4
40 5
41 6
41 8
41 18
42 18
42 4
43 23
44 8
44 18
44 6
45 12
45 52
46 16
46 4
46 36
46 47
47 46
48 4
48 46
49 36
50 27
50 59
51 10
51 14
52 20
52 45
52 12
52 15
53 21
54 27
54 59
55 7
55 25
56 18
56 6
56 44
57 55
57 7
57 25
58 24
59 54
59 27
59 50
60 35
61 23
61 38
61 43
62 11
62 64
63 29
63 15
64 62
64 37
64 11
65 67
67 65
68 13
68 50
68 69
68 71
68 72
68 76
69 68
70 74
71 68
71 72
71 73
71 74
72 68
72 71
72 73
72 75
73 71
73 72
74 70
74 71
75 72
76 68
78 79
78 87
78 91
78 96
78 112
78 138
79 78
79 80
79 93
79 96
79 97
80 79
80 120
81 86
81 115
81 124
81 129
81 153
82 83
82 89
82 125
82 134
82 140
83 82
84 85
84 88
85 84
85 102
85 150
85 152
86 81
86 89
86 104
86 111
86 114
86 142
87 78
87 91
88 84
88 107
88 119
88 127
88 147
89 86
89 82
89 90
89 92
89 94
89 154
90 89
90 92
90 154
91 78
91 87
91 146
91 151
92 89
92 90
92 98
92 108
92 116
92 117
92 130
92 143
92 148
93 79
93 106
94 89
94 90
95 79
95 78
95 138
96 79
96 78
96 100
96 128
96 149
97 79
97 101
97 103
97 120
98 92
98 108
98 116
98 117
98 135
98 145
99 81
99 109
100 96
101 97
101 103
101 120
102 85
102 105
102 107
102 150
103 97
103 101
104 86
105 102
105 85
105 107
105 109
106 87
106 93
106 110
106 126
106 141
107 85
107 102
107 88
107 105
108 92
108 98
108 95
108 129
108 130
108 137
109 105
109 102
109 99
109 136
109 152
110 106
110 141
111 86
111 104
111 112
112 92
112 111
112 78
112 91
112 131
112 139
113 87
113 100
114 86
114 82
114 111
114 118
114 122
114 132
114 133
115 81
116 92
116 98
116 135
117 92
117 98
118 114
118 133
119 88
119 127
120 103
120 97
120 80
120 101
121 81
121 99
121 115
121 153
122 114
122 118
122 123
123 114
123 118
123 122
123 132
123 133
124 115
124 81
125 82
125 140
126 106
126 141
127 88
127 119
127 147
128 96
128 100
129 108
129 81
129 121
129 115
130 81
130 89
130 92
130 108
130 144
130 152
131 112
131 139
132 114
132 123
133 118
133 114
133 123
134 82
134 125
135 116
135 92
135 98
135 148
136 109
137 108
138 95
138 78
139 112
139 131
140 116
140 92
140 125
140 82
141 126
141 106
141 110
142 86
143 92
143 116
144 130
145 135
145 92
145 116
145 98
145 148
146 91
146 151
147 127
147 88
147 119
148 145
148 92
148 135
149 96
149 100
150 102
150 85
151 91
151 146
152 85
152 130
152 84
152 109
153 81
153 124
153 121
154 89
154 90
155 121
155 50
155 156
155 157
155 159
156 155
156 157
157 156
157 155
157 158
157 159
157 161
157 162
158 157
158 160
158 163
159 157
159 155
159 160
160 159
160 158
160 163
161 157
162 157
163 160
163 158
