0
0
0
0.011422
0.045518
0.126286
0.003358
0.014878
0.000291
1
0.092835
1
0.089453
0.361228
0.027654
0.020793
0.181918
0.039535
0.001488
0.500017
0.146152
0.000201
0.369046
0.101521
5e-05
0.004175
0.028339
0.043781
0.180103
0.006245
0.091236
0.063119
0.146865
0.500197
0
0.011091
1
0.348639
0.028549
0
0.063013
0.000336
0.015245
0.038422
0.000937
0.025242
0.130129
0.065131
0
0.500556
0.186117
0.027787
0.018033
9e-05
0.019228
0.004326
0.000961
0.003537
2.5e-05
0.037996
0
0.020476
0.25087
0.006129
0.06276
0
0
0
1
0.250418
0.003127
0.109885
0.093591
0.048666
0.018364
0.046809
0.50025
0
0.010842
0.016567
0.002777
0.027758
0.068426
0.017081
0.019548
0.032573
0.108624
0.167784
0.005196
0.093143
0.124183
0.021662
1
0.200973
0.023405
0.018925
0.00275
0.001575
0.125881
0.254275
0.000805
0.000277
0.097174
0.000345
0.090192
0.136121
1
0.032472
0.110379
1
0.28833
0.179757
0.019216
0
1
0.012117
0.163105
0.271007
0.227122
0.001374
0.000653
0.017706
0.209357
0.078973
0.008859
0.01889
0.288359
0.001213
0.000565
0.02262
0.123462
0.00574
0.261128
0.202073
0.022704
0.053947
0.500199
0.055303
0.007217
0.005835
0.013943
0.234966
0.054292
0.334391
0.061947
0.035699
0.006502
0.001182
0.131253
0.000891
0.031232
0.006578
0.159165
0.008984
0.051702
0.113244
0.269192
1
0.169151
0.139676
0.032915
0.250689
0.499783
0.032506
0
0
