166
469
1 2 0.5
2 1 0.125
3 4 0.0384615
4 3 0.25
4 6 0.0714286
4 11 0.0526316
4 27 0.1
4 42 0.333333
4 46 0.125
5 9 0.0833333
5 31 0.5
5 40 0.5
6 4 0.0384615
6 18 0.0769231
6 44 0.166667
6 56 0.2
7 23 0.1
7 25 0.2
7 55 0.25
7 57 0.2
8 6 0.0714286
8 41 0.2
9 5 0.111111
9 10 0.0909091
9 20 0.142857
9 23 0.1
9 33 0.5
10 7 0.0769231
10 9 0.0833333
10 14 0.25
10 17 0.166667
10 51 0.25
11 4 0.0384615
11 12 0.0769231
11 13 0.2
11 16 0.0769231
11 19 0.5
11 37 0.333333
11 62 0.25
12 11 0.0526316
12 26 0.111111
12 45 0.25
12 52 0.166667
13 11 0.0526316
13 28 0.5
14 10 0.0909091
14 51 0.25
15 12 0.0769231
15 20 0.142857
15 26 0.111111
15 29 0.25
15 32 0.142857
15 63 0.25
16 11 0.0526316
16 22 0.333333
16 27 0.1
16 30 0.5
16 36 0.125
17 10 0.0909091
17 32 0.142857
17 35 0.166667
18 6 0.0714286
18 21 0.125
18 41 0.2
18 44 0.166667
18 56 0.2
19 11 0.0526316
20 15 0.0625
20 12 0.0769231
20 9 0.0833333
20 5 0.111111
21 18 0.0769231
21 24 0.25
21 53 0.5
22 16 0.0769231
23 7 0.0769231
23 9 0.0833333
23 38 0.25
23 43 0.333333
23 61 0.166667
24 21 0.125
24 58 0.5
25 7 0.0769231
25 57 0.2
26 12 0.0769231
26 15 0.0625
26 16 0.0769231
26 32 0.142857
26 35 0.166667
27 4 0.0384615
27 16 0.0769231
27 50 0.166667
27 54 0.25
27 59 0.166667
28 13 0.2
29 15 0.0625
29 63 0.25
30 16 0.0769231
31 5 0.111111
32 26 0.111111
32 15 0.0625
32 17 0.166667
33 9 0.0833333
34 12 0.0769231
35 9 0.0833333
35 26 0.111111
35 17 0.166667
36 32 0.142857
36 16 0.0769231
36 22 0.333333
36 46 0.125
36 49 0.5
37 11 0.0526316
38 23 0.1
38 61 0.166667
39 4 0.0384615
40 5 0.111111
41 6 0.0714286
41 8 0.25
41 18 0.0769231
42 18 0.0769231
42 4 0.0384615
43 23 0.1
44 8 0.25
44 18 0.0769231
44 6 0.0714286
45 12 0.0769231
45 52 0.166667
46 16 0.0769231
46 4 0.0384615
46 36 0.125
46 47 0.5
47 46 0.125
48 4 0.0384615
48 46 0.125
49 36 0.125
50 27 0.1
50 59 0.166667
51 10 0.0909091
51 14 0.25
52 20 0.142857
52 45 0.25
52 12 0.0769231
52 15 0.0625
53 21 0.125
54 27 0.1
54 59 0.166667
55 7 0.0769231
55 25 0.2
56 18 0.0769231
56 6 0.0714286
56 44 0.166667
57 55 0.25
57 7 0.0769231
57 25 0.2
58 24 0.25
59 54 0.25
59 27 0.1
59 50 0.166667
60 35 0.166667
61 23 0.1
61 38 0.25
61 43 0.333333
62 11 0.0526316
62 64 0.25
63 29 0.25
63 15 0.0625
64 62 0.25
64 37 0.333333
64 11 0.0526316
65 67 0.333333
67 65 0.125
68 13 0.2
68 50 0.166667
68 69 0.25
68 71 0.1
68 72 0.0833333
68 76 0.5
69 68 0.0588235
70 74 0.166667
71 68 0.0588235
71 72 0.0833333
71 73 0.25
71 74 0.166667
72 68 0.0588235
72 71 0.1
72 73 0.25
72 75 0.5
73 71 0.1
73 72 0.0833333
74 70 0.166667
74 71 0.1
75 72 0.0833333
76 68 0.0588235
78 79 0.0714286
78 87 0.166667
78 91 0.111111
78 96 0.1
78 112 0.1
78 138 0.25
79 78 0.0434783
79 80 0.166667
79 93 0.2
79 96 0.1
79 97 0.0909091
80 79 0.0714286
80 120 0.142857
81 86 0.0833333
81 115 0.166667
81 124 0.25
81 129 0.166667
81 153 0.2
82 83 0.25
82 89 0.0666667
82 125 0.2
82 134 0.333333
82 140 0.166667
83 82 0.0625
84 85 0.0714286
84 88 0.1
85 84 0.1
85 102 0.0833333
85 150 0.25
85 152 0.142857
86 81 0.0526316
86 89 0.0666667
86 104 0.333333
86 111 0.166667
86 114 0.0769231
86 142 0.5
87 78 0.0434783
87 91 0.111111
88 84 0.1
88 107 0.142857
88 119 0.2
88 127 0.166667
88 147 0.2
89 86 0.0833333
89 82 0.0625
89 90 0.111111
89 92 0.0416667
89 94 0.25
89 154 0.25
90 89 0.0666667
90 92 0.0416667
90 154 0.25
91 78 0.0434783
91 87 0.166667
91 146 0.25
91 151 0.25
92 89 0.0666667
92 90 0.111111
92 98 0.0833333
92 108 0.0909091
92 116 0.111111
92 117 0.25
92 130 0.1
92 143 0.333333
92 148 0.125
93 79 0.0714286
93 106 0.111111
94 89 0.0666667
94 90 0.111111
95 79 0.0714286
95 78 0.0434783
95 138 0.25
96 79 0.0714286
96 78 0.0434783
96 100 0.2
96 128 0.2
96 149 0.333333
97 79 0.0714286
97 101 0.1
97 103 0.142857
97 120 0.142857
98 92 0.0416667
98 108 0.0909091
98 116 0.111111
98 117 0.25
98 135 0.125
98 145 0.142857
99 81 0.0526316
99 109 0.111111
100 96 0.1
101 97 0.0909091
101 103 0.142857
101 120 0.142857
102 85 0.0714286
102 105 0.125
102 107 0.142857
102 150 0.25
103 97 0.0909091
103 101 0.1
104 86 0.0833333
105 102 0.0833333
105 85 0.0714286
105 107 0.142857
105 109 0.111111
106 87 0.166667
106 93 0.2
106 110 0.25
106 126 0.25
106 141 0.166667
107 85 0.0714286
107 102 0.0833333
107 88 0.1
107 105 0.125
108 92 0.0416667
108 98 0.0833333
108 95 0.166667
108 129 0.166667
108 130 0.1
108 137 0.5
109 105 0.125
109 102 0.0833333
109 99 0.25
109 136 0.5
109 152 0.142857
110 106 0.111111
110 141 0.166667
111 86 0.0833333
111 104 0.333333
111 112 0.1
112 92 0.0416667
112 111 0.166667
112 78 0.0434783
112 91 0.111111
112 131 0.25
112 139 0.25
113 87 0.166667
113 100 0.2
114 86 0.0833333
114 82 0.0625
114 111 0.166667
114 118 0.166667
114 122 0.2
114 132 0.25
114 133 0.166667
115 81 0.0526316
116 92 0.0416667
116 98 0.0833333
116 135 0.125
117 92 0.0416667
117 98 0.0833333
118 114 0.0769231
118 133 0.166667
119 88 0.1
119 127 0.166667
120 103 0.142857
120 97 0.0909091
120 80 0.166667
120 101 0.1
121 81 0.0526316
121 99 0.25
121 115 0.166667
121 153 0.2
122 114 0.0769231
122 118 0.166667
122 123 0.125
123 114 0.0769231
123 118 0.166667
123 122 0.2
123 132 0.25
123 133 0.166667
124 115 0.166667
124 81 0.0526316
125 82 0.0625
125 140 0.166667
126 106 0.111111
126 141 0.166667
127 88 0.1
127 119 0.2
127 147 0.2
128 96 0.1
128 100 0.2
129 108 0.0909091
129 81 0.0526316
129 121 0.125
129 115 0.166667
130 81 0.0526316
130 89 0.0666667
130 92 0.0416667
130 108 0.0909091
130 144 0.5
130 152 0.142857
131 112 0.1
131 139 0.25
132 114 0.0769231
132 123 0.125
133 118 0.166667
133 114 0.0769231
133 123 0.125
134 82 0.0625
134 125 0.2
135 116 0.111111
135 92 0.0416667
135 98 0.0833333
135 148 0.125
136 109 0.111111
137 108 0.0909091
138 95 0.166667
138 78 0.0434783
139 112 0.1
139 131 0.25
140 116 0.111111
140 92 0.0416667
140 125 0.2
140 82 0.0625
141 126 0.25
141 106 0.111111
141 110 0.25
142 86 0.0833333
143 92 0.0416667
143 116 0.111111
144 130 0.1
145 135 0.125
145 92 0.0416667
145 116 0.111111
145 98 0.0833333
145 148 0.125
146 91 0.111111
146 151 0.25
147 127 0.166667
147 88 0.1
147 119 0.2
148 145 0.142857
148 92 0.0416667
148 135 0.125
149 96 0.1
149 100 0.2
150 102 0.0833333
150 85 0.0714286
151 91 0.111111
151 146 0.25
152 85 0.0714286
152 130 0.1
152 84 0.1
152 109 0.111111
153 81 0.0526316
153 124 0.25
153 121 0.125
154 89 0.0666667
154 90 0.111111
155 121 0.125
155 50 0.166667
155 156 0.25
155 157 0.0714286
155 159 0.125
156 155 0.0833333
156 157 0.0714286
157 156 0.25
157 155 0.0833333
157 158 0.166667
157 159 0.125
157 161 0.25
157 162 0.5
158 157 0.0714286
158 160 0.1
158 163 0.166667
159 157 0.0714286
159 155 0.0833333
159 160 0.1
160 159 0.125
160 158 0.166667
160 163 0.166667
161 157 0.0714286
162 157 0.0714286
163 160 0.1
163 158 0.166667
