0 1
1 0
1 2
1 4
2 1
2 3
2 4
3 2
4 2
4 1
4 7
5 4
5 6
6 5
7 4
8 18
8 35
8 45
8 61
8 67
9 13
9 17
9 25
10 19
11 30
11 31
11 39
11 43
11 48
11 62
11 78
11 101
12 11
12 16
12 59
12 97
13 9
13 12
13 15
13 27
13 72
14 9
14 17
14 33
14 53
14 106
15 13
15 23
15 91
15 98
16 12
17 14
17 9
17 37
17 44
18 8
18 20
18 26
18 39
18 40
18 47
18 54
18 58
18 85
18 103
19 10
19 21
19 24
20 18
20 22
20 40
20 47
20 54
21 19
21 69
22 18
22 20
22 47
22 85
23 15
23 29
23 55
23 82
23 230
24 19
24 52
24 94
25 9
25 97
26 18
26 20
27 13
28 31
28 59
28 66
28 81
29 23
29 38
29 42
29 76
29 80
29 90
30 11
30 34
30 41
30 46
30 50
30 105
31 28
31 11
31 36
31 53
31 104
32 29
32 42
32 76
32 84
32 90
33 14
33 86
33 93
34 30
34 46
34 50
34 63
34 68
34 75
34 89
35 8
35 45
35 67
36 31
36 53
36 104
37 17
38 32
38 29
38 51
38 74
39 18
39 22
39 11
40 26
40 18
40 20
40 49
40 56
40 88
40 96
41 30
42 29
42 32
42 65
43 11
43 71
43 92
44 17
44 98
45 8
45 35
45 59
45 100
46 34
46 30
46 50
46 63
46 75
47 22
47 20
47 18
47 83
48 11
49 40
49 61
49 88
50 46
50 34
50 30
51 38
52 24
53 31
53 36
53 14
54 22
54 18
54 20
55 23
56 40
56 18
56 73
57 60
57 64
58 22
58 20
58 18
58 103
59 45
59 43
59 12
59 28
59 79
60 57
61 8
61 49
62 11
62 101
63 34
63 46
64 57
65 42
66 28
66 14
66 102
67 8
67 35
68 34
68 30
68 77
69 21
70 58
70 18
70 20
70 22
70 85
71 43
71 87
71 92
72 13
73 56
74 38
75 30
75 63
75 46
75 34
75 50
75 89
75 95
76 29
76 32
77 68
78 11
79 59
79 66
79 127
80 29
80 90
81 28
82 23
83 47
84 32
84 29
84 76
84 90
85 22
85 70
85 18
85 103
85 115
85 218
86 33
87 71
87 43
88 40
88 49
88 96
89 63
89 34
89 75
89 30
90 29
90 32
90 80
90 84
91 15
91 98
92 43
92 71
93 33
93 86
94 24
94 9
95 34
95 75
95 46
95 30
96 49
96 88
96 40
97 25
97 12
98 15
98 44
98 91
100 45
101 62
101 11
102 66
103 70
103 58
103 18
103 22
103 85
104 31
104 36
105 79
105 30
106 14
106 79
106 33
106 109
106 114
107 106
107 108
108 107
109 106
109 112
109 114
110 111
111 110
112 109
112 113
113 112
114 109
114 106
115 6
115 78
115 57
115 85
115 20
115 118
115 121
116 117
116 119
116 122
116 124
117 116
118 115
119 116
120 116
121 115
122 116
124 116
127 29
127 98
127 79
128 132
128 150
128 153
128 168
128 190
129 135
130 134
130 195
130 199
131 141
131 161
131 175
132 131
132 128
132 153
132 181
133 144
133 160
133 165
133 202
133 209
134 130
134 136
134 138
134 200
134 206
135 129
135 139
135 140
135 158
135 171
135 176
136 134
137 164
137 166
137 169
137 192
137 197
138 134
138 141
138 143
138 147
138 167
139 135
139 171
140 135
140 182
141 131
141 138
141 167
141 170
141 193
141 198
142 141
142 137
142 156
143 138
143 149
144 133
144 152
144 165
144 194
144 209
145 151
145 158
146 141
146 137
146 148
146 161
146 172
146 205
146 215
147 141
147 138
147 203
147 213
148 144
148 146
148 155
148 183
148 196
148 207
149 143
149 183
150 128
150 174
150 185
150 214
151 145
151 192
152 144
152 133
152 157
152 179
152 189
152 212
153 132
153 144
153 128
153 163
153 177
154 145
155 148
155 180
155 191
155 201
156 142
157 152
157 179
158 135
158 145
160 133
160 194
161 146
161 131
162 151
162 188
163 153
163 177
164 137
164 135
165 133
165 144
166 137
166 169
167 128
167 141
167 138
167 173
168 128
168 178
169 166
169 137
169 197
170 141
171 139
171 135
171 176
172 146
172 215
173 167
173 175
174 150
174 204
174 210
175 131
175 173
176 171
176 135
177 153
177 163
178 128
178 168
179 152
179 157
179 189
179 208
180 155
180 191
181 132
182 140
183 148
183 149
183 217
184 141
184 186
184 187
185 150
186 184
187 184
188 162
189 179
189 152
189 208
190 128
191 180
191 155
192 137
192 151
192 162
193 141
194 133
194 160
194 144
194 209
195 130
196 148
197 137
197 166
197 169
198 141
198 193
199 130
199 195
200 134
200 206
200 211
201 191
201 155
202 139
202 135
202 171
202 165
202 133
203 147
204 174
205 146
206 134
206 200
207 148
208 179
208 157
208 189
209 133
209 194
209 144
210 204
210 174
211 200
211 134
212 152
212 179
212 157
212 208
213 147
214 150
214 185
215 172
215 146
216 136
217 183
218 58
218 40
218 20
218 85
218 138
218 219
219 218
221 222
221 223
221 225
221 226
221 227
222 221
222 224
223 221
223 226
223 227
224 222
225 221
226 221
226 223
227 223
227 221
227 226
228 223
228 225
228 221
230 23
230 232
230 233
231 235
232 230
232 234
233 230
234 232
234 236
235 231
236 232
236 234
236 237
236 238
237 236
237 238
238 236
238 237
239 240
240 239
