242
623
0 1 0.166667
1 0 0.25
1 2 0.166667
1 4 0.0833333
2 1 0.166667
2 3 0.25
2 4 0.0833333
3 2 0.166667
4 2 0.166667
4 1 0.166667
4 7 0.5
5 4 0.0833333
5 6 0.166667
6 5 0.125
7 4 0.0833333
8 18 0.0322581
8 35 0.166667
8 45 0.125
8 61 0.25
8 67 0.25
9 13 0.0769231
9 17 0.1
9 25 0.25
10 19 0.125
11 30 0.0526316
11 31 0.0666667
11 39 0.142857
11 43 0.125
11 48 0.5
11 62 0.25
11 78 0.333333
11 101 0.25
12 11 0.047619
12 16 0.5
12 59 0.111111
12 97 0.125
13 9 0.0714286
13 12 0.0625
13 15 0.0833333
13 27 0.5
13 72 0.5
14 9 0.0714286
14 17 0.1
14 33 0.142857
14 53 0.166667
14 106 0.0666667
15 13 0.0769231
15 23 0.0769231
15 91 0.25
15 98 0.142857
16 12 0.0625
17 14 0.0714286
17 9 0.0714286
17 37 0.333333
17 44 0.25
18 8 0.0714286
18 20 0.0555556
18 26 0.25
18 39 0.142857
18 40 0.0714286
18 47 0.111111
18 54 0.2
18 58 0.125
18 85 0.0714286
18 103 0.125
19 10 0.25
19 21 0.166667
19 24 0.111111
20 18 0.0322581
20 22 0.0714286
20 40 0.0714286
20 47 0.111111
20 54 0.2
21 19 0.125
21 69 0.5
22 18 0.0322581
22 20 0.0555556
22 47 0.111111
22 85 0.0714286
23 15 0.0833333
23 29 0.0526316
23 55 0.5
23 82 0.5
23 230 0.0588235
24 19 0.125
24 52 0.5
24 94 0.2
25 9 0.0714286
25 97 0.125
26 18 0.0322581
26 20 0.0555556
27 13 0.0769231
28 31 0.0666667
28 59 0.111111
28 66 0.142857
28 81 0.5
29 23 0.0769231
29 38 0.111111
29 42 0.142857
29 76 0.166667
29 80 0.25
29 90 0.125
30 11 0.047619
30 34 0.0666667
30 41 0.2
30 46 0.0909091
30 50 0.142857
30 105 0.2
31 28 0.1
31 11 0.047619
31 36 0.142857
31 53 0.166667
31 104 0.25
32 29 0.0526316
32 42 0.142857
32 76 0.166667
32 84 0.166667
32 90 0.125
33 14 0.0714286
33 86 0.333333
33 93 0.333333
34 30 0.0526316
34 46 0.0909091
34 50 0.142857
34 63 0.166667
34 68 0.125
34 75 0.0909091
34 89 0.166667
35 8 0.0714286
35 45 0.125
35 67 0.25
36 31 0.0666667
36 53 0.166667
36 104 0.25
37 17 0.1
38 32 0.1
38 29 0.0526316
38 51 0.5
38 74 0.5
39 18 0.0322581
39 22 0.0714286
39 11 0.047619
40 26 0.25
40 18 0.0322581
40 20 0.0555556
40 49 0.142857
40 56 0.142857
40 88 0.166667
40 96 0.2
41 30 0.0526316
42 29 0.0526316
42 32 0.1
42 65 0.5
43 11 0.047619
43 71 0.166667
43 92 0.25
44 17 0.1
44 98 0.142857
45 8 0.0714286
45 35 0.166667
45 59 0.111111
45 100 0.5
46 34 0.0666667
46 30 0.0526316
46 50 0.142857
46 63 0.166667
46 75 0.0909091
47 22 0.0714286
47 20 0.0555556
47 18 0.0322581
47 83 0.5
48 11 0.047619
49 40 0.0714286
49 61 0.25
49 88 0.166667
50 46 0.0909091
50 34 0.0666667
50 30 0.0526316
51 38 0.111111
52 24 0.111111
53 31 0.0666667
53 36 0.142857
53 14 0.0714286
54 22 0.0714286
54 18 0.0322581
54 20 0.0555556
55 23 0.0769231
56 40 0.0714286
56 18 0.0322581
56 73 0.5
57 60 0.5
57 64 0.5
58 22 0.0714286
58 20 0.0555556
58 18 0.0322581
58 103 0.125
59 45 0.125
59 43 0.125
59 12 0.0625
59 28 0.1
59 79 0.111111
60 57 0.111111
61 8 0.0714286
61 49 0.142857
62 11 0.047619
62 101 0.25
63 34 0.0666667
63 46 0.0909091
64 57 0.111111
65 42 0.142857
66 28 0.1
66 14 0.0714286
66 102 0.5
67 8 0.0714286
67 35 0.166667
68 34 0.0666667
68 30 0.0526316
68 77 0.5
69 21 0.166667
70 58 0.125
70 18 0.0322581
70 20 0.0555556
70 22 0.0714286
70 85 0.0714286
71 43 0.125
71 87 0.333333
71 92 0.25
72 13 0.0769231
73 56 0.142857
74 38 0.111111
75 30 0.0526316
75 63 0.166667
75 46 0.0909091
75 34 0.0666667
75 50 0.142857
75 89 0.166667
75 95 0.2
76 29 0.0526316
76 32 0.1
77 68 0.125
78 11 0.047619
79 59 0.111111
79 66 0.142857
79 127 0.1
80 29 0.0526316
80 90 0.125
81 28 0.1
82 23 0.0769231
83 47 0.111111
84 32 0.1
84 29 0.0526316
84 76 0.166667
84 90 0.125
85 22 0.0714286
85 70 0.142857
85 18 0.0322581
85 103 0.125
85 115 0.0833333
85 218 0.125
86 33 0.142857
87 71 0.166667
87 43 0.125
88 40 0.0714286
88 49 0.142857
88 96 0.2
89 63 0.166667
89 34 0.0666667
89 75 0.0909091
89 30 0.0526316
90 29 0.0526316
90 32 0.1
90 80 0.25
90 84 0.166667
91 15 0.0833333
91 98 0.142857
92 43 0.125
92 71 0.166667
93 33 0.142857
93 86 0.333333
94 24 0.111111
94 9 0.0714286
95 34 0.0666667
95 75 0.0909091
95 46 0.0909091
95 30 0.0526316
96 49 0.142857
96 88 0.166667
96 40 0.0714286
97 25 0.25
97 12 0.0625
98 15 0.0833333
98 44 0.25
98 91 0.25
100 45 0.125
101 62 0.25
101 11 0.047619
102 66 0.142857
103 70 0.142857
103 58 0.125
103 18 0.0322581
103 22 0.0714286
103 85 0.0714286
104 31 0.0666667
104 36 0.142857
105 79 0.111111
105 30 0.0526316
106 14 0.0714286
106 79 0.111111
106 33 0.142857
106 109 0.166667
106 114 0.25
107 106 0.0666667
107 108 0.5
108 107 0.333333
109 106 0.0666667
109 112 0.166667
109 114 0.25
110 111 0.5
111 110 0.25
112 109 0.166667
112 113 0.5
113 112 0.166667
114 109 0.166667
114 106 0.0666667
115 6 0.166667
115 78 0.333333
115 57 0.111111
115 85 0.0714286
115 20 0.0555556
115 118 0.5
115 121 0.5
116 117 0.166667
116 119 0.25
116 122 0.5
116 124 0.5
117 116 0.0909091
118 115 0.0833333
119 116 0.0909091
120 116 0.0909091
121 115 0.0833333
122 116 0.0909091
124 116 0.0909091
127 29 0.0526316
127 98 0.142857
127 79 0.111111
128 132 0.125
128 150 0.0833333
128 153 0.0909091
128 168 0.25
128 190 0.5
129 135 0.0714286
130 134 0.0769231
130 195 0.333333
130 199 0.333333
131 141 0.0555556
131 161 0.2
131 175 0.25
132 131 0.0909091
132 128 0.0588235
132 153 0.0909091
132 181 0.5
133 144 0.0833333
133 160 0.25
133 165 0.2
133 202 0.166667
133 209 0.166667
134 130 0.125
134 136 0.166667
134 138 0.0769231
134 200 0.166667
134 206 0.25
135 129 0.142857
135 139 0.2
135 140 0.166667
135 158 0.166667
135 171 0.142857
135 176 0.25
136 134 0.0769231
137 164 0.125
137 166 0.2
137 169 0.166667
137 192 0.142857
137 197 0.2
138 134 0.0769231
138 141 0.0555556
138 143 0.166667
138 147 0.0833333
138 167 0.111111
139 135 0.0714286
139 171 0.142857
140 135 0.0714286
140 182 0.5
141 131 0.0909091
141 138 0.0769231
141 167 0.111111
141 170 0.5
141 193 0.333333
141 198 0.333333
142 141 0.0555556
142 137 0.0714286
142 156 0.5
143 138 0.0769231
143 149 0.166667
144 133 0.0625
144 152 0.0714286
144 165 0.2
144 194 0.142857
144 209 0.166667
145 151 0.2
145 158 0.166667
146 141 0.0555556
146 137 0.0714286
146 148 0.0714286
146 161 0.2
146 172 0.25
146 205 0.5
146 215 0.25
147 141 0.0555556
147 138 0.0769231
147 203 0.25
147 213 0.5
148 144 0.0833333
148 146 0.0666667
148 155 0.1
148 183 0.125
148 196 0.5
148 207 0.5
149 143 0.166667
149 183 0.125
150 128 0.0588235
150 174 0.166667
150 185 0.333333
150 214 0.25
151 145 0.111111
151 192 0.142857
152 144 0.0833333
152 133 0.0625
152 157 0.166667
152 179 0.111111
152 189 0.166667
152 212 0.2
153 132 0.125
153 144 0.0833333
153 128 0.0588235
153 163 0.25
153 177 0.25
154 145 0.111111
155 148 0.0714286
155 180 0.25
155 191 0.2
155 201 0.333333
156 142 0.166667
157 152 0.0714286
157 179 0.111111
158 135 0.0714286
158 145 0.111111
160 133 0.0625
160 194 0.142857
161 146 0.0666667
161 131 0.0909091
162 151 0.2
162 188 0.5
163 153 0.0909091
163 177 0.25
164 137 0.0714286
164 135 0.0714286
165 133 0.0625
165 144 0.0833333
166 137 0.0714286
166 169 0.166667
167 128 0.0588235
167 141 0.0555556
167 138 0.0769231
167 173 0.25
168 128 0.0588235
168 178 0.2
169 166 0.2
169 137 0.0714286
169 197 0.2
170 141 0.0555556
171 139 0.2
171 135 0.0714286
171 176 0.25
172 146 0.0666667
172 215 0.25
173 167 0.111111
173 175 0.25
174 150 0.0833333
174 204 0.333333
174 210 0.333333
175 131 0.0909091
175 173 0.25
176 171 0.142857
176 135 0.0714286
177 153 0.0909091
177 163 0.25
178 128 0.0588235
178 168 0.25
179 152 0.0714286
179 157 0.166667
179 189 0.166667
179 208 0.166667
180 155 0.1
180 191 0.2
181 132 0.125
182 140 0.166667
183 148 0.0714286
183 149 0.166667
183 217 0.25
184 141 0.0555556
184 186 0.5
184 187 0.5
185 150 0.0833333
186 184 0.142857
187 184 0.142857
188 162 0.166667
189 179 0.111111
189 152 0.0714286
189 208 0.166667
190 128 0.0588235
191 180 0.25
191 155 0.1
192 137 0.0714286
192 151 0.2
192 162 0.166667
193 141 0.0555556
194 133 0.0625
194 160 0.25
194 144 0.0833333
194 209 0.166667
195 130 0.125
196 148 0.0714286
197 137 0.0714286
197 166 0.2
197 169 0.166667
198 141 0.0555556
198 193 0.333333
199 130 0.125
199 195 0.333333
200 134 0.0769231
200 206 0.25
200 211 0.333333
201 191 0.2
201 155 0.1
202 139 0.2
202 135 0.0714286
202 171 0.142857
202 165 0.2
202 133 0.0625
203 147 0.0833333
204 174 0.166667
205 146 0.0666667
206 134 0.0769231
206 200 0.166667
207 148 0.0714286
208 179 0.111111
208 157 0.166667
208 189 0.166667
209 133 0.0625
209 194 0.142857
209 144 0.0833333
210 204 0.333333
210 174 0.166667
211 200 0.166667
211 134 0.0769231
212 152 0.0714286
212 179 0.111111
212 157 0.166667
212 208 0.166667
213 147 0.0833333
214 150 0.0833333
214 185 0.333333
215 172 0.25
215 146 0.0666667
216 136 0.166667
217 183 0.125
218 58 0.125
218 40 0.0714286
218 20 0.0555556
218 85 0.0714286
218 138 0.0769231
218 219 0.166667
219 218 0.125
221 222 0.142857
221 223 0.111111
221 225 0.333333
221 226 0.142857
221 227 0.142857
222 221 0.0666667
222 224 0.25
223 221 0.0666667
223 226 0.142857
223 227 0.142857
224 222 0.142857
225 221 0.0666667
226 221 0.0666667
226 223 0.111111
227 223 0.111111
227 221 0.0666667
227 226 0.142857
228 223 0.111111
228 225 0.333333
228 221 0.0666667
230 23 0.0769231
230 232 0.2
230 233 0.5
231 235 0.25
232 230 0.0588235
232 234 0.25
233 230 0.0588235
234 232 0.2
234 236 0.142857
235 231 0.25
236 232 0.2
236 234 0.25
236 237 0.25
236 238 0.25
237 236 0.142857
237 238 0.25
238 236 0.142857
238 237 0.25
239 240 0.5
240 239 0.125
