8e-05
0.000349
0.000355
9.3e-05
0.001792
0.020867
0.166766
0.00087
0.072577
0.072331
0
1
0.063108
1
0.001675
0.160451
0.031508
0.008042
1
0
0.154446
0
0.086026
1
0
0.020072
0.266585
0.501238
0.00752
0.110973
0.141578
0.066699
0.104614
0.000253
0.128686
0.015914
0.013027
0.002711
1
0.264848
0.083656
0.028566
0.030074
0.126836
0.008782
0.011776
0.156649
0.13396
0.501188
0.018532
0.18939
0.50047
0
0.012896
0.224477
0.500072
0.012015
0.112167
0.147817
0.009341
0.055939
0.021841
0.297557
0.224922
0.055898
0.015154
0.00168
0.020669
0.016098
0
0.043037
0.0257
0.501318
0.005977
0.499952
1
0.03774
0.007945
0.555852
0.00419
0.033755
0.003743
0.500597
0.066785
0.02187
0.153087
0.000106
0.008626
0.018411
0.182954
0.031442
0.044536
0.035864
8.8e-05
0
0.20076
0.019199
0.010189
0.027947
0
0.005947
0.297193
0.000835
0.15555
0.018805
0.028644
0.000108
0
0
2.4e-05
0
0
5e-06
3e-06
3.8e-05
1
1
0.167189
0.500299
0.250027
0
0.499766
0.50086
0
0.499788
0
0
0.00041
1
0.142704
0.000872
0.119042
0.135978
0.00927
0.006575
1
0.001106
0.072165
0.086322
0.228768
0.166974
1
0
0.017625
0.091883
0.018898
1
0.007331
1
0.023316
0.083729
0.006116
0.006657
0.101423
0
0.10059
0
0.001503
0.166283
0
0.005891
0.217614
0.001893
0.03022
0.009068
0.019895
0.01923
0.120536
0.250176
0.016377
0.500148
0.197381
0.29766
0.037406
0.013958
0.036849
0.28262
0.030113
0.050342
0.001163
0.030197
0.068429
0.08367
0.126066
0
0.032561
0
0
0.00098
0.001283
0.5009
0.029397
0.010902
0.407396
0.015221
0.000344
0.501223
0.016792
0.333362
0.000277
0.001313
0.033525
0.001508
0.001834
0.005659
0.500505
0.001885
0.50063
0.000567
0.018193
0.004565
0.000428
0.001305
0.003683
0.020682
0.297659
0
0.031335
0.019193
0.003219
0
0
0
0
0
0
0
0
0
0
0.059097
0
0.011676
0.029631
0.002964
0
0.000401
0.000105
0.000122
0
0
0
