0 1
1 0
1 2
1 3
2 1
3 2
3 1
3 4
3 5
3 6
3 10
3 15
3 19
3 24
3 53
4 3
4 10
4 18
4 22
4 35
5 3
6 3
6 7
6 12
6 14
6 39
6 56
6 148
7 6
7 9
7 13
7 17
7 58
8 37
8 45
8 49
9 7
9 20
9 21
10 3
10 4
10 11
10 44
10 48
11 10
11 48
12 6
12 38
13 7
13 9
13 6
13 12
13 23
13 39
14 6
14 29
14 34
14 41
15 6
15 3
15 16
15 19
15 28
16 15
16 19
16 28
17 7
17 43
17 46
18 4
18 22
18 35
19 15
19 16
19 3
19 24
19 39
20 9
21 9
21 49
22 4
22 18
22 29
22 50
23 13
23 26
24 19
24 3
25 6
25 51
25 54
25 57
26 9
26 20
26 23
26 13
26 27
26 36
26 42
27 26
27 47
28 16
28 15
28 30
28 33
29 22
29 14
29 40
30 28
31 25
31 12
31 32
31 40
32 31
33 28
34 14
34 7
34 12
34 55
35 4
35 18
36 26
36 52
37 8
37 47
38 12
39 19
39 13
39 6
40 29
40 31
40 34
40 70
41 14
42 26
43 17
44 10
45 8
45 49
46 17
46 43
47 37
47 27
48 10
48 11
49 8
49 21
49 45
50 22
51 25
51 57
52 36
53 3
54 25
54 51
55 34
56 6
57 25
57 51
58 7
58 40
58 17
60 2
60 28
60 65
61 62
61 63
62 61
62 70
63 61
63 64
63 66
64 63
64 67
64 148
65 60
66 63
67 64
70 62
70 49
70 40
71 76
71 80
71 85
71 88
72 75
72 78
72 92
72 94
72 102
72 125
73 74
73 81
74 73
74 76
74 104
75 72
75 77
75 82
75 105
76 74
76 71
76 79
76 85
76 96
76 104
76 133
76 148
77 75
77 84
77 87
77 107
77 122
77 147
78 72
78 94
78 114
79 76
79 85
79 89
79 98
79 101
79 134
79 141
80 71
81 73
81 83
81 86
81 97
81 106
81 109
82 75
82 100
83 81
83 106
84 77
84 87
84 122
85 71
85 80
85 79
85 76
85 90
85 91
85 93
85 115
85 124
85 131
85 135
86 81
86 117
87 77
87 84
87 120
87 122
88 71
88 80
88 103
89 79
89 93
89 101
89 126
89 141
90 85
90 91
90 124
91 90
91 85
91 82
91 105
91 119
91 140
92 72
92 100
92 108
92 121
92 144
92 145
93 89
93 85
93 79
93 95
93 113
93 123
93 143
94 78
94 89
94 72
94 99
94 105
94 110
95 93
95 113
96 76
96 133
97 81
97 128
98 79
98 126
99 94
99 110
100 82
100 92
101 79
101 89
102 72
102 111
103 88
104 74
104 76
104 118
104 136
104 137
105 75
105 94
105 91
105 127
105 129
106 83
106 81
106 109
107 78
107 77
107 116
107 146
108 92
108 138
108 142
109 106
109 81
110 94
110 99
111 87
111 72
111 77
111 102
112 76
113 93
113 95
113 123
113 139
114 78
115 85
115 131
116 107
116 146
117 86
118 104
118 137
119 91
119 140
120 87
120 84
120 130
121 92
122 87
122 77
122 84
123 113
123 93
123 139
124 90
124 85
124 135
125 72
126 79
126 98
126 89
126 141
127 105
128 97
128 132
129 105
130 120
130 145
131 85
131 115
132 128
133 76
133 96
134 83
134 81
134 106
134 101
134 79
135 85
135 124
136 118
136 104
137 104
137 118
138 108
139 113
139 95
139 123
140 91
140 119
141 79
141 126
141 89
142 138
142 108
143 93
143 113
143 95
143 139
144 92
144 121
145 144
145 92
145 130
146 107
146 116
147 87
147 84
147 77
148 64
148 6
148 76
148 149
148 150
148 156
149 148
150 148
150 151
150 153
150 154
150 156
151 150
151 153
151 154
151 156
152 155
153 150
153 151
154 151
154 150
154 153
154 157
155 152
156 150
156 149
156 151
156 148
157 154
157 93
157 80
157 156
159 160
159 161
160 159
161 159
