0.036057
0.144394
0.183535
1
0.078872
0.250295
1
0.090291
0.001855
0.150177
0.107112
0.03198
0.160616
0.133397
0.100911
0.240273
0.21879
0.013492
0.017301
0.175052
0.361069
0.037549
0.013127
0.271753
0.279847
3.9e-05
1
0.250961
1
0.012542
0.501013
0.000363
0.000191
0.500863
0.014643
0.022221
0.251731
0.015899
0.080078
0.204217
0.002044
0.050454
0.500964
0.005483
0.053467
0.001818
0.004494
0.062984
0.031936
0.00553
0.006492
9e-06
0.125951
0.500725
9e-06
0.007236
0.50077
1.1e-05
0.006012
0
0
0.000169
9.9e-05
0.001088
0.008742
0
0.000537
0.004355
0
0
0.000209
0.074215
0.076395
0.143865
0.027066
0.201443
0.070698
1
0.036778
0.072452
0.133879
1
0.085119
0.23152
0.190275
1
0.167102
0.15614
0.008276
0.022631
0.214766
0.160883
1
0.073186
0.098618
0.016332
0.02111
0.166507
0.019247
0.02929
0.260546
0.020453
0.019092
0.004171
0.007068
1
0.198659
0.125493
0.166468
0.282674
0.029222
0.003837
0
0.012552
0.018319
0.297562
0.025372
0.083647
0.002064
0.047904
0.040695
0.397743
0.208627
0.014418
0.226397
0.038379
0.007766
0.500196
0.041801
0.500688
0.057649
0.297956
0.020745
0.021028
0.012264
0.287712
0.002353
0.002132
0.068126
0.006482
0.047949
0.016398
0.055631
0.014675
0.289182
0.201816
0.035532
0.250967
0.06245
0.013631
0.004741
0.001483
0
0.000956
0.000884
0
0.007444
0.000111
0
0
0
0
