0 1
0 2
1 0
2 0
6 7
6 9
6 12
6 17
6 30
6 31
6 58
6 85
6 104
6 126
7 6
7 35
7 62
8 10
8 13
8 14
8 21
8 25
8 32
8 44
8 78
8 115
9 6
9 30
9 42
9 49
9 79
9 108
10 8
11 16
11 20
11 33
11 47
11 82
12 6
13 8
13 10
13 94
14 10
14 8
14 21
14 32
14 44
15 9
16 11
16 33
16 37
16 47
16 55
16 102
17 6
18 26
18 27
18 51
18 92
19 21
19 37
20 11
21 16
21 8
21 14
21 19
21 59
22 23
22 40
22 90
23 22
24 22
24 26
24 48
24 70
24 76
24 77
24 115
25 8
25 10
25 34
25 43
25 46
25 52
25 72
25 97
25 101
25 103
25 115
26 25
26 18
26 24
26 28
26 34
26 45
26 65
26 67
26 71
26 80
26 83
27 18
27 51
27 92
28 26
28 67
28 80
29 39
29 50
30 9
30 6
30 75
30 95
31 6
32 8
32 25
32 14
32 38
33 16
33 11
33 47
33 54
34 26
34 25
34 28
34 81
35 7
35 87
36 14
36 8
36 10
37 19
37 16
37 41
37 60
37 82
37 99
38 32
38 73
38 103
39 29
39 66
39 69
39 82
40 22
40 26
40 63
40 93
41 37
41 74
42 9
42 56
42 98
42 109
43 25
44 10
44 14
44 8
44 78
45 26
45 28
45 54
45 65
45 67
45 106
46 25
46 57
47 11
47 33
47 16
48 24
48 53
48 70
48 107
49 9
49 126
50 29
51 18
51 27
52 25
52 97
52 103
53 24
53 48
53 13
53 61
53 100
54 33
54 28
54 11
54 45
54 63
54 68
55 16
55 11
56 42
57 25
57 46
57 101
58 6
58 85
59 21
60 37
61 53
62 7
62 35
62 88
62 96
63 16
63 54
63 40
64 6
65 26
65 45
66 39
67 28
67 26
67 45
67 83
67 105
68 20
68 54
68 84
69 39
70 24
70 48
71 26
71 28
72 25
72 57
73 38
74 41
75 30
76 24
76 77
77 24
77 48
77 76
77 107
78 14
78 8
78 10
78 44
79 9
80 28
80 67
80 26
81 34
82 39
82 11
82 37
82 47
83 67
83 26
83 106
84 68
84 91
85 6
85 58
86 89
87 35
87 7
88 62
89 86
90 22
91 84
92 18
92 27
92 51
93 40
94 13
94 53
95 62
95 30
95 96
96 95
96 15
96 62
97 72
97 25
97 52
98 42
98 56
99 37
100 53
101 25
101 97
101 57
102 16
102 11
103 25
103 52
103 38
104 6
104 58
105 67
105 26
105 28
106 83
106 45
106 26
106 28
107 77
107 24
107 48
108 9
108 15
109 42
109 98
109 49
109 15
109 110
109 114
110 109
110 114
112 113
113 112
114 109
114 110
115 24
115 8
115 25
115 116
115 117
116 115
117 115
117 118
117 120
118 115
118 117
118 119
119 118
120 117
120 115
120 121
120 122
121 120
121 123
122 120
123 121
126 49
126 6
126 127
126 136
126 150
126 203
127 126
127 130
127 160
127 196
127 206
127 228
128 131
128 135
128 140
128 145
128 174
128 192
128 193
128 198
130 127
130 160
130 228
131 128
131 132
131 133
131 139
131 153
131 156
131 157
131 162
131 179
131 181
131 200
131 208
131 209
132 131
132 133
132 137
132 156
132 161
132 164
133 132
133 131
133 134
133 142
133 175
133 188
133 210
133 214
134 131
134 133
134 142
134 144
134 147
134 154
134 165
134 205
134 212
135 128
135 146
135 198
135 202
136 126
136 194
137 132
137 141
137 168
138 149
138 221
139 131
139 149
140 128
140 151
140 166
140 180
140 189
140 213
140 215
141 137
141 149
141 187
142 134
142 133
142 169
142 173
143 134
143 155
143 170
143 184
143 197
143 204
143 207
144 134
144 147
144 154
144 165
144 185
145 128
146 135
147 134
147 144
148 127
148 178
149 141
149 138
149 139
150 126
150 127
150 152
150 163
151 128
151 140
151 166
151 190
151 213
152 150
152 219
153 131
154 144
154 134
154 167
154 172
154 184
154 222
154 226
155 143
155 176
155 204
155 224
156 132
156 131
156 223
157 131
159 143
160 127
160 130
160 177
160 199
161 132
162 131
163 150
163 211
164 132
164 161
165 144
165 134
165 212
166 151
166 140
166 182
167 154
167 172
167 226
168 137
168 141
169 142
170 143
170 155
170 176
170 224
172 154
172 167
173 142
173 169
173 183
173 220
174 128
175 133
175 188
175 196
175 214
176 170
176 155
176 143
176 197
176 207
177 160
177 127
178 148
179 131
179 200
180 140
181 131
181 208
181 209
182 166
182 213
183 173
183 190
184 170
184 154
184 143
185 144
185 134
185 205
186 153
187 141
187 137
188 175
188 133
188 210
188 214
189 128
189 140
189 201
190 151
190 183
192 128
193 128
193 198
194 136
195 218
196 127
196 175
197 143
197 176
197 155
198 193
198 128
198 135
199 160
200 131
200 179
201 189
202 135
202 146
202 158
202 215
202 216
203 126
203 127
203 168
204 143
204 155
205 144
205 185
205 134
206 127
207 143
207 176
207 224
208 131
208 181
209 131
209 181
210 133
210 188
210 175
210 229
211 163
211 150
211 152
212 205
212 165
212 134
212 185
212 217
213 140
213 182
213 151
214 188
214 133
214 175
215 202
215 140
216 202
217 134
217 212
217 185
217 144
218 195
219 163
219 152
220 173
221 138
222 154
222 172
223 156
224 155
224 143
224 207
224 170
225 129
225 138
226 154
226 172
226 167
227 208
227 162
227 131
228 130
228 206
228 127
229 210
229 188
229 214
229 133
231 235
235 231
235 237
236 237
237 235
237 236
238 235
241 242
241 243
242 241
243 241
