0
0
0
0
0
0
1
0.077228
0.05618
0.094178
0.129449
0.022449
0.166432
0.105644
0.009148
0.171261
0.067698
0.500927
0.101158
0.126849
0.00486
0.020887
0.008664
0.002132
0.112825
1
1
0.022999
0.163952
0.166732
0.109005
0.501449
0.010599
0.014341
0.211282
0.012287
0
1
0.033022
1
0.001579
0.100958
0.170645
0.500252
0.010128
0.124747
0.264959
0.04481
0.125633
0.231877
0.083636
0.026858
0.18716
1
0.012541
0.022466
0.136783
0.118452
0.290823
0.005213
0.500194
0.500253
0.010772
0.002725
0
0.270407
0.333837
0.143037
0.001597
0.499982
0.03847
0.333774
0.291521
0.016624
0.050486
0.027237
0.021671
0.021701
0.010573
0.031256
0.224036
0.105641
0.266038
0.187151
0.000391
0.297588
0
0.004221
0.005316
0
0.004287
0.000205
0.023563
0.000783
0.035108
0.015769
0.003634
0.218604
0.275737
0.500713
0.500933
0.214499
0.022649
0.190437
0.334007
0.03596
0.050629
0.028419
0.031376
1
0.297539
0
0
0
0.298184
0.055542
0.027897
0.006954
0.00137
0.000372
0.000867
0.000224
0.000435
0.00012
0
0
0.119695
1
1
0
0.143343
1
0.076098
0.062669
0.089579
0.235041
0.029843
0.009308
0.003961
0.142339
0.070284
0.004149
0.015072
1
0.093994
0.499581
0.37988
0.035801
0
0.024104
0.015002
0.008407
0.003091
0.251
1
0.161526
0.176053
0.499877
0.20127
0
0.12539
0.030828
0.333667
0.003272
0.025506
0.031296
0.01309
0.225675
0.004879
0.003373
0.175333
0
0.265805
0.002255
0.500134
0.028059
0.069391
0.041889
0
0.202102
0.034959
0.228136
0.006282
0.000883
0.361717
0.017658
0
0.001369
0.012279
0.00795
0.001326
0
0.500413
0.287801
0.01489
0
0.168311
0.173683
0.23084
0.062736
0.281295
0.003935
1
0.01986
0.276905
0.019167
0.382715
0.155069
0.233032
0.287975
0.010559
0.000832
0.013192
0.013225
0.014258
0.132619
0.500666
0.002594
0
0.001057
0.001136
0.002015
0.332868
0.088372
0.066613
0
0.232477
0
0.220926
0.002143
0
0
0
0
0
0
0
0
0
0
0
0
0
0
0
0
