0 1
1 0
2 3
2 4
3 2
4 2
6 10
7 8
7 13
7 18
7 36
7 40
7 50
8 7
8 9
8 12
8 45
8 52
9 8
9 21
9 27
9 41
9 49
9 54
10 6
10 11
10 25
11 10
11 14
11 15
11 16
11 17
11 20
11 33
12 8
12 22
12 43
12 47
13 7
13 28
13 30
13 42
14 11
14 20
15 11
16 15
16 11
16 20
16 31
17 10
17 11
18 7
19 23
19 24
19 26
19 60
20 14
20 16
20 11
21 9
22 12
22 39
23 19
23 24
23 26
23 60
24 19
24 23
24 29
24 37
24 57
25 9
25 10
25 34
25 46
26 23
26 19
26 48
26 59
27 9
27 49
28 13
28 38
28 53
29 24
30 13
31 10
31 16
31 25
32 6
32 13
33 11
34 25
35 58
36 7
37 35
37 24
37 29
37 44
38 28
39 22
40 7
40 36
40 18
40 50
41 9
41 27
41 54
42 13
42 30
43 12
44 37
45 8
45 52
46 25
47 12
47 43
48 26
49 27
49 9
49 41
50 7
50 40
52 45
52 8
53 51
53 21
53 28
54 9
54 41
55 24
55 19
55 23
56 7
56 12
57 24
57 55
58 35
59 48
59 26
60 19
60 23
63 56
67 68
67 69
67 72
67 77
67 80
67 90
67 114
68 67
68 73
68 87
68 106
69 67
69 68
69 88
69 102
70 67
70 71
70 89
70 91
70 101
71 70
72 67
72 79
73 68
73 98
74 78
74 84
75 76
75 84
76 75
76 95
77 67
78 74
78 82
78 89
78 96
78 102
78 107
79 72
80 67
81 76
81 86
81 93
81 104
82 78
83 67
83 94
83 97
84 74
84 75
84 92
85 81
85 86
85 100
85 103
85 110
86 85
86 81
86 105
87 68
87 109
88 69
89 84
89 78
89 69
89 70
89 99
89 112
89 115
90 67
91 70
92 84
93 81
94 83
95 75
95 76
96 82
96 78
97 83
98 73
98 68
99 89
100 85
100 103
101 67
101 77
101 70
101 113
102 78
102 69
102 96
103 85
103 100
104 81
105 86
106 68
107 78
107 96
108 72
108 79
109 87
110 85
111 84
111 92
112 89
112 115
113 101
114 90
114 67
115 89
115 112
117 120
118 119
119 118
120 117
121 122
121 123
122 121
123 121
