0
0
0
0
0
0
0.013724
1
0.16139
1
0.123088
1
0.016084
0.111425
0.11341
0.369142
0.159435
0.201506
0.286552
0.012557
0.152444
0.166636
0.002637
0.015285
0.118293
0.020402
0.003406
0.266958
0.015787
0.353914
0.045502
0.039971
0
0.499919
0.010292
0.200719
0.376242
1
0.005255
0.001291
0.189942
0.232951
0.037337
0.006556
0.500655
0.048378
0.010221
0.00537
0.001393
0.238275
0.190296
0.000463
0.048086
0.002235
0.288375
0.00499
0
0.029755
0.10039
0.001168
0.006679
0
0
0
0
0
0
1
0.104946
0.173757
0.100704
0.050197
0.142179
0.021037
0.021603
0.016581
0.025656
0.336914
0.069394
0.047191
0.500881
0.116204
0.029
0
0.102614
1
0.180687
0.017426
0.086942
1
0.389036
0.050167
0.034305
0.058024
0
0.008537
0.023843
0
0.006984
0.499635
0.297029
0.014327
0.033942
0.296807
0.028959
0.090544
0.026491
0.023253
0
0.008739
0.501318
0
0.297092
0.007091
0.250588
0.297834
0
0
0
0
0
0
0
0
0
0
