0 1
1 0
2 4
2 5
2 6
2 8
2 9
2 10
2 19
2 38
3 7
3 27
3 34
4 2
4 21
4 25
5 2
5 9
5 20
5 23
5 42
5 43
6 2
6 22
6 24
6 30
6 51
7 3
7 12
7 20
7 31
8 2
8 9
8 14
8 25
8 40
9 5
9 2
9 8
9 11
9 26
9 32
10 2
10 16
10 17
10 18
11 9
11 10
11 13
11 28
12 5
12 7
12 15
12 26
12 41
13 11
13 28
14 8
15 12
15 41
16 10
16 18
17 10
18 10
18 16
19 2
20 5
20 7
20 33
20 36
20 44
21 4
22 6
22 39
23 5
23 43
24 6
25 4
25 8
25 21
25 37
26 12
26 9
26 45
27 3
28 11
28 13
29 8
29 35
30 6
30 24
30 22
30 39
31 7
32 9
33 20
33 44
34 3
35 29
36 20
37 25
38 2
39 6
39 30
39 22
40 8
40 14
41 12
41 15
42 5
42 23
43 42
43 5
43 23
44 20
44 33
44 36
45 26
46 47
46 48
47 46
47 49
48 46
49 47
51 7
51 40
51 6
51 52
51 53
51 58
51 63
51 64
51 72
52 51
52 57
52 65
52 70
52 74
53 51
53 54
53 55
53 56
54 53
54 59
54 60
54 72
54 75
55 53
56 53
56 62
56 67
56 69
56 73
57 52
57 70
57 74
57 76
58 51
59 54
59 60
59 61
59 62
59 75
60 54
60 51
60 59
61 59
61 54
61 62
62 54
62 59
62 56
62 61
63 52
63 51
63 53
64 51
65 51
65 52
65 66
65 71
66 65
67 56
67 69
68 55
69 56
69 67
69 73
70 52
70 57
71 65
72 51
72 54
72 59
72 61
73 69
73 56
73 67
74 57
74 52
74 76
75 59
75 54
76 52
76 70
76 57
76 74
