0
0
1
1
0.168233
0.156641
0.130225
0.232329
0.117835
0.106667
0.092232
0.011923
1
0.003499
0.120359
0.298133
0.025962
0.023019
0.018543
0.499624
0.038724
0.047823
0.0303
0.043104
0.048526
0.028093
0.180196
0.49965
0.003477
0
0.022516
0.116719
0.053302
0.010672
0.500466
0
0.014673
0.014156
0.500584
0.010026
0.268946
0.296627
0.046164
0.037628
0.007772
0.089939
0
0
0
0
0
1
0.0889
0.125256
0.024202
0.025181
0.013078
0.014859
0.501147
0.018671
0.008265
0.023527
0.007638
0.250564
0.50026
0.011198
0.005598
0.003512
0
0.002952
0.020673
0.005602
0.168197
0.003084
0.016897
0.0103
0.005027
0
0
