1 2
2 1
2 3
2 4
2 5
2 6
2 8
2 9
2 14
2 18
2 21
2 23
2 30
2 51
2 52
2 53
3 2
3 9
3 10
3 12
3 19
3 25
3 29
3 46
4 2
4 15
5 2
5 7
5 9
5 32
5 33
5 43
5 59
6 2
6 16
6 35
6 37
6 44
6 45
7 5
7 11
8 2
8 20
9 5
9 2
9 3
9 13
9 22
9 28
9 42
10 3
10 11
10 19
10 26
11 10
11 7
12 3
13 9
14 2
14 3
14 12
14 49
14 50
15 4
15 17
15 27
15 36
16 6
16 37
17 15
17 24
17 39
17 41
17 47
18 2
18 21
18 30
18 52
19 3
19 10
19 8
19 34
20 8
21 2
21 18
21 23
21 51
22 9
22 13
22 28
22 42
22 59
23 2
23 21
23 51
24 17
24 5
25 3
25 29
26 10
27 15
27 4
27 24
27 38
28 9
28 22
28 42
29 3
29 25
30 2
30 18
31 23
31 2
32 5
32 33
33 32
33 5
34 19
35 6
35 37
36 15
36 4
37 6
37 16
37 35
37 44
37 45
38 27
39 17
39 47
40 9
40 22
41 17
41 39
42 22
42 28
42 9
43 5
43 33
44 37
44 6
45 37
45 6
45 44
45 16
46 3
46 25
46 29
47 17
47 39
47 65
49 14
50 14
50 49
51 2
51 23
51 21
52 2
52 18
52 21
53 2
53 30
54 55
54 57
55 54
55 56
55 58
56 55
57 54
58 55
59 5
59 22
59 60
59 62
59 64
60 59
60 61
60 62
61 60
62 60
62 59
62 64
63 62
64 59
64 62
65 47
65 5
65 15
65 11
65 66
65 67
65 69
65 72
65 73
65 81
65 82
65 113
66 65
66 74
66 77
67 65
67 68
67 76
67 90
67 93
67 110
68 67
69 65
69 71
70 67
70 68
70 83
70 91
71 69
71 65
71 75
71 84
71 85
71 112
72 65
73 65
73 95
74 66
74 65
74 73
75 71
75 85
75 112
76 67
76 78
76 80
76 89
76 94
76 96
77 66
77 74
77 92
78 76
79 88
79 96
79 99
79 106
80 76
80 89
81 65
81 82
81 113
82 65
82 81
83 70
83 87
84 71
84 75
84 86
84 112
85 75
85 84
85 71
85 112
86 84
86 91
86 98
86 100
87 83
87 109
88 79
89 80
89 76
89 94
90 67
90 93
90 110
91 70
91 86
91 107
92 77
93 90
93 67
94 89
94 76
94 68
94 102
94 104
94 105
95 73
96 76
96 79
96 103
96 108
97 75
97 81
97 65
97 101
98 86
99 79
99 88
99 106
100 86
101 97
102 94
102 105
103 96
103 108
104 94
104 102
105 94
105 102
106 99
106 79
107 91
108 96
108 103
109 83
109 87
110 67
110 90
111 69
112 75
112 84
112 71
112 85
113 65
113 81
114 115
114 116
115 114
115 117
116 114
117 115
120 121
121 120
