0
0.125738
1
1
0.124586
0.109155
0.077058
0.063919
0.103533
0.114013
0.101345
0.218328
0.361526
0.041613
0.12602
0.199375
0.019558
1
0.191753
0.154124
0.026032
0.1804
0.015917
0.182043
0.205324
0.276671
0.050612
0.033063
0.023764
0.276948
0.278907
0
0.03249
0.03198
0.077102
0.021824
0.049953
0.013608
0.016616
0.300752
0
0.333619
0.023955
0.036746
0.019471
0.014498
0.251281
0.335669
0
0.051458
0.041945
0.182522
0.22761
0.334112
0.071908
1
0.500038
0.011962
0.500205
0.00631
0.000579
0.000145
0.00093
0
0.001734
1
0.063153
0.077709
0.264217
0.144315
0.010528
0.019997
0.33451
0.143636
0.00788
0.014816
0.074454
0.008938
0.037127
0.000757
0.060328
0.131928
0.271828
0.00135
0.113365
0.006857
1
0.000246
0.000272
0.176917
0.018107
0.125706
0.004459
0.022483
1
0.023962
0.007664
0
0.500928
0.000182
0.250256
0
0.291927
0.00226
0.333944
0.298056
0.000207
0.062827
0.002345
7.8e-05
0.022401
0
0.014883
0.271508
0
0
0
0
0
0
0
0
