122
331
1 2 0.0192308
2 1 0.125
2 3 0.0454545
2 4 0.1
2 5 0.047619
2 6 0.0769231
2 8 0.0909091
2 9 0.0555556
2 14 0.125
2 18 0.125
2 21 0.111111
2 23 0.142857
2 30 0.2
2 51 0.142857
2 52 0.2
2 53 0.333333
3 2 0.0192308
3 9 0.0555556
3 10 0.0769231
3 12 0.333333
3 19 0.142857
3 25 0.2
3 29 0.2
3 46 0.25
4 2 0.0192308
4 15 0.1
5 2 0.0192308
5 7 0.2
5 9 0.0555556
5 32 0.25
5 33 0.2
5 43 0.333333
5 59 0.05
6 2 0.0192308
6 16 0.2
6 35 0.25
6 37 0.1
6 44 0.2
6 45 0.166667
7 5 0.047619
7 11 0.2
8 2 0.0192308
8 20 0.25
9 5 0.047619
9 2 0.0192308
9 3 0.0454545
9 13 0.333333
9 22 0.1
9 28 0.166667
9 42 0.166667
10 3 0.0454545
10 11 0.2
10 19 0.142857
10 26 0.5
11 10 0.0769231
11 7 0.2
12 3 0.0454545
13 9 0.0555556
14 2 0.0192308
14 3 0.0454545
14 12 0.333333
14 49 0.333333
14 50 0.333333
15 4 0.1
15 17 0.0666667
15 27 0.166667
15 36 0.25
16 6 0.0769231
16 37 0.1
17 15 0.1
17 24 0.2
17 39 0.2
17 41 0.333333
17 47 0.166667
18 2 0.0192308
18 21 0.111111
18 30 0.2
18 52 0.2
19 3 0.0454545
19 10 0.0769231
19 8 0.0909091
19 34 0.5
20 8 0.0909091
21 2 0.0192308
21 18 0.125
21 23 0.142857
21 51 0.142857
22 9 0.0555556
22 13 0.333333
22 28 0.166667
22 42 0.166667
22 59 0.05
23 2 0.0192308
23 21 0.111111
23 51 0.142857
24 17 0.0666667
24 5 0.047619
25 3 0.0454545
25 29 0.2
26 10 0.0769231
27 15 0.1
27 4 0.1
27 24 0.2
27 38 0.5
28 9 0.0555556
28 22 0.1
28 42 0.166667
29 3 0.0454545
29 25 0.2
30 2 0.0192308
30 18 0.125
31 23 0.142857
31 2 0.0192308
32 5 0.047619
32 33 0.2
33 32 0.25
33 5 0.047619
34 19 0.142857
35 6 0.0769231
35 37 0.1
36 15 0.1
36 4 0.1
37 6 0.0769231
37 16 0.2
37 35 0.25
37 44 0.2
37 45 0.166667
38 27 0.166667
39 17 0.0666667
39 47 0.166667
40 9 0.0555556
40 22 0.1
41 17 0.0666667
41 39 0.2
42 22 0.1
42 28 0.166667
42 9 0.0555556
43 5 0.047619
43 33 0.2
44 37 0.1
44 6 0.0769231
45 37 0.1
45 6 0.0769231
45 44 0.2
45 16 0.2
46 3 0.0454545
46 25 0.2
46 29 0.2
47 17 0.0666667
47 39 0.2
47 65 0.0227273
49 14 0.125
50 14 0.125
50 49 0.333333
51 2 0.0192308
51 23 0.142857
51 21 0.111111
52 2 0.0192308
52 18 0.125
52 21 0.111111
53 2 0.0192308
53 30 0.2
54 55 0.125
54 57 0.166667
55 54 0.0714286
55 56 0.5
55 58 0.5
56 55 0.125
57 54 0.0714286
58 55 0.125
59 5 0.047619
59 22 0.1
59 60 0.0833333
59 62 0.111111
59 64 0.25
60 59 0.05
60 61 0.2
60 62 0.111111
61 60 0.0833333
62 60 0.0833333
62 59 0.05
62 64 0.25
63 62 0.111111
64 59 0.05
64 62 0.111111
65 47 0.166667
65 5 0.047619
65 15 0.1
65 11 0.2
65 66 0.0625
65 67 0.0588235
65 69 0.142857
65 72 0.333333
65 73 0.142857
65 81 0.0909091
65 82 0.25
65 113 0.25
66 65 0.0227273
66 74 0.111111
66 77 0.142857
67 65 0.0227273
67 68 0.25
67 76 0.0588235
67 90 0.166667
67 93 0.25
67 110 0.25
68 67 0.0588235
69 65 0.0227273
69 71 0.0714286
70 67 0.0588235
70 68 0.25
70 83 0.125
70 91 0.125
71 69 0.142857
71 65 0.0227273
71 75 0.1
71 84 0.111111
71 85 0.142857
71 112 0.1
72 65 0.0227273
73 65 0.0227273
73 95 0.166667
74 66 0.0625
74 65 0.0227273
74 73 0.142857
75 71 0.0714286
75 85 0.142857
75 112 0.1
76 67 0.0588235
76 78 0.5
76 80 0.25
76 89 0.166667
76 94 0.0666667
76 96 0.1
77 66 0.0625
77 74 0.111111
77 92 0.5
78 76 0.0588235
79 88 0.333333
79 96 0.1
79 99 0.2
79 106 0.25
80 76 0.0588235
80 89 0.166667
81 65 0.0227273
81 82 0.25
81 113 0.25
82 65 0.0227273
82 81 0.0909091
83 70 0.0833333
83 87 0.166667
84 71 0.0714286
84 75 0.1
84 86 0.1
84 112 0.1
85 75 0.1
85 84 0.111111
85 71 0.0714286
85 112 0.1
86 84 0.111111
86 91 0.125
86 98 0.5
86 100 0.25
87 83 0.125
87 109 0.333333
88 79 0.0909091
89 80 0.25
89 76 0.0588235
89 94 0.0666667
90 67 0.0588235
90 93 0.25
90 110 0.25
91 70 0.0833333
91 86 0.1
91 107 0.5
92 77 0.142857
93 90 0.166667
93 67 0.0588235
94 89 0.166667
94 76 0.0588235
94 68 0.25
94 102 0.2
94 104 0.333333
94 105 0.25
95 73 0.142857
96 76 0.0588235
96 79 0.0909091
96 103 0.25
96 108 0.25
97 75 0.1
97 81 0.0909091
97 65 0.0227273
97 101 0.5
98 86 0.1
99 79 0.0909091
99 88 0.333333
99 106 0.25
100 86 0.1
101 97 0.142857
102 94 0.0666667
102 105 0.25
103 96 0.1
103 108 0.25
104 94 0.0666667
104 102 0.2
105 94 0.0666667
105 102 0.2
106 99 0.2
106 79 0.0909091
107 91 0.125
108 96 0.1
108 103 0.25
109 83 0.125
109 87 0.166667
110 67 0.0588235
110 90 0.166667
111 69 0.142857
112 75 0.1
112 84 0.111111
112 71 0.0714286
112 85 0.142857
113 65 0.0227273
113 81 0.0909091
114 115 0.166667
114 116 0.25
115 114 0.142857
115 117 0.5
116 114 0.142857
117 115 0.166667
120 121 0.25
121 120 0.166667
