0 7
1 2
2 1
3 6
6 3
7 0
7 8
7 12
7 17
7 30
7 52
7 55
8 7
8 9
8 10
8 11
8 13
8 19
8 20
8 23
8 33
8 41
8 42
8 47
8 50
8 53
8 60
8 72
8 75
8 76
8 78
8 103
9 8
9 21
9 26
9 31
9 82
9 87
9 90
10 8
10 16
10 33
10 43
10 45
10 96
11 8
11 130
12 7
12 18
12 28
13 8
13 14
13 15
13 34
13 73
13 92
13 98
14 13
14 25
14 44
14 45
15 13
15 86
16 10
16 39
16 51
17 7
17 37
17 52
17 55
17 99
17 127
18 12
18 57
19 8
19 27
19 48
20 8
20 22
20 24
20 41
20 61
21 9
21 31
21 38
21 58
22 20
22 24
22 41
22 47
22 61
23 8
23 42
24 20
24 22
24 41
24 47
24 127
25 14
25 44
25 49
25 89
25 102
26 9
26 31
26 36
26 65
27 19
27 49
28 12
28 18
28 57
28 95
28 105
29 40
30 7
30 17
30 29
31 9
31 26
31 21
32 56
32 85
33 8
33 10
33 35
33 59
33 93
33 109
34 13
34 73
35 33
35 59
35 93
35 109
35 130
36 26
37 17
37 52
37 55
37 127
38 21
38 58
39 16
40 29
41 20
41 22
41 8
41 24
41 64
41 70
42 8
42 23
42 41
42 10
42 63
42 66
42 100
42 240
43 10
44 14
44 25
45 44
45 10
45 14
45 46
45 74
45 84
45 88
46 45
46 32
46 108
47 22
47 8
47 24
47 56
48 21
48 38
48 19
49 27
49 46
49 25
49 91
50 8
50 23
50 53
50 60
50 97
50 116
51 16
51 9
51 68
52 17
52 7
52 20
52 37
52 54
53 50
53 8
54 52
55 17
55 37
55 7
55 62
55 80
56 32
56 47
56 67
57 18
57 12
57 28
57 95
57 99
57 105
58 21
58 38
59 33
59 35
59 93
59 109
60 50
60 8
60 19
60 69
60 104
61 20
61 22
61 24
62 55
63 42
63 71
63 77
64 41
64 70
65 26
66 10
66 42
66 77
67 56
68 51
69 60
69 104
69 107
70 41
70 64
71 23
71 63
71 11
71 8
72 8
72 53
72 75
73 34
73 13
74 45
75 72
75 8
76 8
76 75
77 66
77 42
77 63
77 94
77 100
78 72
78 8
79 51
79 68
80 55
81 74
82 9
82 87
83 55
84 45
84 88
85 32
86 15
87 9
87 82
88 84
88 45
89 25
90 9
90 87
91 49
92 13
93 33
93 59
93 35
93 109
94 77
94 42
94 63
95 57
95 28
95 116
96 10
97 8
97 50
98 13
98 73
99 57
99 17
99 80
100 42
100 77
101 92
102 44
102 25
102 14
102 129
103 8
104 60
104 69
105 28
105 12
105 57
106 65
107 69
107 60
107 104
108 46
109 33
109 59
109 35
109 93
110 111
110 114
111 110
111 112
112 111
114 110
114 115
115 114
116 63
116 52
116 94
116 95
116 50
116 117
117 116
117 118
117 119
117 120
118 117
118 121
119 117
120 117
120 121
120 122
121 120
121 118
121 124
122 120
122 124
122 126
123 117
124 122
124 121
124 125
125 118
125 124
126 121
126 122
127 37
127 17
127 24
127 128
128 127
129 1
129 25
129 125
129 102
129 26
130 50
130 13
130 11
130 35
130 131
130 133
130 138
130 142
130 148
130 149
130 162
130 163
130 167
130 171
130 184
130 192
131 130
131 134
131 136
131 146
131 190
131 205
132 176
133 130
133 138
133 141
133 148
133 181
133 184
133 207
134 131
134 166
135 141
135 189
136 131
136 140
136 147
136 205
137 139
137 193
137 224
138 130
138 133
138 144
138 165
139 137
139 145
139 150
139 182
139 198
139 203
140 136
140 170
141 135
141 130
141 133
141 142
141 159
141 164
141 168
141 172
141 177
141 200
141 206
141 212
142 130
142 141
142 143
142 185
142 186
142 204
142 213
142 222
143 142
144 138
144 152
144 155
144 173
144 179
144 214
145 139
146 131
146 183
146 201
147 136
148 130
148 133
148 162
149 130
149 163
149 167
149 207
150 139
150 202
151 154
151 178
151 180
151 191
151 211
151 216
152 144
152 173
152 179
152 214
153 140
153 132
154 151
154 130
154 217
154 226
155 144
155 152
155 214
156 130
156 131
157 144
157 152
157 154
157 185
158 160
158 180
158 188
159 139
159 141
159 174
159 194
159 196
159 197
159 202
160 158
161 146
162 130
162 148
162 181
163 130
163 133
163 149
163 219
164 141
165 138
166 134
166 183
167 130
167 149
168 141
169 203
169 205
170 140
171 130
171 155
171 163
171 154
171 199
171 220
172 141
173 152
173 144
173 179
174 159
174 187
174 194
174 196
175 165
175 138
176 132
176 153
177 141
177 168
177 208
178 151
178 185
178 204
179 155
179 152
179 144
179 173
180 178
180 151
180 158
181 133
181 163
181 162
181 130
182 139
182 198
183 166
183 146
184 130
184 133
184 149
184 187
185 142
185 157
185 178
185 186
185 204
186 185
186 144
186 142
187 174
187 184
187 215
187 223
188 158
188 218
189 135
190 131
191 151
191 157
192 154
192 130
193 137
193 224
194 159
194 174
194 202
194 209
195 141
195 177
196 174
196 194
196 159
196 197
196 240
197 194
197 196
197 159
197 202
197 209
198 139
198 182
199 171
199 220
200 141
200 177
201 146
202 174
202 194
202 197
202 150
202 159
203 169
203 139
203 131
204 185
204 178
204 142
205 169
205 136
205 131
205 193
206 141
206 172
207 130
207 149
207 133
207 181
208 206
208 177
208 202
208 210
208 227
209 197
209 194
209 174
210 208
211 151
212 141
213 142
214 152
214 155
214 144
215 187
215 223
216 151
217 192
217 154
217 211
218 188
219 163
219 181
219 130
219 149
220 171
220 199
221 164
222 142
223 187
223 215
224 137
224 193
225 220
225 186
225 133
225 141
226 154
227 208
230 233
232 230
233 230
234 239
239 234
240 196
240 42
240 242
241 240
242 240
