243
681
0 7 0.0625
1 2 0.5
2 1 0.142857
3 6 0.5
6 3 0.2
7 0 0.166667
7 8 0.02
7 12 0.125
7 17 0.0625
7 30 0.166667
7 52 0.0833333
7 55 0.0769231
8 7 0.0625
8 9 0.05
8 10 0.0625
8 11 0.142857
8 13 0.0588235
8 19 0.111111
8 20 0.0769231
8 23 0.166667
8 33 0.0769231
8 41 0.0666667
8 42 0.0625
8 47 0.0769231
8 50 0.0833333
8 53 0.2
8 60 0.1
8 72 0.125
8 75 0.2
8 76 0.25
8 78 0.333333
8 103 0.5
9 8 0.02
9 21 0.0909091
9 26 0.0666667
9 31 0.166667
9 82 0.25
9 87 0.2
9 90 0.333333
10 8 0.02
10 16 0.111111
10 33 0.0769231
10 43 0.5
10 45 0.0714286
10 96 0.5
11 8 0.02
11 130 0.0222222
12 7 0.0625
12 18 0.166667
12 28 0.0769231
13 8 0.02
13 14 0.1
13 15 0.166667
13 34 0.25
13 73 0.2
13 92 0.166667
13 98 0.333333
14 13 0.0588235
14 25 0.0769231
14 44 0.166667
14 45 0.0714286
15 13 0.0588235
15 86 0.25
16 10 0.0625
16 39 0.5
16 51 0.125
17 7 0.0625
17 37 0.125
17 52 0.0833333
17 55 0.0769231
17 99 0.2
17 127 0.0909091
18 12 0.125
18 57 0.0588235
19 8 0.02
19 27 0.1
19 48 0.25
20 8 0.02
20 22 0.0769231
20 24 0.0909091
20 41 0.0666667
20 61 0.166667
21 9 0.05
21 31 0.166667
21 38 0.2
21 58 0.25
22 20 0.0769231
22 24 0.0909091
22 41 0.0666667
22 47 0.0769231
22 61 0.166667
23 8 0.02
23 42 0.0625
24 20 0.0769231
24 22 0.0769231
24 41 0.0666667
24 47 0.0769231
24 127 0.0909091
25 14 0.1
25 44 0.166667
25 49 0.142857
25 89 0.166667
25 102 0.125
26 9 0.05
26 31 0.166667
26 36 0.5
26 65 0.333333
27 19 0.111111
27 49 0.142857
28 12 0.125
28 18 0.166667
28 57 0.0588235
28 95 0.125
28 105 0.2
29 40 0.5
30 7 0.0625
30 17 0.0625
30 29 0.111111
31 9 0.05
31 26 0.0666667
31 21 0.0909091
32 56 0.166667
32 85 0.5
33 8 0.02
33 10 0.0625
33 35 0.0833333
33 59 0.125
33 93 0.125
33 109 0.125
34 13 0.0588235
34 73 0.2
35 33 0.0769231
35 59 0.125
35 93 0.125
35 109 0.125
35 130 0.0222222
36 26 0.0666667
37 17 0.0625
37 52 0.0833333
37 55 0.0769231
37 127 0.0909091
38 21 0.0909091
38 58 0.25
39 16 0.111111
40 29 0.111111
41 20 0.0769231
41 22 0.0769231
41 8 0.02
41 24 0.0909091
41 64 0.25
41 70 0.25
42 8 0.02
42 23 0.166667
42 41 0.0666667
42 10 0.0625
42 63 0.125
42 66 0.2
42 100 0.25
42 240 0.0526316
43 10 0.0625
44 14 0.1
44 25 0.0769231
45 44 0.166667
45 10 0.0625
45 14 0.1
45 46 0.125
45 74 0.2
45 84 0.25
45 88 0.125
46 45 0.0714286
46 32 0.125
46 108 0.5
47 22 0.0769231
47 8 0.02
47 24 0.0909091
47 56 0.166667
48 21 0.0909091
48 38 0.2
48 19 0.111111
49 27 0.1
49 46 0.125
49 25 0.0769231
49 91 0.5
50 8 0.02
50 23 0.166667
50 53 0.2
50 60 0.1
50 97 0.333333
50 116 0.0833333
51 16 0.111111
51 9 0.05
51 68 0.333333
52 17 0.0625
52 7 0.0625
52 20 0.0769231
52 37 0.125
52 54 0.333333
53 50 0.0833333
53 8 0.02
54 52 0.0833333
55 17 0.0625
55 37 0.125
55 7 0.0625
55 62 0.5
55 80 0.25
56 32 0.125
56 47 0.0769231
56 67 0.5
57 18 0.166667
57 12 0.125
57 28 0.0769231
57 95 0.125
57 99 0.2
57 105 0.2
58 21 0.0909091
58 38 0.2
59 33 0.0769231
59 35 0.0833333
59 93 0.125
59 109 0.125
60 50 0.0833333
60 8 0.02
60 19 0.111111
60 69 0.166667
60 104 0.2
61 20 0.0769231
61 22 0.0769231
61 24 0.0909091
62 55 0.0769231
63 42 0.0625
63 71 0.2
63 77 0.111111
64 41 0.0666667
64 70 0.25
65 26 0.0666667
66 10 0.0625
66 42 0.0625
66 77 0.111111
67 56 0.166667
68 51 0.125
69 60 0.1
69 104 0.2
69 107 0.25
70 41 0.0666667
70 64 0.25
71 23 0.166667
71 63 0.125
71 11 0.142857
71 8 0.02
72 8 0.02
72 53 0.2
72 75 0.2
73 34 0.25
73 13 0.0588235
74 45 0.0714286
75 72 0.125
75 8 0.02
76 8 0.02
76 75 0.2
77 66 0.2
77 42 0.0625
77 63 0.125
77 94 0.2
77 100 0.25
78 72 0.125
78 8 0.02
79 51 0.125
79 68 0.333333
80 55 0.0769231
81 74 0.2
82 9 0.05
82 87 0.2
83 55 0.0769231
84 45 0.0714286
84 88 0.125
85 32 0.125
86 15 0.166667
87 9 0.05
87 82 0.25
88 84 0.25
88 45 0.0714286
89 25 0.0769231
90 9 0.05
90 87 0.2
91 49 0.142857
92 13 0.0588235
93 33 0.0769231
93 59 0.125
93 35 0.0833333
93 109 0.125
94 77 0.111111
94 42 0.0625
94 63 0.125
95 57 0.0588235
95 28 0.0769231
95 116 0.0833333
96 10 0.0625
97 8 0.02
97 50 0.0833333
98 13 0.0588235
98 73 0.2
99 57 0.0588235
99 17 0.0625
99 80 0.25
100 42 0.0625
100 77 0.111111
101 92 0.166667
102 44 0.166667
102 25 0.0769231
102 14 0.1
102 129 0.125
103 8 0.02
104 60 0.1
104 69 0.166667
105 28 0.0769231
105 12 0.125
105 57 0.0588235
106 65 0.333333
107 69 0.166667
107 60 0.1
107 104 0.2
108 46 0.125
109 33 0.0769231
109 59 0.125
109 35 0.0833333
109 93 0.125
110 111 0.25
110 114 0.25
111 110 0.125
111 112 0.5
112 111 0.25
114 110 0.125
114 115 0.25
115 114 0.25
116 63 0.125
116 52 0.0833333
116 94 0.2
116 95 0.125
116 50 0.0833333
116 117 0.0625
117 116 0.0833333
117 118 0.142857
117 119 0.333333
117 120 0.125
118 117 0.0625
118 121 0.125
119 117 0.0625
120 117 0.0625
120 121 0.125
120 122 0.125
121 120 0.125
121 118 0.142857
121 124 0.166667
122 120 0.125
122 124 0.166667
122 126 0.333333
123 117 0.0625
124 122 0.125
124 121 0.125
124 125 0.25
125 118 0.142857
125 124 0.166667
126 121 0.125
126 122 0.125
127 37 0.125
127 17 0.0625
127 24 0.0909091
127 128 0.2
128 127 0.0909091
129 1 0.142857
129 25 0.0769231
129 125 0.25
129 102 0.125
129 26 0.0666667
130 50 0.0833333
130 13 0.0588235
130 11 0.142857
130 35 0.0833333
130 131 0.047619
130 133 0.0625
130 138 0.1
130 142 0.05
130 148 0.166667
130 149 0.1
130 162 0.166667
130 163 0.111111
130 167 0.25
130 171 0.111111
130 184 0.142857
130 192 0.166667
131 130 0.0222222
131 134 0.25
131 136 0.125
131 146 0.1
131 190 0.5
131 205 0.142857
132 176 0.2
133 130 0.0222222
133 138 0.1
133 141 0.037037
133 148 0.166667
133 181 0.125
133 184 0.142857
133 207 0.166667
134 131 0.047619
134 166 0.25
135 141 0.037037
135 189 0.25
136 131 0.047619
136 140 0.142857
136 147 0.5
136 205 0.142857
137 139 0.0526316
137 193 0.2
137 224 0.25
138 130 0.0222222
138 133 0.0625
138 144 0.0625
138 165 0.333333
139 137 0.125
139 145 0.25
139 150 0.25
139 182 0.25
139 198 0.25
139 203 0.2
140 136 0.125
140 170 0.5
141 135 0.166667
141 130 0.0222222
141 133 0.0625
141 142 0.05
141 159 0.0666667
141 164 0.25
141 168 0.333333
141 172 0.333333
141 177 0.142857
141 200 0.333333
141 206 0.25
141 212 0.5
142 130 0.0222222
142 141 0.037037
142 143 0.25
142 185 0.0769231
142 186 0.166667
142 204 0.125
142 213 0.5
142 222 0.5
143 142 0.05
144 138 0.1
144 152 0.0909091
144 155 0.111111
144 173 0.166667
144 179 0.142857
144 214 0.142857
145 139 0.0526316
146 131 0.047619
146 183 0.166667
146 201 0.25
147 136 0.125
148 130 0.0222222
148 133 0.0625
148 162 0.166667
149 130 0.0222222
149 163 0.111111
149 167 0.25
149 207 0.166667
150 139 0.0526316
150 202 0.1
151 154 0.0833333
151 178 0.1
151 180 0.2
151 191 0.333333
151 211 0.25
151 216 0.5
152 144 0.0625
152 173 0.166667
152 179 0.142857
152 214 0.142857
153 140 0.142857
153 132 0.142857
154 151 0.0625
154 130 0.0222222
154 217 0.25
154 226 0.5
155 144 0.0625
155 152 0.0909091
155 214 0.142857
156 130 0.0222222
156 131 0.047619
157 144 0.0625
157 152 0.0909091
157 154 0.0833333
157 185 0.0769231
158 160 0.5
158 180 0.2
158 188 0.166667
159 139 0.0526316
159 141 0.037037
159 174 0.1
159 194 0.1
159 196 0.111111
159 197 0.111111
159 202 0.1
160 158 0.125
161 146 0.1
162 130 0.0222222
162 148 0.166667
162 181 0.125
163 130 0.0222222
163 133 0.0625
163 149 0.1
163 219 0.2
164 141 0.037037
165 138 0.1
166 134 0.25
166 183 0.166667
167 130 0.0222222
167 149 0.1
168 141 0.037037
169 203 0.2
169 205 0.142857
170 140 0.142857
171 130 0.0222222
171 155 0.111111
171 163 0.111111
171 154 0.0833333
171 199 0.25
171 220 0.142857
172 141 0.037037
173 152 0.0909091
173 144 0.0625
173 179 0.142857
174 159 0.0666667
174 187 0.0909091
174 194 0.1
174 196 0.111111
175 165 0.333333
175 138 0.1
176 132 0.142857
176 153 0.25
177 141 0.037037
177 168 0.333333
177 208 0.111111
178 151 0.0625
178 185 0.0769231
178 204 0.125
179 155 0.111111
179 152 0.0909091
179 144 0.0625
179 173 0.166667
180 178 0.1
180 151 0.0625
180 158 0.125
181 133 0.0625
181 163 0.111111
181 162 0.166667
181 130 0.0222222
182 139 0.0526316
182 198 0.25
183 166 0.25
183 146 0.1
184 130 0.0222222
184 133 0.0625
184 149 0.1
184 187 0.0909091
185 142 0.05
185 157 0.142857
185 178 0.1
185 186 0.166667
185 204 0.125
186 185 0.0769231
186 144 0.0625
186 142 0.05
187 174 0.1
187 184 0.142857
187 215 0.25
187 223 0.25
188 158 0.125
188 218 0.5
189 135 0.166667
190 131 0.047619
191 151 0.0625
191 157 0.142857
192 154 0.0833333
192 130 0.0222222
193 137 0.125
193 224 0.25
194 159 0.0666667
194 174 0.1
194 202 0.1
194 209 0.2
195 141 0.037037
195 177 0.142857
196 174 0.1
196 194 0.1
196 159 0.0666667
196 197 0.111111
196 240 0.0526316
197 194 0.1
197 196 0.111111
197 159 0.0666667
197 202 0.1
197 209 0.2
198 139 0.0526316
198 182 0.25
199 171 0.111111
199 220 0.142857
200 141 0.037037
200 177 0.142857
201 146 0.1
202 174 0.1
202 194 0.1
202 197 0.111111
202 150 0.25
202 159 0.0666667
203 169 0.166667
203 139 0.0526316
203 131 0.047619
204 185 0.0769231
204 178 0.1
204 142 0.05
205 169 0.166667
205 136 0.125
205 131 0.047619
205 193 0.2
206 141 0.037037
206 172 0.333333
207 130 0.0222222
207 149 0.1
207 133 0.0625
207 181 0.125
208 206 0.25
208 177 0.142857
208 202 0.1
208 210 0.5
208 227 0.5
209 197 0.111111
209 194 0.1
209 174 0.1
210 208 0.111111
211 151 0.0625
212 141 0.037037
213 142 0.05
214 152 0.0909091
214 155 0.111111
214 144 0.0625
215 187 0.0909091
215 223 0.25
216 151 0.0625
217 192 0.166667
217 154 0.0833333
217 211 0.25
218 188 0.166667
219 163 0.111111
219 181 0.125
219 130 0.0222222
219 149 0.1
220 171 0.111111
220 199 0.25
221 164 0.25
222 142 0.05
223 187 0.0909091
223 215 0.25
224 137 0.125
224 193 0.2
225 220 0.142857
225 186 0.166667
225 133 0.0625
225 141 0.037037
226 154 0.0833333
227 208 0.111111
230 233 0.5
232 230 0.142857
233 230 0.142857
234 239 0.5
239 234 0.25
240 196 0.111111
240 42 0.0625
240 242 0.25
241 240 0.0526316
242 240 0.0526316
