0.022967
7.6e-05
4.4e-05
0
0
0
0
0.137745
1
1
0.131569
0.266507
0.191538
1
0.206084
0.166556
0.014824
0.093464
0.205039
0.123081
0.08643
0.108751
0.021143
0.201433
0.026655
0.030438
0.078057
0.012662
0.11271
0.002613
0.023119
0.189363
0.017513
0.094343
0.298533
0.093709
0.038916
0.138637
0.032261
0.007368
0.001331
0.078863
0.074812
0.065737
0.195195
1
0.126871
0.07949
0.03063
0.006114
0.183958
0.00188
0.032198
0.256419
0.010819
1
0.015788
1
0.032867
0.02832
0.117009
0.017582
0.499496
0.014012
0.023513
0.025989
0.015783
0.007948
0.000618
0.023152
0.023284
0.002778
0.18785
0.292124
0.200584
0.266405
0.250855
0.005771
0.3337
0
0.290811
0
0.29862
0
0.274812
0.008672
0.041686
0.291888
0.153968
0.005171
0.333559
0.003078
0.168033
0.028135
0.006409
0.138804
0.06565
0.061156
0.33344
0.214604
0.019463
0
0.003836
0.499989
0.027687
0.216511
0
0.005861
0.063555
0.028185
0
0
0
0
0
0
0.026707
0.00164
0.000267
0.000559
0.00021
6.4e-05
4.1e-05
0
4.1e-05
0.00011
9e-06
0.022778
0.004695
0.000482
1
1
0
0.155923
0.251879
0.166378
0.142398
0.130319
0.116088
1
0.020424
1
1
0.250302
0.023709
0.251224
0.102076
0.071242
0.210253
0.152845
0.271918
1
0.01004
0
0.110081
0.016094
0
0.062172
0.025296
0.076975
0.012816
0
0.196589
0.141395
0.250663
0.038379
0.066895
0.275629
0.39993
0.059053
0.010275
0.112436
0.431712
0.006
0.025886
0
0
0.299982
0.139598
0.005312
0.200671
0.051928
0.298021
0.02737
0.162292
0.111152
0.180817
0.016965
0.004085
0.041618
0.500697
0.333034
0.170505
0.061961
0.025995
0
0.014144
0.024375
0.298547
0.031341
0.33424
0.025728
0.131453
0.205058
0.150963
0.162659
0.439152
0.049853
1
0.009665
0.500786
0.255722
0.501798
0.499752
0.006683
0.005002
0.50062
0.02789
0.002019
0.028568
0.019413
0
0.500059
0.005043
0.044685
0
0.054953
0.500469
0
0
0
0
0
0
0
0
0
0
0
0
0.004664
0
0.001177
