0 1
0 49
1 0
1 2
1 3
1 4
1 5
1 6
1 7
1 8
1 9
1 10
1 22
1 34
1 49
1 101
2 1
2 32
2 34
3 1
4 1
4 10
4 11
4 19
5 1
5 10
5 22
5 34
6 1
6 8
6 9
6 22
7 2
7 5
7 1
7 17
7 18
7 43
8 1
8 6
8 5
8 32
9 1
9 6
9 11
9 16
10 5
10 1
10 4
10 11
10 15
10 29
10 31
10 38
11 10
11 4
11 9
11 12
11 14
11 25
11 42
12 11
12 9
12 45
13 17
13 20
13 36
13 46
14 11
15 10
15 29
15 31
16 9
16 37
17 7
17 13
18 7
18 1
18 23
18 28
18 33
19 4
20 13
20 26
21 6
21 5
21 8
21 32
22 1
22 6
22 5
23 18
24 12
25 11
26 20
27 16
27 35
28 18
29 10
29 15
29 31
29 38
29 39
31 15
31 29
31 10
31 39
32 1
32 8
32 21
32 2
33 18
33 28
34 5
34 2
34 1
35 27
36 13
37 16
38 29
38 10
39 29
39 20
39 31
40 30
40 44
41 30
41 26
42 14
42 11
43 7
44 40
45 12
46 10
46 14
46 13
47 48
48 47
49 1
49 0
51 52
51 53
51 59
52 51
52 54
52 55
52 56
53 51
53 62
53 68
53 94
54 52
54 59
54 65
54 76
55 52
55 69
55 70
55 73
55 77
55 83
56 52
57 61
57 80
58 96
59 54
59 51
59 52
59 60
59 79
59 88
60 59
60 71
60 74
60 82
61 57
61 80
62 53
62 67
62 81
62 87
62 93
63 60
63 64
63 72
63 78
63 85
64 63
64 72
64 85
64 91
65 54
65 76
66 51
67 62
68 53
68 67
68 92
69 55
69 70
69 73
69 83
70 69
70 55
70 73
71 60
71 82
72 64
72 63
72 78
72 79
72 90
73 70
73 69
73 55
73 77
73 83
74 72
74 60
75 64
75 57
75 72
75 89
75 97
76 54
76 65
77 55
77 73
77 69
78 72
78 63
78 64
78 79
78 91
79 59
79 64
79 61
79 72
79 78
79 95
79 96
80 57
80 61
81 53
81 72
81 62
82 71
82 60
83 55
83 69
83 73
83 84
83 86
84 83
84 86
85 72
85 78
85 64
85 63
86 83
86 84
87 62
88 59
89 75
89 97
90 64
90 63
90 72
91 78
91 72
91 64
92 68
93 67
93 62
94 53
95 79
96 58
96 79
96 94
97 75
97 89
101 1
