103
282
0 1 0.02
0 49 0.1
1 0 0.125
1 2 0.142857
1 3 0.25
1 4 0.0714286
1 5 0.0625
1 6 0.0909091
1 7 0.0769231
1 8 0.1
1 9 0.0769231
1 10 0.0526316
1 22 0.125
1 34 0.166667
1 49 0.1
1 101 0.0769231
2 1 0.02
2 32 0.142857
2 34 0.166667
3 1 0.02
4 1 0.02
4 10 0.0526316
4 11 0.0555556
4 19 0.5
5 1 0.02
5 10 0.0526316
5 22 0.125
5 34 0.166667
6 1 0.02
6 8 0.1
6 9 0.0769231
6 22 0.125
7 2 0.142857
7 5 0.0625
7 1 0.02
7 17 0.142857
7 18 0.1
7 43 0.5
8 1 0.02
8 6 0.0909091
8 5 0.0625
8 32 0.142857
9 1 0.02
9 6 0.0909091
9 11 0.0555556
9 16 0.111111
10 5 0.0625
10 1 0.02
10 4 0.0714286
10 11 0.0555556
10 15 0.125
10 29 0.1
10 31 0.111111
10 38 0.2
11 10 0.0526316
11 4 0.0714286
11 9 0.0769231
11 12 0.125
11 14 0.166667
11 25 0.333333
11 42 0.333333
12 11 0.0555556
12 9 0.0769231
12 45 0.5
13 17 0.142857
13 20 0.2
13 36 0.5
13 46 0.0909091
14 11 0.0555556
15 10 0.0526316
15 29 0.1
15 31 0.111111
16 9 0.0769231
16 37 0.5
17 7 0.0769231
17 13 0.0833333
18 7 0.0769231
18 1 0.02
18 23 0.5
18 28 0.333333
18 33 0.333333
19 4 0.0714286
20 13 0.0833333
20 26 0.333333
21 6 0.0909091
21 5 0.0625
21 8 0.1
21 32 0.142857
22 1 0.02
22 6 0.0909091
22 5 0.0625
23 18 0.1
24 12 0.125
25 11 0.0555556
26 20 0.2
27 16 0.111111
27 35 0.5
28 18 0.1
29 10 0.0526316
29 15 0.125
29 31 0.111111
29 38 0.2
29 39 0.142857
31 15 0.125
31 29 0.1
31 10 0.0526316
31 39 0.142857
32 1 0.02
32 8 0.1
32 21 0.142857
32 2 0.142857
33 18 0.1
33 28 0.333333
34 5 0.0625
34 2 0.142857
34 1 0.02
35 27 0.166667
36 13 0.0833333
37 16 0.111111
38 29 0.1
38 10 0.0526316
39 29 0.1
39 20 0.2
39 31 0.111111
40 30 0.2
40 44 0.5
41 30 0.2
41 26 0.333333
42 14 0.166667
42 11 0.0555556
43 7 0.0769231
44 40 0.2
45 12 0.125
46 10 0.0526316
46 14 0.166667
46 13 0.0833333
47 48 0.2
48 47 0.166667
49 1 0.02
49 0 0.125
51 52 0.0833333
51 53 0.0714286
51 59 0.0714286
52 51 0.047619
52 54 0.0833333
52 55 0.0625
52 56 0.25
53 51 0.047619
53 62 0.0769231
53 68 0.111111
53 94 0.333333
54 52 0.0833333
54 59 0.0714286
54 65 0.142857
54 76 0.25
55 52 0.0833333
55 69 0.111111
55 70 0.166667
55 73 0.1
55 77 0.2
55 83 0.1
56 52 0.0833333
57 61 0.166667
57 80 0.2
58 96 0.142857
59 54 0.0833333
59 51 0.047619
59 52 0.0833333
59 60 0.0833333
59 79 0.0833333
59 88 0.5
60 59 0.0714286
60 71 0.25
60 74 0.25
60 82 0.2
61 57 0.125
61 80 0.2
62 53 0.0714286
62 67 0.25
62 81 0.166667
62 87 0.5
62 93 0.333333
63 60 0.0833333
63 64 0.0714286
63 72 0.0666667
63 78 0.1
63 85 0.166667
64 63 0.0714286
64 72 0.0666667
64 85 0.166667
64 91 0.2
65 54 0.0833333
65 76 0.25
66 51 0.047619
67 62 0.0769231
68 53 0.0714286
68 67 0.25
68 92 0.5
69 55 0.0625
69 70 0.166667
69 73 0.1
69 83 0.1
70 69 0.111111
70 55 0.0625
70 73 0.1
71 60 0.0833333
71 82 0.2
72 64 0.0714286
72 63 0.0714286
72 78 0.1
72 79 0.0833333
72 90 0.25
73 70 0.166667
73 69 0.111111
73 55 0.0625
73 77 0.2
73 83 0.1
74 72 0.0666667
74 60 0.0833333
75 64 0.0714286
75 57 0.125
75 72 0.0666667
75 89 0.25
75 97 0.25
76 54 0.0833333
76 65 0.142857
77 55 0.0625
77 73 0.1
77 69 0.111111
78 72 0.0666667
78 63 0.0714286
78 64 0.0714286
78 79 0.0833333
78 91 0.2
79 59 0.0714286
79 64 0.0714286
79 61 0.166667
79 72 0.0666667
79 78 0.1
79 95 0.5
79 96 0.142857
80 57 0.125
80 61 0.166667
81 53 0.0714286
81 72 0.0666667
81 62 0.0769231
82 71 0.25
82 60 0.0833333
83 55 0.0625
83 69 0.111111
83 73 0.1
83 84 0.25
83 86 0.25
84 83 0.1
84 86 0.25
85 72 0.0666667
85 78 0.1
85 64 0.0714286
85 63 0.0714286
86 83 0.1
86 84 0.25
87 62 0.0769231
88 59 0.0714286
89 75 0.0909091
89 97 0.25
90 64 0.0714286
90 63 0.0714286
90 72 0.0666667
91 78 0.1
91 72 0.0666667
91 64 0.0714286
92 68 0.111111
93 67 0.25
93 62 0.0769231
94 53 0.0714286
95 79 0.0833333
96 58 0.166667
96 79 0.0833333
96 94 0.333333
97 75 0.0909091
97 89 0.25
101 1 0.02
