0.136559
1
0.184433
0.250805
0.145137
0.104037
0.123539
0.148019
0.114306
0.163508
0.114072
1
0.125531
0.001815
0.213193
0.01757
0.018174
0.021006
1
0.072396
0.001301
0.005782
0.149367
0.500251
0
0.332815
0.000437
0
0.406992
0.016469
0
0.016134
0.041622
0.332776
0.202059
0
0.000868
0.009176
0.02516
0.004564
0
0
0.333609
0.074097
0
0.062925
0.000159
0
0
0.112379
0
0.008257
0.013795
0.086316
0.00706
0.080459
0.0034
0.024824
0.023678
0.072516
0.007946
0.166695
1
0.022869
0.087946
0.001274
0
0.314357
0.009771
0.13465
0.05227
0.002306
0.09278
0.121168
0.001977
0
0.001944
0.039237
0.111862
1
0.036686
0.166563
0.001912
1
0.298068
0.01784
0.298648
0.500998
0.036082
0
0.023411
0.038982
0.004839
0.332926
0.073927
0.500526
0.142852
0
0
0
0
0.077077
0
