0 1
0 2
0 3
1 0
2 0
2 4
3 0
4 2
6 7
6 9
6 42
6 43
6 94
7 6
7 10
7 12
7 14
7 25
7 37
7 64
7 86
7 102
7 123
8 17
8 19
8 26
8 50
8 51
8 76
9 6
9 11
9 13
9 60
9 84
10 7
10 24
10 30
10 32
10 48
10 68
10 73
11 9
11 21
11 40
11 52
11 60
11 231
12 7
12 14
12 23
13 9
13 22
13 53
14 7
14 12
14 23
14 24
14 51
14 67
15 16
15 27
15 43
15 101
16 15
16 27
16 101
17 8
17 18
17 20
17 38
17 46
17 61
17 74
17 92
17 123
18 17
18 45
18 80
18 90
18 95
18 97
19 8
19 76
20 17
20 14
20 24
20 28
20 29
20 33
20 63
20 96
21 11
21 40
21 44
21 52
21 59
21 60
21 100
22 13
22 53
23 14
23 12
23 31
24 14
24 20
24 10
24 39
24 41
25 7
26 8
26 34
26 35
26 56
26 89
27 15
27 16
27 44
28 20
28 29
28 33
28 63
28 96
28 210
29 20
29 28
29 10
29 32
29 47
29 88
30 10
30 29
30 28
31 23
32 10
32 29
33 28
33 29
33 20
33 34
33 54
33 77
33 81
33 82
34 26
34 33
34 36
34 49
34 72
34 75
34 78
34 83
34 85
35 26
35 56
35 89
36 34
36 75
36 83
37 7
38 17
38 46
39 24
39 41
40 21
40 11
40 52
40 57
40 60
41 24
41 39
42 6
43 15
43 6
43 79
44 27
44 21
44 43
44 66
44 99
45 18
45 95
45 97
46 17
46 38
47 29
47 34
47 70
47 91
48 10
49 34
49 36
49 57
49 72
49 75
49 104
50 8
51 28
51 8
51 14
51 55
51 62
52 9
52 11
52 40
52 21
53 22
53 13
54 33
54 77
54 105
55 51
55 62
55 65
56 26
56 35
57 40
57 36
57 11
57 49
57 70
58 28
58 20
58 93
59 21
59 11
60 11
60 40
60 21
60 9
60 69
60 71
60 98
60 231
61 17
62 51
62 55
63 20
63 28
63 93
64 7
64 86
65 62
65 55
65 51
66 44
67 14
68 10
69 60
69 98
70 21
70 57
70 47
71 60
72 34
72 49
73 10
73 68
74 17
74 38
74 46
75 36
75 34
75 49
75 85
75 103
76 8
76 19
76 50
77 33
77 54
77 210
78 34
78 36
79 43
80 45
80 18
81 33
81 82
81 123
82 33
82 54
82 81
82 105
83 36
83 75
83 34
84 9
84 231
85 75
85 34
85 104
86 7
86 64
87 23
88 29
89 26
89 35
89 56
90 18
90 45
90 95
91 47
92 17
92 61
93 28
93 58
93 63
93 20
94 6
95 18
95 90
95 45
95 97
96 20
96 28
96 63
96 93
96 231
97 18
97 95
97 45
98 60
98 69
99 44
100 21
100 11
101 15
101 16
102 7
102 64
103 75
103 34
103 36
104 85
104 49
104 34
104 36
105 82
105 33
105 54
106 108
106 112
106 219
108 106
108 110
110 108
110 111
110 113
110 114
111 110
111 113
112 106
112 114
112 123
113 111
113 110
114 106
114 110
114 112
117 118
118 117
123 81
123 63
123 7
123 17
123 112
123 124
124 123
125 127
125 133
125 144
125 151
125 157
125 162
125 169
125 195
126 129
126 131
126 143
126 153
126 179
126 186
126 204
127 125
127 128
127 130
127 134
127 136
127 138
127 141
127 159
127 176
127 177
127 181
128 127
128 138
128 139
128 165
128 192
128 221
129 126
129 131
129 153
129 204
130 127
130 132
130 135
130 146
130 148
130 149
130 150
130 155
130 163
130 170
130 183
130 189
130 190
131 129
131 126
131 147
131 187
131 200
132 130
132 135
132 149
132 154
132 156
132 207
133 125
133 140
133 166
134 127
134 133
134 145
134 171
135 132
135 130
135 151
135 160
135 173
135 191
135 194
136 127
136 142
136 181
136 185
136 231
137 130
137 152
137 175
137 206
137 207
138 127
138 128
138 168
138 175
138 196
139 128
139 167
139 174
139 178
139 196
140 133
140 166
141 127
142 136
143 129
143 126
144 125
144 162
145 134
146 130
146 133
147 131
147 200
148 130
148 134
148 133
148 193
148 201
149 132
149 130
149 202
150 130
151 125
151 135
151 148
151 158
152 137
152 164
152 165
152 175
152 188
153 126
153 129
153 131
153 161
153 182
154 132
155 130
156 132
156 154
157 125
158 151
158 180
159 127
160 135
160 173
160 179
160 194
161 153
161 126
162 144
162 125
163 130
163 183
164 152
164 137
165 128
165 152
165 137
166 133
166 140
167 139
167 174
167 178
167 185
167 199
168 138
169 125
169 162
170 130
170 189
170 190
171 134
171 145
172 146
173 160
173 135
173 191
173 194
174 167
174 139
175 152
175 127
175 138
175 137
175 184
176 127
177 127
177 181
178 139
178 167
179 126
179 160
179 180
180 151
180 179
180 158
180 195
181 177
181 127
181 136
182 153
183 130
183 163
184 175
185 136
185 142
185 167
185 196
185 197
186 126
187 131
188 137
188 164
188 152
188 206
189 130
189 170
190 130
190 170
191 135
191 173
191 160
191 205
192 128
193 148
193 201
194 173
194 135
194 160
195 125
195 180
195 162
195 147
195 198
196 139
196 185
196 138
196 174
196 178
197 185
198 195
199 167
200 131
200 147
201 193
201 148
202 149
203 189
203 155
203 130
204 129
204 186
204 126
205 191
205 173
205 194
205 135
206 137
206 188
207 137
207 132
207 152
207 151
208 209
209 208
210 46
210 77
210 28
210 211
210 213
210 215
210 218
211 210
212 211
212 215
213 210
213 216
215 212
215 210
215 217
216 213
216 217
217 215
217 216
218 215
218 210
219 106
219 125
219 41
219 63
219 28
219 220
220 219
221 174
221 11
221 128
221 222
221 227
221 228
222 221
222 223
222 225
223 222
223 224
224 223
224 226
224 229
224 230
225 222
226 224
227 221
228 221
229 224
230 224
231 84
231 60
231 136
231 11
231 96
231 232
231 233
231 234
231 235
232 231
233 231
233 234
234 231
234 233
235 231
