0
0
0
0
0
0
0.071683
1
0.07935
0.040321
1
0.110407
0.180655
0.006721
0.1019
0.02686
0.025508
1
0.076789
0.022852
0.07382
0.075523
0.001979
0.030913
0.096546
0.500037
0.1072
0.127572
0.033505
0.049959
0.251038
0.015518
0.256586
0.059566
1
0.02431
0.149266
0.500872
0.271205
0.02806
0.028497
0.023276
0.036193
0.12011
1
0.016912
0.23348
0.007542
0.500653
0.12454
0.030695
0.012932
0.025681
0.002026
0.009546
0.00254
0.028522
0.013855
0.006273
0.025056
0.0765
0.407734
0.003032
0.046966
0.290854
0.00065
0.500502
0.050898
0.408436
0.022759
0.004202
0.038253
0.270158
0.334688
0.250902
0.142616
0.019221
0.011372
0.334011
0.059944
0.025537
0.039588
0.014061
0.222039
0.254749
0.187107
0.298249
0
0.024974
0.024832
0.017586
0.003729
0.333708
0.025616
0.035791
0.014447
0.136154
0.016576
0.022938
0.501009
0.02527
0.012388
0.333309
0.03588
0.050324
0.004516
0.002699
0
0.00088
0
0.000872
0.000261
0.02918
0.000257
0.00588
0
0
0
0
0
0
0
0
0.17463
0.087253
1
1
1
0.133979
0.170532
1
0.099834
0.075872
0.160507
0.124242
0.063575
0.209356
0.003921
0.07106
0.0262
0.047437
0.501672
0.075625
0.201419
0.197197
0.050617
0.250487
0.048781
0.124128
0.17568
0.501717
0.12299
0.00477
0.128031
0.03114
0.334306
0.025438
0.499978
0.039421
0.500205
0.028648
0.042597
0.240796
0.201569
0.001325
0.027383
0.047797
0.018245
0.035685
0.250899
0.228365
0.041507
0
0.01227
0.128951
0.008699
0.500706
0.287262
0.011342
0.171201
0.040258
0.227356
0.064058
0.28209
0.004361
0.023789
0.383123
0.049986
0.000952
0.233227
0.287432
0.010519
0.06689
0.037105
0.014577
0.128356
0.014657
0.011798
0.064363
0.009184
0.03452
0.03701
0.088227
0
0.224846
0.002147
0.001199
0.013178
0
0
0.002415
0.000502
0.000169
0.000386
0
0.000464
0.000116
0.000124
0.0008
0.000344
0.000173
1
0.201644
0.281754
1
0.1009
0.500351
0.4998
0.500025
0.499893
0.501515
1
0.501606
0.143675
0.184296
0.500222
