236
692
0 1 0.5
0 2 0.166667
0 3 0.5
1 0 0.166667
2 0 0.166667
2 4 0.333333
3 0 0.166667
4 2 0.166667
6 7 0.03125
6 9 0.0769231
6 42 0.5
6 43 0.111111
6 94 0.5
7 6 0.0625
7 10 0.0588235
7 12 0.166667
7 14 0.0769231
7 25 0.5
7 37 0.5
7 64 0.2
7 86 0.25
7 102 0.333333
7 123 0.0909091
8 17 0.0434783
8 19 0.25
8 26 0.1
8 50 0.333333
8 51 0.0714286
8 76 0.2
9 6 0.0625
9 11 0.05
9 13 0.166667
9 60 0.0625
9 84 0.25
10 7 0.03125
10 24 0.0833333
10 30 0.25
10 32 0.25
10 48 0.5
10 68 0.333333
10 73 0.333333
11 9 0.0769231
11 21 0.0625
11 40 0.1
11 52 0.125
11 60 0.0625
11 231 0.05
12 7 0.03125
12 14 0.0769231
12 23 0.111111
13 9 0.0769231
13 22 0.25
13 53 0.25
14 7 0.03125
14 12 0.166667
14 23 0.111111
14 24 0.0833333
14 51 0.0714286
14 67 0.5
15 16 0.166667
15 27 0.125
15 43 0.111111
15 101 0.25
16 15 0.1
16 27 0.125
16 101 0.25
17 8 0.0714286
17 18 0.0769231
17 20 0.0526316
17 38 0.2
17 46 0.166667
17 61 0.333333
17 74 0.25
17 92 0.333333
17 123 0.0909091
18 17 0.0434783
18 45 0.125
18 80 0.333333
18 90 0.2
18 95 0.125
18 97 0.166667
19 8 0.0714286
19 76 0.2
20 17 0.0434783
20 14 0.0769231
20 24 0.0833333
20 28 0.0526316
20 29 0.0769231
20 33 0.0526316
20 63 0.111111
20 96 0.125
21 11 0.05
21 40 0.1
21 44 0.0769231
21 52 0.125
21 59 0.333333
21 60 0.0625
21 100 0.333333
22 13 0.166667
22 53 0.25
23 14 0.0769231
23 12 0.166667
23 31 0.5
24 14 0.0769231
24 20 0.0526316
24 10 0.0588235
24 39 0.25
24 41 0.2
25 7 0.03125
26 8 0.0714286
26 34 0.0416667
26 35 0.166667
26 56 0.2
26 89 0.2
27 15 0.1
27 16 0.166667
27 44 0.0769231
28 20 0.0526316
28 29 0.0769231
28 33 0.0526316
28 63 0.111111
28 96 0.125
28 210 0.0526316
29 20 0.0526316
29 28 0.0526316
29 10 0.0588235
29 32 0.25
29 47 0.142857
29 88 0.5
30 10 0.0588235
30 29 0.0769231
30 28 0.0526316
31 23 0.111111
32 10 0.0588235
32 29 0.0769231
33 28 0.0526316
33 29 0.0769231
33 20 0.0526316
33 34 0.0416667
33 54 0.111111
33 77 0.166667
33 81 0.166667
33 82 0.142857
34 26 0.1
34 33 0.0526316
34 36 0.0833333
34 49 0.0909091
34 72 0.25
34 75 0.0909091
34 78 0.333333
34 83 0.2
34 85 0.166667
35 26 0.1
35 56 0.2
35 89 0.2
36 34 0.0416667
36 75 0.0909091
36 83 0.2
37 7 0.03125
38 17 0.0434783
38 46 0.166667
39 24 0.0833333
39 41 0.2
40 21 0.0625
40 11 0.05
40 52 0.125
40 57 0.0909091
40 60 0.0625
41 24 0.0833333
41 39 0.25
42 6 0.0625
43 15 0.1
43 6 0.0625
43 79 0.5
44 27 0.125
44 21 0.0625
44 43 0.111111
44 66 0.5
44 99 0.5
45 18 0.0769231
45 95 0.125
45 97 0.166667
46 17 0.0434783
46 38 0.2
47 29 0.0769231
47 34 0.0416667
47 70 0.2
47 91 0.5
48 10 0.0588235
49 34 0.0416667
49 36 0.0833333
49 57 0.0909091
49 72 0.25
49 75 0.0909091
49 104 0.166667
50 8 0.0714286
51 28 0.0526316
51 8 0.0714286
51 14 0.0769231
51 55 0.166667
51 62 0.2
52 9 0.0769231
52 11 0.05
52 40 0.1
52 21 0.0625
53 22 0.25
53 13 0.166667
54 33 0.0526316
54 77 0.166667
54 105 0.2
55 51 0.0714286
55 62 0.2
55 65 0.25
56 26 0.1
56 35 0.166667
57 40 0.1
57 36 0.0833333
57 11 0.05
57 49 0.0909091
57 70 0.2
58 28 0.0526316
58 20 0.0526316
58 93 0.142857
59 21 0.0625
59 11 0.05
60 11 0.05
60 40 0.1
60 21 0.0625
60 9 0.0769231
60 69 0.25
60 71 0.5
60 98 0.25
60 231 0.05
61 17 0.0434783
62 51 0.0714286
62 55 0.166667
63 20 0.0526316
63 28 0.0526316
63 93 0.142857
64 7 0.03125
64 86 0.25
65 62 0.2
65 55 0.166667
65 51 0.0714286
66 44 0.0769231
67 14 0.0769231
68 10 0.0588235
69 60 0.0625
69 98 0.25
70 21 0.0625
70 57 0.0909091
70 47 0.142857
71 60 0.0625
72 34 0.0416667
72 49 0.0909091
73 10 0.0588235
73 68 0.333333
74 17 0.0434783
74 38 0.2
74 46 0.166667
75 36 0.0833333
75 34 0.0416667
75 49 0.0909091
75 85 0.166667
75 103 0.25
76 8 0.0714286
76 19 0.25
76 50 0.333333
77 33 0.0526316
77 54 0.111111
77 210 0.0526316
78 34 0.0416667
78 36 0.0833333
79 43 0.111111
80 45 0.125
80 18 0.0769231
81 33 0.0526316
81 82 0.142857
81 123 0.0909091
82 33 0.0526316
82 54 0.111111
82 81 0.166667
82 105 0.2
83 36 0.0833333
83 75 0.0909091
83 34 0.0416667
84 9 0.0769231
84 231 0.05
85 75 0.0909091
85 34 0.0416667
85 104 0.166667
86 7 0.03125
86 64 0.2
87 23 0.111111
88 29 0.0769231
89 26 0.1
89 35 0.166667
89 56 0.2
90 18 0.0769231
90 45 0.125
90 95 0.125
91 47 0.142857
92 17 0.0434783
92 61 0.333333
93 28 0.0526316
93 58 0.25
93 63 0.111111
93 20 0.0526316
94 6 0.0625
95 18 0.0769231
95 90 0.2
95 45 0.125
95 97 0.166667
96 20 0.0526316
96 28 0.0526316
96 63 0.111111
96 93 0.142857
96 231 0.05
97 18 0.0769231
97 95 0.125
97 45 0.125
98 60 0.0625
98 69 0.25
99 44 0.0769231
100 21 0.0625
100 11 0.05
101 15 0.1
101 16 0.166667
102 7 0.03125
102 64 0.2
103 75 0.0909091
103 34 0.0416667
103 36 0.0833333
104 85 0.166667
104 49 0.0909091
104 34 0.0416667
104 36 0.0833333
105 82 0.142857
105 33 0.0526316
105 54 0.111111
106 108 0.25
106 112 0.166667
106 219 0.125
108 106 0.0769231
108 110 0.125
110 108 0.25
110 111 0.25
110 113 0.25
110 114 0.2
111 110 0.125
111 113 0.25
112 106 0.0769231
112 114 0.2
112 123 0.0909091
113 111 0.25
113 110 0.125
114 106 0.0769231
114 110 0.125
114 112 0.166667
117 118 0.5
118 117 0.25
123 81 0.166667
123 63 0.111111
123 7 0.03125
123 17 0.0434783
123 112 0.166667
123 124 0.5
124 123 0.0909091
125 127 0.04
125 133 0.111111
125 144 0.166667
125 151 0.111111
125 157 0.5
125 162 0.166667
125 169 0.25
125 195 0.125
126 129 0.111111
126 131 0.0769231
126 143 0.2
126 153 0.111111
126 179 0.166667
126 186 0.333333
126 204 0.2
127 125 0.0416667
127 128 0.0666667
127 130 0.03125
127 134 0.111111
127 136 0.1
127 138 0.0625
127 141 0.5
127 159 0.5
127 176 0.5
127 177 0.25
127 181 0.166667
128 127 0.04
128 138 0.0625
128 139 0.0909091
128 165 0.2
128 192 0.5
128 221 0.0714286
129 126 0.0454545
129 131 0.0769231
129 153 0.111111
129 204 0.2
130 127 0.04
130 132 0.0625
130 135 0.0526316
130 146 0.25
130 148 0.111111
130 149 0.166667
130 150 0.5
130 155 0.333333
130 163 0.166667
130 170 0.166667
130 183 0.25
130 189 0.2
130 190 0.25
131 129 0.111111
131 126 0.0454545
131 147 0.2
131 187 0.5
131 200 0.25
132 130 0.03125
132 135 0.0526316
132 149 0.166667
132 154 0.333333
132 156 0.333333
132 207 0.166667
133 125 0.0416667
133 140 0.25
133 166 0.25
134 127 0.04
134 133 0.111111
134 145 0.333333
134 171 0.333333
135 132 0.0625
135 130 0.03125
135 151 0.111111
135 160 0.111111
135 173 0.111111
135 191 0.142857
135 194 0.142857
136 127 0.04
136 142 0.333333
136 181 0.166667
136 185 0.1
136 231 0.05
137 130 0.03125
137 152 0.0909091
137 175 0.111111
137 206 0.25
137 207 0.166667
138 127 0.04
138 128 0.0666667
138 168 0.5
138 175 0.111111
138 196 0.125
139 128 0.0666667
139 167 0.1
139 174 0.125
139 178 0.2
139 196 0.125
140 133 0.111111
140 166 0.25
141 127 0.04
142 136 0.1
143 129 0.111111
143 126 0.0454545
144 125 0.0416667
144 162 0.166667
145 134 0.111111
146 130 0.03125
146 133 0.111111
147 131 0.0769231
147 200 0.25
148 130 0.03125
148 134 0.111111
148 133 0.111111
148 193 0.25
148 201 0.25
149 132 0.0625
149 130 0.03125
149 202 0.5
150 130 0.03125
151 125 0.0416667
151 135 0.0526316
151 148 0.111111
151 158 0.25
152 137 0.0714286
152 164 0.25
152 165 0.2
152 175 0.111111
152 188 0.166667
153 126 0.0454545
153 129 0.111111
153 131 0.0769231
153 161 0.333333
153 182 0.5
154 132 0.0625
155 130 0.03125
156 132 0.0625
156 154 0.333333
157 125 0.0416667
158 151 0.111111
158 180 0.125
159 127 0.04
160 135 0.0526316
160 173 0.111111
160 179 0.166667
160 194 0.142857
161 153 0.111111
161 126 0.0454545
162 144 0.166667
162 125 0.0416667
163 130 0.03125
163 183 0.25
164 152 0.0909091
164 137 0.0714286
165 128 0.0666667
165 152 0.0909091
165 137 0.0714286
166 133 0.111111
166 140 0.25
167 139 0.0909091
167 174 0.125
167 178 0.2
167 185 0.1
167 199 0.5
168 138 0.0625
169 125 0.0416667
169 162 0.166667
170 130 0.03125
170 189 0.2
170 190 0.25
171 134 0.111111
171 145 0.333333
172 146 0.25
173 160 0.111111
173 135 0.0526316
173 191 0.142857
173 194 0.142857
174 167 0.1
174 139 0.0909091
175 152 0.0909091
175 127 0.04
175 138 0.0625
175 137 0.0714286
175 184 0.5
176 127 0.04
177 127 0.04
177 181 0.166667
178 139 0.0909091
178 167 0.1
179 126 0.0454545
179 160 0.111111
179 180 0.125
180 151 0.111111
180 179 0.166667
180 158 0.25
180 195 0.125
181 177 0.25
181 127 0.04
181 136 0.1
182 153 0.111111
183 130 0.03125
183 163 0.166667
184 175 0.111111
185 136 0.1
185 142 0.333333
185 167 0.1
185 196 0.125
185 197 0.5
186 126 0.0454545
187 131 0.0769231
188 137 0.0714286
188 164 0.25
188 152 0.0909091
188 206 0.25
189 130 0.03125
189 170 0.166667
190 130 0.03125
190 170 0.166667
191 135 0.0526316
191 173 0.111111
191 160 0.111111
191 205 0.2
192 128 0.0666667
193 148 0.111111
193 201 0.25
194 173 0.111111
194 135 0.0526316
194 160 0.111111
195 125 0.0416667
195 180 0.125
195 162 0.166667
195 147 0.2
195 198 0.5
196 139 0.0909091
196 185 0.1
196 138 0.0625
196 174 0.125
196 178 0.2
197 185 0.1
198 195 0.125
199 167 0.1
200 131 0.0769231
200 147 0.2
201 193 0.25
201 148 0.111111
202 149 0.166667
203 189 0.2
203 155 0.333333
203 130 0.03125
204 129 0.111111
204 186 0.333333
204 126 0.0454545
205 191 0.142857
205 173 0.111111
205 194 0.142857
205 135 0.0526316
206 137 0.0714286
206 188 0.166667
207 137 0.0714286
207 132 0.0625
207 152 0.0909091
207 151 0.111111
208 209 0.5
209 208 0.25
210 46 0.166667
210 77 0.166667
210 28 0.0526316
210 211 0.2
210 213 0.166667
210 215 0.142857
210 218 0.333333
211 210 0.0526316
212 211 0.2
212 215 0.142857
213 210 0.0526316
213 216 0.25
215 212 0.333333
215 210 0.0526316
215 217 0.25
216 213 0.166667
216 217 0.25
217 215 0.142857
217 216 0.25
218 215 0.142857
218 210 0.0526316
219 106 0.0769231
219 125 0.0416667
219 41 0.2
219 63 0.111111
219 28 0.0526316
219 220 0.5
220 219 0.125
221 174 0.125
221 11 0.05
221 128 0.0666667
221 222 0.166667
221 227 0.5
221 228 0.5
222 221 0.0714286
222 223 0.25
222 225 0.5
223 222 0.166667
223 224 0.125
224 223 0.25
224 226 0.5
224 229 0.5
224 230 0.5
225 222 0.166667
226 224 0.125
227 221 0.0714286
228 221 0.0714286
229 224 0.125
230 224 0.125
231 84 0.25
231 60 0.0625
231 136 0.1
231 11 0.05
231 96 0.125
231 232 0.5
231 233 0.125
231 234 0.166667
231 235 0.5
232 231 0.05
233 231 0.05
233 234 0.166667
234 231 0.05
234 233 0.125
235 231 0.05
