0 1
0 3
0 41
0 59
0 61
1 0
1 2
1 7
1 21
1 25
1 28
1 31
1 34
1 36
1 48
1 52
1 53
1 67
1 81
1 129
1 148
1 194
2 1
2 5
2 13
2 83
2 119
2 133
2 151
3 0
3 4
3 9
3 46
3 61
3 62
3 125
4 3
4 11
4 45
5 2
5 1
5 6
5 8
5 15
5 31
5 40
5 58
5 66
6 5
6 8
6 15
6 25
6 34
6 40
6 43
6 66
6 83
7 1
7 12
7 14
7 21
7 24
7 166
8 6
8 5
8 16
8 20
8 47
8 84
8 110
9 3
9 35
9 62
9 92
9 94
9 184
10 0
10 9
10 18
10 33
10 37
10 68
10 78
11 4
11 30
11 60
11 96
11 130
12 7
12 22
12 29
12 105
12 187
13 5
13 1
13 2
13 4
13 23
13 27
13 29
13 41
13 70
13 86
13 107
13 111
13 126
13 128
14 7
14 30
14 177
15 6
15 5
15 17
15 19
15 40
15 65
15 66
15 71
15 90
15 157
16 8
16 19
16 20
16 38
16 102
16 170
17 15
17 21
17 22
17 44
17 65
17 71
18 10
18 81
18 109
18 176
19 8
19 15
19 16
19 38
19 69
19 139
19 155
20 8
20 16
20 84
20 115
20 146
21 7
21 1
21 17
21 26
21 57
21 117
21 149
21 165
21 167
21 179
21 185
21 186
22 17
22 12
22 44
23 13
23 72
23 75
23 122
23 197
24 7
24 166
25 5
25 6
25 1
25 49
25 154
26 24
26 21
26 51
26 118
27 11
27 13
27 96
27 112
28 1
28 2
28 54
28 73
28 135
28 175
29 12
29 13
29 4
29 32
29 44
29 76
29 134
29 164
30 14
30 11
30 42
30 166
31 1
31 5
31 39
31 73
31 87
31 100
31 117
31 171
32 29
32 22
32 45
32 178
32 188
33 10
33 18
33 55
34 5
34 6
34 1
34 56
34 98
34 104
35 9
35 184
36 1
36 48
37 10
38 16
38 19
39 31
39 87
39 100
39 117
39 153
39 171
40 15
40 6
40 5
40 80
40 85
40 93
41 0
41 13
41 137
42 30
43 6
44 22
44 17
44 29
44 50
44 113
44 114
44 172
45 4
45 32
45 62
46 3
46 61
47 8
47 20
47 77
47 123
47 136
47 143
48 1
48 36
48 53
48 67
48 194
49 25
49 14
50 44
51 26
51 196
52 1
52 67
53 48
53 1
53 78
53 81
53 160
54 28
54 73
54 89
54 175
55 33
55 53
55 78
55 161
56 34
57 21
57 179
57 186
58 5
58 6
59 0
60 11
61 9
61 3
61 0
61 46
61 63
61 88
62 9
62 3
62 45
63 61
63 88
64 9
64 10
64 33
64 195
65 15
65 17
65 103
65 138
65 141
66 15
66 6
66 5
66 156
67 52
67 48
67 21
67 1
67 159
68 10
68 53
68 74
68 97
68 145
69 19
70 13
70 86
70 107
70 126
71 15
71 17
71 95
71 99
71 124
71 127
71 173
71 180
72 23
73 31
73 54
73 28
73 39
73 83
73 150
73 190
74 68
74 97
74 125
74 145
75 23
75 72
75 132
75 197
76 29
76 134
77 47
77 84
77 136
78 10
78 55
78 53
79 39
79 21
79 69
79 82
80 40
80 93
81 18
81 1
81 55
81 53
81 192
82 79
83 40
83 2
83 73
83 6
83 158
84 8
84 20
84 77
85 40
85 80
86 13
86 70
87 31
87 39
88 61
88 63
89 54
89 28
89 135
90 15
91 4
91 181
92 9
92 35
92 94
92 116
93 40
93 80
93 101
93 106
93 174
94 9
94 92
95 71
95 121
96 11
96 27
96 108
96 142
97 68
97 74
98 34
99 71
99 16
99 162
100 39
100 31
100 153
100 171
101 93
101 106
102 16
103 65
103 138
104 56
104 34
104 128
105 12
106 77
106 101
106 93
107 13
107 70
107 126
108 96
108 112
108 147
108 168
109 18
110 8
111 65
111 13
111 70
111 144
111 191
112 27
112 108
112 140
113 44
113 50
113 114
114 44
114 113
114 50
114 172
115 20
116 92
116 35
116 12
116 9
117 39
117 100
117 67
117 21
117 31
118 26
118 73
118 21
118 25
119 2
119 133
120 31
120 39
120 87
121 95
122 23
122 75
122 72
122 132
122 152
123 47
124 71
124 127
124 173
124 180
125 74
125 68
125 3
126 13
126 70
126 107
126 128
127 124
127 71
127 44
127 163
128 70
128 13
128 126
128 104
129 1
130 11
130 131
131 130
132 122
132 75
132 197
133 2
133 119
134 29
134 76
135 28
135 89
136 77
136 47
137 41
138 103
138 65
138 141
139 19
140 112
141 65
141 138
141 103
142 96
143 47
143 123
143 77
144 111
144 191
145 74
145 68
146 20
147 108
147 112
148 129
148 1
148 48
149 21
150 73
151 2
152 122
152 132
152 23
153 31
153 39
153 100
154 25
154 118
154 193
155 19
156 40
156 84
156 66
157 15
158 83
159 67
160 53
161 55
162 99
163 127
164 76
164 29
165 21
166 24
166 7
166 30
167 21
167 149
167 57
167 165
168 108
168 189
169 79
169 106
169 100
169 31
170 16
171 39
171 100
171 31
172 44
172 114
173 124
173 71
174 93
175 28
175 135
175 54
176 109
176 18
177 14
178 32
179 57
179 21
180 71
180 124
180 173
181 91
181 4
182 68
183 55
183 161
184 9
184 35
185 22
185 12
185 21
185 71
185 17
186 21
186 57
187 12
188 32
189 108
189 168
189 14
190 73
191 111
191 144
192 81
193 154
194 1
194 48
195 64
196 51
197 132
197 122
197 152
197 75
197 23
