0.112288
1
0.154143
0.027476
0.177988
0.141383
0.096272
0.15791
0.098048
0.065735
1
0.031311
0.113653
1
0.0252
1
1
0.208126
0.141677
0.164369
0.100643
1
0.081826
0.083859
0.063189
0.111408
0.143144
0.14308
0.173837
1
0.011308
0.122804
0.115019
0.172276
0.102018
0.01498
0.279955
0.500637
0.278203
0.087302
0.174387
0.181017
0.005711
0.048251
0.08251
0.049802
0.009725
0.012246
0.171611
0.036995
0.026578
0.035882
0.274719
0.129038
0.147708
0.053126
0.037022
0.225816
0.046889
0.056239
0.015686
0.013009
0.022794
0.003883
0
0.117964
0.133534
0.150512
0.091337
0.054921
0.177858
1
0.025675
1
0.017062
0.01307
0.292268
0.030986
0.187251
0
0.23415
0.136648
0
0.135331
0.035653
0.05809
0.28016
0.040574
0.003886
0.03791
0.500075
0
0.011368
1
0.018168
0.251175
0.021423
0.025573
0.051168
0.143166
0.039014
0.282377
0.499354
0.031242
0.051942
0.057049
0.202232
0.210202
0.004591
0.057914
0.049159
0.126067
0.020774
0.018444
0.014421
0.050396
0.002271
0.14623
0.027586
0.045849
0
0.125528
0.011164
0.004804
0.185214
0.008793
0.178481
0.145094
0.165206
0.390112
0.008011
0.003964
0.00538
0.045892
0.298928
0.050452
0.010376
0.09075
0.026506
0.082314
0.01043
0.027445
0.01081
0.003145
0.037411
0.025449
0.05033
0.001582
0.250582
0.377792
0.500961
0.077455
0.004589
0.024286
0.022382
0.082359
0.033515
0.500161
0.067561
0.075269
0.064704
0.017722
0.07171
0.072397
0.33294
0.378367
0.036095
0.200679
0.001136
0
0.500645
0.039067
0.023063
0.260323
0.500427
0.061418
0.04693
0.012669
0.028592
0.287731
0.226931
0
0
0
0.018856
0.167064
0.288122
0.056825
0.057601
0.000266
0.500923
0.037505
0.068622
0.011192
0.278857
0
0.017969
0.012152
