59 52
59 58
59 42
59 40
59 45
59 65
0 1
1 0
60 38
38 39
38 42
38 47
38 63
38 69
61 53
61 57
61 43
39 38
39 40
39 43
39 44
39 48
39 51
40 39
40 38
40 41
40 42
40 49
40 54
40 59
62 41
2 3
2 5
2 10
2 11
2 19
2 20
2 26
15 4
15 8
15 16
15 17
15 25
41 40
41 39
41 54
41 55
41 62
3 2
3 4
3 6
3 9
3 13
3 34
42 40
42 38
42 45
42 46
42 58
42 59
43 39
43 52
43 53
43 57
63 38
4 3
4 15
4 28
64 50
64 67
44 39
44 50
5 2
45 42
45 46
45 58
45 59
45 66
46 45
46 42
47 38
16 15
16 17
6 3
6 8
6 18
6 24
6 27
6 30
6 34
48 44
48 39
17 15
17 16
65 59
7 2
7 4
18 8
18 6
66 45
66 58
66 42
49 40
49 68
19 2
20 2
20 19
21 11
21 8
50 44
50 39
50 64
50 67
67 64
67 50
51 39
51 48
68 49
8 6
8 18
8 22
8 24
8 27
8 30
8 34
22 6
22 8
22 24
22 27
69 38
69 60
9 4
9 2
9 3
9 7
23 11
24 6
24 22
24 8
24 27
52 50
52 43
52 56
25 15
25 16
53 43
26 2
10 2
10 12
10 14
27 24
27 8
27 22
27 6
27 30
11 2
11 21
11 23
54 40
54 41
71 72
28 4
29 14
30 6
30 27
30 8
30 22
55 41
72 71
12 10
12 14
31 32
32 31
32 33
33 32
13 3
34 3
34 8
34 30
34 6
34 35
34 36
14 10
14 12
14 29
56 52
57 43
57 53
57 61
58 42
58 45
58 59
35 34
36 34
36 35
