0
0
1
0.062985
0.007055
0.500981
0.003736
0.001139
0.002429
0.007012
0.166538
0.166331
0.046759
0.015799
0.033631
0.000623
0.000198
0.000194
0.001519
0.408472
0.334389
0.033502
0.000641
0.083131
0.000882
0.000209
0.499993
0.000836
0.003533
0.016789
0.001349
0
0
0
0.004346
0.00177
0.001457
0
1
0.132596
0.150427
1
0.156006
0.027144
0.036519
0.130982
0.068404
0.250794
0.041447
0.037914
0.019985
0.044194
0.168368
0.008006
0.276428
0.251565
0.08391
0.005532
0.177301
1
0.166392
0.001432
0.500808
0.500518
0.00576
0.500634
0.032634
0.004767
0.019308
0.333508
0
0
0
0
0
