0 1
1 0
1 3
2 3
3 1
3 2
3 4
3 5
3 9
3 12
3 16
3 18
3 20
3 22
3 23
3 27
3 33
3 67
3 70
3 74
4 3
4 8
4 9
4 15
4 16
4 22
4 34
4 40
4 44
4 50
5 4
5 3
5 11
5 17
5 23
5 83
6 8
6 13
6 14
6 63
6 86
6 89
7 5
7 21
8 6
8 4
8 53
8 73
9 3
9 4
10 75
11 5
11 25
11 43
11 52
11 83
12 3
13 6
13 54
13 61
14 6
14 89
15 4
15 40
16 3
16 4
16 19
16 26
16 45
16 65
16 96
17 5
18 3
18 12
18 22
18 23
18 24
18 27
18 74
18 78
19 16
19 65
19 96
20 3
20 30
20 47
20 55
20 72
21 7
22 3
22 18
22 4
22 46
22 59
22 62
22 85
23 20
23 5
23 3
23 18
23 41
23 57
23 76
23 88
23 92
23 98
24 18
24 3
24 74
25 11
25 31
25 32
26 16
26 45
26 60
27 3
27 12
27 18
27 33
27 38
27 68
27 70
27 114
28 3
28 26
28 23
28 18
29 13
29 81
30 20
31 25
31 32
32 25
32 31
33 27
33 3
33 18
33 69
34 4
34 50
34 114
35 8
35 22
35 13
36 21
36 39
36 51
36 64
37 32
38 3
38 27
38 67
39 36
39 51
40 4
40 15
40 44
41 23
41 57
42 21
42 11
42 58
43 11
43 58
44 34
44 40
44 4
45 16
45 26
45 60
46 22
47 20
47 72
48 57
48 87
48 94
49 56
49 81
49 87
50 34
50 4
50 15
51 39
51 36
51 64
52 11
52 58
53 8
54 13
54 61
55 20
56 49
56 93
57 41
57 23
57 48
57 80
57 99
58 30
58 33
58 43
58 42
58 52
59 22
60 19
60 16
60 26
60 45
60 82
61 13
61 54
61 87
62 22
62 59
63 6
64 36
64 51
64 7
64 71
65 16
65 19
65 45
65 26
66 48
66 87
66 100
67 27
67 3
67 18
67 38
67 70
67 78
68 3
68 27
68 38
69 33
70 27
70 67
70 3
71 64
72 20
72 47
72 90
73 8
73 53
74 24
74 3
74 18
75 10
76 23
76 5
76 41
76 84
76 91
77 79
78 18
78 67
78 3
79 77
80 57
80 99
81 49
81 29
82 60
83 43
83 11
83 17
83 5
84 76
84 91
85 22
86 6
86 63
87 49
87 13
87 66
87 48
87 61
88 23
88 41
89 14
89 6
89 111
90 72
91 76
91 84
92 23
93 56
93 97
94 48
95 3
95 27
95 38
96 16
96 19
97 56
97 93
98 41
98 88
98 23
99 80
99 57
100 66
103 114
105 106
105 107
105 110
106 105
106 108
107 105
108 106
110 105
111 89
111 14
111 112
112 111
112 113
113 112
114 34
114 94
114 27
114 103
115 116
115 117
115 120
115 121
115 122
115 140
115 148
115 160
115 162
115 172
115 179
115 182
115 184
116 115
116 122
116 171
116 177
116 188
117 115
117 120
117 126
117 130
117 136
117 137
117 154
117 166
117 173
118 127
118 134
118 163
118 187
119 139
119 152
120 115
120 117
120 125
120 143
121 115
121 172
122 120
122 116
122 115
122 131
122 159
122 181
124 128
124 142
124 145
124 146
125 122
125 120
125 154
126 117
127 124
127 118
127 144
127 147
128 124
128 183
129 115
129 121
129 130
129 133
129 135
129 149
129 153
129 171
130 117
130 129
130 150
130 161
130 174
131 122
132 119
133 129
133 153
133 171
134 118
135 129
135 145
136 117
136 126
136 180
137 117
137 138
138 137
139 119
139 167
139 175
140 115
140 160
140 182
140 185
141 115
141 129
141 168
141 169
141 186
142 124
143 120
144 127
145 135
145 142
145 124
145 170
146 124
147 127
147 144
148 115
149 129
149 153
150 130
152 119
153 133
153 129
153 149
154 115
154 117
154 125
155 157
156 145
157 155
159 122
159 132
160 115
160 140
160 148
161 130
161 174
162 115
162 148
162 172
162 185
163 118
164 154
164 151
164 165
165 164
166 117
166 126
167 139
168 141
169 128
169 141
169 176
170 145
170 156
171 116
171 133
171 129
172 115
172 162
172 121
172 160
173 117
174 130
174 161
175 167
175 139
176 169
177 116
179 121
179 115
179 140
179 185
180 136
181 120
181 122
182 115
182 140
182 160
183 128
184 115
184 148
184 162
184 140
185 162
185 140
185 179
185 148
186 141
187 118
188 116
190 191
190 193
191 190
191 192
191 194
192 191
193 190
194 191
194 195
195 194
196 197
196 198
196 200
197 196
197 199
198 196
198 201
199 197
200 196
201 198
