0.033548
0.20077
0.125955
1
1
0.12708
1
5e-06
0.173147
0.306226
0
0.00874
0.294515
0.077217
0.165032
0.193119
0.090289
0.024333
0.16511
0.013962
0.103264
2.4e-05
1
1
0.049122
0.001083
0.014845
0.073528
0
1.9e-05
0.034941
0.00022
0.000139
0.076796
0.187801
0
0
0
0.029248
0
0.209981
0.218058
0.000168
0.004249
0.165598
0.016555
0.500461
0.028216
0.012291
0.000365
0.228222
0
0.002389
0.070896
0.021752
0.051774
8.1e-05
0.099693
0.000842
0.407511
0.003766
0.015775
0.333141
0.407418
0
0.016623
0.000441
0.120441
0.018493
0.038516
0.190119
0
0.015628
0.057742
0.191145
0
0.101193
0
0.055695
0
0.029789
5.1e-05
0.001896
0.021964
0.030299
0.500692
0.33358
0.003014
0.201758
0.186699
0.007739
0.030094
0.500795
2e-05
0.012547
0
0.024902
6e-06
0.250458
0.029805
0.00023
0
0
0.003294
0
1
0.166737
0.500618
0.083488
0
0.500616
0.020902
0.002576
0.00129
0.026063
1
0.071164
1
1
0.000209
0.093931
0.220062
0.068515
0
1
0.033428
0.338476
0.091036
0.167395
0.058761
0.087682
0.017131
0.00329
0.01093
0.500409
0.031324
0.142473
0.167177
0.083607
2.7e-05
0.165794
1
0.356359
0.02361
0.02724
0.102007
0.500793
0.022941
0.251715
0.016917
0.043883
0
9.4e-05
0.013244
0.144381
0
0.010433
0
0
0.009862
0.200941
0.017694
0.170704
0.50138
0
0
0.333382
6e-06
0.500047
0.200305
0.020686
0.019557
0.184826
0.500089
0.024753
8e-06
0.100139
0.017996
0
0.172622
0.071374
0.013922
0.161332
0.083958
0.200598
0.068791
0.500672
0.251034
0.035692
0
0
0
0
0
0
0
0
0
0
0
0
0
0
0
