204
525
0 1 0.2
1 0 0.166667
1 3 0.0178571
2 3 0.0178571
3 1 0.2
3 2 0.125
3 4 0.0333333
3 5 0.0625
3 9 0.166667
3 12 0.25
3 16 0.0454545
3 18 0.05
3 20 0.0526316
3 22 0.05
3 23 0.0416667
3 27 0.047619
3 33 0.0714286
3 67 0.1
3 70 0.166667
3 74 0.166667
4 3 0.0178571
4 8 0.0909091
4 9 0.166667
4 15 0.142857
4 16 0.0454545
4 22 0.05
4 34 0.142857
4 40 0.166667
4 44 0.142857
4 50 0.2
5 4 0.0333333
5 3 0.0178571
5 11 0.0588235
5 17 0.166667
5 23 0.0416667
5 83 0.166667
6 8 0.0909091
6 13 0.0769231
6 14 0.142857
6 63 0.333333
6 86 0.333333
6 89 0.166667
7 5 0.0625
7 21 0.142857
8 6 0.0526316
8 4 0.0333333
8 53 0.333333
8 73 0.333333
9 3 0.0178571
9 4 0.0333333
10 75 0.5
11 5 0.0625
11 25 0.125
11 43 0.142857
11 52 0.25
11 83 0.166667
12 3 0.0178571
13 6 0.0526316
13 54 0.25
13 61 0.166667
14 6 0.0526316
14 89 0.166667
15 4 0.0333333
15 40 0.166667
16 3 0.0178571
16 4 0.0333333
16 19 0.111111
16 26 0.125
16 45 0.142857
16 65 0.166667
16 96 0.25
17 5 0.0625
18 3 0.0178571
18 12 0.25
18 22 0.05
18 23 0.0416667
18 24 0.142857
18 27 0.047619
18 74 0.166667
18 78 0.2
19 16 0.0454545
19 65 0.166667
19 96 0.25
20 3 0.0178571
20 30 0.333333
20 47 0.25
20 55 0.5
20 72 0.125
21 7 0.111111
22 3 0.0178571
22 18 0.05
22 4 0.0333333
22 46 0.5
22 59 0.333333
22 62 0.333333
22 85 0.5
23 20 0.0526316
23 5 0.0625
23 3 0.0178571
23 18 0.05
23 41 0.142857
23 57 0.0833333
23 76 0.1
23 88 0.166667
23 92 0.5
23 98 0.25
24 18 0.05
24 3 0.0178571
24 74 0.166667
25 11 0.0588235
25 31 0.166667
25 32 0.111111
26 16 0.0454545
26 45 0.142857
26 60 0.125
27 3 0.0178571
27 12 0.25
27 18 0.05
27 33 0.0714286
27 38 0.142857
27 68 0.25
27 70 0.166667
27 114 0.1
28 3 0.0178571
28 26 0.125
28 23 0.0416667
28 18 0.05
29 13 0.0769231
29 81 0.142857
30 20 0.0526316
31 25 0.125
31 32 0.111111
32 25 0.125
32 31 0.166667
33 27 0.047619
33 3 0.0178571
33 18 0.05
33 69 0.5
34 4 0.0333333
34 50 0.2
34 114 0.1
35 8 0.0909091
35 22 0.05
35 13 0.0769231
36 21 0.142857
36 39 0.166667
36 51 0.125
36 64 0.142857
37 32 0.111111
38 3 0.0178571
38 27 0.047619
38 67 0.1
39 36 0.0666667
39 51 0.125
40 4 0.0333333
40 15 0.142857
40 44 0.142857
41 23 0.0416667
41 57 0.0833333
42 21 0.142857
42 11 0.0588235
42 58 0.125
43 11 0.0588235
43 58 0.125
44 34 0.142857
44 40 0.166667
44 4 0.0333333
45 16 0.0454545
45 26 0.125
45 60 0.125
46 22 0.05
47 20 0.0526316
47 72 0.125
48 57 0.0833333
48 87 0.111111
48 94 0.333333
49 56 0.2
49 81 0.142857
49 87 0.111111
50 34 0.142857
50 4 0.0333333
50 15 0.142857
51 39 0.166667
51 36 0.0666667
51 64 0.142857
52 11 0.0588235
52 58 0.125
53 8 0.0909091
54 13 0.0769231
54 61 0.166667
55 20 0.0526316
56 49 0.111111
56 93 0.25
57 41 0.142857
57 23 0.0416667
57 48 0.111111
57 80 0.25
57 99 0.25
58 30 0.333333
58 33 0.0714286
58 43 0.142857
58 42 0.2
58 52 0.25
59 22 0.05
60 19 0.111111
60 16 0.0454545
60 26 0.125
60 45 0.142857
60 82 0.5
61 13 0.0769231
61 54 0.25
61 87 0.111111
62 22 0.05
62 59 0.333333
63 6 0.0526316
64 36 0.0666667
64 51 0.125
64 7 0.111111
64 71 0.5
65 16 0.0454545
65 19 0.111111
65 45 0.142857
65 26 0.125
66 48 0.111111
66 87 0.111111
66 100 0.5
67 27 0.047619
67 3 0.0178571
67 18 0.05
67 38 0.142857
67 70 0.166667
67 78 0.2
68 3 0.0178571
68 27 0.047619
68 38 0.142857
69 33 0.0714286
70 27 0.047619
70 67 0.1
70 3 0.0178571
71 64 0.142857
72 20 0.0526316
72 47 0.25
72 90 0.5
73 8 0.0909091
73 53 0.333333
74 24 0.142857
74 3 0.0178571
74 18 0.05
75 10 0.25
76 23 0.0416667
76 5 0.0625
76 41 0.142857
76 84 0.25
76 91 0.25
77 79 0.25
78 18 0.05
78 67 0.1
78 3 0.0178571
79 77 0.25
80 57 0.0833333
80 99 0.25
81 49 0.111111
81 29 0.333333
82 60 0.125
83 43 0.142857
83 11 0.0588235
83 17 0.166667
83 5 0.0625
84 76 0.1
84 91 0.25
85 22 0.05
86 6 0.0526316
86 63 0.333333
87 49 0.111111
87 13 0.0769231
87 66 0.142857
87 48 0.111111
87 61 0.166667
88 23 0.0416667
88 41 0.142857
89 14 0.142857
89 6 0.0526316
89 111 0.111111
90 72 0.125
91 76 0.1
91 84 0.25
92 23 0.0416667
93 56 0.2
93 97 0.333333
94 48 0.111111
95 3 0.0178571
95 27 0.047619
95 38 0.142857
96 16 0.0454545
96 19 0.111111
97 56 0.2
97 93 0.25
98 41 0.142857
98 88 0.166667
98 23 0.0416667
99 80 0.25
99 57 0.0833333
100 66 0.142857
103 114 0.1
105 106 0.166667
105 107 0.5
105 110 0.5
106 105 0.0769231
106 108 0.5
107 105 0.0769231
108 106 0.166667
110 105 0.0769231
111 89 0.166667
111 14 0.142857
111 112 0.125
112 111 0.111111
112 113 0.5
113 112 0.125
114 34 0.142857
114 94 0.333333
114 27 0.047619
114 103 0.125
115 116 0.0666667
115 117 0.037037
115 120 0.0454545
115 121 0.166667
115 122 0.0625
115 140 0.1
115 148 0.166667
115 160 0.142857
115 162 0.125
115 172 0.142857
115 179 0.166667
115 182 0.142857
115 184 0.2
116 115 0.0263158
116 122 0.0625
116 171 0.142857
116 177 0.25
116 188 0.5
117 115 0.0263158
117 120 0.0454545
117 126 0.25
117 130 0.0833333
117 136 0.142857
117 137 0.166667
117 154 0.142857
117 166 0.333333
117 173 0.5
118 127 0.0909091
118 134 0.5
118 163 0.5
118 187 0.25
119 139 0.125
119 152 0.5
120 115 0.0263158
120 117 0.037037
120 125 0.142857
120 143 0.25
121 115 0.0263158
121 172 0.142857
122 120 0.0454545
122 116 0.0666667
122 115 0.0263158
122 131 0.25
122 159 0.142857
122 181 0.2
124 128 0.142857
124 142 0.333333
124 145 0.1
124 146 0.5
125 122 0.0625
125 120 0.0454545
125 154 0.142857
126 117 0.037037
127 124 0.0833333
127 118 0.0833333
127 144 0.25
127 147 0.25
128 124 0.0833333
128 183 0.5
129 115 0.0263158
129 121 0.166667
129 130 0.0833333
129 133 0.125
129 135 0.2
129 149 0.25
129 153 0.166667
129 171 0.142857
130 117 0.037037
130 129 0.0526316
130 150 0.5
130 161 0.166667
130 174 0.25
131 122 0.0625
132 119 0.0666667
133 129 0.0526316
133 153 0.166667
133 171 0.142857
134 118 0.0833333
135 129 0.0526316
135 145 0.1
136 117 0.037037
136 126 0.25
136 180 0.5
137 117 0.037037
137 138 0.5
138 137 0.166667
139 119 0.0666667
139 167 0.333333
139 175 0.333333
140 115 0.0263158
140 160 0.142857
140 182 0.142857
140 185 0.142857
141 115 0.0263158
141 129 0.0526316
141 168 0.5
141 169 0.2
141 186 0.5
142 124 0.0833333
143 120 0.0454545
144 127 0.0909091
145 135 0.2
145 142 0.333333
145 124 0.0833333
145 170 0.2
146 124 0.0833333
147 127 0.0909091
147 144 0.25
148 115 0.0263158
149 129 0.0526316
149 153 0.166667
150 130 0.0833333
152 119 0.0666667
153 133 0.125
153 129 0.0526316
153 149 0.25
154 115 0.0263158
154 117 0.037037
154 125 0.142857
155 157 0.333333
156 145 0.1
157 155 0.166667
159 122 0.0625
159 132 0.333333
160 115 0.0263158
160 140 0.1
160 148 0.166667
161 130 0.0833333
161 174 0.25
162 115 0.0263158
162 148 0.166667
162 172 0.142857
162 185 0.142857
163 118 0.0833333
164 154 0.142857
164 151 0.2
164 165 0.5
165 164 0.125
166 117 0.037037
166 126 0.25
167 139 0.125
168 141 0.1
169 128 0.142857
169 141 0.1
169 176 0.5
170 145 0.1
170 156 0.5
171 116 0.0666667
171 133 0.125
171 129 0.0526316
172 115 0.0263158
172 162 0.125
172 121 0.166667
172 160 0.142857
173 117 0.037037
174 130 0.0833333
174 161 0.166667
175 167 0.333333
175 139 0.125
176 169 0.2
177 116 0.0666667
179 121 0.166667
179 115 0.0263158
179 140 0.1
179 185 0.142857
180 136 0.142857
181 120 0.0454545
181 122 0.0625
182 115 0.0263158
182 140 0.1
182 160 0.142857
183 128 0.142857
184 115 0.0263158
184 148 0.166667
184 162 0.125
184 140 0.1
185 162 0.125
185 140 0.1
185 179 0.166667
185 148 0.166667
186 141 0.1
187 118 0.0833333
188 116 0.0666667
190 191 0.1
190 193 0.5
191 190 0.125
191 192 0.5
191 194 0.2
192 191 0.1
193 190 0.125
194 191 0.1
194 195 0.5
195 194 0.2
196 197 0.25
196 198 0.1
196 200 0.2
197 196 0.111111
197 199 0.5
198 196 0.111111
198 201 0.5
199 197 0.25
200 196 0.111111
201 198 0.1
