0 2
2 0
4 8
4 11
4 38
5 6
5 21
5 26
5 28
5 40
5 43
5 50
5 71
5 102
6 5
6 20
6 55
6 70
6 85
7 9
7 13
7 31
7 91
7 100
7 111
8 4
8 29
8 52
9 7
9 10
9 16
9 17
9 60
9 63
10 9
10 32
10 33
11 8
11 4
11 51
11 52
11 64
11 65
12 30
13 7
13 16
13 44
14 11
14 10
14 57
14 69
15 36
15 41
16 13
16 9
17 9
17 7
17 67
17 106
18 14
19 5
19 58
20 6
20 25
20 37
20 46
20 97
21 5
21 24
21 71
21 94
22 5
22 21
22 28
22 40
23 27
23 49
23 78
23 117
24 5
24 21
24 39
24 59
24 75
25 23
25 20
25 54
25 109
26 5
27 23
27 35
27 49
27 78
28 22
28 5
28 21
28 40
28 74
28 94
29 8
29 35
29 48
29 66
29 79
30 12
30 34
31 7
31 56
32 10
33 10
33 60
33 61
34 30
34 12
34 45
34 98
34 108
35 29
35 27
35 23
35 42
35 81
35 83
35 92
35 100
35 104
35 118
36 15
37 6
37 20
38 4
39 24
39 47
39 59
39 75
39 114
40 28
40 5
40 22
40 76
40 90
41 15
41 92
42 35
42 45
42 81
43 5
43 28
43 50
43 102
44 13
45 25
45 42
45 30
45 34
45 53
45 80
45 96
46 20
47 24
47 39
47 87
47 103
47 116
48 29
48 66
48 79
49 23
49 27
49 78
50 5
50 43
50 21
50 26
51 11
51 69
52 11
52 8
52 14
52 72
52 112
53 45
53 96
54 25
55 6
55 77
56 31
57 14
58 19
59 24
59 39
60 9
60 17
60 33
60 62
60 68
60 73
60 100
60 107
60 113
61 33
62 60
62 68
62 73
62 107
62 113
63 9
64 11
64 69
65 11
65 51
66 48
66 29
66 79
67 17
67 101
67 105
67 106
68 60
68 62
68 73
69 51
69 14
69 64
69 18
69 89
70 6
70 55
71 21
71 43
71 5
71 94
71 102
72 52
73 60
73 62
73 68
73 107
73 113
74 28
74 21
74 5
74 50
75 39
75 24
75 119
76 40
76 90
77 55
77 40
77 6
78 23
78 27
78 49
79 66
79 29
79 48
79 93
80 45
81 35
81 42
81 83
81 104
81 118
82 10
83 35
83 81
83 42
83 88
84 54
84 25
85 70
85 6
86 69
87 47
87 116
88 42
88 83
88 35
88 118
89 86
89 69
90 40
90 76
91 7
92 41
92 35
93 79
93 99
93 115
94 71
94 28
94 5
94 21
95 31
96 45
96 53
97 20
98 34
98 12
98 108
99 93
99 115
100 60
100 35
100 7
100 88
101 67
101 17
102 28
102 5
102 43
102 50
102 71
103 47
103 119
104 83
104 81
104 35
105 67
105 17
106 17
106 105
106 67
107 60
107 73
107 62
108 34
108 98
109 54
109 25
110 95
111 7
112 52
113 73
113 60
113 62
114 39
114 75
115 99
115 93
116 87
116 47
116 119
117 27
117 23
117 49
118 81
118 35
118 88
119 47
119 75
119 103
119 116
119 120
120 119
120 121
120 122
120 126
120 127
121 120
121 124
122 120
122 123
122 126
122 127
123 122
123 125
124 121
125 123
126 122
126 120
127 120
127 122
128 131
128 135
128 138
129 128
129 131
129 134
129 136
129 137
129 247
130 132
131 129
131 128
131 133
131 135
132 130
133 131
134 129
135 128
135 129
135 131
136 129
137 129
138 128
140 20
140 71
140 141
140 145
140 196
140 224
141 140
141 143
141 144
141 151
141 158
141 159
141 181
141 229
142 144
142 152
142 174
142 176
142 188
142 213
142 221
142 240
143 141
143 147
143 149
143 151
143 152
143 162
143 163
143 164
143 170
143 187
143 190
143 204
144 141
144 142
144 148
144 150
144 153
144 160
144 206
145 140
145 154
145 172
145 177
145 197
145 244
146 142
146 156
146 169
146 176
146 232
146 243
147 143
147 149
147 166
147 170
147 190
147 204
148 144
149 143
149 147
149 163
149 164
150 144
150 148
150 153
151 141
151 143
151 167
152 143
152 147
152 142
152 157
152 163
152 165
152 184
152 210
152 215
153 150
153 144
153 161
153 206
153 223
154 145
154 191
154 197
154 218
156 146
156 173
156 192
156 194
157 152
158 141
158 159
158 179
158 212
159 158
159 141
160 144
160 198
160 200
160 211
160 217
161 153
161 234
162 143
162 152
162 195
162 199
163 152
163 149
163 143
163 183
163 187
163 189
163 220
163 227
163 236
164 143
164 149
164 147
164 204
164 208
165 152
165 159
165 142
165 233
166 143
166 147
166 149
166 171
167 151
168 175
168 178
168 205
169 146
169 232
170 143
170 147
171 166
171 147
171 202
172 145
172 173
172 201
172 231
173 172
173 156
173 186
174 142
174 226
174 235
175 168
175 203
175 205
176 146
176 142
176 182
176 193
176 194
176 207
176 216
176 237
176 241
177 145
177 244
178 168
178 175
178 203
178 205
179 158
180 150
180 144
180 185
181 141
182 176
183 163
183 220
183 222
184 152
184 215
185 180
186 173
186 214
187 163
187 143
187 219
187 225
188 142
188 213
189 163
189 183
190 143
190 147
190 152
190 239
191 154
191 187
191 197
192 156
193 176
193 182
193 209
193 241
194 156
194 176
194 182
194 192
195 162
195 199
196 140
196 224
197 154
197 145
197 191
197 224
198 160
199 195
199 162
200 160
200 238
201 172
201 231
202 171
203 175
203 168
203 178
203 242
203 245
204 147
204 170
204 164
204 143
205 178
205 168
205 175
206 153
206 144
207 176
207 228
208 143
208 164
208 147
208 233
209 193
209 176
209 182
210 152
210 157
211 160
211 198
211 217
212 158
213 142
213 188
213 240
214 186
215 152
215 184
216 176
216 182
216 209
216 193
216 237
217 160
217 211
217 230
218 154
219 187
219 225
220 163
220 183
220 189
220 236
221 213
221 142
221 240
222 183
222 163
222 227
222 236
223 153
223 161
223 234
224 197
224 140
224 196
225 187
225 219
226 174
227 163
227 222
227 236
228 207
228 226
228 200
229 141
230 217
231 201
231 172
232 146
232 169
232 243
233 165
233 208
233 204
233 141
234 159
234 161
234 153
234 223
235 174
235 226
236 227
236 163
236 220
236 222
237 216
237 176
237 241
238 200
239 190
240 221
240 142
240 213
241 193
241 176
241 216
241 237
241 209
242 203
243 146
243 169
243 232
244 177
244 145
245 203
245 242
246 237
246 241
246 176
246 193
247 118
247 129
247 248
248 247
249 226
249 14
249 12
249 250
249 253
249 255
249 258
250 249
250 251
250 252
250 254
251 250
251 254
252 250
253 249
253 259
254 250
254 251
254 256
255 249
255 257
255 259
256 254
257 255
257 249
258 253
258 249
258 255
259 253
259 255
261 264
261 265
264 261
265 261
266 142
266 267
266 268
267 266
268 266
268 269
269 268
270 267
