0
0
0
0
0.003955
1
0.132637
1
0.011413
0.099165
0.028478
0.043611
0.187926
0.114404
0.159374
0.010536
0.052193
0.098396
0.500885
0
1
0.118367
0.026886
0.084221
0.011847
0.211543
0.369343
0.123221
0.107928
0.084323
0.242887
0.142676
0.014296
0.144845
0.134021
1
0.005248
0.333626
0.001365
0.001626
0.085661
0.063252
0.275206
0.168851
0.02853
1
0.500003
0.000192
0.017835
0.034405
0.161552
0.206486
0.006101
0.29673
0.06596
0.03332
0.071264
0.079912
0
0.003382
1
0.036473
0.1623
0.049386
0.25602
0.014655
0.017921
0.011587
0.205444
1
0.041871
0.119123
0.002997
0.161996
0.02203
0.001924
0.025616
0.008309
0.037334
0.014179
0.500315
0.169724
0
0.175003
0
0.044101
0.083347
7e-05
0.098569
0.333176
0.025541
0.499863
0.251302
0.00206
0.047007
0
0.297867
0.500339
0.032414
0.0006
0.370053
0.003801
0.154163
0.00011
0.225222
0.006394
0.01533
0.20639
0.038681
0.070643
0
0.49984
0.003085
0.206309
0.000576
0.000608
9.2e-05
0.020955
0.182666
0.000216
1.2e-05
4e-06
1e-06
0
2e-06
0
6e-06
4e-06
0.126582
1
0
0.139628
0
0.070144
0.500511
0.0507
0.333878
0.500537
0.031735
0
0.062499
1
0.099463
1
0.113824
0.004673
0.07878
0.139175
0.040744
0.121178
0.012754
0.191373
1
0.013531
0.000838
0
0.03672
0.407558
0.141938
0.153691
1
0.003204
0.125591
0.103153
0.137016
0.125978
0.017428
0.038407
0
0.021315
0.244951
0.002493
0.000818
0.0037
0.03763
0
1
0.001367
0
0.071216
0
0.500378
0.23816
0.020672
0.298441
0
0.000561
0.121694
0.028669
0.029446
0.158894
0.000376
0.063596
0.143551
0.16825
0.037333
0.017525
0.001936
0.383353
0.037237
0.203903
0.000242
0.001267
0
0.156641
0
0.030633
0.125697
0.026175
0.069366
0.333977
0.223745
0.070738
0.022028
0.000154
0.297686
0.15714
0.16765
0.000423
0.036181
0.018851
0.023156
0.007682
0.002755
0.012632
0.036135
0.207161
0.019659
0.025343
0.501102
0.084169
0.000245
0.017867
0.024694
0.000967
0.012549
0.017169
0.174682
0.102194
0.079612
0.021994
0.140769
0
0.018303
0.001331
0
0
0.101047
0.05067
1
0.090199
0.017198
0.022651
0.178842
0.017066
0.178382
0.008595
0.059867
0.250182
0.085309
0
0
0
0
0
0
0
0
0
0
0
