47
78
37 33 0.166667
37 34 0.2
37 38 0.5
11 0 0.125
11 13 0.2
38 37 0.166667
12 15 0.166667
12 19 0.333333
12 22 0.25
12 24 0.5
13 0 0.125
13 11 0.25
14 7 0.0769231
14 2 0.142857
0 2 0.142857
0 11 0.25
0 13 0.2
15 12 0.0666667
15 1 0.125
40 33 0.166667
1 5 0.111111
1 10 0.5
16 12 0.0666667
29 30 0.166667
29 41 0.5
17 2 0.142857
17 20 0.166667
18 4 0.0833333
18 8 0.1
2 0 0.125
2 14 0.166667
2 17 0.25
3 9 0.25
3 21 0.5
3 23 0.25
41 29 0.125
30 29 0.125
19 12 0.0666667
20 17 0.25
20 13 0.2
20 5 0.111111
20 6 0.333333
31 32 0.125
31 33 0.166667
31 35 0.166667
31 42 0.166667
4 7 0.0769231
4 18 0.2
5 1 0.125
5 6 0.333333
21 3 0.0833333
22 19 0.333333
22 12 0.0666667
32 31 0.0714286
32 35 0.166667
32 42 0.166667
42 31 0.0714286
42 32 0.125
42 35 0.166667
6 5 0.111111
23 3 0.0833333
23 9 0.25
7 4 0.0833333
7 8 0.1
7 14 0.166667
8 7 0.0769231
8 18 0.2
24 12 0.0666667
33 31 0.0714286
33 40 0.5
9 3 0.0833333
9 23 0.25
27 28 0.333333
28 27 0.166667
35 31 0.0714286
35 32 0.125
35 42 0.166667
10 1 0.125
