18
48
0 1 0.25
0 2 0.125
0 10 0.5
1 0 0.0909091
1 4 0.166667
2 0 0.0909091
2 3 0.166667
2 5 0.166667
2 8 0.125
3 2 0.125
3 6 0.0833333
3 13 0.125
4 1 0.25
4 7 0.166667
4 14 0.5
5 2 0.125
5 6 0.0833333
5 17 0.25
6 5 0.166667
6 3 0.166667
6 9 0.333333
6 11 0.1
6 13 0.125
6 17 0.25
7 4 0.166667
7 8 0.125
7 15 0.25
8 2 0.125
8 7 0.166667
8 11 0.1
8 15 0.25
9 6 0.0833333
10 0 0.0909091
11 6 0.0833333
11 9 0.333333
11 8 0.125
11 12 0.5
11 13 0.125
12 11 0.1
13 6 0.0833333
13 11 0.1
13 3 0.166667
14 4 0.166667
15 8 0.125
15 7 0.166667
16 11 0.1
17 6 0.0833333
17 5 0.166667
