22 1
22 28
22 29
22 33
58 52
58 66
59 39
59 52
59 51
23 10
23 12
23 15
23 30
24 6
24 4
60 45
25 17
25 22
25 27
39 45
39 46
39 49
39 59
39 69
26 20
26 5
26 1
26 8
61 41
61 40
0 3
0 5
0 9
0 21
62 47
1 13
1 17
1 26
2 4
2 5
2 10
2 21
40 42
40 44
40 50
40 56
63 43
63 47
63 64
63 65
41 53
41 61
27 25
42 40
42 52
42 56
64 63
64 65
65 64
65 47
65 63
66 58
66 52
3 0
3 4
28 22
29 22
43 46
43 55
43 63
4 3
4 2
4 0
4 6
4 12
44 40
45 39
45 46
45 48
45 57
45 60
45 68
5 0
5 2
5 7
5 8
5 20
5 26
5 35
6 4
6 14
6 24
30 23
67 49
7 5
7 2
7 31
7 36
68 48
68 45
31 7
31 21
46 45
46 39
46 43
46 49
69 39
32 10
8 5
8 26
47 62
47 71
70 53
9 0
71 62
71 47
48 45
49 39
49 48
49 46
49 51
49 67
10 2
10 6
10 4
10 17
10 32
12 0
12 6
12 4
12 15
12 16
12 23
33 22
50 40
50 44
50 52
34 14
51 49
51 59
52 42
52 50
52 58
52 59
52 66
35 8
35 5
53 41
53 70
13 1
14 6
14 0
14 34
36 7
37 21
37 8
54 42
55 43
15 12
15 16
16 15
16 14
16 12
17 10
17 1
17 25
18 11
56 42
56 40
56 57
57 39
57 45
57 56
19 7
20 5
21 6
21 3
21 2
21 0
21 31
