0.057018
0.088781
0.086931
0.011868
0.009446
1
0.004417
0.125912
0.233327
0.028487
0.011295
0
0.000996
0.044565
0.000479
0.000234
0.000166
0.016233
0
0
0.372916
0.0194
1
0.000159
0.001494
0.002279
0.178004
0.000566
0.50131
0.501396
7.9e-05
0.035379
0.00556
0.500605
0.00026
0.333803
0.063319
0
0
0.103274
0.025902
0
0.147043
0.017248
0.07277
1
0.137505
0.0003
0.318531
0.031293
0.202191
0.051492
1
0
0
0.008749
0.036942
0.169355
0.298035
0.18076
0.500215
0
0.000128
0.002417
0.000646
0.00037
0.29766
0.015639
0.332953
0.034485
0
9.5e-05
0
