17 1
17 6
17 18
17 20
17 29
31 29
18 17
18 19
18 20
18 24
18 25
18 27
18 30
18 32
18 33
18 34
1 6
1 11
1 17
32 18
32 19
32 28
9 13
33 19
33 18
33 27
19 18
19 22
19 24
19 25
19 32
19 33
10 6
2 1
2 4
2 7
2 12
34 22
34 19
34 18
11 1
20 17
20 19
20 18
20 25
35 25
21 23
21 28
21 38
22 18
22 19
23 21
23 28
36 25
36 35
12 2
24 18
24 19
24 27
37 26
38 21
3 2
4 2
13 9
5 4
5 7
25 18
25 20
25 19
25 35
25 36
6 1
6 8
6 10
39 40
40 39
26 24
26 37
7 5
7 2
27 24
27 18
28 23
28 21
28 27
29 17
29 31
42 43
42 44
30 18
43 42
43 44
44 42
44 43
8 6
