45
95
17 1 0.0769231
17 6 0.111111
17 18 0.037037
17 20 0.111111
17 29 0.166667
31 29 0.166667
18 17 0.0588235
18 19 0.0666667
18 20 0.111111
18 24 0.111111
18 25 0.1
18 27 0.166667
18 30 0.5
18 32 0.142857
18 33 0.2
18 34 0.25
1 6 0.111111
1 11 0.5
1 17 0.0588235
32 18 0.037037
32 19 0.0666667
32 28 0.125
9 13 0.5
33 19 0.0666667
33 18 0.037037
33 27 0.166667
19 18 0.037037
19 22 0.166667
19 24 0.111111
19 25 0.1
19 32 0.142857
19 33 0.2
10 6 0.111111
2 1 0.0769231
2 4 0.25
2 7 0.25
2 12 0.5
34 22 0.166667
34 19 0.0666667
34 18 0.037037
11 1 0.0769231
20 17 0.0588235
20 19 0.0666667
20 18 0.037037
20 25 0.1
35 25 0.1
21 23 0.25
21 28 0.125
21 38 0.25
22 18 0.037037
22 19 0.0666667
23 21 0.125
23 28 0.125
36 25 0.1
36 35 0.333333
12 2 0.0833333
24 18 0.037037
24 19 0.0666667
24 27 0.166667
37 26 0.2
38 21 0.125
3 2 0.0833333
4 2 0.0833333
13 9 0.142857
5 4 0.25
5 7 0.25
25 18 0.037037
25 20 0.111111
25 19 0.0666667
25 35 0.333333
25 36 0.333333
6 1 0.0769231
6 8 0.5
6 10 0.25
39 40 0.5
40 39 0.25
26 24 0.111111
26 37 0.5
7 5 0.2
7 2 0.0833333
27 24 0.111111
27 18 0.037037
28 23 0.25
28 21 0.125
28 27 0.166667
29 17 0.0588235
29 31 0.5
42 43 0.2
42 44 0.25
30 18 0.037037
43 42 0.166667
43 44 0.25
44 42 0.166667
44 43 0.2
8 6 0.111111
