40 41
21 1
21 17
41 40
55 51
55 58
56 52
22 8
22 11
22 4
22 36
23 17
23 2
23 1
24 18
57 48
57 54
1 2
1 3
1 5
1 12
1 17
1 19
1 21
1 25
25 12
25 19
25 21
25 1
25 29
25 33
25 37
42 43
42 46
42 47
42 49
42 59
42 60
58 42
58 55
58 51
58 62
58 64
26 10
59 42
2 1
2 3
2 6
2 12
2 17
2 23
2 30
3 2
3 1
3 4
3 5
3 6
3 12
3 17
3 19
3 30
60 42
60 68
27 15
27 9
27 13
4 1
4 3
4 7
4 14
28 20
28 11
5 1
5 2
5 3
5 8
5 11
5 20
43 42
43 44
43 46
43 48
43 52
61 48
61 54
61 57
61 63
62 49
62 58
62 57
62 52
62 66
63 54
63 57
63 61
63 48
6 3
6 2
6 10
6 20
6 34
29 25
29 33
29 37
7 4
8 5
8 20
64 58
9 13
9 15
9 16
9 27
30 17
30 3
30 23
30 2
30 31
31 2
31 1
31 3
31 30
10 6
10 26
11 5
11 22
32 14
65 42
65 49
12 2
12 3
12 1
12 25
44 43
44 46
66 62
33 29
33 25
13 9
13 15
13 35
14 4
14 7
14 32
34 6
46 44
46 43
46 42
67 47
67 53
67 50
47 42
47 50
47 51
47 53
68 42
68 60
68 49
35 13
35 15
35 16
35 27
36 22
48 43
48 54
48 57
48 63
49 42
49 62
49 65
49 68
37 29
37 25
50 47
50 51
50 53
50 67
70 29
70 42
70 11
70 2
70 71
15 13
15 9
15 16
15 27
71 70
16 9
16 15
16 13
51 50
51 47
51 55
51 58
17 1
17 12
17 3
17 2
17 19
17 21
17 23
17 30
52 42
52 43
52 46
52 56
52 62
38 17
38 20
53 47
53 50
53 67
54 48
54 57
18 4
18 17
18 20
18 24
19 1
19 3
19 17
20 6
20 8
20 18
20 5
20 28
20 38
