0
0.068718
0.024197
0.028908
0.015909
0.105714
0.08715
0.004629
0.155867
0
0.014697
0.072087
0.125583
0
0.002674
0
0
0.042885
0.166126
0.157079
1
0.214672
0.012124
0.010911
0.083075
1
0.007267
0
0.334528
0.203218
0.010577
0.002145
0.001377
0.283317
0.043461
0
0.006117
0.283371
0.090671
0
0
0
1
0.093871
0.062771
0
0.169983
0.092644
0.028533
0.24051
0.016541
0.029763
0.134853
0.013854
0.028571
0.034065
0.067416
0.144892
0.113368
0.501083
0.259774
0.000914
1
0.004767
0.0567
0.080412
0.500661
0.005808
0.095522
0
0
0
0
