0 1
1 0
3 4
3 152
4 3
5 7
5 9
5 27
5 34
5 39
5 40
5 55
5 66
6 12
6 13
6 17
6 32
7 5
7 8
7 21
7 29
7 64
8 7
8 9
8 14
8 24
8 44
9 5
9 8
9 10
9 16
9 19
9 27
10 7
10 9
10 11
10 16
10 23
10 41
11 10
11 16
11 23
11 41
12 6
12 52
13 6
13 60
14 8
14 15
14 25
14 35
15 14
15 25
15 35
16 9
16 10
16 11
17 6
18 22
18 30
18 42
18 68
19 9
19 20
19 59
20 19
20 28
20 59
21 7
21 29
21 64
22 18
22 12
22 45
23 11
23 10
23 5
23 33
23 47
23 57
24 8
25 14
25 15
26 31
26 36
26 37
26 67
26 71
27 9
27 5
27 11
27 62
27 69
28 20
28 18
28 38
28 43
28 46
28 48
28 54
28 56
29 7
29 21
30 18
30 42
30 53
30 68
31 26
31 36
31 37
31 67
31 71
32 12
32 6
32 17
32 61
33 23
33 47
34 5
35 14
35 15
35 25
36 31
36 26
36 49
36 50
37 31
37 26
37 71
38 28
38 46
39 5
39 34
40 23
40 5
41 10
41 11
42 30
42 18
42 68
43 28
43 38
44 8
45 22
46 28
46 38
47 23
47 33
48 19
48 36
48 28
48 67
49 36
49 50
50 36
50 49
52 51
52 22
52 12
52 152
53 30
53 18
54 28
54 56
55 9
55 5
56 28
56 46
56 54
57 23
57 33
58 72
59 20
59 19
60 13
61 32
62 27
62 69
63 58
64 7
64 15
64 21
64 65
65 64
66 5
66 39
67 48
67 26
67 31
68 42
68 30
68 53
68 18
69 27
69 62
70 61
70 32
71 31
71 26
71 37
72 58
78 77
78 79
79 78
79 77
79 80
80 79
82 83
82 92
82 104
82 113
82 116
82 134
83 82
83 95
83 101
83 115
83 124
84 85
84 86
84 93
84 96
85 84
85 87
85 137
85 139
86 84
86 89
86 94
86 126
87 85
87 86
87 88
87 90
87 97
87 132
88 87
89 88
89 86
89 92
89 94
89 112
90 87
90 93
90 97
90 105
90 129
90 132
91 82
91 119
91 122
91 140
91 141
92 89
92 82
92 98
92 103
92 108
92 109
92 118
93 85
93 84
93 90
93 100
93 120
94 86
94 89
94 117
95 92
95 83
95 103
95 107
95 123
96 84
97 87
97 90
98 83
98 95
98 82
98 92
98 130
99 106
100 93
100 102
100 140
101 95
101 83
102 100
103 92
103 95
103 128
104 82
104 125
104 142
105 90
105 129
106 99
107 92
107 95
107 110
108 92
109 92
109 108
110 107
111 97
112 89
112 136
113 82
113 115
114 82
114 89
114 85
114 139
115 113
115 83
115 82
116 82
117 94
118 92
118 108
119 91
119 122
119 133
120 93
121 130
122 91
122 119
122 133
122 141
123 95
124 83
125 104
126 86
128 103
129 90
129 105
129 132
130 98
130 121
130 82
131 135
132 90
132 129
132 87
133 119
133 91
133 122
133 141
134 82
134 113
135 131
136 112
136 89
137 85
138 121
139 85
139 114
140 91
140 100
141 91
141 133
141 122
142 104
142 125
144 92
144 145
145 144
146 148
148 146
152 52
152 92
152 3
152 153
152 155
153 152
153 156
154 152
155 152
156 153
