0
0
0
2e-06
2e-06
1
0.000174
0.127062
1
0.14611
0.093195
0.124791
0.001784
5.1e-05
0.101156
0.020574
0.057693
3e-05
0.077263
0.068435
0.17333
0.027379
0.012775
1
0.333502
0.025048
0.002134
0.125608
1
0.03623
0.01288
0.002872
1.5e-05
0.291794
0.403952
0.012947
0.01223
0.000829
0.289456
0.313792
0.33393
0.052436
0.015885
0.333422
0.500082
0.006368
0.277981
0.298417
0.143368
0.003691
0.00371
2.6e-05
0.000234
0.00638
0.288269
0.334293
0.24091
0.334371
0
0.05678
2.7e-05
5e-06
0.030197
0
0.01679
0.008302
0.332607
0.014508
0.014138
0.036374
0
0.000903
0
0
0
0
0
0
0
0
0
0
1
0.139167
0.090613
0.083365
0.017664
0.015736
0.013352
0.078276
0.084621
0.001837
1
1
0.015583
1
0.045216
0.01396
0.112156
0
0.143563
0.028229
0.071632
0.236277
0.126212
0.02435
0
0.200643
0.371895
0.334066
0.100477
0
0.019495
0.25887
0.004168
0.07683
0.500294
0.007762
0.334326
0.000338
0.49994
0.004454
0.000302
0.50041
0.069743
0.051702
0.008844
0
0.118172
0.019193
0.022337
0
0.01862
0.000116
0.334262
0
0.006511
0.013977
0
0.020921
0.018098
0.00037
0.042176
0
0
0
0
0
0
0
0
0
1.4e-05
0
0
5e-06
0
