157
379
0 1 0.5
1 0 0.25
3 4 0.25
3 152 0.0555556
4 3 0.166667
5 7 0.0625
5 9 0.0588235
5 27 0.111111
5 34 0.333333
5 39 0.25
5 40 0.333333
5 55 0.333333
5 66 0.333333
6 12 0.142857
6 13 0.25
6 17 0.2
6 32 0.125
7 5 0.047619
7 8 0.0769231
7 21 0.166667
7 29 0.25
7 64 0.111111
8 7 0.0625
8 9 0.0588235
8 14 0.1
8 24 0.333333
8 44 0.5
9 5 0.047619
9 8 0.0769231
9 10 0.0714286
9 16 0.166667
9 19 0.142857
9 27 0.111111
10 7 0.0625
10 9 0.0588235
10 11 0.1
10 16 0.166667
10 23 0.0833333
10 41 0.25
11 10 0.0714286
11 16 0.166667
11 23 0.0833333
11 41 0.25
12 6 0.0833333
12 52 0.125
13 6 0.0833333
13 60 0.5
14 8 0.0769231
14 15 0.142857
14 25 0.2
14 35 0.111111
15 14 0.1
15 25 0.2
15 35 0.111111
16 9 0.0588235
16 10 0.0714286
16 11 0.1
17 6 0.0833333
18 22 0.166667
18 30 0.125
18 42 0.166667
18 68 0.142857
19 9 0.0588235
19 20 0.166667
19 59 0.25
20 19 0.142857
20 28 0.0555556
20 59 0.25
21 7 0.0625
21 29 0.25
21 64 0.111111
22 18 0.0769231
22 12 0.142857
22 45 0.5
23 11 0.1
23 10 0.0714286
23 5 0.047619
23 33 0.2
23 47 0.25
23 57 0.333333
24 8 0.0769231
25 14 0.1
25 15 0.142857
26 31 0.1
26 36 0.0833333
26 37 0.166667
26 67 0.1
26 71 0.166667
27 9 0.0588235
27 5 0.047619
27 11 0.1
27 62 0.2
27 69 0.25
28 20 0.166667
28 18 0.0769231
28 38 0.2
28 43 0.333333
28 46 0.2
28 48 0.142857
28 54 0.25
28 56 0.2
29 7 0.0625
29 21 0.166667
30 18 0.0769231
30 42 0.166667
30 53 0.25
30 68 0.142857
31 26 0.0714286
31 36 0.0833333
31 37 0.166667
31 67 0.1
31 71 0.166667
32 12 0.142857
32 6 0.0833333
32 17 0.2
32 61 0.333333
33 23 0.0833333
33 47 0.25
34 5 0.047619
35 14 0.1
35 15 0.142857
35 25 0.2
36 31 0.1
36 26 0.0714286
36 49 0.25
36 50 0.25
37 31 0.1
37 26 0.0714286
37 71 0.166667
38 28 0.0555556
38 46 0.2
39 5 0.047619
39 34 0.333333
40 23 0.0833333
40 5 0.047619
41 10 0.0714286
41 11 0.1
42 30 0.125
42 18 0.0769231
42 68 0.142857
43 28 0.0555556
43 38 0.2
44 8 0.0769231
45 22 0.166667
46 28 0.0555556
46 38 0.2
47 23 0.0833333
47 33 0.2
48 19 0.142857
48 36 0.0833333
48 28 0.0555556
48 67 0.1
49 36 0.0833333
49 50 0.25
50 36 0.0833333
50 49 0.25
52 51 0.111111
52 22 0.166667
52 12 0.142857
52 152 0.0555556
53 30 0.125
53 18 0.0769231
54 28 0.0555556
54 56 0.2
55 9 0.0588235
55 5 0.047619
56 28 0.0555556
56 46 0.2
56 54 0.25
57 23 0.0833333
57 33 0.2
58 72 0.5
59 20 0.166667
59 19 0.142857
60 13 0.25
61 32 0.125
62 27 0.111111
62 69 0.25
63 58 0.2
64 7 0.0625
64 15 0.142857
64 21 0.166667
64 65 0.5
65 64 0.111111
66 5 0.047619
66 39 0.25
67 48 0.142857
67 26 0.0714286
67 31 0.1
68 42 0.166667
68 30 0.125
68 53 0.25
68 18 0.0769231
69 27 0.111111
69 62 0.2
70 61 0.333333
70 32 0.125
71 31 0.1
71 26 0.0714286
71 37 0.166667
72 58 0.2
78 77 0.25
78 79 0.2
79 78 0.142857
79 77 0.25
79 80 0.5
80 79 0.2
82 83 0.0666667
82 92 0.05
82 104 0.125
82 113 0.2
82 116 0.5
82 134 0.333333
83 82 0.0434783
83 95 0.0714286
83 101 0.2
83 115 0.2
83 124 0.5
84 85 0.0769231
84 86 0.0909091
84 93 0.0769231
84 96 0.5
85 84 0.0833333
85 87 0.0769231
85 137 0.166667
85 139 0.25
86 84 0.0833333
86 89 0.0769231
86 94 0.166667
86 126 0.5
87 85 0.0769231
87 86 0.0909091
87 88 0.142857
87 90 0.0833333
87 97 0.142857
87 132 0.166667
88 87 0.0769231
89 88 0.142857
89 86 0.0909091
89 92 0.05
89 94 0.166667
89 112 0.25
90 87 0.0769231
90 93 0.0769231
90 97 0.142857
90 105 0.25
90 129 0.166667
90 132 0.166667
91 82 0.0434783
91 119 0.166667
91 122 0.125
91 140 0.125
91 141 0.166667
92 89 0.0769231
92 82 0.0434783
92 98 0.111111
92 103 0.125
92 108 0.25
92 109 0.333333
92 118 0.333333
93 85 0.0769231
93 84 0.0833333
93 90 0.0833333
93 100 0.142857
93 120 0.5
94 86 0.0909091
94 89 0.0769231
94 117 0.5
95 92 0.05
95 83 0.0666667
95 103 0.125
95 107 0.2
95 123 0.5
96 84 0.0833333
97 87 0.0769231
97 90 0.0833333
98 83 0.0666667
98 95 0.0714286
98 82 0.0434783
98 92 0.05
98 130 0.2
99 106 0.2
100 93 0.0769231
100 102 0.5
100 140 0.125
101 95 0.0714286
101 83 0.0666667
102 100 0.142857
103 92 0.05
103 95 0.0714286
103 128 0.5
104 82 0.0434783
104 125 0.333333
104 142 0.333333
105 90 0.0833333
105 129 0.166667
106 99 0.25
107 92 0.05
107 95 0.0714286
107 110 0.5
108 92 0.05
109 92 0.05
109 108 0.25
110 107 0.2
111 97 0.142857
112 89 0.0769231
112 136 0.333333
113 82 0.0434783
113 115 0.2
114 82 0.0434783
114 89 0.0769231
114 85 0.0769231
114 139 0.25
115 113 0.2
115 83 0.0666667
115 82 0.0434783
116 82 0.0434783
117 94 0.166667
118 92 0.05
118 108 0.25
119 91 0.1
119 122 0.125
119 133 0.142857
120 93 0.0769231
121 130 0.2
122 91 0.1
122 119 0.166667
122 133 0.142857
122 141 0.166667
123 95 0.0714286
124 83 0.0666667
125 104 0.125
126 86 0.0909091
128 103 0.125
129 90 0.0833333
129 105 0.25
129 132 0.166667
130 98 0.111111
130 121 0.2
130 82 0.0434783
131 135 0.5
132 90 0.0833333
132 129 0.166667
132 87 0.0769231
133 119 0.166667
133 91 0.1
133 122 0.125
133 141 0.166667
134 82 0.0434783
134 113 0.2
135 131 0.2
136 112 0.25
136 89 0.0769231
137 85 0.0769231
138 121 0.2
139 85 0.0769231
139 114 0.2
140 91 0.1
140 100 0.142857
141 91 0.1
141 133 0.142857
141 122 0.125
142 104 0.125
142 125 0.333333
144 92 0.05
144 145 0.5
145 144 0.0909091
146 148 0.5
148 146 0.25
152 52 0.125
152 92 0.05
152 3 0.166667
152 153 0.125
152 155 0.333333
153 152 0.0555556
153 156 0.5
154 152 0.0555556
155 152 0.0555556
156 153 0.125
