27 15
27 3
0 1
28 13
28 22
28 8
28 37
1 0
29 3
55 41
55 56
56 55
40 42
40 45
40 63
41 47
41 49
41 51
41 55
57 43
30 10
42 40
42 47
42 65
31 7
31 17
31 35
58 53
32 5
32 11
32 4
43 50
43 57
43 62
44 54
44 60
59 51
60 44
61 52
61 53
45 40
45 63
46 41
46 51
46 53
62 43
33 19
33 11
3 4
3 6
3 17
3 29
47 42
47 41
47 48
47 63
4 3
4 5
4 14
4 17
4 20
4 32
63 45
63 40
63 47
5 4
5 20
64 52
64 66
6 3
6 7
6 9
6 15
7 6
7 2
7 10
7 15
7 31
48 47
8 13
8 16
8 21
8 22
8 25
8 28
9 6
9 12
9 14
9 36
65 42
10 7
10 11
10 30
10 35
49 41
11 10
11 19
11 32
11 33
12 4
12 11
12 9
12 5
66 52
66 64
66 42
34 14
13 8
13 25
13 28
14 4
14 9
14 23
14 24
14 34
15 6
15 7
15 18
15 27
50 43
35 31
35 10
36 9
37 28
37 21
16 8
17 3
17 4
17 31
18 15
19 11
20 4
20 5
53 46
53 52
53 58
21 8
21 13
21 16
21 37
51 41
51 46
51 52
51 59
22 8
22 13
23 14
24 14
24 4
24 25
52 51
52 53
52 61
52 64
54 44
25 13
25 8
25 24
26 24
26 12
