0
0
0.000406
0.006081
0.067082
0.018069
0.013524
0.001235
1
0.101069
0.000427
0.003505
0.016756
0.187342
1
0.001442
0.372757
0.011869
0.000491
0.001416
0.019844
0.172779
0.282743
0.500255
0.193525
0.212775
0
0.000486
0.169324
0.003044
0.000223
0.002223
0.013946
0.001151
0.499494
0.000643
0.050631
0.0809
0
0
0.003084
1
0.016219
1
0
0.004841
0.018338
0.126041
0.062949
0.500918
0.333287
0.12575
0.014322
0.005032
0
0.251089
0.125505
0.500436
0.002459
0.062836
0
0.00473
0.498993
0.021329
0.003583
0.008074
0.000896
0
0
0
