70
160
27 15 0.1
27 3 0.0666667
0 1 0.5
28 13 0.111111
28 22 0.25
28 8 0.0666667
28 37 0.25
1 0 0.111111
29 3 0.0666667
55 41 0.0909091
55 56 0.5
56 55 0.25
40 42 0.125
40 45 0.2
40 63 0.166667
41 47 0.125
41 49 0.5
41 51 0.125
41 55 0.25
57 43 0.0769231
30 10 0.0833333
42 40 0.0769231
42 47 0.125
42 65 0.5
31 7 0.0714286
31 17 0.166667
31 35 0.25
58 53 0.142857
32 5 0.166667
32 11 0.111111
32 4 0.0555556
43 50 0.333333
43 57 0.5
43 62 0.5
44 54 0.5
44 60 0.5
59 51 0.125
60 44 0.0909091
61 52 0.111111
61 53 0.142857
45 40 0.0769231
45 63 0.166667
46 41 0.0909091
46 51 0.125
46 53 0.142857
62 43 0.0769231
33 19 0.333333
33 11 0.111111
3 4 0.0555556
3 6 0.125
3 17 0.166667
3 29 0.5
47 42 0.125
47 41 0.0909091
47 48 0.5
47 63 0.166667
4 3 0.0666667
4 5 0.166667
4 14 0.0769231
4 17 0.166667
4 20 0.25
4 32 0.2
63 45 0.2
63 40 0.0769231
63 47 0.125
5 4 0.0555556
5 20 0.25
64 52 0.111111
64 66 0.25
6 3 0.0666667
6 7 0.0714286
6 9 0.1
6 15 0.1
7 6 0.125
7 2 0.333333
7 10 0.0833333
7 15 0.1
7 31 0.166667
48 47 0.125
8 13 0.111111
8 16 0.333333
8 21 0.166667
8 22 0.25
8 25 0.166667
8 28 0.142857
9 6 0.125
9 12 0.166667
9 14 0.0769231
9 36 0.5
65 42 0.125
10 7 0.0714286
10 11 0.111111
10 30 0.5
10 35 0.25
49 41 0.0909091
11 10 0.0833333
11 19 0.333333
11 32 0.2
11 33 0.333333
12 4 0.0555556
12 11 0.111111
12 9 0.1
12 5 0.166667
66 52 0.111111
66 64 0.25
66 42 0.125
34 14 0.0769231
13 8 0.0666667
13 25 0.166667
13 28 0.142857
14 4 0.0555556
14 9 0.1
14 23 0.5
14 24 0.166667
14 34 0.5
15 6 0.125
15 7 0.0714286
15 18 0.333333
15 27 0.333333
50 43 0.0769231
35 31 0.166667
35 10 0.0833333
36 9 0.1
37 28 0.142857
37 21 0.166667
16 8 0.0666667
17 3 0.0666667
17 4 0.0555556
17 31 0.166667
18 15 0.1
19 11 0.111111
20 4 0.0555556
20 5 0.166667
53 46 0.142857
53 52 0.111111
53 58 0.5
21 8 0.0666667
21 13 0.111111
21 16 0.333333
21 37 0.25
51 41 0.0909091
51 46 0.142857
51 52 0.111111
51 59 0.5
22 8 0.0666667
22 13 0.111111
23 14 0.0769231
24 14 0.0769231
24 4 0.0555556
24 25 0.166667
52 51 0.125
52 53 0.142857
52 61 0.333333
52 64 0.25
54 44 0.0909091
25 13 0.111111
25 8 0.0666667
25 24 0.166667
26 24 0.166667
26 12 0.166667
