0 1
0 2
0 4
0 7
0 232
1 0
1 4
1 6
2 0
2 3
3 2
4 0
4 1
4 5
4 6
5 4
6 1
6 4
6 5
7 0
7 4
7 2
7 8
7 9
7 11
7 14
7 19
7 23
7 40
7 48
7 51
7 55
7 61
8 7
8 22
8 24
8 28
8 31
8 80
9 7
9 12
9 42
9 64
9 66
9 77
10 7
10 13
10 27
10 30
10 32
10 34
10 47
10 54
10 56
10 90
10 92
11 7
11 15
11 23
11 95
12 9
12 7
12 11
12 16
12 17
13 10
13 26
13 83
13 107
14 7
14 33
14 37
14 40
14 57
14 62
14 67
14 87
14 89
14 98
14 111
14 112
15 11
16 12
16 10
16 44
16 79
17 12
17 29
17 74
17 94
18 20
18 21
18 23
18 53
18 101
19 7
20 18
20 23
20 49
21 18
21 11
21 36
21 70
22 8
22 33
22 50
22 58
22 84
22 97
22 99
23 11
23 7
23 21
23 18
23 20
23 38
23 52
24 8
25 8
26 13
26 103
27 10
27 34
27 41
27 109
28 8
28 35
28 86
29 17
29 94
29 96
30 10
30 39
30 64
31 8
31 43
31 45
32 10
32 46
33 22
33 14
33 100
33 102
34 27
34 32
34 10
35 28
35 93
36 21
36 42
37 14
37 57
37 87
37 89
37 111
38 23
38 52
38 72
39 30
40 14
40 7
40 59
40 75
41 27
41 45
41 58
42 9
42 15
42 36
42 78
42 81
42 106
43 31
44 16
44 79
45 41
45 31
45 63
46 32
47 10
48 7
48 51
48 88
49 20
49 18
49 101
50 22
51 48
51 7
51 55
51 88
52 38
52 23
52 60
53 18
53 101
54 10
54 92
55 7
55 51
56 10
56 54
57 37
57 14
57 85
57 87
58 41
58 22
58 68
59 40
59 71
60 52
60 23
61 7
61 51
62 14
62 37
62 57
62 82
62 102
62 104
63 45
64 9
64 30
64 76
65 105
66 9
67 14
67 37
67 89
68 58
69 66
69 108
70 21
70 73
71 59
72 38
72 23
73 70
73 29
73 12
73 21
73 120
74 17
74 29
74 96
75 40
76 64
77 9
78 42
79 16
79 44
80 8
80 91
80 97
81 42
81 77
81 9
82 62
83 13
83 27
84 22
84 97
84 99
85 14
85 37
85 57
85 89
85 111
86 35
86 28
87 57
87 14
87 37
88 51
88 7
88 48
89 67
89 14
89 37
89 85
90 10
90 54
90 248
91 80
92 10
92 54
93 28
93 35
94 29
94 74
94 17
95 11
95 15
95 120
96 74
96 17
96 29
97 22
97 84
97 80
97 110
98 14
99 22
99 84
100 33
101 18
101 53
101 49
102 33
102 97
102 62
103 26
104 62
104 82
105 65
106 42
107 13
108 69
109 27
110 97
111 37
111 67
111 14
111 85
111 57
111 112
112 57
112 14
112 111
113 7
113 29
113 42
113 114
114 113
115 116
115 117
115 119
116 115
116 118
116 119
117 115
118 116
119 116
119 115
120 73
120 95
120 11
120 121
120 122
121 120
121 124
122 120
122 123
123 122
124 121
124 122
124 123
124 128
125 122
126 127
126 232
127 126
128 124
129 130
130 129
131 151
131 152
131 156
131 225
132 149
133 134
133 135
133 137
133 138
133 140
133 141
133 144
133 160
133 197
133 214
133 232
134 133
134 136
134 139
134 142
134 148
134 189
134 192
134 195
134 206
134 207
134 226
135 133
135 154
135 157
135 161
136 134
136 142
136 158
136 183
137 133
137 174
137 210
137 218
138 133
138 213
139 134
139 147
139 165
139 166
139 171
139 193
139 204
139 209
140 133
140 196
140 202
140 203
141 133
142 137
142 134
142 136
142 155
142 170
142 172
143 145
143 182
143 212
144 133
144 137
144 131
144 175
144 180
144 181
144 184
145 143
145 189
145 224
145 227
146 141
146 140
146 168
146 170
146 228
147 139
147 199
147 204
148 134
148 173
148 190
148 208
149 132
149 163
149 178
150 143
150 152
150 159
150 162
150 176
150 191
150 221
151 131
152 131
152 150
152 220
153 144
153 155
154 135
155 153
155 142
155 167
155 187
156 131
156 150
157 135
157 144
157 156
157 185
157 217
158 136
159 150
159 191
160 133
160 197
161 135
161 154
161 169
162 150
162 191
163 149
164 140
164 202
165 139
165 147
165 179
165 193
165 200
165 201
166 139
166 165
166 200
167 155
167 187
168 146
169 161
170 146
170 142
170 211
171 148
171 139
171 209
172 142
173 148
174 137
174 210
175 144
175 180
176 143
176 150
176 162
177 173
177 148
178 149
178 163
179 165
179 194
179 229
180 144
180 175
181 144
182 143
182 212
183 136
184 144
185 157
185 217
185 219
186 140
186 196
186 203
187 155
187 167
187 188
188 187
188 153
189 134
189 145
189 215
190 148
191 150
191 162
191 159
192 134
192 195
192 226
193 139
193 165
193 200
194 179
194 229
195 134
195 192
195 206
195 226
196 186
196 140
196 198
196 203
197 133
197 160
197 141
198 196
199 147
199 139
199 165
200 139
200 165
200 166
200 193
200 204
200 205
201 165
201 199
201 166
202 140
202 164
203 196
203 186
203 140
203 228
204 201
204 139
204 200
204 147
205 200
205 165
205 139
206 134
206 195
207 194
207 134
207 179
208 148
208 173
208 143
209 171
209 139
210 137
210 174
210 214
210 216
210 218
211 170
212 143
212 182
213 138
214 141
214 133
214 137
214 210
215 189
216 210
216 137
217 157
217 185
218 137
218 210
219 217
219 185
219 157
220 152
221 162
221 150
222 167
222 155
222 225
222 230
224 145
225 151
225 131
225 222
226 195
226 134
226 192
227 145
227 224
228 146
228 138
228 170
228 203
229 194
229 179
230 222
232 188
232 133
232 126
232 0
232 234
234 232
234 236
234 238
234 239
235 237
236 234
237 235
238 234
238 236
239 234
240 241
240 242
240 243
241 240
241 245
242 240
242 247
243 240
243 244
244 243
244 240
244 246
245 241
246 244
247 242
248 90
248 1
248 75
248 249
248 250
248 251
249 248
249 252
250 248
250 253
251 248
252 249
253 250
