254
697
0 1 0.142857
0 2 0.2
0 4 0.111111
0 7 0.0243902
0 232 0.0714286
1 0 0.0714286
1 4 0.111111
1 6 0.2
2 0 0.0714286
2 3 0.5
3 2 0.2
4 0 0.0714286
4 1 0.142857
4 5 0.333333
4 6 0.2
5 4 0.111111
6 1 0.142857
6 4 0.111111
6 5 0.333333
7 0 0.0714286
7 4 0.111111
7 2 0.2
7 8 0.0526316
7 9 0.0555556
7 11 0.0666667
7 14 0.04
7 19 0.333333
7 23 0.0625
7 40 0.0666667
7 48 0.125
7 51 0.111111
7 55 0.25
7 61 0.333333
8 7 0.0243902
8 22 0.0555556
8 24 0.166667
8 28 0.142857
8 31 0.0833333
8 80 0.1
9 7 0.0243902
9 12 0.0909091
9 42 0.0666667
9 64 0.125
9 66 0.2
9 77 0.333333
10 7 0.0243902
10 13 0.0714286
10 27 0.0909091
10 30 0.1
10 32 0.166667
10 34 0.166667
10 47 0.5
10 54 0.125
10 56 0.333333
10 90 0.2
10 92 0.25
11 7 0.0243902
11 15 0.25
11 23 0.0625
11 95 0.2
12 9 0.0555556
12 7 0.0243902
12 11 0.0666667
12 16 0.0909091
12 17 0.111111
13 10 0.0416667
13 26 0.25
13 83 0.333333
13 107 0.5
14 7 0.0243902
14 33 0.125
14 37 0.0769231
14 40 0.0666667
14 57 0.0909091
14 62 0.0833333
14 67 0.166667
14 87 0.166667
14 89 0.125
14 98 0.166667
14 111 0.1
14 112 0.2
15 11 0.0666667
16 12 0.0909091
16 10 0.0416667
16 44 0.25
16 79 0.25
17 12 0.0909091
17 29 0.111111
17 74 0.166667
17 94 0.2
18 20 0.166667
18 21 0.0833333
18 23 0.0625
18 53 0.25
18 101 0.166667
19 7 0.0243902
20 18 0.0769231
20 23 0.0625
20 49 0.2
21 18 0.0769231
21 11 0.0666667
21 36 0.166667
21 70 0.25
22 8 0.0526316
22 33 0.125
22 50 0.5
22 58 0.125
22 84 0.125
22 97 0.111111
22 99 0.25
23 11 0.0666667
23 7 0.0243902
23 21 0.0833333
23 18 0.0769231
23 20 0.166667
23 38 0.125
23 52 0.166667
24 8 0.0526316
25 8 0.0526316
26 13 0.0714286
26 103 0.333333
27 10 0.0416667
27 34 0.166667
27 41 0.125
27 109 0.5
28 8 0.0526316
28 35 0.2
28 86 0.333333
29 17 0.111111
29 94 0.2
29 96 0.166667
30 10 0.0416667
30 39 0.5
30 64 0.125
31 8 0.0526316
31 43 0.5
31 45 0.125
32 10 0.0416667
32 46 0.5
33 22 0.0555556
33 14 0.04
33 100 0.5
33 102 0.166667
34 27 0.0909091
34 32 0.166667
34 10 0.0416667
35 28 0.142857
35 93 0.333333
36 21 0.0833333
36 42 0.0666667
37 14 0.04
37 57 0.0909091
37 87 0.166667
37 89 0.125
37 111 0.1
38 23 0.0625
38 52 0.166667
38 72 0.333333
39 30 0.1
40 14 0.04
40 7 0.0243902
40 59 0.2
40 75 0.333333
41 27 0.0909091
41 45 0.125
41 58 0.125
42 9 0.0555556
42 15 0.25
42 36 0.166667
42 78 0.5
42 81 0.25
42 106 0.5
43 31 0.0833333
44 16 0.0909091
44 79 0.25
45 41 0.125
45 31 0.0833333
45 63 0.5
46 32 0.166667
47 10 0.0416667
48 7 0.0243902
48 51 0.111111
48 88 0.2
49 20 0.166667
49 18 0.0769231
49 101 0.166667
50 22 0.0555556
51 48 0.125
51 7 0.0243902
51 55 0.25
51 88 0.2
52 38 0.125
52 23 0.0625
52 60 0.333333
53 18 0.0769231
53 101 0.166667
54 10 0.0416667
54 92 0.25
55 7 0.0243902
55 51 0.111111
56 10 0.0416667
56 54 0.125
57 37 0.0769231
57 14 0.04
57 85 0.125
57 87 0.166667
58 41 0.125
58 22 0.0555556
58 68 0.5
59 40 0.0666667
59 71 0.5
60 52 0.166667
60 23 0.0625
61 7 0.0243902
61 51 0.111111
62 14 0.04
62 37 0.0769231
62 57 0.0909091
62 82 0.333333
62 102 0.166667
62 104 0.333333
63 45 0.125
64 9 0.0555556
64 30 0.1
64 76 0.333333
65 105 0.5
66 9 0.0555556
67 14 0.04
67 37 0.0769231
67 89 0.125
68 58 0.125
69 66 0.2
69 108 0.5
70 21 0.0833333
70 73 0.0909091
71 59 0.2
72 38 0.125
72 23 0.0625
73 70 0.25
73 29 0.111111
73 12 0.0909091
73 21 0.0833333
73 120 0.0714286
74 17 0.111111
74 29 0.111111
74 96 0.166667
75 40 0.0666667
76 64 0.125
77 9 0.0555556
78 42 0.0666667
79 16 0.0909091
79 44 0.25
80 8 0.0526316
80 91 0.5
80 97 0.111111
81 42 0.0666667
81 77 0.333333
81 9 0.0555556
82 62 0.0833333
83 13 0.0714286
83 27 0.0909091
84 22 0.0555556
84 97 0.111111
84 99 0.25
85 14 0.04
85 37 0.0769231
85 57 0.0909091
85 89 0.125
85 111 0.1
86 35 0.2
86 28 0.142857
87 57 0.0909091
87 14 0.04
87 37 0.0769231
88 51 0.111111
88 7 0.0243902
88 48 0.125
89 67 0.166667
89 14 0.04
89 37 0.0769231
89 85 0.125
90 10 0.0416667
90 54 0.125
90 248 0.0666667
91 80 0.1
92 10 0.0416667
92 54 0.125
93 28 0.142857
93 35 0.2
94 29 0.111111
94 74 0.166667
94 17 0.111111
95 11 0.0666667
95 15 0.25
95 120 0.0714286
96 74 0.166667
96 17 0.111111
96 29 0.111111
97 22 0.0555556
97 84 0.125
97 80 0.1
97 110 0.5
98 14 0.04
99 22 0.0555556
99 84 0.125
100 33 0.125
101 18 0.0769231
101 53 0.25
101 49 0.2
102 33 0.125
102 97 0.111111
102 62 0.0833333
103 26 0.25
104 62 0.0833333
104 82 0.333333
105 65 0.25
106 42 0.0666667
107 13 0.0714286
108 69 0.142857
109 27 0.0909091
110 97 0.111111
111 37 0.0769231
111 67 0.166667
111 14 0.04
111 85 0.125
111 57 0.0909091
111 112 0.2
112 57 0.0909091
112 14 0.04
112 111 0.1
113 7 0.0243902
113 29 0.111111
113 42 0.0666667
113 114 0.5
114 113 0.0769231
115 116 0.1
115 117 0.25
115 119 0.25
116 115 0.1
116 118 0.25
116 119 0.25
117 115 0.1
118 116 0.1
119 116 0.1
119 115 0.1
120 73 0.0909091
120 95 0.2
120 11 0.0666667
120 121 0.0714286
120 122 0.1
121 120 0.0714286
121 124 0.166667
122 120 0.0714286
122 123 0.25
123 122 0.1
124 121 0.0714286
124 122 0.1
124 123 0.25
124 128 0.5
125 122 0.1
126 127 0.333333
126 232 0.0714286
127 126 0.166667
128 124 0.166667
129 130 0.5
130 129 0.25
131 151 0.333333
131 152 0.125
131 156 0.166667
131 225 0.2
132 149 0.1
133 134 0.0384615
133 135 0.111111
133 137 0.0769231
133 138 0.2
133 140 0.0833333
133 141 0.2
133 144 0.0625
133 160 0.25
133 197 0.2
133 214 0.166667
133 232 0.0714286
134 133 0.0357143
134 136 0.125
134 139 0.0454545
134 142 0.0769231
134 148 0.0909091
134 189 0.166667
134 192 0.166667
134 195 0.125
134 206 0.25
134 207 0.25
134 226 0.166667
135 133 0.0357143
135 154 0.333333
135 157 0.0909091
135 161 0.2
136 134 0.0384615
136 142 0.0769231
136 158 0.5
136 183 0.5
137 133 0.0357143
137 174 0.2
137 210 0.1
137 218 0.25
138 133 0.0357143
138 213 0.5
139 134 0.0384615
139 147 0.142857
139 165 0.0666667
139 166 0.125
139 171 0.142857
139 193 0.166667
139 204 0.142857
139 209 0.166667
140 133 0.0357143
140 196 0.0909091
140 202 0.25
140 203 0.125
141 133 0.0357143
142 137 0.0769231
142 134 0.0384615
142 136 0.125
142 155 0.0909091
142 170 0.111111
142 172 0.5
143 145 0.1
143 182 0.25
143 212 0.25
144 133 0.0357143
144 137 0.0769231
144 131 0.0714286
144 175 0.25
144 180 0.25
144 181 0.5
144 184 0.5
145 143 0.0909091
145 189 0.166667
145 224 0.333333
145 227 0.333333
146 141 0.2
146 140 0.0833333
146 168 0.333333
146 170 0.111111
146 228 0.166667
147 139 0.0454545
147 199 0.2
147 204 0.142857
148 134 0.0384615
148 173 0.2
148 190 0.5
148 208 0.166667
149 132 0.166667
149 163 0.25
149 178 0.25
150 143 0.0909091
150 152 0.125
150 159 0.166667
150 162 0.166667
150 176 0.166667
150 191 0.166667
150 221 0.142857
151 131 0.0714286
152 131 0.0714286
152 150 0.0526316
152 220 0.5
153 144 0.0625
153 155 0.0909091
154 135 0.111111
155 153 0.125
155 142 0.0769231
155 167 0.2
155 187 0.111111
156 131 0.0714286
156 150 0.0526316
157 135 0.111111
157 144 0.0625
157 156 0.166667
157 185 0.166667
157 217 0.2
158 136 0.125
159 150 0.0526316
159 191 0.166667
160 133 0.0357143
160 197 0.2
161 135 0.111111
161 154 0.333333
161 169 0.5
162 150 0.0526316
162 191 0.166667
163 149 0.1
164 140 0.0833333
164 202 0.25
165 139 0.0454545
165 147 0.142857
165 179 0.1
165 193 0.166667
165 200 0.0833333
165 201 0.2
166 139 0.0454545
166 165 0.0666667
166 200 0.0833333
167 155 0.0909091
167 187 0.111111
168 146 0.0833333
169 161 0.2
170 146 0.0833333
170 142 0.0769231
170 211 0.5
171 148 0.0909091
171 139 0.0454545
171 209 0.166667
172 142 0.0769231
173 148 0.0909091
174 137 0.0769231
174 210 0.1
175 144 0.0625
175 180 0.25
176 143 0.0909091
176 150 0.0526316
176 162 0.166667
177 173 0.2
177 148 0.0909091
178 149 0.1
178 163 0.25
179 165 0.0666667
179 194 0.2
179 229 0.25
180 144 0.0625
180 175 0.25
181 144 0.0625
182 143 0.0909091
182 212 0.25
183 136 0.125
184 144 0.0625
185 157 0.0909091
185 217 0.2
185 219 0.25
186 140 0.0833333
186 196 0.0909091
186 203 0.125
187 155 0.0909091
187 167 0.2
187 188 0.166667
188 187 0.111111
188 153 0.125
189 134 0.0384615
189 145 0.1
189 215 0.5
190 148 0.0909091
191 150 0.0526316
191 162 0.166667
191 159 0.166667
192 134 0.0384615
192 195 0.125
192 226 0.166667
193 139 0.0454545
193 165 0.0666667
193 200 0.0833333
194 179 0.1
194 229 0.25
195 134 0.0384615
195 192 0.166667
195 206 0.25
195 226 0.166667
196 186 0.2
196 140 0.0833333
196 198 0.25
196 203 0.125
197 133 0.0357143
197 160 0.25
197 141 0.2
198 196 0.0909091
199 147 0.142857
199 139 0.0454545
199 165 0.0666667
200 139 0.0454545
200 165 0.0666667
200 166 0.125
200 193 0.166667
200 204 0.142857
200 205 0.25
201 165 0.0666667
201 199 0.2
201 166 0.125
202 140 0.0833333
202 164 0.333333
203 196 0.0909091
203 186 0.2
203 140 0.0833333
203 228 0.166667
204 201 0.2
204 139 0.0454545
204 200 0.0833333
204 147 0.142857
205 200 0.0833333
205 165 0.0666667
205 139 0.0454545
206 134 0.0384615
206 195 0.125
207 194 0.2
207 134 0.0384615
207 179 0.1
208 148 0.0909091
208 173 0.2
208 143 0.0909091
209 171 0.142857
209 139 0.0454545
210 137 0.0769231
210 174 0.2
210 214 0.166667
210 216 0.333333
210 218 0.25
211 170 0.111111
212 143 0.0909091
212 182 0.25
213 138 0.2
214 141 0.2
214 133 0.0357143
214 137 0.0769231
214 210 0.1
215 189 0.166667
216 210 0.1
216 137 0.0769231
217 157 0.0909091
217 185 0.166667
218 137 0.0769231
218 210 0.1
219 217 0.2
219 185 0.166667
219 157 0.0909091
220 152 0.125
221 162 0.166667
221 150 0.0526316
222 167 0.2
222 155 0.0909091
222 225 0.2
222 230 0.5
224 145 0.1
225 151 0.333333
225 131 0.0714286
225 222 0.125
226 195 0.125
226 134 0.0384615
226 192 0.166667
227 145 0.1
227 224 0.333333
228 146 0.0833333
228 138 0.2
228 170 0.111111
228 203 0.125
229 194 0.2
229 179 0.1
230 222 0.125
232 188 0.166667
232 133 0.0357143
232 126 0.166667
232 0 0.0714286
232 234 0.1
234 232 0.0714286
234 236 0.2
234 238 0.333333
234 239 0.5
235 237 0.5
236 234 0.1
237 235 0.25
238 234 0.1
238 236 0.2
239 234 0.1
240 241 0.25
240 242 0.25
240 243 0.166667
241 240 0.1
241 245 0.5
242 240 0.1
242 247 0.5
243 240 0.1
243 244 0.166667
244 243 0.166667
244 240 0.1
244 246 0.5
245 241 0.25
246 244 0.166667
247 242 0.25
248 90 0.2
248 1 0.142857
248 75 0.333333
248 249 0.25
248 250 0.25
248 251 0.5
249 248 0.0666667
249 252 0.5
250 248 0.0666667
250 253 0.5
251 248 0.0666667
252 249 0.25
253 250 0.25
