0.112507
0.172482
0.216921
0.108368
0.141098
0.062671
0.05956
1
0.103986
0.126118
1
0.088401
0.011479
0.071804
1
0.266233
0.00098
0.00136
0.007659
0.333172
0.012363
0.020018
1
0.068275
0.017263
0
0.018058
0.108124
0.014826
0.000267
0.101571
0.009163
0.191651
0.23664
0.180654
0.003838
0.168171
0.140761
0.009984
0.050907
0.149293
0.029278
1
0.0046
0.000311
0.004916
0.095868
0.499686
0.147895
0.002797
0.50033
0.182777
0.012582
0.002248
0.226289
0.28065
0.333928
0.152994
0.127251
0.029987
0.004262
0.332708
0.087231
0.002447
0.028311
0
0.025404
0.203625
0.063442
0
0.005061
0.015025
0.003358
0.000578
0.000295
0.362189
0.009543
0.119518
0.501415
0.000279
0.02355
0.250662
0.035559
0.023869
0.165988
0.054386
0.004915
0.202777
0.063393
0.16358
0.361143
0.011876
0.288224
0.001268
0.000351
0.017587
0.000103
0.133146
0.16691
0.277449
0.118299
0.001905
0.052536
0.006126
0.029286
0
0.500483
0.035938
0
0.053769
0.066539
0.133732
0.219396
0
0
0
0
0
0
0
0.001331
8.2e-05
0.000129
4.1e-05
1.3e-05
0
0.024529
0.008126
7e-06
0
0
0.097995
0
1
1
0.112068
0.135676
0.166157
0.200612
1
0.084041
0.265358
0.093983
0.106849
1
0.027236
0.001109
0.172505
0.104366
0
1
0.098333
0.135981
0.018659
0.04234
0.116453
0.017896
0.01022
0.068096
0.194936
0.288461
0.022762
0.234757
0
0.006998
0.094512
0.13503
0.218682
0.000383
0.011325
0.010734
0.163901
0.047237
0.023869
0.039456
0.297484
0.166679
0
0
0.040092
0.29805
0.500623
0.031512
0.067924
0.500511
0.002057
0.003914
0.039037
0.030022
0.167747
0.052077
0.218315
0.214911
0.182353
0.057735
0.192775
0.008665
0.241016
0.002133
0.044034
0.046098
0.051305
0.020977
0.0115
0.165792
0.011588
0.282682
0.250666
0.017432
0.186527
0.039364
0.005288
0.031827
0.100389
0.169545
0.0837
0.013237
0.002362
0.048803
0.000519
0.067917
0.142789
1
0
0.011161
0.214141
0.215391
0.009037
0.002074
0.023144
0.500131
0
0.145396
0
1
0
0.254338
0
0.333623
0.501144
0
0
0
0
0
0
0
0
1
0.251563
0.251046
0.500787
0.125809
0.125806
