28 11
28 24
0 1
1 0
16 22
29 30
29 32
29 35
29 42
29 45
43 32
30 29
30 31
30 47
30 53
2 4
2 7
2 11
44 38
45 29
17 8
3 2
3 5
4 2
4 24
18 13
18 19
19 13
19 18
46 36
46 31
46 37
46 34
46 52
20 11
20 8
20 57
31 30
31 34
31 37
31 46
31 51
47 30
47 44
21 11
32 29
32 39
32 40
32 43
5 3
5 13
48 33
33 29
33 32
33 48
6 2
50 40
51 34
51 31
22 16
7 2
34 31
34 36
34 46
34 51
35 32
35 29
8 17
52 46
36 34
36 46
37 31
37 46
38 30
38 44
9 3
9 5
9 12
9 13
9 14
9 23
39 32
39 41
53 30
40 32
40 50
23 12
23 9
23 14
11 2
11 20
11 21
11 28
54 55
12 9
12 13
12 14
12 23
41 39
55 54
24 2
24 4
24 6
57 20
57 58
57 59
58 57
13 3
13 12
13 5
13 9
13 18
13 19
42 29
59 57
59 58
14 12
14 9
14 23
25 26
26 25
26 27
27 26
