1 74
2 3
2 5
2 11
2 32
2 45
2 57
3 2
3 4
3 8
3 15
3 22
3 33
3 55
4 3
4 10
4 26
4 28
4 52
5 2
5 19
5 45
5 56
6 9
6 17
6 20
6 40
7 13
7 26
8 3
8 10
8 53
9 6
10 4
10 8
10 12
10 14
10 16
10 23
11 2
11 24
12 10
12 25
12 33
13 7
13 25
13 36
14 10
14 18
14 23
14 38
14 43
15 3
15 33
15 55
16 10
17 6
17 21
17 48
18 10
18 14
18 16
18 42
19 5
19 45
20 6
21 17
21 38
21 48
22 3
22 15
22 55
22 74
23 10
23 14
23 26
23 53
24 11
24 34
25 12
25 14
25 13
25 39
25 49
26 4
26 14
26 23
26 7
26 31
27 6
27 9
27 30
27 41
28 4
28 29
28 51
29 28
29 31
29 44
29 51
30 27
30 21
30 37
31 29
31 26
31 13
31 35
31 47
32 2
33 15
33 3
33 12
33 46
34 24
35 31
36 13
37 30
38 14
38 25
38 7
38 21
38 10
38 50
39 25
40 6
41 27
42 18
43 23
43 14
43 10
44 29
44 28
44 51
45 2
45 5
45 19
46 33
47 31
47 35
48 21
48 17
49 25
49 39
50 38
51 28
51 44
51 29
52 4
53 23
53 14
53 8
53 54
54 53
55 3
55 15
55 22
56 5
57 2
58 61
58 62
61 58
61 63
62 58
63 61
64 65
64 66
64 69
64 73
65 64
65 69
65 70
66 64
66 67
67 66
69 64
69 65
69 71
70 65
71 69
73 64
74 15
74 66
74 22
74 1
75 76
75 81
75 82
75 83
75 85
75 86
75 92
75 93
75 94
75 100
75 108
75 126
75 132
75 154
76 75
76 77
76 110
76 123
76 127
76 135
77 76
77 75
77 78
77 83
77 89
77 99
78 77
78 85
78 89
78 90
78 110
79 80
79 84
79 87
79 101
79 105
80 79
80 108
80 121
80 147
81 75
81 98
81 122
81 133
81 141
81 142
81 148
81 151
82 75
82 76
82 95
82 102
82 128
82 146
83 75
83 77
83 88
83 102
83 112
83 117
83 122
83 144
84 79
84 80
84 96
85 77
85 78
85 75
85 97
85 116
85 119
86 75
86 92
87 79
88 83
88 112
88 117
88 122
88 136
88 144
89 78
89 77
89 107
89 111
89 114
90 78
91 104
91 125
91 129
91 130
92 75
92 86
92 94
92 100
92 154
93 75
93 100
94 92
94 75
94 105
94 108
94 139
95 82
95 102
95 113
95 146
96 84
96 94
96 105
96 140
97 85
98 81
98 148
98 151
99 77
99 78
100 93
100 92
100 81
100 75
100 138
101 79
101 94
101 103
101 115
101 131
102 83
102 95
102 82
102 88
102 110
102 134
102 152
103 101
103 115
103 131
104 91
104 129
105 79
105 96
105 94
106 88
106 81
106 109
107 89
107 114
108 80
108 75
108 96
108 94
108 153
109 106
110 89
110 76
110 102
110 78
110 137
111 89
111 107
112 83
112 88
113 95
113 82
113 128
114 89
114 107
114 118
114 120
114 145
115 101
115 103
116 85
117 88
117 83
117 136
117 144
118 114
118 120
119 97
119 85
120 104
120 118
120 114
121 80
122 88
122 117
122 100
122 81
122 83
123 76
123 127
124 83
124 88
124 112
125 91
126 75
127 76
127 123
128 82
128 113
129 104
129 91
130 91
130 125
130 104
131 103
131 101
132 126
132 75
132 92
133 81
134 102
135 76
136 83
136 88
136 117
137 110
138 100
139 94
140 96
141 81
142 81
142 133
142 98
142 141
143 106
143 120
143 117
143 83
144 88
144 117
144 83
145 114
146 82
146 128
146 95
147 121
147 80
148 98
148 81
149 101
150 96
150 140
151 81
151 98
152 102
153 108
154 75
154 92
156 159
156 162
158 160
158 161
159 156
160 158
161 158
161 160
162 156
162 159
164 165
165 164
