0
0.000143
1
0.057421
0.01343
0.099402
1
0.032637
0.013015
0.201498
0.018924
0.201792
0.169418
0.265854
0.081446
0.012889
0.010563
0.167243
0.013533
0.066922
0.499984
0.03048
0.009462
0.025661
0.049996
1
0.11629
0
0.025923
0.126139
0
1
0.500793
0.029273
0.016558
0.408071
0.133069
0
0.012293
0.407578
0.501471
0
0.006758
0.020418
0.02923
0.181351
0.014636
0.334192
0.046955
0.333163
0.006183
0.027583
0.006707
0.005402
0.002683
0.012167
0.049864
0.500437
0
0
0
0
0
0
5e-06
0
0.000159
3.7e-05
0
2e-06
0
1e-06
0
3e-06
0.001203
1
0.085568
0.020224
0.017171
1
0.141435
1
0.173518
0.116747
0.171863
0.092024
0.278462
0.500378
0.086464
0.094824
0.008517
0.002834
0.170826
0.275297
0.12831
0.147871
0.053357
0.026626
0.225518
0.006732
0.151173
0.091316
1
0.016506
0.025524
0.187124
0
0.217043
0.136324
0
0.120972
0.031761
0.039948
0.037875
1
0.02557
0.045846
0.03825
0.281302
0.018418
0.201782
0.05798
0.146323
0.025364
0
0.00115
0.389997
0.025344
0.05067
0.00686
0.000729
0.025762
0.250131
0.378244
0.500272
0.043032
0.024026
0.060371
0.075663
0.064126
0.017803
0.378742
0.201402
0
0.037679
0.500219
0.061979
0.047465
0.287945
0
0
0.286907
0.500543
0.068277
0.279034
0
0
0
0
0
0
0
0
0
0
0
