14 3
14 10
32 13
32 24
33 35
33 36
33 40
0 1
0 2
34 37
34 42
35 33
35 47
35 50
1 0
1 4
2 0
36 33
36 46
37 34
37 38
38 37
38 43
16 4
39 34
39 42
39 49
46 33
46 36
17 5
18 3
18 7
18 10
47 35
3 7
3 8
3 9
3 10
3 14
3 18
3 20
40 36
40 33
40 41
40 44
19 6
20 7
20 3
49 39
50 35
50 48
4 1
4 12
4 16
51 52
5 17
5 22
52 51
52 53
21 11
21 13
22 17
22 5
6 9
6 19
53 52
7 3
7 10
7 20
23 9
24 18
24 19
24 25
24 26
24 32
25 24
25 27
26 24
26 27
41 40
8 7
8 3
42 39
42 34
43 37
43 38
9 3
9 6
9 23
27 26
27 25
10 7
10 3
10 14
10 18
28 30
12 4
13 21
30 28
44 40
