0 256
0 1
0 2
0 12
1 0
1 12
1 3
1 4
1 5
2 0
2 1
2 5
3 1
3 12
4 1
5 1
5 2
5 12
5 10
5 6
6 11
6 5
6 7
7 8
7 9
7 6
7 263
8 7
9 7
10 5
11 261
11 6
12 0
12 1
12 3
12 5
12 256
12 13
12 14
12 15
12 16
12 17
12 18
12 19
12 20
12 21
12 22
12 25
12 27
12 157
12 31
12 481
12 108
12 51
12 185
13 32
13 84
13 165
13 87
13 263
13 12
14 162
14 35
14 36
14 197
14 55
14 24
14 196
14 221
14 12
14 29
14 175
15 176
15 185
15 12
16 12
16 126
17 48
17 52
17 88
17 57
17 12
17 30
17 31
18 64
18 108
18 12
18 185
18 31
19 25
19 26
19 27
19 12
19 108
20 33
20 66
20 38
20 481
20 12
20 43
20 44
20 34
20 173
20 18
20 53
20 89
20 492
20 188
20 29
21 18
21 85
21 86
21 217
21 12
21 62
21 15
22 212
22 42
22 12
22 45
22 23
23 177
23 214
23 22
23 184
23 59
23 172
24 72
24 36
24 481
24 40
24 57
24 125
24 14
25 176
25 18
25 19
25 12
25 26
26 144
26 18
26 19
26 21
26 25
26 106
26 92
27 50
27 19
27 57
27 12
27 125
27 78
28 194
28 83
28 70
28 79
28 13
28 95
29 32
29 129
29 37
29 39
29 40
29 135
29 109
29 14
29 464
29 20
29 118
29 54
30 17
30 146
30 68
30 14
30 56
30 46
30 159
31 17
31 18
31 171
31 198
31 57
31 73
31 139
31 12
32 13
32 29
33 188
33 107
33 20
33 63
34 33
34 20
34 53
34 49
34 29
34 143
35 145
35 261
35 102
35 71
35 152
35 41
35 167
35 14
36 155
36 37
36 134
36 223
36 76
36 140
36 14
36 82
36 54
36 151
36 24
36 91
36 29
36 166
37 36
37 29
37 117
38 113
38 123
38 20
38 199
38 74
38 31
38 12
38 30
38 47
39 81
39 156
39 29
39 118
39 93
40 24
40 50
40 29
41 35
41 102
41 167
42 22
43 33
43 20
43 44
44 20
44 85
44 24
44 153
44 90
44 43
45 22
46 164
46 30
47 38
48 17
48 42
48 51
49 34
50 80
50 24
50 37
50 40
50 58
50 27
51 48
51 115
51 238
51 168
51 12
51 158
52 17
52 75
53 60
53 34
53 43
53 20
53 87
54 160
54 65
54 67
54 36
54 37
54 97
54 116
54 103
54 29
55 14
56 112
56 210
56 36
56 141
56 30
57 144
57 17
57 69
57 215
57 24
57 122
57 27
57 61
57 31
58 137
58 50
58 93
59 96
59 128
59 101
59 23
59 105
59 110
60 53
60 479
61 57
61 27
61 222
61 191
62 179
62 148
62 21
62 23
63 33
63 70
63 53
63 38
64 12
64 18
64 204
64 52
64 42
65 97
65 54
65 103
66 33
66 20
66 261
66 89
67 65
67 98
67 51
67 85
67 54
67 193
67 223
68 146
68 30
69 144
69 57
70 60
70 114
70 83
70 28
70 63
71 41
71 218
71 35
71 102
72 24
73 75
73 139
73 171
73 31
74 161
74 190
74 38
74 199
75 73
75 203
75 52
75 94
75 31
76 36
77 28
78 106
78 58
78 27
78 50
78 195
79 28
80 104
80 50
80 99
80 133
80 24
80 58
81 95
81 39
81 79
82 36
82 151
83 114
83 28
83 70
84 120
84 156
84 13
85 67
85 35
85 44
85 21
86 180
86 21
86 119
86 138
86 71
86 12
87 143
87 13
87 53
88 17
89 33
89 66
89 107
89 20
89 173
90 132
90 44
91 36
92 26
93 24
93 58
93 211
93 84
93 39
94 75
95 81
95 28
96 130
96 59
96 178
97 160
97 65
97 116
97 54
97 103
98 67
98 127
99 80
99 104
100 176
100 25
100 18
100 19
100 157
101 128
101 105
101 59
101 110
102 41
102 201
102 35
102 218
102 71
103 65
103 54
103 97
104 80
104 99
104 93
105 59
105 147
105 101
105 110
105 150
106 26
106 142
106 78
107 89
107 210
107 43
107 54
107 33
108 18
108 19
108 12
108 157
109 29
110 192
110 101
110 22
110 183
110 105
110 202
110 59
110 111
111 256
111 110
111 183
112 56
112 200
112 210
112 141
113 38
114 83
114 70
114 79
115 51
115 124
115 238
115 158
116 129
116 65
116 54
116 97
117 37
118 136
118 149
118 29
118 39
119 86
120 84
121 61
122 57
123 38
124 96
124 115
124 205
125 40
125 24
125 58
125 27
125 191
126 16
127 98
128 101
128 169
128 105
128 26
128 59
128 170
128 206
129 464
129 116
129 29
130 96
130 178
131 30
132 90
133 80
133 186
133 99
133 78
134 36
134 166
134 151
135 140
135 29
136 149
136 118
136 263
137 58
137 50
138 86
139 200
139 73
139 171
139 198
139 31
140 187
140 36
140 37
140 118
140 135
141 112
141 56
142 128
142 106
142 163
143 34
143 154
143 87
144 57
144 122
144 26
144 69
145 218
145 35
145 102
146 68
146 30
146 159
147 105
147 59
147 101
148 62
149 136
149 208
149 118
149 39
150 105
150 59
150 101
151 82
151 36
151 134
152 41
152 35
152 167
152 145
153 44
154 84
154 143
155 36
155 134
156 84
156 39
157 18
157 100
157 182
157 12
157 108
157 189
157 174
158 96
158 115
158 51
158 172
158 168
159 146
159 131
159 30
159 479
160 97
160 54
161 113
161 74
161 190
161 38
162 14
163 172
163 142
164 46
165 13
166 36
166 134
166 151
167 152
167 41
167 35
167 102
168 216
168 51
168 158
168 219
169 128
170 128
171 200
171 73
171 139
171 31
172 163
172 142
172 158
172 23
173 89
173 20
174 157
175 221
175 14
176 25
176 12
176 100
176 15
177 184
177 23
178 96
178 130
179 148
179 62
180 138
180 86
181 129
182 157
183 110
183 111
184 177
184 23
185 18
185 12
185 15
186 133
187 104
187 90
187 140
188 33
188 20
188 173
189 157
190 161
190 74
190 38
190 199
191 61
191 125
192 202
192 111
192 110
192 183
193 67
194 28
195 78
196 197
196 14
196 55
197 196
197 14
198 139
198 31
199 74
199 190
199 38
200 112
200 98
200 139
200 171
201 33
201 34
201 20
201 213
201 102
201 89
202 192
202 110
203 75
203 94
204 64
205 220
205 155
205 124
206 128
207 42
207 75
207 22
207 183
208 149
209 48
209 155
209 127
210 56
210 112
210 107
211 93
212 45
212 22
213 201
214 184
214 23
215 57
215 69
216 168
217 21
218 104
218 145
218 102
218 71
219 168
220 205
221 197
221 14
221 175
222 61
223 224
223 225
223 67
223 36
223 69
223 125
223 31
224 226
224 461
224 234
224 223
225 227
225 228
225 229
225 233
225 236
225 223
226 224
227 225
227 230
228 225
228 235
228 236
228 229
228 233
229 225
229 235
229 228
229 236
229 231
230 232
230 227
231 225
231 228
231 229
232 225
232 230
233 225
233 235
233 228
233 229
234 224
234 237
235 464
235 233
235 228
235 229
236 225
236 228
236 229
237 234
238 51
238 2
238 115
238 244
238 243
238 178
238 142
238 239
239 240
239 241
239 246
239 238
240 242
240 251
240 255
240 239
241 246
241 239
242 240
242 250
242 245
243 248
243 244
243 254
243 238
244 249
244 243
244 238
245 242
246 241
246 247
246 239
247 240
247 246
247 255
248 243
249 244
249 253
250 242
251 240
251 252
252 251
253 249
254 248
254 243
255 240
255 247
256 0
256 257
256 259
256 12
256 111
257 256
257 258
257 259
257 260
258 257
259 256
259 257
260 257
260 258
261 66
261 35
261 171
261 198
261 262
261 11
262 261
263 279
263 264
263 84
263 293
263 7
263 136
263 267
263 13
263 366
264 272
264 273
264 263
264 332
264 265
264 266
264 268
264 269
264 270
264 288
265 321
265 307
265 276
265 309
265 264
265 297
265 349
265 445
265 271
266 450
266 283
266 357
266 391
266 264
266 329
266 268
266 303
266 272
266 275
266 373
266 278
266 343
266 315
267 416
267 353
267 323
267 356
267 293
267 263
267 369
267 464
267 337
267 403
267 406
267 281
267 413
268 264
268 266
269 277
269 278
269 264
269 266
269 315
269 282
270 449
270 386
270 311
270 264
270 331
270 319
271 304
271 274
271 363
271 325
271 265
271 299
271 460
271 397
272 264
272 266
272 318
273 264
273 322
273 270
273 287
274 304
274 363
274 405
274 296
274 299
274 460
274 271
275 312
275 402
275 355
275 360
275 280
275 393
275 266
276 265
277 288
277 324
277 364
277 378
277 316
277 269
278 367
278 310
278 266
278 347
278 387
278 269
278 334
278 333
279 283
279 435
279 366
279 263
280 320
280 289
280 418
280 275
280 389
280 454
280 327
280 345
280 284
280 285
280 286
281 337
281 323
281 406
281 267
281 403
281 302
282 269
282 310
283 291
283 308
283 373
283 279
283 275
283 266
283 295
283 268
283 335
284 280
284 298
284 371
285 290
285 275
285 294
285 280
285 379
285 418
285 434
286 280
286 289
287 273
287 380
287 457
288 400
288 328
288 370
288 292
288 277
288 264
288 269
289 451
289 358
289 280
289 410
289 380
289 317
289 286
290 344
290 285
290 407
291 339
291 283
291 373
292 288
292 348
292 340
292 461
292 377
293 281
293 267
293 301
293 337
293 263
294 458
294 300
294 285
295 283
295 275
295 279
296 304
296 274
296 271
297 321
297 309
297 342
297 265
297 349
297 445
297 421
298 371
298 284
299 305
299 274
299 417
299 296
299 447
299 397
299 271
300 306
300 458
300 294
300 359
301 356
301 293
301 326
302 416
302 281
302 267
303 266
303 404
303 354
303 357
304 296
304 274
304 460
304 271
305 409
305 351
305 299
305 319
306 300
306 359
307 297
307 265
308 283
309 352
309 307
309 265
309 297
309 412
309 430
310 282
310 278
311 289
311 446
311 374
311 330
311 395
311 270
311 319
312 368
312 275
312 292
312 390
312 313
312 314
312 346
313 312
313 314
313 443
313 346
313 390
314 312
314 313
314 307
314 427
314 399
315 336
315 432
315 365
315 266
315 362
315 269
316 378
316 364
316 277
317 289
317 410
317 361
318 272
318 264
319 305
319 331
319 270
319 311
320 280
320 327
321 288
321 265
321 426
321 297
322 273
322 457
323 281
323 267
323 382
323 353
324 274
324 277
324 421
324 316
324 381
324 383
325 296
325 408
325 274
325 456
325 271
326 315
326 301
327 320
327 280
327 385
328 288
328 341
329 266
329 411
329 362
329 350
330 311
331 330
331 444
331 338
331 270
331 319
332 264
333 347
333 387
333 334
333 278
334 347
334 333
334 278
335 339
335 283
335 308
336 280
336 401
336 315
337 281
337 439
337 267
337 293
337 425
338 386
338 331
339 384
339 386
339 291
339 423
339 268
339 335
340 377
340 292
341 328
342 297
342 265
343 266
343 375
343 372
343 303
344 290
344 323
344 453
345 280
345 328
345 435
345 396
345 431
346 312
346 313
346 370
346 438
346 368
347 278
347 387
347 333
347 334
347 367
348 346
348 291
348 292
349 297
349 265
350 440
350 329
350 362
350 411
351 305
352 309
353 267
353 323
354 266
354 391
354 303
355 275
356 416
356 267
356 436
356 301
357 266
357 391
357 354
357 303
358 289
359 353
359 306
359 436
359 300
360 393
360 275
361 492
361 313
361 346
361 459
361 284
361 317
361 415
362 376
362 329
362 442
362 315
362 350
363 304
363 274
363 420
363 460
363 397
363 271
364 316
364 277
365 432
365 315
366 394
366 263
366 279
367 347
367 333
367 278
368 312
368 313
368 346
368 443
368 370
369 267
370 288
370 368
370 452
370 457
370 313
370 298
370 346
371 298
371 284
372 343
373 283
373 266
373 291
373 374
374 346
374 373
374 270
374 311
375 326
375 343
376 362
377 292
377 340
378 428
378 315
378 316
378 365
378 277
379 433
379 275
379 422
379 295
379 345
379 285
380 289
380 373
380 437
380 287
381 324
382 323
383 481
383 324
383 381
384 339
384 423
385 327
386 338
386 339
386 270
387 392
387 347
387 388
387 333
387 278
388 392
388 387
389 280
390 368
390 313
390 346
390 312
391 354
391 266
391 357
391 303
392 387
392 388
393 360
393 275
394 366
395 311
396 345
397 448
397 363
397 324
397 455
397 429
397 299
397 381
397 271
398 298
398 371
398 284
399 314
400 288
401 336
402 360
402 275
403 281
403 267
403 436
403 359
404 266
404 303
405 304
405 274
405 299
405 271
406 281
406 267
406 353
407 290
407 283
408 325
409 305
409 419
409 325
409 421
410 289
410 317
410 414
411 329
411 350
412 352
412 309
412 430
413 281
413 267
413 302
414 289
414 410
414 317
415 361
415 459
416 281
416 267
416 356
416 302
417 299
418 280
418 345
418 285
419 409
419 421
420 304
420 363
420 271
421 297
421 419
421 324
421 325
421 409
422 379
423 384
423 339
424 402
424 355
424 292
424 441
424 360
424 377
425 337
426 321
427 314
427 399
428 378
429 448
429 397
429 455
430 412
430 309
431 345
432 315
432 365
433 379
434 285
435 345
435 436
435 356
435 279
436 437
436 403
436 356
436 435
436 359
437 436
437 380
437 391
438 312
438 313
438 346
439 337
439 425
440 350
440 391
441 424
442 376
442 362
443 368
443 313
443 346
444 331
445 297
445 265
446 330
446 311
447 299
448 429
448 397
449 270
450 266
451 289
451 410
452 370
453 344
454 280
455 448
455 397
455 429
456 408
456 325
457 449
457 322
457 370
457 287
458 300
458 294
459 361
459 415
460 304
460 274
460 363
460 420
460 271
461 224
461 292
461 309
461 59
461 462
461 271
462 461
462 463
463 462
464 129
464 466
464 235
464 468
464 118
464 465
464 267
464 29
464 467
465 464
465 469
466 464
466 472
467 464
467 466
468 464
468 472
468 475
468 470
469 465
470 472
470 475
470 468
470 471
471 473
471 470
472 466
472 475
472 468
472 474
472 470
473 471
474 472
474 476
474 477
474 478
475 472
475 468
475 470
476 474
477 474
478 474
479 480
479 20
479 472
479 90
479 60
479 159
480 479
481 33
481 482
481 20
481 488
481 24
481 12
481 383
482 481
482 490
482 483
483 488
483 489
483 482
483 484
483 486
484 483
484 485
485 484
486 488
486 483
486 487
487 488
487 486
488 481
488 483
488 486
488 487
489 483
489 484
490 489
490 482
491 486
491 487
492 33
492 499
492 20
492 71
492 361
492 221
492 494
492 493
493 492
493 495
494 496
494 492
495 493
496 497
496 498
496 494
497 496
497 498
497 494
498 496
498 497
499 492
