2 3
3 2
4 5
4 8
4 9
4 16
4 37
4 41
5 4
5 7
5 10
5 24
5 51
5 52
5 63
6 18
6 49
7 5
7 11
7 12
7 13
7 22
7 30
7 73
8 4
9 4
9 19
10 5
11 7
11 12
11 14
11 26
11 53
12 11
12 7
12 30
13 7
13 20
13 36
13 48
13 61
13 64
13 67
13 73
14 11
14 32
14 46
14 50
14 83
15 23
15 28
15 31
15 45
16 4
16 38
17 25
17 29
17 40
17 58
18 6
19 9
19 22
20 13
20 36
20 48
20 59
20 61
20 64
20 67
20 73
21 34
22 19
22 5
22 7
23 15
24 5
24 56
24 60
25 17
25 27
25 35
25 42
26 11
26 53
27 25
28 15
29 17
29 58
30 12
30 7
31 15
32 14
32 17
32 43
32 44
32 47
32 83
33 25
34 21
35 27
35 25
35 33
35 148
36 11
36 20
36 13
36 55
36 62
37 4
38 16
38 32
39 15
40 29
40 17
41 4
42 25
43 32
43 148
44 32
44 43
44 47
45 15
45 4
45 31
45 66
46 14
46 50
46 148
47 44
47 32
48 20
48 13
49 6
49 34
49 21
50 14
50 46
50 83
51 5
52 5
52 51
53 11
53 26
54 8
55 36
56 24
56 20
57 25
57 35
58 17
58 29
59 13
59 20
59 61
59 64
60 24
61 13
61 59
61 20
61 64
62 36
63 5
64 61
64 20
64 59
64 13
64 67
65 14
65 50
65 36
66 45
67 13
67 64
67 20
67 59
68 72
70 68
72 68
73 7
73 20
73 67
73 62
73 13
73 74
73 76
73 78
74 73
74 79
75 77
76 73
77 75
78 73
78 76
79 74
80 82
82 80
83 32
83 50
83 14
83 43
84 85
84 93
84 104
84 133
84 145
85 84
85 88
85 91
85 97
85 101
85 103
86 89
86 92
86 99
86 108
86 125
86 137
86 148
87 85
87 113
87 130
88 85
88 101
88 109
88 121
89 86
89 90
89 95
89 98
89 140
90 89
91 85
92 86
92 98
92 142
93 84
93 104
94 84
94 96
94 104
95 89
95 90
95 110
95 115
95 117
96 94
96 111
97 91
97 85
98 92
98 89
99 86
99 108
99 137
100 101
100 105
100 107
100 126
101 100
101 88
101 85
101 119
101 120
101 141
102 106
103 85
103 97
104 93
104 94
104 84
104 111
104 124
105 100
105 107
105 108
105 126
106 102
107 100
107 105
108 86
108 105
108 99
108 147
109 88
110 95
110 115
110 117
111 104
111 96
112 86
112 114
112 118
113 87
113 127
114 112
115 110
115 95
115 131
115 132
115 139
116 134
117 95
117 110
118 112
118 114
119 101
120 101
121 88
121 109
121 129
122 123
123 122
124 104
125 86
125 137
126 100
126 105
126 107
127 113
127 104
128 84
129 109
129 121
129 88
130 87
131 115
132 115
132 135
133 84
134 116
135 132
137 86
137 125
137 99
138 101
138 120
138 119
139 131
139 115
140 90
140 89
141 101
141 119
142 92
145 84
145 128
146 100
146 126
146 107
147 108
148 43
148 86
148 46
148 35
148 149
148 162
149 148
150 148
152 153
153 152
153 156
154 155
155 154
156 153
157 158
157 160
157 161
158 157
158 159
159 158
160 157
161 157
162 148
