0
0
0
0
1
1
0
0.12661
0.334436
0.167487
0.500549
0.023675
0.021968
0.073839
0.102734
1
0.167292
0.084278
0
0.045041
0.073546
0
0.0189
0.333747
0.167336
0.008277
0.00696
0.00683
0.250346
0.024657
0.035233
0.361475
1
0.006736
0
0.013367
0.039482
0.500253
0.05572
0
0.028118
0.500522
0.001706
0.224508
0.241219
0.126131
0.035095
0.288937
0.035722
0
0.033443
0.408381
0.334131
0.007001
0
0.019758
0.033758
0
0.025232
0.032232
0.083738
0.024926
0.336589
0.500896
0.03218
0
0.062932
0.1416
0
0
0
0
0
1
0.112263
0
0.407391
0
0.332953
0.056173
0
0
0
0.110634
1
0.127123
1
0
0.100413
0.114387
0.059266
0.031884
0.16957
0.266657
0.010668
0.103883
0.005985
0.040044
0.045922
0.209482
0.078215
1
0
0.042526
0.102949
0.029062
0
0.019598
0.132572
0.029904
0.137861
0.025942
0
0
0
1
0
0.057593
0
0.298289
0.333828
0.02
0
0
0.051241
0.286699
0.017324
0
0.166997
0.005056
0
0.407421
0.166766
0.50143
0
0.083413
0
0.226066
0
0.334177
0.038243
0.251038
0.056299
0
0
0.333511
0
0.066154
0.087359
0.043841
0
0
0
0
0
0
0
0
0
0
0
0
0.006331
0
