164
373
2 3 0.125
3 2 0.166667
4 5 0.05
4 8 0.333333
4 9 0.166667
4 16 0.166667
4 37 0.5
4 41 0.5
5 4 0.0526316
5 7 0.0625
5 10 0.5
5 24 0.166667
5 51 0.333333
5 52 0.333333
5 63 0.5
6 18 0.2
6 49 0.25
7 5 0.05
7 11 0.0833333
7 12 0.125
7 13 0.0526316
7 22 0.111111
7 30 0.25
7 73 0.0625
8 4 0.0526316
9 4 0.0526316
9 19 0.25
10 5 0.05
11 7 0.0625
11 12 0.125
11 14 0.0909091
11 26 0.25
11 53 0.25
12 11 0.0833333
12 7 0.0625
12 30 0.25
13 7 0.0625
13 20 0.0555556
13 36 0.0833333
13 48 0.25
13 61 0.125
13 64 0.1
13 67 0.125
13 73 0.0625
14 11 0.0833333
14 32 0.0769231
14 46 0.166667
14 50 0.142857
14 83 0.1
15 23 0.333333
15 28 0.25
15 31 0.333333
15 45 0.125
16 4 0.0526316
16 38 0.333333
17 25 0.0769231
17 29 0.2
17 40 0.333333
17 58 0.25
18 6 0.0909091
19 9 0.166667
19 22 0.111111
20 13 0.0526316
20 36 0.0833333
20 48 0.25
20 59 0.125
20 61 0.125
20 64 0.1
20 67 0.125
20 73 0.0625
21 34 0.333333
22 19 0.25
22 5 0.05
22 7 0.0625
23 15 0.0769231
24 5 0.05
24 56 0.2
24 60 0.5
25 17 0.0833333
25 27 0.333333
25 35 0.142857
25 42 0.2
26 11 0.0833333
26 53 0.25
27 25 0.0769231
28 15 0.0769231
29 17 0.0833333
29 58 0.25
30 12 0.125
30 7 0.0625
31 15 0.0769231
32 14 0.0909091
32 17 0.0833333
32 43 0.166667
32 44 0.2
32 47 0.25
32 83 0.1
33 25 0.0769231
34 21 0.2
35 27 0.333333
35 25 0.0769231
35 33 0.5
35 148 0.0714286
36 11 0.0833333
36 20 0.0555556
36 13 0.0526316
36 55 0.5
36 62 0.333333
37 4 0.0526316
38 16 0.166667
38 32 0.0769231
39 15 0.0769231
40 29 0.2
40 17 0.0833333
41 4 0.0526316
42 25 0.0769231
43 32 0.0769231
43 148 0.0714286
44 32 0.0769231
44 43 0.166667
44 47 0.25
45 15 0.0769231
45 4 0.0526316
45 31 0.333333
45 66 0.5
46 14 0.0909091
46 50 0.142857
46 148 0.0714286
47 44 0.2
47 32 0.0769231
48 20 0.0555556
48 13 0.0526316
49 6 0.0909091
49 34 0.333333
49 21 0.2
50 14 0.0909091
50 46 0.166667
50 83 0.1
51 5 0.05
52 5 0.05
52 51 0.333333
53 11 0.0833333
53 26 0.25
54 8 0.333333
55 36 0.0833333
56 24 0.166667
56 20 0.0555556
57 25 0.0769231
57 35 0.142857
58 17 0.0833333
58 29 0.2
59 13 0.0526316
59 20 0.0555556
59 61 0.125
59 64 0.1
60 24 0.166667
61 13 0.0526316
61 59 0.125
61 20 0.0555556
61 64 0.1
62 36 0.0833333
63 5 0.05
64 61 0.125
64 20 0.0555556
64 59 0.125
64 13 0.0526316
64 67 0.125
65 14 0.0909091
65 50 0.142857
65 36 0.0833333
66 45 0.125
67 13 0.0526316
67 64 0.1
67 20 0.0555556
67 59 0.125
68 72 0.25
70 68 0.2
72 68 0.2
73 7 0.0625
73 20 0.0555556
73 67 0.125
73 62 0.333333
73 13 0.0526316
73 74 0.111111
73 76 0.333333
73 78 0.333333
74 73 0.0625
74 79 0.5
75 77 0.25
76 73 0.0625
77 75 0.25
78 73 0.0625
78 76 0.333333
79 74 0.111111
80 82 0.5
82 80 0.25
83 32 0.0769231
83 50 0.142857
83 14 0.0909091
83 43 0.166667
84 85 0.0625
84 93 0.25
84 104 0.0833333
84 133 0.5
84 145 0.333333
85 84 0.0526316
85 88 0.0909091
85 91 0.2
85 97 0.25
85 101 0.0666667
85 103 0.333333
86 89 0.1
86 92 0.166667
86 99 0.166667
86 108 0.111111
86 125 0.25
86 137 0.166667
86 148 0.0714286
87 85 0.0625
87 113 0.25
87 130 0.5
88 85 0.0625
88 101 0.0666667
88 109 0.25
88 121 0.2
89 86 0.0434783
89 90 0.25
89 95 0.0833333
89 98 0.166667
89 140 0.333333
90 89 0.1
91 85 0.0625
92 86 0.0434783
92 98 0.166667
92 142 0.333333
93 84 0.0526316
93 104 0.0833333
94 84 0.0526316
94 96 0.166667
94 104 0.0833333
95 89 0.1
95 90 0.25
95 110 0.125
95 115 0.0833333
95 117 0.25
96 94 0.1
96 111 0.25
97 91 0.2
97 85 0.0625
98 92 0.166667
98 89 0.1
99 86 0.0434783
99 108 0.111111
99 137 0.166667
100 101 0.0666667
100 105 0.125
100 107 0.166667
100 126 0.166667
101 100 0.0769231
101 88 0.0909091
101 85 0.0625
101 119 0.25
101 120 0.333333
101 141 0.25
102 106 0.5
103 85 0.0625
103 97 0.25
104 93 0.25
104 94 0.1
104 84 0.0526316
104 111 0.25
104 124 0.5
105 100 0.0769231
105 107 0.166667
105 108 0.111111
105 126 0.166667
106 102 0.166667
107 100 0.0769231
107 105 0.125
108 86 0.0434783
108 105 0.125
108 99 0.166667
108 147 0.5
109 88 0.0909091
110 95 0.0833333
110 115 0.0833333
110 117 0.25
111 104 0.0833333
111 96 0.166667
112 86 0.0434783
112 114 0.333333
112 118 0.333333
113 87 0.111111
113 127 0.25
114 112 0.142857
115 110 0.125
115 95 0.0833333
115 131 0.333333
115 132 0.166667
115 139 0.333333
116 134 0.5
117 95 0.0833333
117 110 0.125
118 112 0.142857
118 114 0.333333
119 101 0.0666667
120 101 0.0666667
121 88 0.0909091
121 109 0.25
121 129 0.25
122 123 0.5
123 122 0.166667
124 104 0.0833333
125 86 0.0434783
125 137 0.166667
126 100 0.0769231
126 105 0.125
126 107 0.166667
127 113 0.25
127 104 0.0833333
128 84 0.0526316
129 109 0.25
129 121 0.2
129 88 0.0909091
130 87 0.111111
131 115 0.0833333
132 115 0.0833333
132 135 0.5
133 84 0.0526316
134 116 0.25
135 132 0.166667
137 86 0.0434783
137 125 0.25
137 99 0.166667
138 101 0.0666667
138 120 0.333333
138 119 0.25
139 131 0.333333
139 115 0.0833333
140 90 0.25
140 89 0.1
141 101 0.0666667
141 119 0.25
142 92 0.166667
145 84 0.0526316
145 128 0.5
146 100 0.0769231
146 126 0.166667
146 107 0.166667
147 108 0.111111
148 43 0.166667
148 86 0.0434783
148 46 0.166667
148 35 0.142857
148 149 0.5
148 162 0.0714286
149 148 0.0714286
150 148 0.0714286
152 153 0.25
153 152 0.166667
153 156 0.5
154 155 0.5
155 154 0.25
156 153 0.25
157 158 0.142857
157 160 0.25
157 161 0.5
158 157 0.125
158 159 0.5
159 158 0.142857
160 157 0.125
161 157 0.125
162 148 0.0714286
