1 2
2 1
4 2
5 101
5 109
6 7
6 23
6 31
6 50
6 56
6 104
7 6
7 30
7 61
7 87
8 11
8 12
8 15
8 17
8 35
8 43
8 64
8 68
8 71
8 74
8 78
9 27
9 77
10 36
10 53
11 8
11 12
11 17
11 35
11 43
11 68
12 11
12 8
12 14
12 20
12 233
13 16
13 32
13 60
13 67
14 12
14 20
14 21
14 47
15 8
15 11
15 72
15 80
15 89
16 13
16 41
16 42
17 11
17 8
17 6
17 25
17 29
17 57
17 79
17 81
17 97
18 19
18 33
18 37
18 92
18 93
18 94
18 99
18 112
19 18
19 6
19 51
19 233
20 12
20 14
20 21
20 35
20 47
21 14
21 20
21 23
22 28
22 45
22 58
22 76
23 6
23 21
24 26
24 37
24 40
24 44
24 54
24 65
24 82
25 17
25 83
25 108
26 24
26 54
26 65
27 9
27 34
27 105
28 22
28 59
28 103
29 17
30 7
30 41
30 42
31 6
32 13
32 60
32 67
33 18
34 27
35 20
35 8
35 12
35 11
35 111
36 10
36 12
36 70
36 88
37 18
37 24
37 52
37 84
37 247
38 6
38 39
38 42
38 48
38 55
39 38
40 24
40 26
40 54
40 65
40 66
41 16
41 30
41 85
41 102
42 38
42 16
42 30
42 49
42 107
43 11
43 8
44 24
44 52
45 22
45 59
45 62
46 9
47 20
47 14
47 12
48 38
49 42
49 13
50 6
50 104
51 19
52 37
52 27
52 44
53 10
53 91
54 24
54 26
54 40
55 38
56 6
56 104
57 17
57 86
58 22
59 45
59 28
59 63
60 13
60 32
60 67
61 7
62 45
63 35
63 59
64 8
64 11
65 40
65 26
65 24
66 65
66 24
66 40
67 13
67 32
67 60
68 43
68 11
68 8
69 52
69 6
69 9
69 56
69 75
69 90
70 36
71 11
71 8
71 64
71 78
72 15
72 80
72 89
73 100
74 8
74 98
75 69
76 16
76 22
76 58
76 106
77 9
77 96
78 71
78 8
78 43
79 17
79 95
80 15
80 72
81 79
81 29
81 17
82 24
82 66
82 26
83 25
83 108
84 37
85 41
85 102
86 57
87 7
88 36
88 25
89 15
89 72
89 235
90 69
91 53
91 65
91 66
91 82
92 18
92 33
92 93
92 94
92 247
93 92
93 18
93 94
93 112
94 92
94 18
94 93
94 99
95 79
96 9
96 77
97 17
98 74
99 94
99 18
99 33
100 73
101 5
102 41
102 85
103 28
103 110
104 6
104 56
104 50
105 27
106 95
106 76
107 42
108 25
108 83
109 5
110 103
111 35
112 93
112 33
112 18
112 92
113 52
113 2
113 18
113 114
113 116
113 120
113 121
114 113
114 115
114 119
115 114
115 117
115 118
116 113
117 115
118 115
119 115
119 114
120 113
121 113
125 122
126 127
127 126
130 131
131 130
133 139
133 154
134 142
134 147
134 152
135 138
135 162
135 194
135 203
135 204
136 135
136 137
136 140
136 149
136 151
136 166
136 167
136 174
136 183
136 188
137 136
137 215
137 225
138 135
138 143
138 144
138 207
138 227
139 133
139 145
139 157
139 219
140 136
140 148
140 185
140 222
141 134
141 139
141 155
141 156
141 216
142 134
142 147
142 159
142 162
142 172
142 199
143 138
144 138
144 135
144 192
145 139
145 228
146 160
147 134
147 142
147 150
147 153
147 213
147 223
148 140
148 185
148 222
149 136
149 151
149 167
150 147
150 153
150 213
150 223
151 136
151 149
151 166
151 167
151 174
151 188
152 134
152 170
153 150
153 147
153 159
153 164
153 169
153 189
153 211
153 218
153 221
154 133
154 158
154 201
154 229
155 141
155 145
155 192
155 214
156 141
157 139
158 154
159 153
159 142
159 176
159 186
159 193
159 195
159 233
160 146
160 184
161 135
161 168
161 187
161 197
161 198
162 135
162 142
162 175
163 161
163 171
163 173
163 178
163 179
163 180
163 200
163 210
164 153
165 142
165 172
166 136
166 151
167 149
167 151
167 166
167 136
167 176
167 183
167 202
168 161
168 182
169 153
169 218
170 152
171 160
171 168
171 163
171 190
172 142
172 165
173 163
174 136
174 151
174 247
175 142
175 162
175 135
175 217
176 167
176 159
176 172
176 177
176 209
177 176
177 209
178 163
178 179
178 180
179 163
179 173
179 178
179 180
179 210
179 212
180 178
180 179
180 163
180 181
181 180
182 168
183 167
183 160
183 136
183 226
184 160
185 148
185 140
185 230
186 159
186 193
186 195
187 161
187 138
187 191
187 230
188 151
188 149
188 136
189 153
190 171
191 187
192 144
192 155
192 214
193 159
193 186
193 205
194 135
194 229
195 159
195 193
195 186
196 182
197 161
198 161
198 197
199 142
199 165
200 163
200 173
200 178
201 154
201 224
202 167
203 135
204 135
205 159
205 193
206 191
206 187
207 138
208 151
208 174
208 149
208 136
209 176
209 177
210 163
210 179
210 235
211 169
211 153
212 179
212 178
212 210
212 163
213 147
213 150
213 223
214 192
214 175
214 155
215 137
215 225
216 141
217 175
218 169
218 153
218 221
219 139
220 163
220 179
221 218
221 153
221 169
222 140
222 148
222 230
223 150
223 147
223 213
224 201
225 215
225 137
226 183
227 138
227 207
227 143
228 145
228 231
229 194
229 154
229 231
230 185
230 222
230 148
230 187
230 232
231 229
231 228
232 230
233 12
233 19
233 17
233 159
233 234
234 233
235 72
235 210
235 89
235 236
235 241
236 235
236 237
236 238
237 236
237 238
237 242
238 237
238 236
239 240
239 243
240 239
240 236
240 244
241 235
242 237
243 239
244 240
245 134
245 246
246 245
247 37
247 24
247 92
247 174
247 248
248 247
248 249
249 248
249 250
250 249
250 251
251 250
252 253
252 254
253 252
254 252
