0
0.022922
0.09075
0
0
0
0.220964
1
1
0.114764
0
0.193771
0.08294
0.00289
0.013457
0.077227
0.014218
1
1
0.127457
0.017784
0.007389
0
0.037506
1
0.091007
0.197023
0.03934
0
0.371015
0.179985
0.110313
0.000642
0.288167
0.019792
0.118739
0
0.211266
1
0.500668
0.148538
0.021533
0.105575
0.2465
0.199155
0
0
0.004357
0.499391
0.017571
0.07024
0.064036
0.241946
0
0.209191
0.250303
0.240079
0.20071
0
0
0.000627
0.499889
0
0
0.286794
0.165223
0.056782
0.000631
0.230136
1
0
0.190071
0.014411
0
0.25066
0.50086
0
0.028964
0.190695
0.163418
0.021766
0.167175
0.200913
0.021947
0.105722
0.006313
0.100094
0.500806
0
0.016068
0.500442
0
0.147747
0.174523
0.177946
0.033008
0.009646
0.500611
0.125627
0.226606
0
0
0.006406
0
0.080127
0.019613
0
0.052945
0.026238
0
0
0.059357
0.18798
1
0.125937
0.023235
0.250843
0.011589
0.011639
0.042063
0.500579
0.500451
0
0
0
0
0
0
0
0
0
0
0
0.009004
0.073376
1
1
0.090884
0.077941
0.077841
0.091219
1
0.018149
0.030131
0.014531
0.028906
0.00573
0.088635
0.017125
0.17198
0.136989
0.132693
0.014804
1
0.002717
0.126382
0.499421
0.038823
0.001379
0.069719
0.022814
0.085653
0.16839
1
0.500941
0.003182
0.236543
0.107225
0.03184
0.265589
0.005039
0.142879
0.007484
0.318567
0.161064
0.019612
0.017568
0.005229
0.179094
0.117368
0.138406
0.069273
0.007931
0.154596
0.004662
0.01771
0.015116
0.008972
0.219563
0.500932
0.071556
0.002917
0.026464
0.013522
0.166945
0.01599
0
0.035082
0.028587
0.006047
0.251203
0.000472
0.053868
0.500662
0.499657
0.004505
0
0.03026
0
0.005187
0.158674
0.332805
0.023726
0.041167
0.028927
0.027416
0.500056
0.009821
0.225283
0.038843
0
0.232228
0.01777
0.040779
0.000237
0.027041
0.0774
0.019452
0.008098
0.018841
0.004772
0.004311
0.002387
0.023129
0.011635
0.010744
0.001564
0.000193
0.000433
0
0
0.002674
9.9e-05
0
0
0
0
0.033634
0.004261
0.00073
0.000191
0.0001
0
0
0
0
0
