257
666
1 2 0.0909091
2 1 0.25
4 2 0.0909091
5 101 0.5
5 109 0.25
6 7 0.1
6 23 0.166667
6 31 0.5
6 50 0.25
6 56 0.2
6 104 0.166667
7 6 0.0555556
7 30 0.166667
7 61 0.5
7 87 0.5
8 11 0.0666667
8 12 0.0625
8 15 0.0769231
8 17 0.037037
8 35 0.1
8 43 0.166667
8 64 0.25
8 68 0.2
8 71 0.166667
8 74 0.25
8 78 0.166667
9 27 0.111111
9 77 0.25
10 36 0.1
10 53 0.166667
11 8 0.04
11 12 0.0625
11 17 0.037037
11 35 0.1
11 43 0.166667
11 68 0.2
12 11 0.0666667
12 8 0.04
12 14 0.125
12 20 0.0833333
12 233 0.0833333
13 16 0.111111
13 32 0.166667
13 60 0.166667
13 67 0.166667
14 12 0.0625
14 20 0.0833333
14 21 0.111111
14 47 0.142857
15 8 0.04
15 11 0.0666667
15 72 0.125
15 80 0.25
15 89 0.166667
16 13 0.0909091
16 41 0.111111
16 42 0.0909091
17 11 0.0666667
17 8 0.04
17 6 0.0555556
17 25 0.0909091
17 29 0.333333
17 57 0.2
17 79 0.142857
17 81 0.166667
17 97 0.5
18 19 0.125
18 33 0.2
18 37 0.1
18 92 0.1
18 93 0.125
18 94 0.125
18 99 0.2
18 112 0.166667
19 18 0.0526316
19 6 0.0555556
19 51 0.5
19 233 0.0833333
20 12 0.0625
20 14 0.125
20 21 0.111111
20 35 0.1
20 47 0.142857
21 14 0.125
21 20 0.0833333
21 23 0.166667
22 28 0.0714286
22 45 0.125
22 58 0.333333
22 76 0.125
23 6 0.0555556
23 21 0.111111
24 26 0.125
24 37 0.1
24 40 0.111111
24 44 0.166667
24 54 0.166667
24 65 0.125
24 82 0.2
25 17 0.037037
25 83 0.2
25 108 0.25
26 24 0.0526316
26 54 0.166667
26 65 0.125
27 9 0.111111
27 34 0.5
27 105 0.5
28 22 0.0909091
28 59 0.125
28 103 0.25
29 17 0.037037
30 7 0.1
30 41 0.111111
30 42 0.0909091
31 6 0.0555556
32 13 0.0909091
32 60 0.166667
32 67 0.166667
33 18 0.0526316
34 27 0.111111
35 20 0.0833333
35 8 0.04
35 12 0.0625
35 11 0.0666667
35 111 0.5
36 10 0.125
36 12 0.0625
36 70 0.5
36 88 0.2
37 18 0.0526316
37 24 0.0526316
37 52 0.111111
37 84 0.5
37 247 0.0666667
38 6 0.0555556
38 39 0.5
38 42 0.0909091
38 48 0.5
38 55 0.25
39 38 0.0625
40 24 0.0526316
40 26 0.125
40 54 0.166667
40 65 0.125
40 66 0.166667
41 16 0.111111
41 30 0.166667
41 85 0.25
41 102 0.25
42 38 0.0625
42 16 0.111111
42 30 0.166667
42 49 0.166667
42 107 0.5
43 11 0.0666667
43 8 0.04
44 24 0.0526316
44 52 0.111111
45 22 0.0909091
45 59 0.125
45 62 0.5
46 9 0.111111
47 20 0.0833333
47 14 0.125
47 12 0.0625
48 38 0.0625
49 42 0.0909091
49 13 0.0909091
50 6 0.0555556
50 104 0.166667
51 19 0.125
52 37 0.1
52 27 0.111111
52 44 0.166667
53 10 0.125
53 91 0.2
54 24 0.0526316
54 26 0.125
54 40 0.111111
55 38 0.0625
56 6 0.0555556
56 104 0.166667
57 17 0.037037
57 86 0.5
58 22 0.0909091
59 45 0.125
59 28 0.0714286
59 63 0.25
60 13 0.0909091
60 32 0.166667
60 67 0.166667
61 7 0.1
62 45 0.125
63 35 0.1
63 59 0.125
64 8 0.04
64 11 0.0666667
65 40 0.111111
65 26 0.125
65 24 0.0526316
66 65 0.125
66 24 0.0526316
66 40 0.111111
67 13 0.0909091
67 32 0.166667
67 60 0.166667
68 43 0.166667
68 11 0.0666667
68 8 0.04
69 52 0.111111
69 6 0.0555556
69 9 0.111111
69 56 0.2
69 75 0.5
69 90 0.5
70 36 0.1
71 11 0.0666667
71 8 0.04
71 64 0.25
71 78 0.166667
72 15 0.0769231
72 80 0.25
72 89 0.166667
73 100 0.5
74 8 0.04
74 98 0.5
75 69 0.1
76 16 0.111111
76 22 0.0909091
76 58 0.333333
76 106 0.333333
77 9 0.111111
77 96 0.333333
78 71 0.166667
78 8 0.04
78 43 0.166667
79 17 0.037037
79 95 0.2
80 15 0.0769231
80 72 0.125
81 79 0.142857
81 29 0.333333
81 17 0.037037
82 24 0.0526316
82 66 0.166667
82 26 0.125
83 25 0.0909091
83 108 0.25
84 37 0.1
85 41 0.111111
85 102 0.25
86 57 0.2
87 7 0.1
88 36 0.1
88 25 0.0909091
89 15 0.0769231
89 72 0.125
89 235 0.0625
90 69 0.1
91 53 0.166667
91 65 0.125
91 66 0.166667
91 82 0.2
92 18 0.0526316
92 33 0.2
92 93 0.125
92 94 0.125
92 247 0.0666667
93 92 0.1
93 18 0.0526316
93 94 0.125
93 112 0.166667
94 92 0.1
94 18 0.0526316
94 93 0.125
94 99 0.2
95 79 0.142857
96 9 0.111111
96 77 0.25
97 17 0.037037
98 74 0.25
99 94 0.125
99 18 0.0526316
99 33 0.2
100 73 0.25
101 5 0.125
102 41 0.111111
102 85 0.25
103 28 0.0714286
103 110 0.5
104 6 0.0555556
104 56 0.2
104 50 0.25
105 27 0.111111
106 95 0.2
106 76 0.125
107 42 0.0909091
108 25 0.0909091
108 83 0.2
109 5 0.125
110 103 0.25
111 35 0.1
112 93 0.125
112 33 0.2
112 18 0.0526316
112 92 0.1
113 52 0.111111
113 2 0.0909091
113 18 0.0526316
113 114 0.125
113 116 0.25
113 120 0.5
113 121 0.5
114 113 0.0555556
114 115 0.142857
114 119 0.333333
115 114 0.125
115 117 0.5
115 118 0.5
116 113 0.0555556
117 115 0.142857
118 115 0.142857
119 115 0.142857
119 114 0.125
120 113 0.0555556
121 113 0.0555556
125 122 0.333333
126 127 0.5
127 126 0.142857
130 131 0.333333
131 130 0.25
133 139 0.0769231
133 154 0.1
134 142 0.0434783
134 147 0.0714286
134 152 0.2
135 138 0.0769231
135 162 0.166667
135 194 0.166667
135 203 0.5
135 204 0.5
136 135 0.0625
136 137 0.0909091
136 140 0.0909091
136 149 0.125
136 151 0.0769231
136 166 0.2
136 167 0.0769231
136 174 0.142857
136 183 0.142857
136 188 0.2
137 136 0.0384615
137 215 0.25
137 225 0.25
138 135 0.0625
138 143 0.333333
138 144 0.142857
138 207 0.333333
138 227 0.25
139 133 0.111111
139 145 0.142857
139 157 0.5
139 219 0.5
140 136 0.0384615
140 148 0.142857
140 185 0.166667
140 222 0.166667
141 134 0.0666667
141 139 0.0769231
141 155 0.125
141 156 0.5
141 216 0.5
142 134 0.0666667
142 147 0.0714286
142 159 0.0666667
142 162 0.166667
142 172 0.2
142 199 0.333333
143 138 0.0769231
144 138 0.0769231
144 135 0.0625
144 192 0.166667
145 139 0.0769231
145 228 0.25
146 160 0.0769231
147 134 0.0666667
147 142 0.0434783
147 150 0.125
147 153 0.0526316
147 213 0.166667
147 223 0.166667
148 140 0.0909091
148 185 0.166667
148 222 0.166667
149 136 0.0384615
149 151 0.0769231
149 167 0.0769231
150 147 0.0714286
150 153 0.0526316
150 213 0.166667
150 223 0.166667
151 136 0.0384615
151 149 0.125
151 166 0.2
151 167 0.0769231
151 174 0.142857
151 188 0.2
152 134 0.0666667
152 170 0.333333
153 150 0.125
153 147 0.0714286
153 159 0.0666667
153 164 0.5
153 169 0.166667
153 189 0.5
153 211 0.333333
153 218 0.166667
153 221 0.2
154 133 0.111111
154 158 0.5
154 201 0.166667
154 229 0.111111
155 141 0.1
155 145 0.142857
155 192 0.166667
155 214 0.2
156 141 0.1
157 139 0.0769231
158 154 0.1
159 153 0.0526316
159 142 0.0434783
159 176 0.1
159 186 0.166667
159 193 0.142857
159 195 0.2
159 233 0.0833333
160 146 0.25
160 184 0.2
161 135 0.0625
161 168 0.142857
161 187 0.1
161 197 0.333333
161 198 0.333333
162 135 0.0625
162 142 0.0434783
162 175 0.1
163 161 0.0833333
163 171 0.142857
163 173 0.25
163 178 0.125
163 179 0.0833333
163 180 0.111111
163 200 0.25
163 210 0.142857
164 153 0.0526316
165 142 0.0434783
165 172 0.2
166 136 0.0384615
166 151 0.0769231
167 149 0.125
167 151 0.0769231
167 166 0.2
167 136 0.0384615
167 176 0.1
167 183 0.142857
167 202 0.5
168 161 0.0833333
168 182 0.25
169 153 0.0526316
169 218 0.166667
170 152 0.2
171 160 0.0769231
171 168 0.142857
171 163 0.05
171 190 0.5
172 142 0.0434783
172 165 0.25
173 163 0.05
174 136 0.0384615
174 151 0.0769231
174 247 0.0666667
175 142 0.0434783
175 162 0.166667
175 135 0.0625
175 217 0.5
176 167 0.0769231
176 159 0.0666667
176 172 0.2
176 177 0.25
176 209 0.25
177 176 0.1
177 209 0.25
178 163 0.05
178 179 0.0833333
178 180 0.111111
179 163 0.05
179 173 0.25
179 178 0.125
179 180 0.111111
179 210 0.142857
179 212 0.2
180 178 0.125
180 179 0.0833333
180 163 0.05
180 181 0.5
181 180 0.111111
182 168 0.142857
183 167 0.0769231
183 160 0.0769231
183 136 0.0384615
183 226 0.5
184 160 0.0769231
185 148 0.142857
185 140 0.0909091
185 230 0.111111
186 159 0.0666667
186 193 0.142857
186 195 0.2
187 161 0.0833333
187 138 0.0769231
187 191 0.333333
187 230 0.111111
188 151 0.0769231
188 149 0.125
188 136 0.0384615
189 153 0.0526316
190 171 0.142857
191 187 0.1
192 144 0.142857
192 155 0.125
192 214 0.2
193 159 0.0666667
193 186 0.166667
193 205 0.333333
194 135 0.0625
194 229 0.111111
195 159 0.0666667
195 193 0.142857
195 186 0.166667
196 182 0.25
197 161 0.0833333
198 161 0.0833333
198 197 0.333333
199 142 0.0434783
199 165 0.25
200 163 0.05
200 173 0.25
200 178 0.125
201 154 0.1
201 224 0.5
202 167 0.0769231
203 135 0.0625
204 135 0.0625
205 159 0.0666667
205 193 0.142857
206 191 0.333333
206 187 0.1
207 138 0.0769231
208 151 0.0769231
208 174 0.142857
208 149 0.125
208 136 0.0384615
209 176 0.1
209 177 0.25
210 163 0.05
210 179 0.0833333
210 235 0.0625
211 169 0.166667
211 153 0.0526316
212 179 0.0833333
212 178 0.125
212 210 0.142857
212 163 0.05
213 147 0.0714286
213 150 0.125
213 223 0.166667
214 192 0.166667
214 175 0.1
214 155 0.125
215 137 0.0909091
215 225 0.25
216 141 0.1
217 175 0.1
218 169 0.166667
218 153 0.0526316
218 221 0.2
219 139 0.0769231
220 163 0.05
220 179 0.0833333
221 218 0.166667
221 153 0.0526316
221 169 0.166667
222 140 0.0909091
222 148 0.142857
222 230 0.111111
223 150 0.125
223 147 0.0714286
223 213 0.166667
224 201 0.166667
225 215 0.25
225 137 0.0909091
226 183 0.142857
227 138 0.0769231
227 207 0.333333
227 143 0.333333
228 145 0.142857
228 231 0.166667
229 194 0.166667
229 154 0.1
229 231 0.166667
230 185 0.166667
230 222 0.166667
230 148 0.142857
230 187 0.1
230 232 0.5
231 229 0.111111
231 228 0.25
232 230 0.111111
233 12 0.0625
233 19 0.125
233 17 0.037037
233 159 0.0666667
233 234 0.5
234 233 0.0833333
235 72 0.125
235 210 0.142857
235 89 0.166667
235 236 0.142857
235 241 0.25
236 235 0.0625
236 237 0.1
236 238 0.25
237 236 0.142857
237 238 0.25
237 242 0.5
238 237 0.1
238 236 0.142857
239 240 0.142857
239 243 0.5
240 239 0.166667
240 236 0.142857
240 244 0.5
241 235 0.0625
242 237 0.1
243 239 0.166667
244 240 0.142857
245 134 0.0666667
245 246 0.5
246 245 0.1
247 37 0.1
247 24 0.0526316
247 92 0.1
247 174 0.142857
247 248 0.125
248 247 0.0666667
248 249 0.166667
249 248 0.125
249 250 0.25
250 249 0.166667
250 251 0.5
251 250 0.25
252 253 0.2
252 254 0.5
253 252 0.166667
254 252 0.166667
