0 1
0 2
0 6
0 8
0 10
0 17
0 19
0 21
0 22
0 29
0 38
0 42
0 54
0 89
0 104
0 110
0 138
0 147
0 160
1 0
1 4
1 14
1 16
1 32
1 59
1 144
1 191
2 0
2 3
2 7
2 55
2 61
2 89
2 161
3 2
3 0
3 8
3 9
3 12
3 27
3 31
3 38
3 40
3 47
4 1
4 5
4 18
4 25
4 37
4 52
4 58
5 4
5 1
5 11
5 13
5 16
5 44
5 80
5 122
6 0
6 12
6 90
6 94
6 147
7 0
7 2
7 101
8 3
8 0
8 10
8 13
8 46
8 77
8 92
8 130
8 166
9 3
9 162
10 0
10 2
10 8
10 23
10 26
10 38
10 41
10 70
10 119
10 167
11 5
11 4
11 80
11 84
11 134
12 3
12 6
12 15
12 48
12 143
12 157
13 8
13 5
13 67
13 150
14 1
14 15
15 12
15 14
15 51
15 118
15 124
16 5
16 1
16 28
16 30
16 33
16 117
16 122
17 0
17 33
17 35
17 36
17 51
17 60
17 65
17 107
18 4
18 52
18 69
18 73
18 109
19 0
19 29
19 42
19 54
19 138
20 7
20 101
21 0
21 3
21 74
22 21
22 0
22 35
22 38
22 50
22 115
23 10
23 24
23 34
23 39
23 177
24 23
25 4
25 56
26 10
26 39
26 180
27 3
27 123
28 16
28 30
28 117
28 122
28 170
29 19
29 0
29 34
29 45
29 49
29 53
29 98
29 114
29 172
30 28
30 16
31 3
31 9
31 47
31 97
31 149
31 162
32 1
32 59
33 14
33 17
33 16
33 1
33 36
33 59
34 29
34 23
34 24
34 75
34 88
34 96
35 22
35 17
35 74
35 125
35 142
35 181
35 186
36 17
36 33
36 79
37 25
37 4
38 0
38 8
38 10
38 3
38 22
38 46
38 63
38 71
38 81
38 86
38 163
39 26
39 23
39 43
40 3
40 38
40 31
40 27
40 95
41 10
41 70
41 167
42 19
42 0
42 54
42 110
42 176
43 39
43 29
43 123
44 5
44 188
45 29
45 49
45 53
45 98
46 38
46 8
46 52
46 62
46 68
46 120
47 31
47 3
47 77
48 12
48 157
49 29
49 45
49 103
49 128
50 22
51 17
51 15
51 78
51 85
51 153
51 154
51 193
52 46
52 18
52 4
52 105
52 106
52 112
52 178
53 29
53 45
53 64
54 42
54 19
54 0
54 138
55 2
55 93
55 161
55 169
56 25
56 4
56 76
56 152
56 184
57 2
58 4
58 37
59 32
59 33
59 14
59 1
59 79
59 113
60 17
60 107
61 2
61 0
61 42
61 72
61 132
62 46
62 68
62 70
62 120
63 38
63 8
63 112
63 148
63 194
64 53
65 17
65 78
66 47
66 10
66 38
66 3
66 31
66 82
66 100
67 13
67 77
67 195
68 46
68 62
69 56
69 18
69 108
70 8
70 10
70 62
70 41
70 197
71 38
72 61
73 18
74 35
74 21
75 34
75 88
75 96
75 175
76 8
76 56
76 112
77 3
77 8
77 31
77 47
77 67
77 83
77 145
77 174
77 189
78 15
78 74
78 51
78 65
79 59
79 36
80 5
80 11
81 10
81 38
81 87
81 102
82 66
83 77
83 189
84 11
84 121
85 51
86 38
86 40
86 91
86 136
86 137
86 173
86 190
87 81
88 75
88 34
88 135
88 139
88 155
88 171
89 0
89 61
89 15
89 2
89 103
90 6
90 12
91 86
91 137
91 173
91 190
92 8
92 166
93 2
93 55
93 161
94 6
94 146
95 40
96 34
96 75
97 27
97 3
97 95
97 31
97 126
97 133
98 29
98 45
98 140
99 3
99 47
99 31
99 141
99 145
99 159
99 192
100 66
100 129
101 7
101 20
102 81
102 87
103 89
103 49
104 0
105 52
106 52
107 17
107 60
108 69
109 18
109 73
109 131
110 0
110 42
110 111
111 110
112 52
112 76
112 63
113 59
114 29
114 45
114 116
115 22
115 185
116 29
116 55
116 114
116 2
117 16
117 28
117 122
118 15
118 124
119 10
119 167
120 46
120 62
120 68
121 84
121 59
122 69
122 117
122 16
122 5
122 28
122 142
122 165
123 27
123 43
124 15
124 118
124 151
125 35
126 97
127 1
128 49
129 66
129 100
130 8
130 166
131 73
131 109
131 18
132 61
132 72
133 97
133 103
134 11
135 88
136 86
136 173
137 86
137 91
137 139
138 0
138 19
138 54
139 137
139 88
139 158
140 98
140 49
141 99
142 74
142 122
142 35
143 12
143 133
143 48
143 156
143 164
143 182
144 1
145 99
145 77
145 13
145 183
146 94
147 0
147 6
148 63
148 194
149 20
149 31
149 7
149 89
150 13
151 15
151 124
151 118
152 56
152 184
153 51
153 193
154 51
154 153
155 98
155 88
155 140
155 179
156 143
156 147
156 90
157 48
157 12
157 6
157 187
158 139
159 99
159 141
160 0
161 2
161 55
161 93
162 31
162 47
162 3
162 9
163 38
164 143
165 122
166 130
166 8
166 92
167 10
167 119
167 41
168 52
168 106
168 105
169 55
169 2
170 28
170 117
170 16
171 135
171 88
172 29
172 45
173 86
173 136
173 91
173 190
174 77
174 83
175 75
175 34
176 0
176 19
176 42
176 104
177 24
177 23
178 52
178 5
178 105
179 155
180 26
181 35
182 180
182 143
182 157
182 164
183 145
184 67
184 152
184 56
185 115
186 35
187 157
187 121
188 44
189 77
189 83
189 174
190 173
190 91
190 86
191 1
191 127
192 99
192 141
192 159
193 51
193 153
194 63
194 148
195 67
196 46
196 120
196 68
197 70
