1
1
0.065707
0.111295
0.128342
0.032175
0.128317
0.012509
0.147764
0.040481
0.099055
0.004576
0.108486
0.050919
0.20192
0.118226
0.072072
0.181186
0.101367
0.177083
0.004927
0.230834
0.24903
0.031953
0.05133
0.033312
0.028214
0.028337
0.01226
1
0.020011
0.085018
0.267311
0.038461
0.175434
1
0.039508
0.040035
1
0.010011
0.025359
0.021307
0.113237
0.003384
0.008219
0.187163
0.157477
0.133155
0.22101
0.143718
0.124638
1
1
0.190979
0.174596
0.013079
0.00899
0
0.043015
0.10682
0.054074
0.021095
0.027334
0.128565
0.095527
0.084702
0
0.147169
0.033348
0.021145
0.015894
0.500343
0.008677
0.029863
0.244192
0.147975
0.03793
1
0.173096
0.034974
0.008838
0.142851
0
0.276049
0.002492
0.5004
0.078945
0.058287
1
0.125693
0.091455
0.017496
0.041126
0.004949
0.032379
0.02032
0.076417
0.037199
0.188124
0.012855
0
0.004017
0.047728
0.082342
0.33962
0.297335
0.333726
0.054137
0.010604
0.020388
0.180969
0.090444
0.182164
0.053705
0.201025
0.062618
0.040537
0.014924
0.027573
0.028586
0.02962
0.005832
0.024736
0.007569
0.022926
0.501035
0.018531
0.167354
0.071802
0
0.040868
0.00521
0.00705
0.252453
0.002272
0.408621
0.022452
0.04172
0.209805
0.168161
0.08522
0.004486
0.202026
1
0.500544
0.143209
0.016143
0.256521
0.038324
0.017171
0.025551
0.00571
0.00267
0.292036
0.333958
0.16691
0.250218
0.063526
0.084009
0.003843
0.500289
0.013151
0.020085
0.500784
0.378507
0.012408
0.026273
0.022439
0
0.004355
0.002985
0.333832
0.333845
0.01526
0.29411
0.04937
0.02272
0.010577
0.251647
0.083582
0.071854
0.500542
0.200449
0.071844
0.002218
0.03122
0.500684
0.021537
0.004168
0.239291
0.01485
0.333847
0.003128
0.298448
0.038373
0.073436
0
0.00794
