#ignore first line
1 2 0.2
1 3 0.2
1 4 0.16666666666666666
2 1 0.16666666666666666
2 4 0.16666666666666666
3 1 0.16666666666666666
3 2 0.2
3 6 0.07142857142857142
4 1 0.16666666666666666
4 2 0.2
4 5 0.5
5 4 0.16666666666666666
6 465 0.07142857142857142
6 3 0.2
6 7 0.14285714285714285
6 8 0.2
6 10 0.1111111111111111
6 264 0.027777777777777776
6 13 0.024390243902439025
7 10 0.1111111111111111
7 12 0.2
7 6 0.07142857142857142
8 9 0.5
8 6 0.07142857142857142
9 8 0.2
10 11 0.3333333333333333
10 12 0.2
10 6 0.07142857142857142
10 7 0.14285714285714285
11 10 0.1111111111111111
12 10 0.1111111111111111
12 11 0.3333333333333333
12 7 0.14285714285714285
13 99 0.1111111111111111
13 6 0.07142857142857142
13 103 0.1
13 8 0.2
13 10 0.1111111111111111
13 40 0.3333333333333333
13 110 0.25
13 14 0.05263157894736842
13 15 0.14285714285714285
13 16 0.1111111111111111
13 49 0.0625
13 18 0.05555555555555555
13 83 0.06666666666666667
13 20 0.058823529411764705
13 21 0.06666666666666667
13 22 0.06666666666666667
13 27 0.04
13 94 0.125
13 127 0.3333333333333333
14 17 0.045454545454545456
14 50 0.16666666666666666
14 24 0.08333333333333333
14 65 0.08333333333333333
14 58 0.14285714285714285
14 161 0.1
14 13 0.024390243902439025
14 47 0.05555555555555555
15 113 0.5
15 28 0.038461538461538464
15 13 0.024390243902439025
16 41 0.5
16 13 0.024390243902439025
16 143 0.25
16 192 0.16666666666666666
17 65 0.08333333333333333
17 161 0.1
17 195 0.25
17 69 0.5
17 71 0.1111111111111111
17 120 0.3333333333333333
17 169 0.16666666666666666
17 75 0.1111111111111111
17 14 0.05263157894736842
17 46 0.16666666666666666
18 137 0.2
18 131 0.125
18 87 0.06666666666666667
18 152 0.3333333333333333
18 25 0.09090909090909091
18 13 0.024390243902439025
18 29 0.1
18 48 0.1111111111111111
19 66 0.16666666666666666
19 68 0.16666666666666666
19 61 0.1
19 108 0.125
19 13 0.024390243902439025
19 174 0.2
19 111 0.3333333333333333
19 176 0.25
19 51 0.1
19 56 0.09090909090909091
19 26 0.07142857142857142
19 93 0.5
20 114 0.25
20 196 0.2
20 85 0.16666666666666666
20 23 0.047619047619047616
20 103 0.1
20 13 0.024390243902439025
20 31 0.0625
20 480 0.09090909090909091
21 33 0.25
21 49 0.0625
21 101 0.125
21 184 0.2
21 28 0.038461538461538464
21 13 0.024390243902439025
22 37 0.1111111111111111
22 128 0.08333333333333333
22 13 0.024390243902439025
22 96 0.1
22 45 0.07142857142857142
22 30 0.25
22 32 0.2
23 82 0.07692307692307693
23 20 0.058823529411764705
23 54 0.125
23 215 0.2
23 136 0.1
23 31 0.0625
23 264 0.027777777777777776
23 45 0.07142857142857142
23 79 0.2
23 63 0.125
24 57 0.3333333333333333
24 50 0.16666666666666666
24 149 0.3333333333333333
24 14 0.05263157894736842
24 223 0.3333333333333333
25 18 0.05555555555555555
25 21 0.06666666666666667
25 38 0.1111111111111111
25 34 0.09090909090909091
25 13 0.024390243902439025
25 15 0.14285714285714285
26 19 0.041666666666666664
26 166 0.3333333333333333
26 55 0.25
26 59 0.1111111111111111
26 211 0.5
26 31 0.0625
26 16 0.1111111111111111
27 67 0.125
27 138 0.16666666666666666
27 171 0.16666666666666666
27 173 0.125
27 13 0.024390243902439025
27 112 0.09090909090909091
27 83 0.06666666666666667
27 74 0.07692307692307693
27 128 0.08333333333333333
27 221 0.1
27 222 0.2
27 192 0.16666666666666666
28 129 0.14285714285714285
28 164 0.14285714285714285
28 35 0.05555555555555555
28 36 0.25
28 21 0.06666666666666667
28 148 0.16666666666666666
28 199 0.14285714285714285
28 72 0.16666666666666666
28 43 0.08333333333333333
28 15 0.14285714285714285
29 73 0.3333333333333333
29 18 0.05555555555555555
29 185 0.3333333333333333
29 13 0.024390243902439025
29 39 0.07692307692307693
30 22 0.06666666666666667
31 34 0.09090909090909091
31 20 0.058823529411764705
31 23 0.047619047619047616
31 218 0.3333333333333333
31 201 0.16666666666666666
31 26 0.07142857142857142
31 157 0.2
32 22 0.06666666666666667
33 21 0.06666666666666667
34 89 0.25
34 19 0.041666666666666664
34 31 0.0625
34 25 0.09090909090909091
34 201 0.16666666666666666
34 159 0.25
35 129 0.14285714285714285
35 148 0.16666666666666666
35 165 0.1111111111111111
35 164 0.14285714285714285
35 199 0.14285714285714285
35 28 0.038461538461538464
35 224 0.07692307692307693
36 28 0.038461538461538464
37 44 0.06666666666666667
37 61 0.1
37 22 0.06666666666666667
37 119 0.16666666666666666
37 32 0.2
38 25 0.09090909090909091
38 146 0.16666666666666666
38 60 0.1111111111111111
38 178 0.2
39 49 0.0625
39 198 0.16666666666666666
39 42 0.16666666666666666
39 43 0.08333333333333333
39 29 0.1
39 107 0.25
40 13 0.024390243902439025
40 30 0.25
41 16 0.1111111111111111
42 49 0.0625
42 95 0.2
42 39 0.07692307692307693
43 35 0.05555555555555555
43 21 0.06666666666666667
43 39 0.07692307692307693
43 72 0.16666666666666666
43 28 0.038461538461538464
43 141 0.25
44 115 0.16666666666666666
44 100 0.2
44 37 0.1111111111111111
44 150 0.2
44 140 0.14285714285714285
44 62 0.16666666666666666
44 64 0.14285714285714285
45 209 0.3333333333333333
45 22 0.06666666666666667
45 23 0.047619047619047616
45 155 0.2
45 32 0.2
45 190 0.3333333333333333
45 160 0.3333333333333333
46 17 0.045454545454545456
46 77 0.5
46 14 0.05263157894736842
47 97 0.5
47 193 0.25
47 67 0.125
47 53 0.05
47 118 0.125
47 167 0.125
47 482 0.1
47 14 0.05263157894736842
47 191 0.1111111111111111
48 18 0.05555555555555555
48 133 0.25
48 25 0.09090909090909091
48 109 0.5
48 28 0.038461538461538464
48 29 0.1
49 21 0.06666666666666667
49 39 0.07692307692307693
49 105 0.16666666666666666
49 42 0.16666666666666666
49 43 0.08333333333333333
49 76 0.125
49 13 0.024390243902439025
50 14 0.05263157894736842
50 24 0.08333333333333333
51 26 0.07142857142857142
51 19 0.041666666666666664
51 92 0.125
51 213 0.2
51 158 0.25
52 14 0.05263157894736842
53 17 0.045454545454545456
53 50 0.16666666666666666
53 117 0.125
53 86 0.125
53 65 0.08333333333333333
53 118 0.125
53 126 0.25
53 47 0.05555555555555555
53 96 0.1
54 83 0.06666666666666667
54 23 0.047619047619047616
54 136 0.1
55 26 0.07142857142857142
55 204 0.3333333333333333
56 19 0.041666666666666664
56 68 0.16666666666666666
56 86 0.125
56 183 0.14285714285714285
56 214 0.5
57 46 0.16666666666666666
57 24 0.08333333333333333
58 170 0.3333333333333333
58 14 0.05263157894736842
58 70 0.2
59 26 0.07142857142857142
59 219 0.16666666666666666
59 124 0.16666666666666666
59 78 0.16666666666666666
59 31 0.0625
60 178 0.2
60 187 0.16666666666666666
60 38 0.1111111111111111
61 81 0.5
61 19 0.041666666666666664
61 37 0.1111111111111111
61 131 0.125
61 119 0.16666666666666666
62 44 0.06666666666666667
62 64 0.14285714285714285
63 82 0.07692307692307693
63 54 0.125
63 23 0.047619047619047616
63 136 0.1
64 137 0.2
64 18 0.05555555555555555
64 44 0.06666666666666667
64 62 0.16666666666666666
65 17 0.045454545454545456
65 84 0.16666666666666666
65 53 0.05
65 88 0.5
65 90 0.125
65 14 0.05263157894736842
66 19 0.041666666666666664
66 91 0.5
67 27 0.04
67 197 0.5
67 47 0.05555555555555555
67 200 0.16666666666666666
68 66 0.16666666666666666
68 19 0.041666666666666664
68 56 0.09090909090909091
69 17 0.045454545454545456
70 177 0.3333333333333333
70 58 0.14285714285714285
71 17 0.045454545454545456
71 161 0.1
71 75 0.1111111111111111
71 205 0.3333333333333333
72 43 0.08333333333333333
72 28 0.038461538461538464
72 87 0.06666666666666667
73 29 0.1
74 221 0.1
74 27 0.04
74 173 0.125
74 171 0.16666666666666666
74 112 0.09090909090909091
75 17 0.045454545454545456
75 125 0.25
75 206 0.25
75 71 0.1111111111111111
76 49 0.0625
76 105 0.16666666666666666
76 257 0.125
76 144 0.3333333333333333
77 46 0.16666666666666666
78 59 0.1111111111111111
78 124 0.16666666666666666
78 219 0.16666666666666666
79 83 0.06666666666666667
79 63 0.125
79 23 0.047619047619047616
80 36 0.25
80 35 0.05555555555555555
80 28 0.038461538461538464
80 165 0.1111111111111111
80 199 0.14285714285714285
81 61 0.1
82 106 0.09090909090909091
82 181 0.2
82 23 0.047619047619047616
82 63 0.125
82 102 0.3333333333333333
83 147 0.3333333333333333
83 54 0.125
83 23 0.047619047619047616
83 264 0.027777777777777776
83 121 0.2
83 27 0.04
83 13 0.024390243902439025
83 79 0.2
84 65 0.08333333333333333
84 98 0.5
84 117 0.125
85 179 0.06666666666666667
85 20 0.058823529411764705
85 196 0.2
86 90 0.125
86 53 0.05
86 118 0.125
86 56 0.09090909090909091
87 33 0.25
87 18 0.05555555555555555
87 35 0.05555555555555555
87 156 0.5
87 104 0.25
87 162 0.25
87 210 0.5
87 72 0.16666666666666666
88 65 0.08333333333333333
89 34 0.09090909090909091
89 159 0.25
90 65 0.08333333333333333
90 130 0.5
90 117 0.125
90 86 0.125
91 66 0.16666666666666666
92 51 0.1
92 213 0.2
92 183 0.14285714285714285
93 19 0.041666666666666664
94 99 0.1111111111111111
94 172 0.2
94 13 0.024390243902439025
94 262 0.1111111111111111
95 42 0.16666666666666666
95 198 0.16666666666666666
95 39 0.07692307692307693
96 116 0.5
96 68 0.16666666666666666
96 53 0.05
96 22 0.06666666666666667
96 183 0.14285714285714285
97 47 0.05555555555555555
98 84 0.16666666666666666
99 172 0.2
99 13 0.024390243902439025
99 94 0.125
99 110 0.25
100 44 0.06666666666666667
100 62 0.16666666666666666
101 20 0.058823529411764705
101 122 0.5
101 28 0.038461538461538464
101 21 0.06666666666666667
102 82 0.07692307692307693
103 189 0.2
103 115 0.16666666666666666
103 20 0.058823529411764705
103 13 0.024390243902439025
103 134 0.25
104 135 0.5
104 87 0.06666666666666667
105 49 0.0625
105 123 0.3333333333333333
105 76 0.125
106 82 0.07692307692307693
106 180 0.3333333333333333
106 202 0.3333333333333333
106 154 0.2
106 24 0.08333333333333333
106 493 0.06666666666666667
107 198 0.16666666666666666
107 39 0.07692307692307693
108 19 0.041666666666666664
108 150 0.2
108 176 0.25
109 48 0.1111111111111111
110 99 0.1111111111111111
110 13 0.024390243902439025
111 19 0.041666666666666664
111 108 0.125
112 74 0.07692307692307693
112 27 0.04
112 171 0.16666666666666666
112 168 0.125
113 15 0.14285714285714285
114 179 0.06666666666666667
114 20 0.058823529411764705
115 44 0.06666666666666667
115 100 0.2
115 30 0.25
115 103 0.1
116 96 0.1
117 90 0.125
117 84 0.16666666666666666
117 53 0.05
117 186 0.25
118 139 0.5
118 53 0.05
118 86 0.125
118 47 0.05555555555555555
119 61 0.1
119 37 0.1111111111111111
119 53 0.05
120 17 0.045454545454545456
121 83 0.06666666666666667
121 102 0.3333333333333333
121 142 0.5
122 101 0.125
123 105 0.16666666666666666
123 49 0.0625
124 219 0.16666666666666666
124 59 0.1111111111111111
124 78 0.16666666666666666
125 75 0.1111111111111111
125 206 0.25
126 53 0.05
126 462 0.07142857142857142
127 99 0.1111111111111111
127 13 0.024390243902439025
128 163 0.3333333333333333
128 22 0.06666666666666667
128 200 0.16666666666666666
128 74 0.07692307692307693
128 27 0.04
128 207 0.3333333333333333
128 112 0.09090909090909091
129 153 0.25
129 35 0.05555555555555555
129 28 0.038461538461538464
130 90 0.125
131 18 0.05555555555555555
131 61 0.1
131 151 0.3333333333333333
131 480 0.09090909090909091
132 75 0.1111111111111111
132 220 0.5
132 181 0.2
132 22 0.06666666666666667
132 96 0.1
133 208 0.5
133 48 0.1111111111111111
134 189 0.2
134 103 0.1
135 104 0.25
136 215 0.2
136 179 0.06666666666666667
136 63 0.125
136 54 0.125
136 23 0.047619047619047616
137 18 0.05555555555555555
137 64 0.14285714285714285
138 74 0.07692307692307693
138 27 0.04
138 173 0.125
139 118 0.125
140 137 0.2
140 100 0.2
140 44 0.06666666666666667
140 62 0.16666666666666666
140 212 0.5
141 145 0.09090909090909091
141 43 0.08333333333333333
142 121 0.2
143 192 0.16666666666666666
143 16 0.1111111111111111
144 49 0.0625
144 76 0.125
145 182 0.25
145 25 0.09090909090909091
145 43 0.08333333333333333
145 60 0.1111111111111111
145 141 0.25
145 239 0.07142857142857142
145 480 0.09090909090909091
146 187 0.16666666666666666
146 60 0.1111111111111111
146 38 0.1111111111111111
147 83 0.06666666666666667
148 129 0.14285714285714285
148 35 0.05555555555555555
148 28 0.038461538461538464
149 24 0.08333333333333333
150 108 0.125
150 66 0.16666666666666666
150 44 0.06666666666666667
151 131 0.125
152 18 0.05555555555555555
153 129 0.14285714285714285
153 28 0.038461538461538464
153 148 0.16666666666666666
154 106 0.09090909090909091
154 53 0.05
154 119 0.16666666666666666
154 82 0.07692307692307693
155 45 0.07142857142857142
156 87 0.06666666666666667
157 179 0.06666666666666667
157 31 0.0625
158 51 0.1
158 92 0.125
159 89 0.25
159 34 0.09090909090909091
160 155 0.2
160 45 0.07142857142857142
161 17 0.045454545454545456
161 191 0.1111111111111111
161 14 0.05263157894736842
161 71 0.1111111111111111
161 175 0.5
162 18 0.05555555555555555
162 87 0.06666666666666667
162 152 0.3333333333333333
163 128 0.08333333333333333
164 35 0.05555555555555555
164 28 0.038461538461538464
164 165 0.1111111111111111
165 182 0.25
165 35 0.05555555555555555
165 28 0.038461538461538464
165 164 0.14285714285714285
165 80 0.14285714285714285
166 26 0.07142857142857142
166 56 0.09090909090909091
167 193 0.25
167 482 0.1
167 191 0.1111111111111111
167 47 0.05555555555555555
168 74 0.07692307692307693
168 27 0.04
168 173 0.125
168 221 0.1
168 112 0.09090909090909091
169 17 0.045454545454545456
169 195 0.25
169 71 0.1111111111111111
169 120 0.3333333333333333
170 58 0.14285714285714285
170 70 0.2
171 74 0.07692307692307693
171 27 0.04
171 112 0.09090909090909091
172 99 0.1111111111111111
172 13 0.024390243902439025
172 94 0.125
173 138 0.16666666666666666
173 27 0.04
173 168 0.125
173 74 0.07692307692307693
174 19 0.041666666666666664
174 108 0.125
174 493 0.06666666666666667
175 161 0.1
176 19 0.041666666666666664
176 108 0.125
177 58 0.14285714285714285
177 70 0.2
178 146 0.16666666666666666
178 60 0.1111111111111111
178 38 0.1111111111111111
179 114 0.25
179 85 0.16666666666666666
179 136 0.1
179 217 0.25
179 194 0.3333333333333333
179 188 0.3333333333333333
179 157 0.2
179 31 0.0625
180 106 0.09090909090909091
181 82 0.07692307692307693
181 132 0.14285714285714285
181 45 0.07142857142857142
182 145 0.09090909090909091
182 165 0.1111111111111111
183 96 0.1
183 92 0.125
183 53 0.05
183 56 0.09090909090909091
184 33 0.25
184 21 0.06666666666666667
184 239 0.07142857142857142
185 73 0.3333333333333333
185 29 0.1
186 53 0.05
186 117 0.125
186 50 0.16666666666666666
187 146 0.16666666666666666
187 60 0.1111111111111111
187 38 0.1111111111111111
188 179 0.06666666666666667
189 134 0.25
189 103 0.1
190 155 0.2
190 45 0.07142857142857142
191 161 0.1
191 167 0.125
191 47 0.05555555555555555
191 216 0.5
192 27 0.04
192 143 0.25
192 16 0.1111111111111111
193 167 0.125
193 47 0.05555555555555555
194 179 0.06666666666666667
194 188 0.3333333333333333
195 17 0.045454545454545456
195 169 0.16666666666666666
196 20 0.058823529411764705
196 85 0.16666666666666666
197 67 0.125
198 107 0.25
198 95 0.2
198 39 0.07692307692307693
199 28 0.038461538461538464
199 35 0.05555555555555555
199 36 0.25
199 80 0.14285714285714285
200 67 0.125
200 128 0.08333333333333333
200 191 0.1111111111111111
200 32 0.2
201 34 0.09090909090909091
201 51 0.1
201 92 0.125
201 31 0.0625
202 106 0.09090909090909091
202 180 0.3333333333333333
203 82 0.07692307692307693
204 55 0.25
205 17 0.045454545454545456
205 71 0.1111111111111111
206 75 0.1111111111111111
206 125 0.25
207 163 0.3333333333333333
207 128 0.08333333333333333
208 133 0.25
209 155 0.2
209 45 0.07142857142857142
210 87 0.06666666666666667
211 26 0.07142857142857142
212 140 0.14285714285714285
213 51 0.1
213 92 0.125
213 158 0.25
214 56 0.09090909090909091
215 54 0.125
215 23 0.047619047619047616
215 136 0.1
216 191 0.1111111111111111
217 179 0.06666666666666667
217 44 0.06666666666666667
217 151 0.3333333333333333
218 157 0.2
218 31 0.0625
219 59 0.1111111111111111
219 124 0.16666666666666666
219 78 0.16666666666666666
220 132 0.14285714285714285
221 168 0.125
221 138 0.16666666666666666
221 74 0.07692307692307693
221 27 0.04
221 222 0.2
221 112 0.09090909090909091
222 27 0.04
222 221 0.1
222 112 0.09090909090909091
223 149 0.3333333333333333
223 24 0.08333333333333333
224 225 0.125
224 226 0.16666666666666666
224 35 0.05555555555555555
224 101 0.125
224 87 0.06666666666666667
224 60 0.1111111111111111
224 13 0.024390243902439025
224 227 0.5
225 235 0.1111111111111111
225 228 0.1
225 238 0.16666666666666666
225 224 0.07692307692307693
226 235 0.1111111111111111
226 231 0.25
226 224 0.07692307692307693
227 224 0.07692307692307693
228 225 0.125
228 234 0.25
228 236 0.25
228 229 0.1
228 230 0.25
229 233 0.5
229 237 0.5
229 228 0.1
229 236 0.25
229 232 0.25
230 234 0.25
230 228 0.1
231 226 0.16666666666666666
231 235 0.1111111111111111
232 229 0.1
232 238 0.16666666666666666
233 229 0.1
234 228 0.1
234 230 0.25
235 225 0.125
235 226 0.16666666666666666
235 238 0.16666666666666666
235 231 0.25
235 224 0.07692307692307693
236 228 0.1
236 229 0.1
237 229 0.1
238 225 0.125
238 235 0.1111111111111111
238 232 0.25
239 145 0.09090909090909091
239 164 0.14285714285714285
239 21 0.06666666666666667
239 244 0.1
239 184 0.2
239 256 0.5
239 240 0.07142857142857142
240 241 0.16666666666666666
240 242 0.14285714285714285
240 243 0.25
240 262 0.1111111111111111
240 247 0.16666666666666666
240 251 0.5
240 239 0.07142857142857142
241 244 0.1
241 254 0.25
241 240 0.07142857142857142
242 249 0.16666666666666666
242 255 0.5
242 240 0.07142857142857142
243 254 0.25
243 240 0.07142857142857142
244 241 0.16666666666666666
244 245 0.14285714285714285
244 246 0.25
244 239 0.07142857142857142
245 244 0.1
245 252 0.3333333333333333
245 239 0.07142857142857142
245 248 0.3333333333333333
246 244 0.1
247 244 0.1
247 253 0.5
247 246 0.25
247 240 0.07142857142857142
248 244 0.1
248 245 0.14285714285714285
249 465 0.07142857142857142
249 242 0.14285714285714285
249 250 0.3333333333333333
250 249 0.16666666666666666
250 242 0.14285714285714285
251 240 0.07142857142857142
252 245 0.14285714285714285
252 239 0.07142857142857142
253 247 0.16666666666666666
254 241 0.16666666666666666
254 243 0.25
255 242 0.14285714285714285
256 239 0.07142857142857142
257 258 0.25
257 35 0.05555555555555555
257 76 0.125
257 246 0.25
257 187 0.16666666666666666
257 28 0.038461538461538464
258 257 0.125
258 259 0.16666666666666666
259 258 0.25
259 260 0.25
259 462 0.07142857142857142
260 259 0.16666666666666666
260 261 0.5
261 260 0.25
262 49 0.0625
262 101 0.125
262 263 0.5
262 189 0.2
262 94 0.125
262 240 0.07142857142857142
263 262 0.1111111111111111
264 340 0.14285714285714285
264 328 0.16666666666666666
264 204 0.3333333333333333
264 6 0.07142857142857142
264 456 0.25
264 274 0.038461538461538464
264 265 0.041666666666666664
264 331 0.25
264 268 0.06666666666666667
264 270 0.1
264 272 0.03571428571428571
264 273 0.05
264 82 0.07692307692307693
264 83 0.06666666666666667
264 292 0.08333333333333333
264 309 0.5
264 23 0.047619047619047616
264 377 0.16666666666666666
264 382 0.25
265 412 0.125
265 296 0.14285714285714285
265 266 0.09090909090909091
265 267 0.07142857142857142
265 264 0.027777777777777776
265 334 0.16666666666666666
265 367 0.3333333333333333
265 398 0.2
265 306 0.2
265 308 0.09090909090909091
265 314 0.25
265 272 0.03571428571428571
266 265 0.041666666666666664
266 290 0.2
266 275 0.058823529411764705
266 443 0.14285714285714285
266 440 0.16666666666666666
267 450 0.2
267 307 0.16666666666666666
267 265 0.041666666666666664
267 299 0.3333333333333333
267 300 0.125
267 269 0.058823529411764705
268 387 0.09090909090909091
268 357 0.16666666666666666
268 264 0.027777777777777776
268 297 0.1
268 376 0.3333333333333333
268 271 0.16666666666666666
268 336 0.125
269 291 0.125
269 332 0.07142857142857142
269 298 0.05263157894736842
269 267 0.07142857142857142
269 300 0.125
269 347 0.08333333333333333
269 275 0.058823529411764705
269 415 0.25
270 273 0.05
270 337 0.3333333333333333
270 417 0.16666666666666666
270 438 0.3333333333333333
270 264 0.027777777777777776
271 297 0.1
271 268 0.06666666666666667
271 336 0.125
272 389 0.2
272 264 0.027777777777777776
272 265 0.041666666666666664
272 426 0.16666666666666666
272 465 0.07142857142857142
272 274 0.038461538461538464
272 276 0.1111111111111111
272 278 0.07692307692307693
272 279 0.08333333333333333
272 280 0.2
272 313 0.25
272 282 0.08333333333333333
272 283 0.2
272 287 0.0625
273 338 0.5
273 356 0.5
273 293 0.08333333333333333
273 264 0.027777777777777776
273 373 0.5
273 480 0.09090909090909091
273 270 0.1
273 432 0.25
274 386 0.125
274 451 0.16666666666666666
274 324 0.14285714285714285
274 295 0.09090909090909091
274 264 0.027777777777777776
274 272 0.03571428571428571
274 277 0.125
274 378 0.16666666666666666
274 281 0.045454545454545456
274 410 0.25
274 411 0.25
274 284 0.07692307692307693
274 381 0.16666666666666666
275 385 0.5
275 439 0.5
275 266 0.09090909090909091
275 395 0.16666666666666666
275 332 0.07142857142857142
275 269 0.058823529411764705
275 286 0.09090909090909091
275 366 0.09090909090909091
276 315 0.2
276 308 0.09090909090909091
276 303 0.3333333333333333
276 272 0.03571428571428571
277 274 0.038461538461538464
277 363 0.5
277 284 0.07692307692307693
277 310 0.5
278 434 0.25
278 344 0.2
278 420 0.1
278 272 0.03571428571428571
279 321 0.14285714285714285
279 392 0.1111111111111111
279 359 0.1111111111111111
279 343 0.125
279 272 0.03571428571428571
280 425 0.5
280 272 0.03571428571428571
281 417 0.16666666666666666
281 274 0.038461538461538464
281 323 0.125
281 340 0.14285714285714285
281 294 0.14285714285714285
281 322 0.06666666666666667
281 408 0.14285714285714285
281 285 0.06666666666666667
281 383 0.16666666666666666
282 401 0.25
282 402 0.125
282 387 0.09090909090909091
282 272 0.03571428571428571
283 272 0.03571428571428571
284 305 0.09090909090909091
284 274 0.038461538461538464
284 277 0.125
284 278 0.07692307692307693
284 354 0.25
284 341 0.5
284 335 0.1111111111111111
285 273 0.05
285 433 0.25
285 403 0.2
285 312 0.09090909090909091
285 281 0.045454545454545456
285 430 0.16666666666666666
285 319 0.2
285 352 0.1
286 275 0.058823529411764705
286 360 0.25
286 422 0.25
286 288 0.1
287 355 0.25
287 358 0.5
287 278 0.07692307692307693
287 296 0.14285714285714285
287 345 0.25
287 267 0.07142857142857142
287 364 0.5
287 272 0.03571428571428571
288 449 0.3333333333333333
288 378 0.16666666666666666
288 332 0.07142857142857142
288 286 0.09090909090909091
288 452 0.3333333333333333
289 435 0.5
289 388 0.5
289 278 0.07692307692307693
290 266 0.09090909090909091
290 444 0.125
291 298 0.05263157894736842
291 269 0.058823529411764705
291 362 0.3333333333333333
292 339 0.2
292 372 0.16666666666666666
292 264 0.027777777777777776
292 276 0.1111111111111111
292 460 0.5
292 301 0.125
293 273 0.05
293 455 0.16666666666666666
293 327 0.3333333333333333
293 282 0.08333333333333333
293 283 0.2
293 349 0.16666666666666666
293 335 0.1111111111111111
294 281 0.045454545454545456
294 393 0.2
294 408 0.14285714285714285
295 274 0.038461538461538464
295 379 0.5
295 413 0.16666666666666666
295 342 0.2
296 265 0.041666666666666664
296 365 0.5
296 287 0.0625
297 268 0.06666666666666667
297 351 0.25
297 318 0.25
297 271 0.16666666666666666
297 304 0.08333333333333333
298 291 0.125
298 316 0.16666666666666666
298 311 0.16666666666666666
298 380 0.16666666666666666
298 346 0.16666666666666666
298 443 0.14285714285714285
298 300 0.125
298 269 0.058823529411764705
298 286 0.09090909090909091
299 267 0.07142857142857142
300 441 0.5
300 298 0.05263157894736842
300 267 0.07142857142857142
300 269 0.058823529411764705
301 305 0.09090909090909091
301 266 0.09090909090909091
301 292 0.08333333333333333
301 287 0.0625
302 282 0.08333333333333333
302 279 0.08333333333333333
303 276 0.1111111111111111
304 361 0.125
304 374 0.25
304 391 0.16666666666666666
304 297 0.1
304 317 0.1
304 462 0.07142857142857142
305 325 0.14285714285714285
305 284 0.07692307692307693
305 301 0.125
305 326 0.2
305 370 0.1111111111111111
306 265 0.041666666666666664
306 412 0.125
307 298 0.05263157894736842
307 267 0.07142857142857142
307 334 0.16666666666666666
308 307 0.16666666666666666
308 276 0.1111111111111111
308 265 0.041666666666666664
308 429 0.2
308 287 0.0625
308 368 0.16666666666666666
309 264 0.027777777777777776
310 277 0.125
311 298 0.05263157894736842
311 347 0.08333333333333333
311 380 0.16666666666666666
312 433 0.25
312 403 0.2
312 285 0.06666666666666667
312 430 0.16666666666666666
312 319 0.2
313 389 0.2
313 272 0.03571428571428571
314 265 0.041666666666666664
314 412 0.125
315 329 0.5
315 276 0.1111111111111111
315 303 0.3333333333333333
316 298 0.05263157894736842
316 380 0.16666666666666666
317 361 0.125
317 462 0.07142857142857142
317 374 0.25
317 391 0.16666666666666666
317 304 0.08333333333333333
318 297 0.1
318 273 0.05
319 273 0.05
319 285 0.06666666666666667
319 312 0.09090909090909091
320 401 0.25
320 282 0.08333333333333333
321 343 0.125
321 279 0.08333333333333333
322 294 0.14285714285714285
322 399 0.2
322 281 0.045454545454545456
322 396 0.08333333333333333
322 383 0.16666666666666666
322 352 0.1
323 281 0.045454545454545456
323 322 0.06666666666666667
323 396 0.08333333333333333
323 407 0.1
324 274 0.038461538461538464
324 397 0.2
324 442 0.5
325 305 0.09090909090909091
325 290 0.2
325 330 0.14285714285714285
326 305 0.09090909090909091
326 370 0.1111111111111111
327 293 0.08333333333333333
328 377 0.16666666666666666
328 382 0.25
328 264 0.027777777777777776
329 315 0.2
330 292 0.08333333333333333
330 325 0.14285714285714285
330 424 0.2
331 456 0.25
331 264 0.027777777777777776
332 353 0.5
332 275 0.058823529411764705
332 375 0.16666666666666666
332 269 0.058823529411764705
332 333 0.5
332 288 0.1
333 332 0.07142857142857142
334 265 0.041666666666666664
334 307 0.16666666666666666
334 347 0.08333333333333333
335 421 0.5
335 349 0.16666666666666666
335 284 0.07692307692307693
335 293 0.08333333333333333
336 268 0.06666666666666667
336 350 0.25
336 271 0.16666666666666666
336 448 0.25
337 270 0.1
338 273 0.05
339 325 0.14285714285714285
339 292 0.08333333333333333
339 301 0.125
340 281 0.045454545454545456
340 417 0.16666666666666666
340 295 0.09090909090909091
340 264 0.027777777777777776
341 284 0.07692307692307693
342 295 0.09090909090909091
343 321 0.14285714285714285
343 394 0.125
343 359 0.1111111111111111
343 279 0.08333333333333333
344 420 0.1
344 278 0.07692307692307693
345 355 0.25
345 287 0.0625
346 298 0.05263157894736842
346 316 0.16666666666666666
346 286 0.09090909090909091
346 446 0.25
347 371 0.5
347 311 0.16666666666666666
347 298 0.05263157894736842
347 395 0.16666666666666666
347 269 0.058823529411764705
347 334 0.16666666666666666
348 342 0.2
348 295 0.09090909090909091
349 330 0.14285714285714285
349 293 0.08333333333333333
349 335 0.1111111111111111
350 448 0.25
350 336 0.125
351 297 0.1
351 268 0.06666666666666667
351 318 0.25
352 457 0.25
352 322 0.06666666666666667
352 384 0.2
352 285 0.06666666666666667
352 312 0.09090909090909091
353 332 0.07142857142857142
354 349 0.16666666666666666
354 284 0.07692307692307693
354 325 0.14285714285714285
355 345 0.25
355 287 0.0625
356 273 0.05
357 268 0.06666666666666667
357 404 0.5
357 390 0.25
358 287 0.0625
359 321 0.14285714285714285
359 394 0.125
359 279 0.08333333333333333
359 343 0.125
360 286 0.09090909090909091
360 422 0.25
361 405 0.16666666666666666
361 432 0.25
361 317 0.1
361 304 0.08333333333333333
362 291 0.125
362 269 0.058823529411764705
363 277 0.125
364 287 0.0625
365 296 0.14285714285714285
366 275 0.058823529411764705
366 453 0.5
366 406 0.5
366 397 0.2
366 332 0.07142857142857142
366 413 0.16666666666666666
367 265 0.041666666666666664
367 339 0.2
368 308 0.09090909090909091
368 429 0.2
368 436 0.25
369 282 0.08333333333333333
369 387 0.09090909090909091
369 402 0.125
370 305 0.09090909090909091
370 330 0.14285714285714285
370 372 0.16666666666666666
370 326 0.2
370 424 0.2
371 347 0.08333333333333333
372 370 0.1111111111111111
372 292 0.08333333333333333
372 301 0.125
373 273 0.05
374 317 0.1
374 304 0.08333333333333333
375 332 0.07142857142857142
375 414 0.5
375 344 0.2
376 268 0.06666666666666667
377 264 0.027777777777777776
377 342 0.2
377 295 0.09090909090909091
377 328 0.16666666666666666
378 274 0.038461538461538464
378 427 0.5
378 288 0.1
379 295 0.09090909090909091
380 298 0.05263157894736842
380 316 0.16666666666666666
380 311 0.16666666666666666
381 274 0.038461538461538464
381 451 0.16666666666666666
381 386 0.125
382 328 0.16666666666666666
382 264 0.027777777777777776
383 281 0.045454545454545456
383 322 0.06666666666666667
383 396 0.08333333333333333
384 457 0.25
384 352 0.1
385 275 0.058823529411764705
386 274 0.038461538461538464
386 451 0.16666666666666666
386 381 0.16666666666666666
386 410 0.25
387 369 0.2
387 402 0.125
387 390 0.25
387 376 0.3333333333333333
387 282 0.08333333333333333
387 268 0.06666666666666667
388 289 0.16666666666666666
389 313 0.25
389 283 0.2
389 272 0.03571428571428571
390 387 0.09090909090909091
390 357 0.16666666666666666
391 317 0.1
391 462 0.07142857142857142
391 304 0.08333333333333333
392 289 0.16666666666666666
392 431 0.16666666666666666
392 279 0.08333333333333333
392 359 0.1111111111111111
392 416 0.2
393 281 0.045454545454545456
393 322 0.06666666666666667
393 294 0.14285714285714285
394 321 0.14285714285714285
394 418 0.25
394 343 0.125
394 359 0.1111111111111111
394 279 0.08333333333333333
395 347 0.08333333333333333
395 275 0.058823529411764705
395 400 0.5
396 322 0.06666666666666667
396 323 0.125
396 408 0.14285714285714285
396 281 0.045454545454545456
396 409 0.25
396 383 0.16666666666666666
397 324 0.14285714285714285
397 332 0.07142857142857142
397 366 0.09090909090909091
398 265 0.041666666666666664
398 306 0.2
398 412 0.125
399 393 0.2
399 322 0.06666666666666667
399 323 0.125
400 395 0.16666666666666666
401 282 0.08333333333333333
401 320 0.3333333333333333
402 369 0.2
402 282 0.08333333333333333
402 387 0.09090909090909091
402 455 0.16666666666666666
403 285 0.06666666666666667
403 312 0.09090909090909091
404 357 0.16666666666666666
405 361 0.125
405 445 0.5
405 454 0.5
406 366 0.09090909090909091
407 322 0.06666666666666667
407 323 0.125
407 437 0.25
407 281 0.045454545454545456
407 458 0.25
407 396 0.08333333333333333
407 403 0.2
408 281 0.045454545454545456
408 396 0.08333333333333333
408 294 0.14285714285714285
408 399 0.2
409 281 0.045454545454545456
409 322 0.06666666666666667
409 396 0.08333333333333333
410 274 0.038461538461538464
410 386 0.125
411 274 0.038461538461538464
411 352 0.1
411 384 0.2
412 265 0.041666666666666664
412 314 0.25
412 398 0.2
412 306 0.2
413 286 0.09090909090909091
413 366 0.09090909090909091
413 295 0.09090909090909091
413 342 0.2
414 375 0.16666666666666666
415 291 0.125
415 269 0.058823529411764705
416 431 0.16666666666666666
416 392 0.1111111111111111
417 281 0.045454545454545456
417 340 0.14285714285714285
417 270 0.1
418 321 0.14285714285714285
418 394 0.125
418 359 0.1111111111111111
419 291 0.125
419 267 0.07142857142857142
419 415 0.25
419 296 0.14285714285714285
420 426 0.16666666666666666
420 428 0.3333333333333333
420 278 0.07692307692307693
420 434 0.25
420 344 0.2
421 335 0.1111111111111111
422 286 0.09090909090909091
422 360 0.25
423 302 0.3333333333333333
424 330 0.14285714285714285
424 327 0.3333333333333333
424 370 0.1111111111111111
425 280 0.2
426 283 0.2
426 420 0.1
426 278 0.07692307692307693
426 272 0.03571428571428571
427 378 0.16666666666666666
428 420 0.1
428 278 0.07692307692307693
429 308 0.09090909090909091
429 368 0.16666666666666666
430 324 0.14285714285714285
430 285 0.06666666666666667
430 375 0.16666666666666666
430 312 0.09090909090909091
431 392 0.1111111111111111
431 461 0.25
431 416 0.2
432 273 0.05
432 361 0.125
433 285 0.06666666666666667
433 312 0.09090909090909091
434 420 0.1
434 278 0.07692307692307693
435 289 0.16666666666666666
436 308 0.09090909090909091
436 429 0.2
436 368 0.16666666666666666
437 458 0.25
437 407 0.1
438 337 0.3333333333333333
438 270 0.1
439 275 0.058823529411764705
440 266 0.09090909090909091
440 443 0.14285714285714285
440 447 0.5
441 300 0.125
442 324 0.14285714285714285
443 266 0.09090909090909091
443 316 0.16666666666666666
443 298 0.05263157894736842
443 440 0.16666666666666666
444 305 0.09090909090909091
444 290 0.2
444 459 0.5
444 326 0.2
444 450 0.2
445 405 0.16666666666666666
446 346 0.16666666666666666
446 347 0.08333333333333333
446 275 0.058823529411764705
447 440 0.16666666666666666
448 350 0.25
448 336 0.125
449 288 0.1
450 299 0.3333333333333333
450 444 0.125
450 267 0.07142857142857142
451 386 0.125
451 381 0.16666666666666666
451 274 0.038461538461538464
452 449 0.3333333333333333
452 288 0.1
453 366 0.09090909090909091
454 405 0.16666666666666666
455 402 0.125
455 293 0.08333333333333333
455 335 0.1111111111111111
455 280 0.2
456 331 0.25
456 264 0.027777777777777776
457 352 0.1
457 384 0.2
458 437 0.25
458 407 0.1
459 444 0.125
460 292 0.08333333333333333
461 416 0.2
461 431 0.16666666666666666
461 392 0.1111111111111111
462 482 0.1
462 259 0.16666666666666666
462 391 0.16666666666666666
462 317 0.1
462 126 0.25
462 463 0.25
462 304 0.08333333333333333
463 462 0.07142857142857142
463 464 0.5
464 463 0.25
465 466 0.125
465 372 0.16666666666666666
465 6 0.07142857142857142
465 472 0.1
465 249 0.16666666666666666
465 468 0.16666666666666666
465 272 0.03571428571428571
466 465 0.07142857142857142
466 474 0.2
466 467 0.1111111111111111
466 470 0.5
467 465 0.07142857142857142
467 466 0.125
467 469 0.16666666666666666
467 473 0.25
467 478 0.25
468 465 0.07142857142857142
468 477 0.5
468 472 0.1
469 467 0.1111111111111111
469 478 0.25
469 471 0.5
470 466 0.125
471 469 0.16666666666666666
472 465 0.07142857142857142
472 474 0.2
472 468 0.16666666666666666
472 479 0.5
472 476 0.3333333333333333
473 467 0.1111111111111111
473 475 0.5
474 466 0.125
474 472 0.1
475 473 0.25
476 474 0.2
476 472 0.1
477 468 0.16666666666666666
478 467 0.1111111111111111
478 469 0.16666666666666666
479 472 0.1
480 145 0.09090909090909091
480 273 0.05
480 131 0.125
480 20 0.058823529411764705
480 481 0.5
480 196 0.2
481 480 0.09090909090909091
482 483 0.1
482 167 0.125
482 24 0.08333333333333333
482 462 0.07142857142857142
482 47 0.05555555555555555
482 14 0.05263157894736842
483 482 0.1
483 484 0.25
483 485 0.25
483 486 0.16666666666666666
484 489 0.5
484 483 0.1
485 483 0.1
485 492 0.5
486 483 0.1
486 487 0.16666666666666666
486 488 0.16666666666666666
487 490 0.5
487 483 0.1
487 486 0.16666666666666666
488 491 0.5
488 483 0.1
488 486 0.16666666666666666
488 487 0.16666666666666666
489 484 0.25
490 487 0.16666666666666666
491 488 0.16666666666666666
492 485 0.25
493 273 0.05
493 497 0.5
493 147 0.3333333333333333
493 7 0.14285714285714285
493 106 0.09090909090909091
493 496 0.25
493 174 0.2
493 495 0.25
493 494 0.25
494 498 0.5
494 493 0.06666666666666667
495 499 0.5
495 493 0.06666666666666667
496 500 0.5
496 493 0.06666666666666667
497 493 0.06666666666666667
498 494 0.25
499 495 0.25
500 496 0.25
