1 2
1 3
2 1
2 5
3 1
5 2
6 3
6 2
6 7
6 9
6 28
6 42
6 45
6 52
6 68
7 6
7 12
7 69
8 12
8 14
8 15
8 20
8 22
8 25
8 58
8 88
9 6
9 27
9 30
9 39
9 51
9 55
10 31
11 29
11 62
11 90
12 7
12 8
12 14
12 16
12 18
12 61
12 85
13 21
13 26
13 38
13 50
13 82
13 83
13 89
14 12
14 8
14 77
15 8
15 20
16 12
16 23
16 85
17 6
17 44
18 14
18 12
18 52
18 81
19 11
20 8
20 15
20 60
20 79
21 13
21 24
21 26
21 36
21 43
21 46
22 8
22 32
22 58
23 12
23 16
23 61
23 190
24 21
24 36
24 56
24 63
25 8
26 21
26 24
26 13
26 34
26 54
26 73
27 9
27 53
28 6
29 11
29 62
29 87
30 9
30 51
30 55
31 10
31 59
31 63
31 78
32 8
32 22
32 15
32 26
32 33
33 32
34 26
34 70
35 40
35 48
36 24
36 21
36 46
36 56
37 34
37 63
37 67
37 86
38 13
39 9
40 35
40 48
41 13
41 43
41 49
42 6
42 55
42 80
43 21
43 36
43 24
43 41
43 47
44 17
45 6
46 36
46 24
46 21
46 56
46 92
47 43
48 35
48 40
48 91
49 41
50 13
50 82
51 9
51 30
52 18
52 6
52 64
53 27
54 26
54 73
55 9
55 30
55 39
55 42
56 46
56 36
56 24
56 74
56 76
56 107
57 9
57 19
58 22
58 8
59 31
60 20
60 79
61 14
61 23
61 12
62 11
62 29
62 72
62 75
62 84
63 44
63 31
63 24
63 37
63 65
63 69
64 52
65 63
66 29
66 87
67 37
68 6
68 45
69 7
69 63
69 24
70 34
70 92
71 6
72 62
72 75
73 26
73 54
74 56
74 21
75 62
75 72
76 21
76 74
76 56
77 14
78 59
78 31
79 20
79 60
80 42
81 18
82 13
82 50
82 89
83 13
83 82
84 62
84 72
85 16
85 52
85 12
86 37
86 67
87 29
87 66
88 8
88 22
88 58
89 82
89 13
89 83
90 11
91 48
92 24
92 70
92 26
92 46
92 96
95 92
96 92
97 92
98 99
98 104
99 98
99 100
99 101
99 103
99 105
100 99
100 101
101 100
101 99
103 100
103 99
104 98
105 99
105 92
105 66
107 56
107 6
107 108
107 110
107 112
107 115
107 116
107 118
107 120
107 122
107 123
107 128
107 148
107 162
107 164
107 169
108 107
108 111
108 129
108 170
109 114
109 125
109 139
109 156
110 107
110 164
111 107
111 108
111 147
112 107
112 143
112 159
112 172
114 109
114 119
114 155
114 156
115 107
115 121
115 132
115 134
115 149
116 107
116 120
116 123
116 128
116 162
117 111
117 147
118 107
118 121
118 122
118 127
118 153
119 114
119 155
119 156
119 174
120 116
120 107
120 126
120 145
120 152
120 175
121 118
121 115
121 157
121 163
121 182
122 107
122 112
122 118
122 133
122 137
122 141
122 171
123 116
123 107
123 128
123 178
123 190
124 120
125 109
126 120
126 145
127 118
128 123
128 116
128 107
128 162
129 108
129 144
129 170
129 173
130 138
130 166
131 108
132 115
132 149
133 122
133 112
133 151
133 165
133 185
134 115
135 122
135 140
135 146
136 130
136 150
137 122
138 112
138 130
138 151
139 109
140 135
141 122
141 142
141 160
141 161
141 176
141 184
142 141
142 161
142 176
142 184
143 112
143 172
144 108
144 129
144 170
145 120
145 126
146 135
146 158
147 111
147 117
148 107
149 115
149 132
150 136
151 138
151 133
152 120
152 126
152 154
153 118
153 181
154 120
154 129
154 152
154 108
155 114
155 119
155 156
156 136
156 155
156 114
156 109
156 119
156 163
157 121
158 135
158 146
159 112
159 172
160 141
160 176
161 141
161 142
162 107
162 116
162 128
163 156
163 121
164 107
164 110
165 133
165 185
166 130
167 145
167 179
168 110
168 183
169 107
170 108
170 129
170 144
171 122
172 159
172 112
172 143
173 129
173 108
174 119
174 155
174 114
175 120
175 126
176 141
176 160
176 142
176 184
178 107
178 116
178 123
178 148
179 167
180 168
181 153
182 121
183 168
184 176
184 142
184 141
185 133
185 165
190 184
190 123
190 23
190 191
191 190
191 192
192 191
193 196
196 193
