0
0.077899
0.149464
0.337872
0
0.074881
1
0.120499
1
1
0.014069
0.107213
0.061397
1
0.091052
0.157177
0.007842
0.066612
0.022529
0
0.114186
0.092026
0.178815
0.003677
0.18698
0.50025
0.117456
0.166373
0.500153
0.078924
0.14957
0.083912
0.020025
0.004971
0.075658
0
0.047885
0.100621
0.50065
0.367091
0
0.001467
0.113164
0.011765
0.333401
0.408199
0.119325
0.005792
0
0.000713
0.289025
0.274834
0.145078
0.055521
0.034888
0.151371
0.093841
0
0.263282
0.03435
0.026004
0.012728
1
1
0.072579
0.498962
0.005095
0.041141
0.334198
0.181093
0.256219
0
0.292045
0.035115
0.028022
0.298283
0.023594
0.045429
0.027991
0.022265
0.056329
0.011046
0.230138
0.293593
0.3338
0.009551
0.033443
0.019905
0.251069
0.233462
0.053545
0
1
0
0
0
0.500868
0
0
0
0
0
0
0
0
0
0
1
0.047984
0.001083
0.107758
0.006967
0.091183
0
0.00138
0.121852
0.111653
0.000429
0.248911
0.001882
0.056023
1
1
0.094954
0
0.000287
0.008955
0.125124
0.164724
0.006646
0.000614
0
0.036068
0.111761
0.03066
0
0.00256
0.499607
0.003832
0.000304
0
0.076869
0.013987
0.025632
0.002993
0.008944
0
0.001748
0.337601
0.036022
0.00125
0.018671
0.011211
0.062395
0.002196
0.002562
0.015398
0.499136
0
0.025543
0.021444
0.014578
0.19929
0.201566
0.215032
0.033018
0.000161
0
0
0.500909
0.008914
0.499806
0.016462
0.002197
0.00046
0.018606
0.014512
0
0.018965
0
0
0.031176
0.499532
0
0.014956
0.033091
0
0
0
0
0.006075
0.00153
0.000371
0
0
0
0
