197
496
1 2 0.142857
1 3 0.333333
2 1 0.166667
2 5 0.5
3 1 0.166667
5 2 0.142857
6 3 0.333333
6 2 0.142857
6 7 0.1
6 9 0.0588235
6 28 0.5
6 42 0.1
6 45 0.333333
6 52 0.142857
6 68 0.333333
7 6 0.0285714
7 12 0.05
7 69 0.166667
8 12 0.05
8 14 0.0833333
8 15 0.142857
8 20 0.1
8 22 0.125
8 25 0.5
8 58 0.2
8 88 0.25
9 6 0.0285714
9 27 0.166667
9 30 0.111111
9 39 0.333333
9 51 0.25
9 55 0.125
10 31 0.0833333
11 29 0.0714286
11 62 0.0909091
11 90 0.5
12 7 0.1
12 8 0.0434783
12 14 0.0833333
12 16 0.111111
12 18 0.111111
12 61 0.2
12 85 0.142857
13 21 0.0625
13 26 0.0555556
13 38 0.5
13 50 0.25
13 82 0.142857
13 83 0.25
13 89 0.2
14 12 0.05
14 8 0.0434783
14 77 0.5
15 8 0.0434783
15 20 0.1
16 12 0.05
16 23 0.142857
16 85 0.142857
17 6 0.0285714
17 44 0.333333
18 14 0.0833333
18 12 0.05
18 52 0.142857
18 81 0.5
19 11 0.1
20 8 0.0434783
20 15 0.142857
20 60 0.2
20 79 0.166667
21 13 0.05
21 24 0.0769231
21 26 0.0555556
21 36 0.1
21 43 0.125
21 46 0.1
22 8 0.0434783
22 32 0.111111
22 58 0.2
23 12 0.05
23 16 0.111111
23 61 0.2
23 190 0.0625
24 21 0.0625
24 36 0.1
24 56 0.0714286
24 63 0.0909091
25 8 0.0434783
26 21 0.0625
26 24 0.0769231
26 13 0.05
26 34 0.166667
26 54 0.25
26 73 0.25
27 9 0.0588235
27 53 0.333333
28 6 0.0285714
29 11 0.1
29 62 0.0909091
29 87 0.25
30 9 0.0588235
30 51 0.25
30 55 0.125
31 10 0.166667
31 59 0.333333
31 63 0.0909091
31 78 0.333333
32 8 0.0434783
32 22 0.125
32 15 0.142857
32 26 0.0555556
32 33 0.25
33 32 0.111111
34 26 0.0555556
34 70 0.25
35 40 0.25
35 48 0.166667
36 24 0.0769231
36 21 0.0625
36 46 0.1
36 56 0.0714286
37 34 0.166667
37 63 0.0909091
37 67 0.333333
37 86 0.333333
38 13 0.05
39 9 0.0588235
40 35 0.166667
40 48 0.166667
41 13 0.05
41 43 0.125
41 49 0.5
42 6 0.0285714
42 55 0.125
42 80 0.5
43 21 0.0625
43 36 0.1
43 24 0.0769231
43 41 0.125
43 47 0.5
44 17 0.2
45 6 0.0285714
46 36 0.1
46 24 0.0769231
46 21 0.0625
46 56 0.0714286
46 92 0.0434783
47 43 0.125
48 35 0.166667
48 40 0.25
48 91 0.5
49 41 0.125
50 13 0.05
50 82 0.142857
51 9 0.0588235
51 30 0.111111
52 18 0.111111
52 6 0.0285714
52 64 0.5
53 27 0.166667
54 26 0.0555556
54 73 0.25
55 9 0.0588235
55 30 0.111111
55 39 0.333333
55 42 0.1
56 46 0.1
56 36 0.1
56 24 0.0769231
56 74 0.25
56 76 0.25
56 107 0.0204082
57 9 0.0588235
57 19 0.166667
58 22 0.125
58 8 0.0434783
59 31 0.0833333
60 20 0.1
60 79 0.166667
61 14 0.0833333
61 23 0.142857
61 12 0.05
62 11 0.1
62 29 0.0714286
62 72 0.2
62 75 0.25
62 84 0.333333
63 44 0.333333
63 31 0.0833333
63 24 0.0769231
63 37 0.1
63 65 0.5
63 69 0.166667
64 52 0.142857
65 63 0.0909091
66 29 0.0714286
66 87 0.25
67 37 0.1
68 6 0.0285714
68 45 0.333333
69 7 0.1
69 63 0.0909091
69 24 0.0769231
70 34 0.166667
70 92 0.0434783
71 6 0.0285714
72 62 0.0909091
72 75 0.25
73 26 0.0555556
73 54 0.25
74 56 0.0714286
74 21 0.0625
75 62 0.0909091
75 72 0.2
76 21 0.0625
76 74 0.25
76 56 0.0714286
77 14 0.0833333
78 59 0.333333
78 31 0.0833333
79 20 0.1
79 60 0.2
80 42 0.1
81 18 0.111111
82 13 0.05
82 50 0.25
82 89 0.2
83 13 0.05
83 82 0.142857
84 62 0.0909091
84 72 0.2
85 16 0.111111
85 52 0.142857
85 12 0.05
86 37 0.1
86 67 0.333333
87 29 0.0714286
87 66 0.25
88 8 0.0434783
88 22 0.125
88 58 0.2
89 82 0.142857
89 13 0.05
89 83 0.25
90 11 0.1
91 48 0.166667
92 24 0.0769231
92 70 0.25
92 26 0.0555556
92 46 0.1
92 96 0.5
95 92 0.0434783
96 92 0.0434783
97 92 0.0434783
98 99 0.0769231
98 104 0.25
99 98 0.0833333
99 100 0.142857
99 101 0.166667
99 103 0.333333
99 105 0.1
100 99 0.0769231
100 101 0.166667
101 100 0.142857
101 99 0.0769231
103 100 0.142857
103 99 0.0769231
104 98 0.0833333
105 99 0.0769231
105 92 0.0434783
105 66 0.25
107 56 0.0714286
107 6 0.0285714
107 108 0.047619
107 110 0.0909091
107 112 0.0434783
107 115 0.0625
107 116 0.0769231
107 118 0.0909091
107 120 0.05
107 122 0.0416667
107 123 0.0769231
107 128 0.125
107 148 0.333333
107 162 0.166667
107 164 0.2
107 169 0.5
108 107 0.0204082
108 111 0.142857
108 129 0.111111
108 170 0.166667
109 114 0.0666667
109 125 0.25
109 139 0.25
109 156 0.0769231
110 107 0.0204082
110 164 0.2
111 107 0.0204082
111 108 0.047619
111 147 0.25
112 107 0.0204082
112 143 0.25
112 159 0.25
112 172 0.125
114 109 0.0625
114 119 0.1
114 155 0.142857
114 156 0.0769231
115 107 0.0204082
115 121 0.0714286
115 132 0.25
115 134 0.25
115 149 0.25
116 107 0.0204082
116 120 0.05
116 123 0.0769231
116 128 0.125
116 162 0.166667
117 111 0.142857
117 147 0.25
118 107 0.0204082
118 121 0.0714286
118 122 0.0416667
118 127 0.5
118 153 0.25
119 114 0.0666667
119 155 0.142857
119 156 0.0769231
119 174 0.25
120 116 0.0769231
120 107 0.0204082
120 126 0.1
120 145 0.142857
120 152 0.2
120 175 0.333333
121 118 0.0909091
121 115 0.0625
121 157 0.5
121 163 0.2
121 182 0.5
122 107 0.0204082
122 112 0.0434783
122 118 0.0909091
122 133 0.111111
122 137 0.5
122 141 0.0769231
122 171 0.5
123 116 0.0769231
123 107 0.0204082
123 128 0.125
123 178 0.2
123 190 0.0625
124 120 0.05
125 109 0.0625
126 120 0.05
126 145 0.142857
127 118 0.0909091
128 123 0.0769231
128 116 0.0769231
128 107 0.0204082
128 162 0.166667
129 108 0.047619
129 144 0.2
129 170 0.166667
129 173 0.333333
130 138 0.2
130 166 0.25
131 108 0.047619
132 115 0.0625
132 149 0.25
133 122 0.0416667
133 112 0.0434783
133 151 0.166667
133 165 0.25
133 185 0.25
134 115 0.0625
135 122 0.0416667
135 140 0.5
135 146 0.25
136 130 0.1
136 150 0.5
137 122 0.0416667
138 112 0.0434783
138 130 0.1
138 151 0.166667
139 109 0.0625
140 135 0.1
141 122 0.0416667
141 142 0.125
141 160 0.25
141 161 0.166667
141 176 0.125
141 184 0.142857
142 141 0.0769231
142 161 0.166667
142 176 0.125
142 184 0.142857
143 112 0.0434783
143 172 0.125
144 108 0.047619
144 129 0.111111
144 170 0.166667
145 120 0.05
145 126 0.1
146 135 0.1
146 158 0.333333
147 111 0.142857
147 117 0.25
148 107 0.0204082
149 115 0.0625
149 132 0.25
150 136 0.166667
151 138 0.2
151 133 0.111111
152 120 0.05
152 126 0.1
152 154 0.2
153 118 0.0909091
153 181 0.5
154 120 0.05
154 129 0.111111
154 152 0.2
154 108 0.047619
155 114 0.0666667
155 119 0.1
155 156 0.0769231
156 136 0.166667
156 155 0.142857
156 114 0.0666667
156 109 0.0625
156 119 0.1
156 163 0.2
157 121 0.0714286
158 135 0.1
158 146 0.25
159 112 0.0434783
159 172 0.125
160 141 0.0769231
160 176 0.125
161 141 0.0769231
161 142 0.125
162 107 0.0204082
162 116 0.0769231
162 128 0.125
163 156 0.0769231
163 121 0.0714286
164 107 0.0204082
164 110 0.0909091
165 133 0.111111
165 185 0.25
166 130 0.1
167 145 0.142857
167 179 0.5
168 110 0.0909091
168 183 0.333333
169 107 0.0204082
170 108 0.047619
170 129 0.111111
170 144 0.2
171 122 0.0416667
172 159 0.25
172 112 0.0434783
172 143 0.25
173 129 0.111111
173 108 0.047619
174 119 0.1
174 155 0.142857
174 114 0.0666667
175 120 0.05
175 126 0.1
176 141 0.0769231
176 160 0.25
176 142 0.125
176 184 0.142857
178 107 0.0204082
178 116 0.0769231
178 123 0.0769231
178 148 0.333333
179 167 0.166667
180 168 0.125
181 153 0.25
182 121 0.0714286
183 168 0.125
184 176 0.125
184 142 0.125
184 141 0.0769231
185 133 0.111111
185 165 0.25
190 184 0.142857
190 123 0.0769231
190 23 0.142857
190 191 0.25
191 190 0.0625
191 192 0.25
192 191 0.25
193 196 0.25
196 193 0.125
