0 1
1 0
4 3
4 5
5 4
5 6
5 18
5 28
5 30
6 5
6 10
6 20
6 29
6 47
6 53
6 55
6 64
6 92
6 108
6 111
6 112
6 120
7 14
7 15
7 46
7 52
7 60
7 62
7 72
7 97
8 9
8 24
8 43
8 101
9 8
9 11
9 43
9 58
9 61
9 77
9 95
10 6
10 40
10 92
10 108
11 9
11 43
11 61
11 95
12 7
12 15
12 17
12 26
12 33
12 37
12 68
12 86
12 130
13 19
13 119
14 7
14 62
14 97
15 7
15 12
15 63
16 15
16 55
16 81
16 90
17 12
17 31
18 5
18 65
18 66
18 103
18 137
19 13
19 22
19 25
20 6
20 40
20 85
20 92
20 112
21 17
22 13
22 19
22 25
22 27
22 38
23 51
23 54
23 69
24 8
24 9
24 11
24 106
24 109
25 19
25 22
25 48
25 57
25 75
25 102
26 12
26 37
26 41
26 66
26 130
27 19
27 22
27 91
28 5
28 110
29 6
29 10
29 32
29 36
29 43
30 5
30 106
31 17
32 29
32 6
32 21
33 12
33 86
34 39
34 44
34 71
34 93
34 105
35 23
35 42
35 49
35 54
35 99
35 250
36 29
36 50
36 89
36 94
37 26
37 12
38 19
38 22
38 13
38 59
39 34
39 44
39 105
40 6
40 10
40 20
40 47
40 53
40 64
40 79
40 108
41 26
42 35
43 11
43 29
43 8
43 9
43 45
43 104
44 34
44 20
44 39
44 67
44 74
44 76
44 80
44 107
44 117
44 118
44 137
45 9
45 43
46 7
46 14
46 72
47 10
47 6
47 40
47 53
47 112
48 25
48 57
49 42
49 35
49 27
50 36
51 25
51 23
51 56
52 7
52 46
52 14
53 10
53 47
53 6
53 40
54 35
54 23
54 100
55 6
55 16
55 70
55 78
55 83
56 51
57 25
57 48
57 82
57 102
58 36
58 9
58 87
59 38
60 7
61 11
61 9
61 88
61 95
62 7
62 46
62 14
63 15
64 40
64 6
64 20
64 79
64 85
65 18
65 103
66 26
66 14
66 65
66 7
66 18
66 114
67 44
67 118
68 12
68 96
69 23
70 55
70 113
71 39
71 34
71 73
71 84
72 52
72 46
72 7
73 71
74 44
74 76
74 117
75 25
75 57
76 74
76 44
76 107
77 61
77 9
77 98
78 55
78 113
78 120
78 130
79 64
79 6
79 40
79 108
80 74
80 44
80 115
80 116
80 137
81 16
81 90
82 57
82 25
83 55
83 78
84 71
84 73
85 64
85 40
85 20
85 92
86 33
86 12
86 256
87 58
88 9
88 61
88 11
89 36
89 50
90 81
90 16
91 27
92 40
92 85
92 10
92 6
92 20
93 34
93 39
94 36
95 9
95 61
95 11
96 68
96 114
97 7
97 14
97 52
97 120
98 77
99 35
99 42
99 250
100 54
101 8
102 57
102 25
103 18
103 65
104 43
105 39
105 34
106 30
106 24
106 109
107 44
107 74
107 76
108 79
108 10
108 6
108 53
108 40
108 111
109 24
109 106
109 87
110 28
111 79
111 6
111 92
111 20
111 108
112 6
112 20
112 47
112 40
112 53
113 55
113 78
113 70
114 66
114 96
115 80
115 137
116 80
117 44
117 74
117 76
118 44
118 67
119 22
119 13
120 97
120 78
120 23
120 6
120 121
120 122
120 124
120 128
120 140
121 120
122 120
122 123
122 125
123 122
123 126
123 127
124 120
125 122
126 123
126 127
127 123
127 126
128 120
130 26
130 12
130 78
130 34
130 131
130 134
131 130
131 132
132 131
132 133
133 132
134 130
136 130
137 18
137 44
137 115
137 80
137 138
138 137
140 81
140 120
140 39
140 141
140 142
140 144
140 146
140 147
140 158
140 161
140 173
140 174
140 176
140 221
140 222
141 140
141 148
141 219
142 140
142 146
142 170
143 163
143 183
143 202
143 227
144 143
144 140
144 145
144 149
144 159
144 166
144 168
144 191
144 196
144 203
144 242
145 144
145 153
145 174
145 184
145 187
145 226
145 242
146 142
146 140
146 154
146 155
146 167
146 181
146 221
147 140
147 150
147 189
148 141
148 211
149 144
149 168
149 203
150 147
150 140
150 165
150 188
151 144
151 169
151 211
151 238
151 242
152 195
152 204
152 206
152 207
152 249
153 145
153 187
153 226
154 146
155 146
155 154
155 164
155 193
155 194
155 224
156 234
157 152
157 206
157 246
158 140
159 144
159 173
159 215
159 236
160 156
160 171
160 182
160 198
160 200
160 210
160 218
161 140
162 160
162 145
163 143
163 183
164 155
164 170
164 177
164 235
164 243
165 150
165 186
165 188
166 144
166 149
166 196
166 256
167 146
168 149
168 144
169 151
170 140
170 142
170 164
171 160
171 177
171 180
171 197
171 223
171 225
171 237
172 145
172 174
172 187
172 226
173 159
173 140
173 175
174 172
174 140
174 145
174 190
174 201
174 212
174 213
174 231
175 173
176 140
176 161
177 171
177 164
177 178
177 179
177 209
178 177
178 179
178 209
179 178
179 177
180 171
180 197
181 146
182 160
182 191
182 198
182 199
183 163
183 143
184 145
184 153
184 205
184 220
184 240
185 148
185 222
186 165
186 188
187 145
187 153
187 172
187 226
188 165
188 186
188 150
188 230
188 248
189 147
190 174
191 182
191 160
191 144
191 228
191 244
191 247
192 217
192 239
193 155
193 194
193 224
194 155
194 193
195 152
195 157
195 204
195 207
195 249
196 144
196 166
196 203
197 180
197 171
197 223
197 233
198 160
198 182
198 199
198 200
198 210
198 218
198 233
199 198
199 160
199 182
199 200
200 198
200 199
200 160
201 190
201 174
202 184
202 163
202 143
202 216
202 229
203 144
203 149
203 196
204 195
204 152
204 249
205 184
206 195
206 152
206 157
206 207
206 249
207 152
207 195
207 206
207 208
207 214
207 227
207 229
208 207
208 229
209 178
209 177
209 250
210 198
210 200
210 160
211 148
211 151
211 185
212 190
212 174
213 174
214 207
214 208
215 159
216 202
216 227
217 192
217 239
218 199
218 160
218 198
218 182
219 141
220 184
221 140
221 146
222 140
222 185
222 170
222 148
223 171
223 197
224 155
224 193
225 171
225 197
226 153
226 145
226 172
226 187
227 207
227 216
227 208
227 143
228 191
229 202
229 227
229 208
229 207
229 214
230 188
230 165
230 248
231 174
231 190
231 201
232 140
233 197
233 198
233 171
234 156
235 164
235 177
235 241
236 159
237 223
237 171
237 177
238 151
239 217
239 192
240 184
240 220
241 235
242 203
242 151
242 145
242 144
242 245
243 164
244 191
245 174
245 242
245 140
245 171
246 206
246 157
247 191
247 244
248 150
248 188
248 230
249 152
249 195
249 206
249 204
250 99
250 35
250 177
250 209
250 251
250 253
251 250
251 252
251 254
252 251
252 254
253 250
254 251
254 252
256 85
256 86
256 53
256 166
256 257
256 258
256 260
256 261
257 256
257 259
257 260
258 256
259 257
260 256
260 259
260 257
261 256
262 249
262 109
262 264
263 262
264 262
