0
0
0
0.001763
0.010695
0.053628
1
0.052278
0.110542
1
0.137388
0.130568
1
5.6e-05
0.028053
0.097279
0.026572
0.166993
0.015161
0.000304
0.197461
0.005188
0.000262
0.10003
0.014131
0.001059
0.123002
0.00152
0.008897
0.180734
0.014113
0.083839
0.030305
0.307256
0.088257
0.095682
1
0.182242
3.1e-05
0.220803
0.078696
0.061588
0.075807
0.114171
1
0.038057
0.012892
0.154087
0.000287
0.01194
0.40867
0.016534
0.025673
0.228472
0.031784
0.07326
0.008333
0.000179
0.143205
1.9e-05
0.010302
0.160316
0.008803
0.049024
0.138329
0.00656
0.015958
0.297717
0.250568
0.050112
0.024285
0.011045
0.008856
0.00444
0.178141
0.00029
0.188302
0.20074
0.128582
0.05913
0.098071
0.201302
4.7e-05
0.02459
0.003634
0.173771
0.334523
0.048789
0.040603
0.334251
0.055149
0.00052
0.156366
0.029357
0.50008
0.201513
0.042223
0.148769
0.100487
0.213179
0.015867
0.055185
0.000147
0.005061
0.057041
0.073976
0.004081
0.2279
0.122303
0.002919
0.004454
0.156357
0.161221
0.029021
0.009326
0.042635
0.048961
0.226782
0.297769
2.2e-05
1
0.500853
0.167254
0.027974
0.500624
0.083519
0.005305
0.005306
0.49989
0
0.087808
0.014783
0.002444
0.000588
0.017597
0
0
0.07942
0.015826
0
1
0.085801
0.134648
0.105133
1
0.121556
0.065524
0.16641
0.036178
0.164609
0.018601
0.011527
0.097554
0.027228
0.014223
0.006681
0.016425
0.03841
0.501014
0.113552
0.116206
0.408214
0
0.031309
0.013398
0.002813
0.285428
0.01639
0.278183
0.002886
0.031318
1
0.115616
0.155533
1
0.077956
0.332887
0.152472
0.05986
0.049866
0.281816
0.021868
0.126279
0.031803
0.014173
0.043142
0.00101
0.034843
0.001773
0.083169
0.332847
1
0
0.001226
0.001906
0.121652
0.226617
0.190986
0.023982
0.023386
0.023991
0.297696
0.036046
0.1999
0.040037
0.003557
0.113837
1
0.241204
0.189463
0.017269
0.006751
0.333211
0.500073
0.278352
0.056952
0.045504
0
0.022597
0.042844
0.005851
0.174648
0.167522
0.258607
0.001905
0.333968
0.034918
0.15324
0.500694
0.152055
0.000447
0.250958
0
0.035163
0.008249
0.001622
0.056659
0.201092
0.00596
0
0.004702
0.000813
0.122981
0.006765
0.40804
0.02452
0.012899
0.33373
0.000424
0.038696
1
0.072018
0.014201
0.50077
0.016589
0
1
0.1509
0.166341
0.071235
0.221258
0.500681
0
0
0
