0 1
0 13
0 45
0 57
0 64
0 77
0 100
0 150
1 0
1 2
1 3
1 4
1 5
1 12
1 26
1 29
1 35
1 53
1 126
1 131
1 159
2 1
2 3
2 4
2 7
2 11
2 20
2 26
2 34
2 35
2 37
2 72
2 106
2 140
2 158
2 174
2 191
3 1
3 2
3 8
3 11
3 36
3 40
3 48
3 56
3 79
3 114
4 2
4 1
4 5
4 6
4 15
4 28
4 33
4 78
4 82
4 165
4 169
5 1
5 4
5 10
5 14
5 18
5 31
5 39
5 88
5 108
5 127
6 4
6 171
7 2
7 131
8 3
8 9
8 11
8 16
8 27
8 54
8 60
8 80
9 8
9 38
10 5
10 21
10 86
11 2
11 3
11 8
11 16
11 41
11 81
11 158
12 1
12 43
12 50
12 101
12 191
13 0
13 17
13 32
13 45
13 182
13 183
14 5
14 125
14 196
15 4
15 107
15 129
15 155
16 8
16 11
16 60
16 128
16 189
17 13
17 68
18 5
18 127
19 14
19 18
19 22
19 56
19 59
19 75
19 88
19 133
20 2
20 23
20 118
20 157
21 10
21 63
21 176
22 19
22 56
22 59
22 133
23 20
24 1
24 29
24 144
25 1
25 4
25 30
25 47
25 55
25 146
25 170
25 175
26 2
26 1
26 4
26 85
26 121
26 130
26 132
26 141
27 8
28 4
28 180
29 24
29 1
30 25
30 47
30 55
30 175
31 5
31 30
31 23
31 25
31 112
32 13
32 46
32 148
32 164
32 185
32 192
33 4
33 45
33 70
33 73
33 89
33 98
33 134
34 2
35 1
35 2
35 96
36 3
36 49
36 56
36 67
37 7
37 2
37 34
37 158
37 174
38 8
38 9
38 44
38 48
38 74
38 102
38 173
38 197
39 5
39 127
39 154
40 3
40 35
41 11
42 26
42 85
42 130
42 132
42 160
42 162
43 26
43 12
44 38
45 13
45 31
45 0
45 33
45 71
45 115
45 145
46 32
46 51
47 25
47 30
48 3
48 38
48 50
48 92
48 113
49 36
50 12
50 48
50 21
50 102
50 104
50 118
50 137
51 32
51 46
51 57
51 66
51 68
51 123
51 179
52 14
52 139
53 1
53 24
53 144
54 9
54 8
55 30
55 47
55 25
55 153
56 19
56 3
56 36
56 22
56 76
56 79
56 116
56 119
56 122
56 161
57 0
57 51
57 58
57 61
57 65
57 84
58 57
58 146
58 194
59 22
59 19
59 190
60 16
60 8
60 44
61 57
61 28
61 62
61 87
61 120
61 124
62 61
62 87
63 21
63 176
63 193
64 0
65 57
66 51
67 36
67 49
68 18
68 51
68 17
68 111
69 61
70 33
70 28
70 87
70 103
70 167
71 45
71 110
72 4
72 37
72 55
72 2
72 143
72 152
73 33
74 38
74 135
75 19
75 22
75 59
75 133
75 186
75 190
76 56
76 79
77 0
78 4
78 169
79 56
79 3
79 76
79 147
80 9
80 8
81 11
82 4
83 13
84 57
84 151
85 26
85 42
86 10
86 90
86 97
86 156
86 160
87 70
87 61
87 62
87 93
87 94
87 99
87 136
88 5
88 19
88 22
89 73
89 25
89 33
90 86
90 95
90 97
90 156
91 47
91 25
91 30
92 48
92 154
93 87
93 150
94 87
94 105
94 150
95 90
95 86
95 97
96 20
96 35
97 86
97 95
97 90
97 113
97 187
98 33
99 87
99 94
100 0
101 12
102 50
102 38
102 74
103 70
103 167
104 63
104 50
105 87
105 94
105 93
105 136
106 2
106 37
106 174
107 15
108 5
108 18
109 44
110 71
111 68
111 5
112 96
112 31
112 157
113 97
113 48
113 172
114 3
115 45
115 94
116 56
116 119
117 3
117 114
118 20
118 50
118 181
119 76
119 56
119 116
119 122
120 61
121 26
121 149
122 76
122 56
122 116
122 119
122 161
123 51
123 66
123 179
124 61
125 14
126 1
126 33
126 160
127 5
127 39
127 18
128 16
128 142
129 15
129 55
129 146
130 26
130 42
131 7
131 1
131 55
131 166
131 191
132 26
132 42
132 160
133 19
133 22
133 75
133 190
134 33
134 73
135 67
135 36
135 74
136 105
136 87
136 94
137 102
137 50
137 118
137 23
138 88
138 39
138 5
139 52
139 32
139 51
139 14
139 125
140 2
140 37
141 130
141 42
141 26
142 81
142 128
143 72
143 152
144 24
144 1
144 53
145 45
146 58
146 57
146 25
146 129
147 79
148 46
148 32
148 164
149 43
149 26
149 42
149 121
150 0
150 94
150 93
151 84
152 72
152 143
153 55
154 39
154 92
154 10
154 18
155 15
155 107
156 90
156 86
156 95
157 112
157 20
157 163
158 2
158 11
158 37
159 1
159 29
159 144
160 134
160 132
160 126
160 42
160 86
161 122
161 56
161 95
161 168
161 184
161 195
162 42
162 130
162 85
163 157
164 46
164 32
164 148
165 4
166 131
167 103
167 70
168 161
168 36
168 97
168 177
169 4
169 78
169 165
170 25
170 30
171 6
172 113
173 12
173 44
173 38
173 189
173 197
174 2
174 37
174 106
175 170
175 25
175 30
176 31
176 63
176 50
176 96
176 21
177 168
178 115
179 51
179 123
180 28
181 118
182 13
183 13
184 161
185 32
185 46
186 59
186 75
186 19
187 97
188 8
188 80
189 16
189 9
189 173
189 60
190 186
190 19
190 133
190 75
190 59
191 2
191 131
191 12
192 32
192 46
193 63
193 21
194 58
194 57
195 161
196 14
196 52
196 125
197 74
197 173
197 38
197 137
