1
1
1
0.151238
1
0.098393
0.251266
0.249013
1
0.218108
0.03183
0.167228
0.187623
0.155252
0.011638
0.125521
0.130937
0.072441
0.0374
0.006208
0.14182
0.135232
0.009598
0.103349
0.083673
0.012817
0.111165
0.500463
0.308833
0.247955
0.016116
0.12411
0.089816
0.126178
0.373098
0.27173
0.039464
0.174577
0.039145
0.017333
0.050309
0.083676
0.00942
0.048436
0.045008
1
0.143141
0.009503
0.117759
0.015964
1
1
0.000734
0.208662
0.334158
0.031593
0.070263
0.201239
0.034424
0.002107
0.185174
1
0.263109
0.066874
0.49918
0.101088
0.387421
0.012093
0.147342
0
0.022588
0.250599
0.111864
0.044704
0.038784
0.000848
0.041578
0.499603
0.289003
0.031831
0.251143
0.058794
0.500364
0
0.050383
0.023879
0.018996
0.078322
0.017401
0.031421
0.019442
0
0.030258
0.051456
0.058506
0.145291
0.064969
0.032086
0.063272
0.025994
0.500798
0.094232
0.192956
0.006691
0.333015
0.012408
0.23111
0.051368
0.032794
0
0.12577
0.049086
0.029423
0.024643
0.050301
0.250733
0.043832
0
0.178501
0.033042
0.500795
0.027953
0.13337
0.240516
0.501334
0.00343
0.201438
0.023764
0.032671
0.026409
0.023458
0.153106
0.023461
0.002048
0.037851
0.009733
0.017396
0.167909
0
0.000138
0.334171
0.027588
0.010867
0.033451
0.084079
0.499985
0.010132
0.015905
0.021033
0.005498
0.174668
0.025151
0.033455
0.015853
0.007731
0.041824
0.006249
0.027642
0.210653
0.251269
0.027059
1
0.002348
0.013899
0.021198
0.387547
0.076553
0.006576
0.166223
0.240558
0.00447
0.12555
0.012292
0.008248
0.215902
0.005651
0.02779
0.083541
0
0.287865
0.154661
0.08901
0.077409
0.077808
0.501329
0.029969
0.000268
0.015918
0
0.022793
0.000611
0.208777
0.029988
0.022323
0.011615
0.50095
0.002875
0.007519
