198
637
0 1 0.0344828
0 13 0.0769231
0 45 0.0769231
0 57 0.0714286
0 64 0.5
0 77 0.5
0 100 0.5
0 150 0.166667
1 0 0.04
1 2 0.03125
1 3 0.047619
1 4 0.04
1 5 0.0454545
1 12 0.0909091
1 26 0.0555556
1 29 0.2
1 35 0.142857
1 53 0.2
1 126 0.2
1 131 0.111111
1 159 0.25
2 1 0.0344828
2 3 0.047619
2 4 0.04
2 7 0.2
2 11 0.0714286
2 20 0.111111
2 26 0.0555556
2 34 0.333333
2 35 0.142857
2 37 0.0909091
2 72 0.111111
2 106 0.2
2 140 0.333333
2 158 0.166667
2 174 0.166667
2 191 0.166667
3 1 0.0344828
3 2 0.03125
3 8 0.0555556
3 11 0.0714286
3 36 0.1
3 40 0.333333
3 48 0.1
3 56 0.05
3 79 0.125
3 114 0.333333
4 2 0.03125
4 1 0.0344828
4 5 0.0454545
4 6 0.25
4 15 0.125
4 28 0.166667
4 33 0.0588235
4 78 0.25
4 82 0.5
4 165 0.333333
4 169 0.2
5 1 0.0344828
5 4 0.04
5 10 0.125
5 14 0.111111
5 18 0.125
5 31 0.111111
5 39 0.142857
5 88 0.166667
5 108 0.333333
5 127 0.166667
6 4 0.04
6 171 0.5
7 2 0.03125
7 131 0.111111
8 3 0.047619
8 9 0.142857
8 11 0.0714286
8 16 0.1
8 27 0.5
8 54 0.333333
8 60 0.166667
8 80 0.25
9 8 0.0555556
9 38 0.0666667
10 5 0.0454545
10 21 0.125
10 86 0.0769231
11 2 0.03125
11 3 0.047619
11 8 0.0555556
11 16 0.1
11 41 0.5
11 81 0.333333
11 158 0.166667
12 1 0.0344828
12 43 0.25
12 50 0.0714286
12 101 0.5
12 191 0.166667
13 0 0.04
13 17 0.25
13 32 0.0714286
13 45 0.0769231
13 182 0.5
13 183 0.5
14 5 0.0454545
14 125 0.25
14 196 0.25
15 4 0.04
15 107 0.333333
15 129 0.2
15 155 0.333333
16 8 0.0555556
16 11 0.0714286
16 60 0.166667
16 128 0.25
16 189 0.166667
17 13 0.0769231
17 68 0.142857
18 5 0.0454545
18 127 0.166667
19 14 0.111111
19 18 0.125
19 22 0.1
19 56 0.05
19 59 0.125
19 75 0.1
19 88 0.166667
19 133 0.125
20 2 0.03125
20 23 0.25
20 118 0.142857
20 157 0.166667
21 10 0.125
21 63 0.142857
21 176 0.142857
22 19 0.0625
22 56 0.05
22 59 0.125
22 133 0.125
23 20 0.111111
24 1 0.0344828
24 29 0.2
24 144 0.166667
25 1 0.0344828
25 4 0.04
25 30 0.0909091
25 47 0.166667
25 55 0.1
25 146 0.142857
25 170 0.25
25 175 0.2
26 2 0.03125
26 1 0.0344828
26 4 0.04
26 85 0.2
26 121 0.25
26 130 0.166667
26 132 0.166667
26 141 0.25
27 8 0.0555556
28 4 0.04
28 180 0.5
29 24 0.166667
29 1 0.0344828
30 25 0.0588235
30 47 0.166667
30 55 0.1
30 175 0.2
31 5 0.0454545
31 30 0.0909091
31 23 0.25
31 25 0.0588235
31 112 0.2
32 13 0.0769231
32 46 0.125
32 148 0.2
32 164 0.2
32 185 0.333333
32 192 0.333333
33 4 0.04
33 45 0.0769231
33 70 0.111111
33 73 0.25
33 89 0.25
33 98 0.5
33 134 0.25
34 2 0.03125
35 1 0.0344828
35 2 0.03125
35 96 0.2
36 3 0.047619
36 49 0.333333
36 56 0.05
36 67 0.25
37 7 0.2
37 2 0.03125
37 34 0.333333
37 158 0.166667
37 174 0.166667
38 8 0.0555556
38 9 0.142857
38 44 0.2
38 48 0.1
38 74 0.166667
38 102 0.166667
38 173 0.125
38 197 0.166667
39 5 0.0454545
39 127 0.166667
39 154 0.166667
40 3 0.047619
40 35 0.142857
41 11 0.0714286
42 26 0.0555556
42 85 0.2
42 130 0.166667
42 132 0.166667
42 160 0.111111
42 162 0.25
43 26 0.0555556
43 12 0.0909091
44 38 0.0666667
45 13 0.0769231
45 31 0.111111
45 0 0.04
45 33 0.0588235
45 71 0.25
45 115 0.25
45 145 0.5
46 32 0.0714286
46 51 0.0625
47 25 0.0588235
47 30 0.0909091
48 3 0.047619
48 38 0.0666667
48 50 0.0714286
48 92 0.25
48 113 0.166667
49 36 0.1
50 12 0.0909091
50 48 0.1
50 21 0.125
50 102 0.166667
50 104 0.333333
50 118 0.142857
50 137 0.166667
51 32 0.0714286
51 46 0.125
51 57 0.0714286
51 66 0.333333
51 68 0.142857
51 123 0.2
51 179 0.25
52 14 0.111111
52 139 0.166667
53 1 0.0344828
53 24 0.166667
53 144 0.166667
54 9 0.142857
54 8 0.0555556
55 30 0.0909091
55 47 0.166667
55 25 0.0588235
55 153 0.5
56 19 0.0625
56 3 0.047619
56 36 0.1
56 22 0.1
56 76 0.166667
56 79 0.125
56 116 0.2
56 119 0.142857
56 122 0.125
56 161 0.0909091
57 0 0.04
57 51 0.0625
57 58 0.166667
57 61 0.0833333
57 65 0.5
57 84 0.25
58 57 0.0714286
58 146 0.142857
58 194 0.333333
59 22 0.1
59 19 0.0625
59 190 0.125
60 16 0.1
60 8 0.0555556
60 44 0.2
61 57 0.0714286
61 28 0.166667
61 62 0.25
61 87 0.0588235
61 120 0.5
61 124 0.5
62 61 0.0833333
62 87 0.0588235
63 21 0.125
63 176 0.142857
63 193 0.333333
64 0 0.04
65 57 0.0714286
66 51 0.0625
67 36 0.1
67 49 0.333333
68 18 0.125
68 51 0.0625
68 17 0.25
68 111 0.333333
69 61 0.0833333
70 33 0.0588235
70 28 0.166667
70 87 0.0588235
70 103 0.25
70 167 0.25
71 45 0.0769231
71 110 0.5
72 4 0.04
72 37 0.0909091
72 55 0.1
72 2 0.03125
72 143 0.25
72 152 0.25
73 33 0.0588235
74 38 0.0666667
74 135 0.25
75 19 0.0625
75 22 0.1
75 59 0.125
75 133 0.125
75 186 0.2
75 190 0.125
76 56 0.05
76 79 0.125
77 0 0.04
78 4 0.04
78 169 0.2
79 56 0.05
79 3 0.047619
79 76 0.166667
79 147 0.5
80 9 0.142857
80 8 0.0555556
81 11 0.0714286
82 4 0.04
83 13 0.0769231
84 57 0.0714286
84 151 0.5
85 26 0.0555556
85 42 0.0769231
86 10 0.125
86 90 0.1
86 97 0.0909091
86 156 0.166667
86 160 0.111111
87 70 0.111111
87 61 0.0833333
87 62 0.25
87 93 0.2
87 94 0.111111
87 99 0.333333
87 136 0.2
88 5 0.0454545
88 19 0.0625
88 22 0.1
89 73 0.25
89 25 0.0588235
89 33 0.0588235
90 86 0.0769231
90 95 0.142857
90 97 0.0909091
90 156 0.166667
91 47 0.166667
91 25 0.0588235
91 30 0.0909091
92 48 0.1
92 154 0.166667
93 87 0.0588235
93 150 0.166667
94 87 0.0588235
94 105 0.166667
94 150 0.166667
95 90 0.1
95 86 0.0769231
95 97 0.0909091
96 20 0.111111
96 35 0.142857
97 86 0.0769231
97 95 0.142857
97 90 0.1
97 113 0.166667
97 187 0.5
98 33 0.0588235
99 87 0.0588235
99 94 0.111111
100 0 0.04
101 12 0.0909091
102 50 0.0714286
102 38 0.0666667
102 74 0.166667
103 70 0.111111
103 167 0.25
104 63 0.142857
104 50 0.0714286
105 87 0.0588235
105 94 0.111111
105 93 0.2
105 136 0.2
106 2 0.03125
106 37 0.0909091
106 174 0.166667
107 15 0.125
108 5 0.0454545
108 18 0.125
109 44 0.2
110 71 0.25
111 68 0.142857
111 5 0.0454545
112 96 0.2
112 31 0.111111
112 157 0.166667
113 97 0.0909091
113 48 0.1
113 172 0.5
114 3 0.047619
115 45 0.0769231
115 94 0.111111
116 56 0.05
116 119 0.142857
117 3 0.047619
117 114 0.333333
118 20 0.111111
118 50 0.0714286
118 181 0.5
119 76 0.166667
119 56 0.05
119 116 0.2
119 122 0.125
120 61 0.0833333
121 26 0.0555556
121 149 0.2
122 76 0.166667
122 56 0.05
122 116 0.2
122 119 0.142857
122 161 0.0909091
123 51 0.0625
123 66 0.333333
123 179 0.25
124 61 0.0833333
125 14 0.111111
126 1 0.0344828
126 33 0.0588235
126 160 0.111111
127 5 0.0454545
127 39 0.142857
127 18 0.125
128 16 0.1
128 142 0.333333
129 15 0.125
129 55 0.1
129 146 0.142857
130 26 0.0555556
130 42 0.0769231
131 7 0.2
131 1 0.0344828
131 55 0.1
131 166 0.5
131 191 0.166667
132 26 0.0555556
132 42 0.0769231
132 160 0.111111
133 19 0.0625
133 22 0.1
133 75 0.1
133 190 0.125
134 33 0.0588235
134 73 0.25
135 67 0.25
135 36 0.1
135 74 0.166667
136 105 0.166667
136 87 0.0588235
136 94 0.111111
137 102 0.166667
137 50 0.0714286
137 118 0.142857
137 23 0.25
138 88 0.166667
138 39 0.142857
138 5 0.0454545
139 52 0.25
139 32 0.0714286
139 51 0.0625
139 14 0.111111
139 125 0.25
140 2 0.03125
140 37 0.0909091
141 130 0.166667
141 42 0.0769231
141 26 0.0555556
142 81 0.333333
142 128 0.25
143 72 0.111111
143 152 0.25
144 24 0.166667
144 1 0.0344828
144 53 0.2
145 45 0.0769231
146 58 0.166667
146 57 0.0714286
146 25 0.0588235
146 129 0.2
147 79 0.125
148 46 0.125
148 32 0.0714286
148 164 0.2
149 43 0.25
149 26 0.0555556
149 42 0.0769231
149 121 0.25
150 0 0.04
150 94 0.111111
150 93 0.2
151 84 0.25
152 72 0.111111
152 143 0.25
153 55 0.1
154 39 0.142857
154 92 0.25
154 10 0.125
154 18 0.125
155 15 0.125
155 107 0.333333
156 90 0.1
156 86 0.0769231
156 95 0.142857
157 112 0.2
157 20 0.111111
157 163 0.5
158 2 0.03125
158 11 0.0714286
158 37 0.0909091
159 1 0.0344828
159 29 0.2
159 144 0.166667
160 134 0.25
160 132 0.166667
160 126 0.2
160 42 0.0769231
160 86 0.0769231
161 122 0.125
161 56 0.05
161 95 0.142857
161 168 0.166667
161 184 0.5
161 195 0.5
162 42 0.0769231
162 130 0.166667
162 85 0.2
163 157 0.166667
164 46 0.125
164 32 0.0714286
164 148 0.2
165 4 0.04
166 131 0.111111
167 103 0.25
167 70 0.111111
168 161 0.0909091
168 36 0.1
168 97 0.0909091
168 177 0.5
169 4 0.04
169 78 0.25
169 165 0.333333
170 25 0.0588235
170 30 0.0909091
171 6 0.25
172 113 0.166667
173 12 0.0909091
173 44 0.2
173 38 0.0666667
173 189 0.166667
173 197 0.166667
174 2 0.03125
174 37 0.0909091
174 106 0.2
175 170 0.25
175 25 0.0588235
175 30 0.0909091
176 31 0.111111
176 63 0.142857
176 50 0.0714286
176 96 0.2
176 21 0.125
177 168 0.166667
178 115 0.25
179 51 0.0625
179 123 0.2
180 28 0.166667
181 118 0.142857
182 13 0.0769231
183 13 0.0769231
184 161 0.0909091
185 32 0.0714286
185 46 0.125
186 59 0.125
186 75 0.1
186 19 0.0625
187 97 0.0909091
188 8 0.0555556
188 80 0.25
189 16 0.1
189 9 0.142857
189 173 0.125
189 60 0.166667
190 186 0.2
190 19 0.0625
190 133 0.125
190 75 0.1
190 59 0.125
191 2 0.03125
191 131 0.111111
191 12 0.0909091
192 32 0.0714286
192 46 0.125
193 63 0.142857
193 21 0.125
194 58 0.166667
194 57 0.0714286
195 161 0.0909091
196 14 0.111111
196 52 0.25
196 125 0.25
197 74 0.166667
197 173 0.125
197 38 0.0666667
197 137 0.166667
