0 2
1 2
2 1
2 0
2 3
2 4
2 5
2 6
2 8
2 21
2 39
3 2
3 27
4 2
4 6
4 8
4 13
4 26
4 28
5 2
6 3
6 2
6 4
6 7
6 11
6 12
6 16
6 17
6 22
6 24
6 32
6 40
6 45
7 6
7 10
7 16
7 17
7 22
7 44
8 2
8 4
8 9
8 33
8 37
9 8
9 37
10 6
10 7
10 17
10 32
11 6
11 7
12 6
12 14
12 15
12 19
13 4
13 28
14 12
14 25
14 45
15 12
15 23
15 36
15 38
16 11
16 6
16 7
16 20
16 34
16 35
17 10
17 7
17 6
17 31
18 30
18 44
19 12
20 16
20 26
20 34
21 2
22 10
22 6
22 7
23 15
23 36
23 38
24 10
24 7
24 6
24 40
25 17
25 12
25 14
26 4
26 20
27 3
28 4
28 13
29 24
29 6
29 7
29 10
29 32
30 18
31 17
32 10
32 29
32 6
32 40
32 45
32 74
33 8
34 16
34 20
34 35
35 20
35 34
35 16
36 15
36 23
37 8
37 9
38 36
38 23
38 15
39 2
40 29
40 24
40 6
40 10
40 32
41 42
42 41
44 1
44 7
44 18
45 6
45 14
45 7
45 2
45 32
45 46
45 47
45 48
45 50
45 51
45 61
46 45
46 49
47 45
47 48
47 59
47 62
48 47
48 45
48 49
48 65
48 68
49 46
49 48
50 45
51 45
51 54
51 58
51 67
52 53
52 55
52 57
52 71
52 73
53 52
54 51
55 52
55 66
55 69
56 64
57 52
58 54
58 51
58 67
59 47
60 49
60 46
61 45
62 47
62 59
63 45
64 56
64 73
65 48
65 68
65 70
66 55
67 51
67 58
68 48
68 65
69 66
69 55
70 65
70 48
71 52
71 57
72 49
73 71
73 52
73 64
74 24
74 16
74 7
74 32
75 76
76 75
76 77
77 76
