0.250351
0.127953
1
0.211878
0.145571
0.251009
1
0.153555
0.113614
0.033659
0.06895
0.265993
0.130635
0.029319
0.181943
0.013156
0.083181
0.134676
0.002828
0.065563
0.021164
0.251519
0.223537
0.002999
0.14764
0.030363
0.040216
0.106404
0.040886
0.043052
0.001452
0.067552
0.152026
0.056644
0.018921
0.019506
0.003448
0.033663
0.00309
0.499768
0.155413
0
0
0
0.017022
1
0.203401
0.133964
0.088371
0.047523
0.250818
0.126002
1
0.251135
0.048828
0.166811
0.010127
0.397358
0.030336
0.054665
0
0.499847
0.044686
0
0.049998
0.017686
0.068403
0.036374
0.02525
0.055813
0.005958
0.28779
0
0.201324
0.018907
0
0
0
0
0
