80
217
0 2 0.0344828
1 2 0.0344828
2 1 0.125
2 0 0.25
2 3 0.111111
2 4 0.0714286
2 5 0.25
2 6 0.0322581
2 8 0.1
2 21 0.25
2 39 0.5
3 2 0.0344828
3 27 0.5
4 2 0.0344828
4 6 0.0322581
4 8 0.1
4 13 0.166667
4 26 0.25
4 28 0.25
5 2 0.0344828
6 3 0.111111
6 2 0.0344828
6 4 0.0714286
6 7 0.0555556
6 11 0.25
6 12 0.111111
6 16 0.0714286
6 17 0.111111
6 22 0.2
6 24 0.125
6 32 0.0714286
6 40 0.125
6 45 0.0344828
7 6 0.0322581
7 10 0.0714286
7 16 0.0714286
7 17 0.111111
7 22 0.2
7 44 0.111111
8 2 0.0344828
8 4 0.0714286
8 9 0.25
8 33 0.5
8 37 0.25
9 8 0.1
9 37 0.25
10 6 0.0322581
10 7 0.0555556
10 17 0.111111
10 32 0.0714286
11 6 0.0322581
11 7 0.0555556
12 6 0.0322581
12 14 0.166667
12 15 0.1
12 19 0.5
13 4 0.0714286
13 28 0.25
14 12 0.111111
14 25 0.166667
14 45 0.0344828
15 12 0.111111
15 23 0.166667
15 36 0.2
15 38 0.2
16 11 0.25
16 6 0.0322581
16 7 0.0555556
16 20 0.142857
16 34 0.166667
16 35 0.2
17 10 0.0714286
17 7 0.0555556
17 6 0.0322581
17 31 0.5
18 30 0.5
18 44 0.111111
19 12 0.111111
20 16 0.0714286
20 26 0.25
20 34 0.166667
21 2 0.0344828
22 10 0.0714286
22 6 0.0322581
22 7 0.0555556
23 15 0.1
23 36 0.2
23 38 0.2
24 10 0.0714286
24 7 0.0555556
24 6 0.0322581
24 40 0.125
25 17 0.111111
25 12 0.111111
25 14 0.166667
26 4 0.0714286
26 20 0.142857
27 3 0.111111
28 4 0.0714286
28 13 0.166667
29 24 0.125
29 6 0.0322581
29 7 0.0555556
29 10 0.0714286
29 32 0.0714286
30 18 0.166667
31 17 0.111111
32 10 0.0714286
32 29 0.142857
32 6 0.0322581
32 40 0.125
32 45 0.0344828
32 74 0.125
33 8 0.1
34 16 0.0714286
34 20 0.142857
34 35 0.2
35 20 0.142857
35 34 0.166667
35 16 0.0714286
36 15 0.1
36 23 0.166667
37 8 0.1
37 9 0.25
38 36 0.2
38 23 0.166667
38 15 0.1
39 2 0.0344828
40 29 0.142857
40 24 0.125
40 6 0.0322581
40 10 0.0714286
40 32 0.0714286
41 42 0.5
42 41 0.333333
44 1 0.125
44 7 0.0555556
44 18 0.166667
45 6 0.0322581
45 14 0.166667
45 7 0.0555556
45 2 0.0344828
45 32 0.0714286
45 46 0.2
45 47 0.125
45 48 0.0769231
45 50 0.25
45 51 0.125
45 61 0.5
46 45 0.0344828
46 49 0.166667
47 45 0.0344828
47 48 0.0769231
47 59 0.333333
47 62 0.333333
48 47 0.125
48 45 0.0344828
48 49 0.166667
48 65 0.166667
48 68 0.25
49 46 0.2
49 48 0.0769231
50 45 0.0344828
51 45 0.0344828
51 54 0.333333
51 58 0.2
51 67 0.25
52 53 0.25
52 55 0.166667
52 57 0.333333
52 71 0.25
52 73 0.2
53 52 0.0833333
54 51 0.125
55 52 0.0833333
55 66 0.333333
55 69 0.333333
56 64 0.25
57 52 0.0833333
58 54 0.333333
58 51 0.125
58 67 0.25
59 47 0.125
60 49 0.166667
60 46 0.2
61 45 0.0344828
62 47 0.125
62 59 0.333333
63 45 0.0344828
64 56 0.2
64 73 0.2
65 48 0.0769231
65 68 0.25
65 70 0.333333
66 55 0.166667
67 51 0.125
67 58 0.2
68 48 0.0769231
68 65 0.166667
69 66 0.333333
69 55 0.166667
70 65 0.166667
70 48 0.0769231
71 52 0.0833333
71 57 0.333333
72 49 0.166667
73 71 0.25
73 52 0.0833333
73 64 0.25
74 24 0.125
74 16 0.0714286
74 7 0.0555556
74 32 0.0714286
75 76 0.25
76 75 0.142857
76 77 0.5
77 76 0.25
