0 1
0 2
1 0
1 4
2 0
2 3
3 2
4 1
4 5
5 4
5 6
5 7
6 5
6 7
6 8
7 6
7 5
7 9
8 6
9 7
10 11
10 16
10 47
10 48
10 70
11 10
11 17
11 19
11 21
11 62
11 69
11 72
12 14
12 20
12 29
13 15
13 18
13 22
13 126
14 12
14 20
14 24
14 27
14 29
14 31
14 66
14 110
15 13
15 34
15 74
15 112
16 10
16 38
16 99
17 11
17 25
17 37
17 49
17 70
17 73
18 13
18 23
18 43
18 92
19 11
19 26
19 28
19 32
19 42
19 59
19 100
19 103
19 111
20 12
20 14
20 24
21 11
21 45
22 13
22 33
22 34
22 64
22 90
22 101
22 107
22 113
22 126
23 18
23 56
23 86
23 91
23 142
24 14
24 20
24 71
24 95
24 114
25 17
25 73
26 17
26 25
26 19
26 30
26 32
26 40
26 50
26 53
27 14
27 35
27 66
28 14
28 19
28 41
28 51
28 75
28 97
29 14
29 12
30 26
30 40
30 65
31 14
32 26
32 30
32 19
32 39
32 41
32 49
32 63
32 84
33 22
33 64
33 90
33 98
33 101
33 107
33 113
33 126
34 18
34 22
34 15
34 16
34 52
34 74
34 109
35 14
35 27
35 20
35 32
35 36
35 46
36 35
36 46
37 17
37 25
37 73
38 16
38 99
39 32
39 82
40 30
40 26
40 53
40 65
41 28
41 32
41 39
41 44
41 61
41 78
42 19
43 18
43 92
44 41
45 21
45 11
45 62
46 36
46 35
46 60
47 10
48 19
48 10
48 47
48 50
48 55
49 32
49 17
49 58
49 62
50 26
50 40
50 30
50 48
50 54
51 28
51 97
52 16
52 34
52 67
52 70
53 40
53 30
53 26
53 65
53 115
54 50
55 48
56 23
56 28
56 19
56 79
56 81
56 87
56 142
57 41
58 49
59 19
59 100
60 14
60 46
60 27
60 105
60 114
61 44
61 41
61 57
61 226
62 49
62 45
62 11
62 68
62 77
62 80
62 96
63 32
63 84
64 18
64 33
64 34
64 22
64 93
64 104
65 53
65 40
65 30
65 78
65 85
65 89
66 27
66 14
67 52
68 62
68 77
68 80
69 11
70 17
70 10
70 52
70 102
71 24
71 95
72 11
73 17
73 37
73 25
74 15
74 34
74 33
74 83
74 88
74 106
75 51
75 28
76 34
76 109
77 62
77 68
77 96
78 41
78 53
78 65
79 56
79 226
80 68
80 62
81 56
81 79
81 87
82 39
82 115
83 74
83 88
84 32
84 63
85 65
85 26
86 23
86 91
86 226
87 81
87 56
88 74
88 83
89 26
89 85
89 65
90 33
90 22
91 23
91 86
91 142
92 18
92 43
93 64
94 41
94 61
95 24
95 71
95 114
96 77
96 62
96 68
97 28
97 51
98 22
98 33
98 101
98 107
99 16
99 38
100 19
100 59
100 111
101 22
101 98
101 33
101 107
102 70
103 19
103 100
104 64
105 60
106 74
106 83
107 101
107 33
107 98
107 22
107 113
108 23
108 91
108 64
109 34
109 76
110 14
110 27
110 66
111 100
111 19
111 103
112 15
113 22
113 107
113 33
113 98
114 60
114 105
114 71
114 24
114 95
115 30
115 29
115 82
115 32
115 53
115 116
115 117
115 119
115 123
115 125
116 115
116 118
117 115
117 122
118 116
118 124
119 117
119 115
120 121
121 120
122 117
123 115
124 118
124 115
125 115
125 116
126 13
126 33
126 113
126 104
126 22
126 127
126 128
127 126
127 128
127 129
127 132
127 228
128 126
128 127
128 131
128 136
129 127
129 130
129 131
129 132
129 134
129 137
130 129
130 131
130 132
131 130
131 128
131 129
132 129
132 130
132 127
132 133
133 132
133 135
134 130
134 129
135 133
136 128
137 108
137 129
137 115
137 64
137 76
137 138
137 140
138 137
138 139
139 138
139 141
140 137
141 139
142 56
142 91
142 23
142 79
142 143
143 142
144 146
144 147
144 154
144 155
144 157
144 158
144 161
145 150
145 153
145 156
145 162
145 164
146 144
146 148
146 149
146 160
146 175
146 182
146 197
146 211
147 144
147 209
148 146
148 151
148 157
148 159
148 171
148 193
148 212
148 226
149 146
149 168
149 205
150 145
150 162
150 170
150 173
150 191
151 148
151 152
151 216
152 151
153 145
153 163
154 144
155 144
155 147
155 161
155 184
155 209
156 153
156 145
157 146
157 148
157 144
157 160
157 166
157 172
157 176
157 179
157 210
158 144
158 157
158 155
158 154
158 183
159 148
159 171
159 212
160 157
160 146
160 162
160 165
160 169
160 194
161 155
161 144
161 175
162 160
162 150
162 145
162 188
162 189
162 192
163 153
163 145
163 174
163 206
163 218
164 145
164 156
165 160
165 169
165 171
165 194
166 157
166 146
166 192
166 204
166 222
167 161
167 148
167 157
167 144
167 155
167 177
167 186
168 149
168 175
168 223
169 160
169 165
170 163
170 150
170 190
171 146
171 148
171 165
171 159
171 225
172 157
173 150
174 146
174 163
174 192
175 144
175 146
175 155
175 161
175 168
175 178
175 203
175 215
175 219
176 148
176 157
176 180
176 187
177 167
178 175
178 219
179 157
179 158
179 181
179 199
179 200
179 214
179 220
180 176
181 179
181 200
181 214
181 220
182 146
182 211
183 158
184 154
184 144
184 183
184 155
184 195
185 144
185 161
185 155
185 202
185 203
185 208
185 221
186 167
186 196
187 176
187 180
188 162
189 162
190 170
191 150
191 173
191 198
192 162
192 174
192 166
193 148
193 212
194 160
194 165
194 169
195 184
196 167
196 186
197 146
197 211
198 173
198 191
198 150
199 179
199 214
200 179
200 181
200 201
201 200
201 207
202 185
203 185
203 175
203 149
203 217
204 166
204 222
205 149
206 163
206 218
207 201
208 185
208 202
209 155
209 161
209 144
209 147
210 157
211 197
211 146
211 182
211 243
212 148
212 193
212 159
213 162
213 189
213 188
214 179
214 199
214 181
214 220
215 175
215 178
216 152
216 151
217 203
218 168
218 206
218 163
219 175
219 178
219 215
220 214
220 181
220 179
221 185
221 202
221 208
222 166
222 204
223 168
224 160
224 194
224 169
225 171
226 79
226 148
226 86
226 61
226 129
226 243
227 226
228 127
228 146
228 40
228 229
229 228
229 230
230 229
231 233
232 228
233 231
233 234
234 233
236 240
237 242
240 236
240 241
241 240
242 237
243 211
243 226
243 157
243 32
243 244
243 245
243 247
244 243
244 246
244 249
245 243
245 248
246 244
247 243
248 245
249 244
