0
0
0
0
0
0
0
0
0
0
0.079988
1
0.133277
0.07637
1
0.122868
0.034234
0.076052
0.046514
1
0.172266
0.253231
1
0.128661
0.115927
0.030488
0.085556
0.179313
0.162104
0.374081
0.1039
0.50114
0.166242
0.155303
0.175942
0.020132
0.005727
0.018132
0.010308
0.071928
0.031589
0.02696
0.501329
0.013831
0.013703
0.064533
0.004459
0.029214
0.011194
0.039242
0.011964
0.04769
0.024533
0.110781
0.005964
0.005637
1
0.008271
0.019517
0.288275
0.003233
0.016477
0.077163
0.049899
0.189773
0.017631
0.263359
0.01227
0.01407
0.500791
0.022146
0.029156
0.500215
0.018909
1
0.054132
0.258445
0.012318
0.008931
0.225783
0.021631
0.240492
0.256973
0.292338
0.049594
0.005198
0.046267
0.288327
0.299093
0.004307
0.277327
0.07185
0.013922
0.09511
0
0.024848
0.012471
0.048588
0.072771
0.01026
0.230114
0.16117
0.011154
0.294111
0.086681
0.00635
0.333862
0.144586
0.251208
0.102388
0.250901
0.234127
0.061407
0.163911
0.01727
1
0.184082
0.254929
0.046272
0.333694
0
0
0.064042
0.501171
0.015403
0.333954
0.076774
0.015087
0.012034
0.083737
0.018337
0.017728
0.011333
0.001587
0.027859
0.000404
0.006065
1
0.250873
0.062964
0.500368
0.031262
0.116337
0.058415
0.138035
1
0.111352
0.060413
0.058179
0.057045
0.096664
0.005911
0.001834
0.251763
0.029775
0.151955
0.312992
1
0.027632
0.012491
0.08935
0.236437
0.079277
0.027361
0.333795
0.015829
0.113086
0
0.148617
0.0191
0.016052
0.009263
0.500118
0.028446
0.011507
1
0.142522
0
0.276387
0.07721
0.058037
0.013806
0.060811
0.014528
0.016782
1
0
0.04781
0.019806
0.026515
0.008109
0.019278
0.03189
0.016696
0.016933
0.008362
0
0.060509
0.004851
0.021428
0.014577
0.00246
0.349563
0.265896
0.033886
0.028619
0.007941
0.001205
0.298239
0.033825
0.501171
0.142317
0.013282
0
0.014398
0.294954
0.001953
0.133347
0.006608
0.23988
0.014104
0.250743
0.03354
0.074376
0
0.004664
0.092235
0
0.000848
0.000204
3.4e-05
0
0
0
0
0
0
0
0
0
0
0
0
1
0.12615
0.251415
0.063153
0.500405
0.125911
0.031494
