2 3
2 17
2 24
2 30
2 42
2 48
3 2
3 4
3 5
3 6
3 8
3 22
3 39
3 41
3 49
3 50
4 3
4 7
4 9
4 10
4 39
4 49
4 56
5 3
5 19
5 23
6 3
6 4
6 7
6 43
7 4
7 6
7 25
8 3
8 6
8 5
8 15
8 16
8 20
8 21
9 4
9 6
9 3
10 3
10 7
10 6
10 4
10 31
10 32
10 36
10 47
10 124
11 4
11 6
11 3
11 50
12 13
12 18
12 26
13 12
13 4
13 33
14 2
15 8
16 8
16 21
17 2
18 12
19 5
19 40
20 8
20 16
21 16
21 8
21 35
21 51
22 3
22 4
22 53
23 5
23 56
24 17
24 2
25 7
26 18
26 12
27 29
27 37
27 52
28 7
28 4
28 54
29 27
29 13
29 34
29 38
29 124
30 2
30 24
30 17
31 10
32 10
33 13
34 29
34 38
35 21
35 45
36 10
36 47
37 27
38 29
38 34
38 26
39 3
39 4
40 19
40 23
40 5
41 3
41 43
42 2
42 17
42 24
43 41
43 6
43 44
44 43
45 21
45 35
45 51
46 15
46 8
46 20
46 16
47 36
47 10
48 2
48 17
49 4
49 3
49 50
50 4
50 3
50 11
50 49
51 45
51 21
52 27
53 22
54 25
54 28
56 4
56 19
56 23
59 61
59 69
59 80
59 110
60 59
60 62
60 64
60 72
60 77
60 97
61 59
61 70
61 80
61 110
62 60
62 64
62 71
62 83
62 102
63 74
63 88
63 100
63 103
64 62
64 60
64 66
64 74
64 89
64 98
65 67
65 68
65 73
65 75
65 87
66 64
66 78
66 90
66 95
66 101
67 65
67 68
67 75
67 91
68 67
68 65
68 73
68 87
69 59
69 76
69 79
69 85
69 107
69 109
70 61
70 59
70 90
70 112
71 62
71 83
71 105
72 60
72 81
73 65
73 68
73 87
74 64
74 63
74 88
75 73
75 67
75 65
75 82
75 84
75 96
75 104
76 69
76 79
76 115
77 60
77 97
78 66
79 69
79 76
79 85
79 109
80 59
80 61
80 110
80 112
81 72
82 75
82 96
83 71
83 62
84 82
84 75
84 86
84 94
84 96
84 104
85 69
85 76
85 79
85 107
86 84
86 75
86 72
86 106
87 73
87 65
87 68
87 99
87 113
88 63
88 74
88 114
89 64
89 98
90 66
90 87
90 70
90 59
90 102
90 108
91 73
91 65
91 67
92 87
92 99
93 84
93 82
93 75
94 84
94 93
94 82
94 75
94 96
95 66
95 78
96 84
96 94
96 82
96 75
96 104
97 60
97 77
98 64
98 89
99 87
99 92
99 111
100 63
101 66
102 83
102 90
102 62
102 105
103 63
104 75
104 96
104 84
104 94
105 102
105 71
105 62
105 82
106 86
107 85
107 69
107 79
108 90
109 79
109 85
109 69
109 76
109 115
110 59
110 70
110 80
110 61
110 112
111 87
111 99
112 110
112 80
112 59
112 70
113 87
113 111
114 88
115 109
115 85
115 76
116 64
116 98
117 118
118 117
119 120
119 121
119 122
120 119
120 121
121 119
121 120
122 119
124 29
124 10
124 125
125 124
126 127
127 126
129 130
130 129
