0
0
1
1
0.119514
0.095847
0.125491
0.072676
0.062697
0.029941
1
0.023477
0.003271
0.018599
0
0.020937
0.011563
0.289567
0.002952
0.01531
0.015484
0.006376
0.200563
0.021696
0.192943
0.014482
0.006129
1
0
0.109393
0.250401
0.500559
0.500897
0.009238
0.030804
0.001705
0.297172
0.500151
0.022103
0.27079
0.003741
0.169265
0.167886
0.036593
0.01835
0.000653
0
0.297125
0.333907
0.195975
0.117284
0.001664
0.501386
0.100333
0
0
0.010808
0
0
0.072465
0.001275
0.022224
0.018679
1
0.012455
0.082066
0.072167
0.110648
0.044882
0.004784
0.127717
0.011012
0.001611
0.11726
0.123244
1
0.000636
0.000375
0.027996
0.000845
0.015206
0.000581
0.126631
0.031955
0.092558
0.000634
0.011716
0.070657
0.123118
0.003413
1
0.022292
0.004216
0.010525
0.041835
0.01804
0.133016
0.000255
0.002159
0.012672
0.500227
0.017936
0.142611
0.33406
0.166553
0.021149
0.005894
0.001074
0.500832
0.000681
0.013554
0.008571
0.021457
0.02332
0.061791
0.000251
0
0
0
0
0
0
0
0
0.099238
0.049528
0
0
0
0
0
