50 39
50 51
0 1
0 2
1 0
2 0
33 34
33 39
33 46
51 39
51 50
20 13
20 17
20 9
20 14
3 6
3 27
21 5
21 22
22 21
4 5
4 7
4 8
4 9
4 10
4 11
4 19
52 40
5 4
5 3
5 7
5 21
34 33
34 35
34 36
34 37
34 38
34 48
34 57
6 3
6 5
35 34
35 36
35 42
35 48
7 5
7 4
7 11
7 15
8 4
9 4
9 13
9 14
9 17
9 20
23 15
23 25
53 41
53 49
53 44
53 36
10 8
10 4
10 11
54 36
54 44
54 41
54 49
11 7
11 10
11 4
11 12
36 35
36 34
36 41
36 44
36 49
24 15
24 26
25 23
55 49
55 44
55 54
12 11
12 9
12 16
26 24
26 15
37 34
37 35
37 48
38 37
38 34
38 35
38 57
56 39
13 9
39 33
39 40
39 50
39 51
39 56
40 39
40 52
41 36
41 44
41 49
41 54
57 35
57 38
57 34
42 36
42 35
42 43
43 42
27 3
27 12
44 36
44 41
44 49
44 53
44 54
44 55
58 59
14 9
15 7
15 18
15 23
15 24
15 26
45 43
45 42
45 47
16 12
59 58
17 9
17 13
28 29
28 30
60 61
61 60
29 28
29 30
30 28
30 29
46 33
18 15
19 4
47 45
47 43
48 37
48 35
48 34
49 36
49 44
49 41
49 54
