54 43
13 1
13 16
13 26
14 2
34 35
34 36
34 37
34 38
34 48
34 49
34 51
34 52
35 34
36 34
36 35
55 39
55 45
55 42
37 34
37 43
37 56
15 8
15 2
15 5
15 6
15 26
16 13
38 34
38 35
38 41
38 60
38 61
39 36
39 40
39 42
39 44
39 45
39 53
39 55
0 1
0 4
0 7
0 24
0 25
0 27
56 37
56 43
17 0
2 1
2 8
2 12
3 1
18 11
18 4
18 22
1 0
1 2
1 3
1 10
1 13
40 39
40 46
40 62
41 38
42 39
42 53
57 43
57 37
58 49
43 37
43 54
43 56
43 57
19 10
20 19
21 20
21 10
21 23
21 63
59 43
59 57
59 37
59 56
22 4
22 11
22 18
23 21
60 38
60 61
24 0
25 0
25 27
44 39
44 47
44 50
45 39
45 42
45 55
4 0
4 11
4 18
4 22
46 40
5 6
61 60
61 38
47 44
26 15
26 13
26 24
26 0
62 40
62 56
27 25
27 6
27 0
63 21
63 49
63 64
48 34
64 63
6 5
6 8
6 15
7 0
65 63
49 34
49 58
8 2
8 5
8 6
50 36
50 44
51 34
51 48
9 8
28 29
29 28
10 1
10 21
30 31
30 32
30 33
52 34
52 48
31 30
31 32
53 42
53 39
32 31
32 30
11 4
11 18
12 2
33 30
