0 1
1 0
2 3
3 2
3 11
4 8
4 21
5 7
5 23
5 24
5 30
5 40
6 32
7 5
8 4
8 6
8 18
9 15
9 22
9 41
10 12
10 13
10 16
10 19
10 20
10 45
11 3
11 14
12 10
12 19
12 20
12 28
12 31
12 36
13 11
13 10
13 24
13 25
13 43
14 11
15 9
15 16
16 10
16 15
16 9
17 9
17 15
17 41
18 8
19 12
19 10
19 20
19 28
19 31
20 19
20 12
20 10
21 4
22 15
22 9
23 7
23 5
24 5
24 13
24 37
25 13
25 43
26 6
26 27
26 35
27 26
28 12
28 19
29 4
29 6
29 44
30 5
30 34
31 10
31 28
31 19
31 12
31 20
31 36
31 39
32 6
33 15
33 8
33 38
34 30
35 26
35 29
36 28
36 12
36 31
36 10
37 24
38 33
39 12
39 31
39 19
39 10
40 5
41 22
41 9
41 17
41 42
42 41
42 17
42 15
43 13
43 25
44 29
45 40
45 35
45 5
45 10
47 48
48 47
52 67
52 88
52 108
53 54
53 56
53 70
53 74
53 97
53 111
54 53
54 56
54 58
54 71
54 73
54 104
55 57
55 59
55 61
55 65
55 66
55 91
55 93
56 54
56 53
56 63
56 64
56 81
56 89
56 95
56 98
57 55
57 68
58 54
58 64
58 73
58 92
58 104
59 55
59 60
59 66
59 93
60 55
60 59
60 62
60 72
60 75
60 101
60 107
61 55
61 74
61 85
61 106
62 58
62 60
62 67
62 94
62 102
63 56
63 89
64 58
64 56
64 54
64 69
64 79
64 87
64 105
65 55
65 82
65 96
66 55
66 59
67 62
67 52
67 80
67 90
68 57
69 64
69 79
70 53
70 97
71 54
71 92
72 60
73 54
73 58
74 61
74 53
74 83
74 84
74 99
74 100
75 60
75 107
76 77
77 76
78 53
79 64
79 69
79 87
79 103
80 67
80 90
81 56
81 95
82 65
83 74
83 86
84 74
84 100
85 61
86 83
87 79
87 64
87 103
88 52
88 108
89 63
89 56
89 98
90 80
90 67
91 55
91 59
92 54
92 71
92 58
92 104
93 55
93 59
94 62
95 56
95 81
96 82
96 65
97 53
97 70
98 56
98 89
99 84
99 74
100 74
100 84
101 60
102 62
103 79
103 69
103 87
104 54
104 92
104 58
105 64
105 79
105 69
105 103
106 61
106 85
107 75
107 60
108 52
108 88
109 110
109 117
110 109
111 53
111 112
111 113
112 111
113 111
113 114
113 115
113 116
114 113
114 116
115 113
116 114
116 113
116 117
117 116
117 64
117 109
118 119
119 118
119 120
120 119
