0
0
1.6e-05
0.0002
2.9e-05
1
9e-05
0.407677
5e-06
0.001697
0.093055
0.001354
0.12538
0.015703
0.000323
0.002638
0.018585
7e-05
2e-06
0.152515
0.182985
6e-06
0.000463
0.333348
0.11271
0.004736
0.000342
0.000176
0.224097
0.000316
0.200787
1
4.2e-05
0
0.100638
0.002069
0.182018
0.056537
0
0.200903
0.20351
0.000242
8.1e-05
0.004615
0.000182
0.0189
0
0
0
0
0
0
0.009188
0.117904
0.082527
1
1
0.166464
0.097196
0.282796
1
0.191691
1
0.195622
0.077662
0.101189
0.299453
0.101123
0.083202
0.017528
0.035238
0.024584
0.201218
0.034897
1
0.298001
0
0
0
0.013464
0.029177
0.297657
0.041302
0.167297
0.291997
0.078088
0.083408
0.015071
0.002675
0.224399
0.024414
0.334137
0.020341
0.299521
0.500048
0.297573
0.033975
0.035015
0.286126
0.33386
0.298357
0.500997
0.499944
0.006954
0.031271
0.015633
0.063736
0.297994
0.002692
1e-06
1e-06
0.00683
0.001759
0.000448
6.2e-05
0.000151
6.2e-05
9e-06
0
0
0
