121
303
0 1 0.25
1 0 0.0833333
2 3 0.142857
3 2 0.0625
3 11 0.0833333
4 8 0.0909091
4 21 0.166667
5 7 0.333333
5 23 0.333333
5 24 0.111111
5 30 0.2
5 40 0.2
6 32 0.5
7 5 0.0666667
8 4 0.0714286
8 6 0.142857
8 18 0.25
9 15 0.125
9 22 0.25
9 41 0.142857
10 12 0.0666667
10 13 0.0769231
10 16 0.2
10 19 0.0909091
10 20 0.142857
10 45 0.2
11 3 0.142857
11 14 0.25
12 10 0.0526316
12 19 0.0909091
12 20 0.142857
12 28 0.166667
12 31 0.0909091
12 36 0.166667
13 11 0.0833333
13 10 0.0526316
13 24 0.111111
13 25 0.25
13 43 0.25
14 11 0.0833333
15 9 0.0833333
15 16 0.2
16 10 0.0526316
16 15 0.125
16 9 0.0833333
17 9 0.0833333
17 15 0.125
17 41 0.142857
18 8 0.0909091
19 12 0.0666667
19 10 0.0526316
19 20 0.142857
19 28 0.166667
19 31 0.0909091
20 19 0.0909091
20 12 0.0666667
20 10 0.0526316
21 4 0.0714286
22 15 0.125
22 9 0.0833333
23 7 0.333333
23 5 0.0666667
24 5 0.0666667
24 13 0.0769231
24 37 0.5
25 13 0.0769231
25 43 0.25
26 6 0.142857
26 27 0.5
26 35 0.111111
27 26 0.166667
28 12 0.0666667
28 19 0.0909091
29 4 0.0714286
29 6 0.142857
29 44 0.5
30 5 0.0666667
30 34 0.5
31 10 0.0526316
31 28 0.166667
31 19 0.0909091
31 12 0.0666667
31 20 0.142857
31 36 0.166667
31 39 0.2
32 6 0.142857
33 15 0.125
33 8 0.0909091
33 38 0.2
34 30 0.2
35 26 0.166667
35 29 0.142857
36 28 0.166667
36 12 0.0666667
36 31 0.0909091
36 10 0.0526316
37 24 0.111111
38 33 0.111111
39 12 0.0666667
39 31 0.0909091
39 19 0.0909091
39 10 0.0526316
40 5 0.0666667
41 22 0.25
41 9 0.0833333
41 17 0.2
41 42 0.25
42 41 0.142857
42 17 0.2
42 15 0.125
43 13 0.0769231
43 25 0.25
44 29 0.142857
45 40 0.2
45 35 0.111111
45 5 0.0666667
45 10 0.0526316
47 48 0.5
48 47 0.166667
52 67 0.1
52 88 0.25
52 108 0.25
53 54 0.0625
53 56 0.047619
53 70 0.25
53 74 0.0714286
53 97 0.25
53 111 0.0588235
54 53 0.0588235
54 56 0.047619
54 58 0.0833333
54 71 0.25
54 73 0.2
54 104 0.166667
55 57 0.166667
55 59 0.111111
55 61 0.1
55 65 0.1
55 66 0.25
55 91 0.333333
55 93 0.25
56 54 0.0625
56 53 0.0588235
56 63 0.166667
56 64 0.0714286
56 81 0.25
56 89 0.166667
56 95 0.25
56 98 0.25
57 55 0.0526316
57 68 0.5
58 54 0.0625
58 64 0.0714286
58 73 0.2
58 92 0.142857
58 104 0.166667
59 55 0.0526316
59 60 0.0666667
59 66 0.25
59 93 0.25
60 55 0.0526316
60 59 0.111111
60 62 0.0714286
60 72 0.2
60 75 0.25
60 101 0.5
60 107 0.25
61 55 0.0526316
61 74 0.0714286
61 85 0.333333
61 106 0.333333
62 58 0.0833333
62 60 0.0666667
62 67 0.1
62 94 0.5
62 102 0.5
63 56 0.047619
63 89 0.166667
64 58 0.0833333
64 56 0.047619
64 54 0.0625
64 69 0.166667
64 79 0.111111
64 87 0.166667
64 105 0.2
65 55 0.0526316
65 82 0.333333
65 96 0.333333
66 55 0.0526316
66 59 0.111111
67 62 0.0714286
67 52 0.0909091
67 80 0.25
67 90 0.2
68 57 0.166667
69 64 0.0714286
69 79 0.111111
70 53 0.0588235
70 97 0.25
71 54 0.0625
71 92 0.142857
72 60 0.0666667
73 54 0.0625
73 58 0.0833333
74 61 0.1
74 53 0.0588235
74 83 0.166667
74 84 0.2
74 99 0.333333
74 100 0.25
75 60 0.0666667
75 107 0.25
76 77 0.25
77 76 0.25
78 53 0.0588235
79 64 0.0714286
79 69 0.166667
79 87 0.166667
79 103 0.166667
80 67 0.1
80 90 0.2
81 56 0.047619
81 95 0.25
82 65 0.1
83 74 0.0714286
83 86 0.5
84 74 0.0714286
84 100 0.25
85 61 0.1
86 83 0.166667
87 79 0.111111
87 64 0.0714286
87 103 0.166667
88 52 0.0909091
88 108 0.25
89 63 0.166667
89 56 0.047619
89 98 0.25
90 80 0.25
90 67 0.1
91 55 0.0526316
91 59 0.111111
92 54 0.0625
92 71 0.25
92 58 0.0833333
92 104 0.166667
93 55 0.0526316
93 59 0.111111
94 62 0.0714286
95 56 0.047619
95 81 0.25
96 82 0.333333
96 65 0.1
97 53 0.0588235
97 70 0.25
98 56 0.047619
98 89 0.166667
99 84 0.2
99 74 0.0714286
100 74 0.0714286
100 84 0.2
101 60 0.0666667
102 62 0.0714286
103 79 0.111111
103 69 0.166667
103 87 0.166667
104 54 0.0625
104 92 0.142857
104 58 0.0833333
105 64 0.0714286
105 79 0.111111
105 69 0.166667
105 103 0.166667
106 61 0.1
106 85 0.333333
107 75 0.25
107 60 0.0666667
108 52 0.0909091
108 88 0.25
109 110 0.5
109 117 0.111111
110 109 0.166667
111 53 0.0588235
111 112 0.25
111 113 0.0666667
112 111 0.0588235
113 111 0.0588235
113 114 0.111111
113 115 0.333333
113 116 0.142857
114 113 0.0666667
114 116 0.142857
115 113 0.0666667
116 114 0.111111
116 113 0.0666667
116 117 0.111111
117 116 0.142857
117 64 0.0714286
117 109 0.166667
118 119 0.142857
119 118 0.25
119 120 0.25
120 119 0.142857
