0 1
0 2
1 0
1 3
1 4
2 0
3 1
3 2
3 5
4 1
5 3
5 2
5 6
6 5
7 5
7 215
8 12
8 23
8 26
8 54
9 10
9 11
9 15
9 33
9 36
9 42
9 46
9 74
9 75
10 9
10 11
10 14
10 19
10 36
10 40
10 50
10 98
10 99
10 224
11 10
11 9
11 15
11 16
11 17
11 21
11 24
11 25
11 43
11 44
11 48
11 62
11 63
11 82
11 132
12 8
12 18
12 31
12 41
12 43
12 59
12 68
12 94
13 14
13 28
13 29
13 72
13 73
14 13
14 10
14 49
14 84
14 96
14 97
15 11
15 9
15 22
15 30
15 35
15 45
15 58
15 85
15 87
15 109
16 11
16 9
16 17
16 36
16 56
16 67
16 226
17 11
17 16
17 20
17 22
17 39
17 104
18 12
18 41
18 66
19 10
19 50
19 99
20 17
21 11
21 25
21 38
21 62
22 15
22 17
22 27
22 58
23 15
23 8
23 38
23 47
23 53
23 57
23 64
24 21
24 11
24 25
24 43
25 11
25 24
25 21
25 36
25 43
25 44
25 48
25 62
25 63
25 82
26 8
27 22
28 13
28 83
28 100
29 13
29 95
30 15
30 35
31 18
31 12
31 32
31 37
31 101
32 18
32 31
32 51
32 69
32 90
33 9
33 67
33 75
34 16
34 60
34 81
35 15
35 30
36 10
36 9
36 25
36 16
36 61
36 84
36 105
37 31
37 101
38 25
38 21
38 10
38 11
38 23
39 17
39 107
40 10
40 98
41 12
41 18
41 55
42 9
43 11
43 24
43 12
43 25
43 55
43 58
44 11
44 25
45 15
45 85
45 87
46 9
47 23
48 11
48 25
49 14
49 88
50 9
50 10
50 19
50 23
50 70
50 77
50 106
51 32
51 26
51 52
51 76
52 51
53 23
54 8
54 68
55 43
55 41
56 16
57 53
57 23
58 8
58 45
58 22
58 15
58 43
58 132
59 12
59 68
59 86
60 34
61 36
62 21
62 25
62 24
62 11
63 25
63 44
63 11
64 23
64 53
64 47
64 224
65 39
65 20
65 17
65 107
66 18
67 16
67 33
67 9
67 81
67 89
67 103
68 12
68 26
68 59
68 54
68 80
69 32
69 27
69 18
70 14
70 50
70 71
70 78
70 93
71 70
71 93
72 13
73 13
73 29
74 9
74 33
75 33
75 9
75 79
76 51
76 80
77 50
78 71
78 70
78 93
79 75
79 91
79 95
80 68
80 76
80 37
80 31
80 92
81 67
81 9
81 34
81 102
81 108
82 11
82 25
83 28
83 95
83 100
84 75
84 36
84 14
85 45
85 15
85 109
86 32
86 12
86 59
87 85
87 45
87 15
88 49
88 14
89 67
90 32
91 75
91 79
92 80
93 70
93 78
93 71
94 59
94 12
95 83
95 75
95 79
95 29
95 108
96 14
97 14
97 96
97 49
98 40
98 10
98 19
99 98
99 10
99 19
100 83
100 28
101 31
101 37
102 81
103 67
103 109
104 17
104 39
105 36
106 50
106 77
107 17
107 65
107 20
107 39
108 95
108 81
109 15
109 103
109 85
109 110
110 109
110 111
110 215
111 110
111 112
111 113
112 111
112 114
112 115
113 111
113 117
114 112
115 112
115 116
116 115
116 118
117 113
117 119
118 114
118 116
118 115
119 117
120 121
120 123
120 124
120 128
120 132
120 215
121 120
121 122
121 124
121 127
122 121
123 120
124 120
124 121
124 125
124 126
125 124
125 126
126 124
126 125
126 128
126 130
127 121
127 131
128 120
128 126
130 126
130 120
131 127
132 85
132 120
132 11
132 58
132 133
132 134
132 135
133 132
134 132
135 132
137 139
137 150
137 155
137 160
137 169
137 182
138 141
138 143
138 145
138 152
138 173
138 178
138 189
139 137
139 140
139 148
139 159
139 162
139 170
140 139
140 151
141 138
141 172
142 144
142 149
142 204
142 205
143 138
143 188
143 214
144 142
144 165
145 138
145 189
146 143
146 145
146 147
146 160
146 161
146 167
146 173
146 190
147 146
147 160
147 161
147 190
148 139
149 142
149 154
149 195
149 199
149 207
149 212
150 137
150 156
150 160
150 164
151 139
151 140
151 153
151 155
151 166
152 138
152 189
152 196
153 151
154 149
154 157
155 137
155 151
155 175
155 181
156 150
157 149
157 154
157 163
157 165
157 187
157 203
158 143
158 193
159 140
159 139
160 146
160 137
160 150
160 147
160 168
160 169
160 183
160 185
160 186
160 198
161 147
161 146
161 211
162 139
162 153
163 157
164 150
164 156
165 145
165 157
165 144
165 180
166 151
166 191
167 146
167 147
167 161
167 190
167 208
167 211
168 160
168 169
169 160
169 137
169 168
169 194
170 140
170 139
171 142
172 141
172 174
172 177
172 197
172 226
173 138
173 146
173 147
174 172
174 176
174 177
174 197
174 226
175 155
175 196
176 174
176 172
176 177
177 172
177 176
177 174
177 181
177 209
178 138
178 145
179 153
180 165
180 138
181 177
181 155
181 201
182 137
183 160
183 185
184 137
184 182
185 168
185 160
185 183
185 186
186 168
186 160
186 183
186 185
186 198
187 157
187 163
187 203
188 143
189 138
189 152
189 145
190 146
190 147
190 167
190 211
191 164
191 150
191 166
192 173
192 152
192 138
193 158
193 149
193 157
193 143
193 188
194 169
195 154
195 149
195 199
196 152
196 175
196 141
196 145
197 174
197 172
197 176
198 186
198 160
198 176
198 200
198 206
198 213
199 154
199 149
199 195
200 198
200 150
200 177
200 202
201 181
202 200
203 157
203 187
204 142
205 142
206 198
207 149
207 154
208 161
208 167
208 146
209 177
210 139
210 170
211 208
211 146
211 190
211 167
211 161
212 149
212 154
213 198
214 143
214 158
214 188
215 7
215 120
215 9
215 110
215 22
215 216
216 215
217 218
217 219
217 221
218 217
218 222
219 217
220 218
221 217
221 222
222 218
222 221
224 74
224 197
224 64
224 10
224 225
225 224
226 174
226 172
226 16
226 141
226 227
226 228
226 229
227 226
227 232
228 226
229 226
229 231
230 228
230 234
231 229
231 233
231 235
232 227
233 231
234 230
235 231
235 233
236 237
236 238
236 239
237 236
238 236
238 237
239 236
239 240
240 239
