241
714
0 1 0.166667
0 2 0.25
1 0 0.25
1 3 0.2
1 4 0.5
2 0 0.25
3 1 0.166667
3 2 0.25
3 5 0.0909091
4 1 0.166667
5 3 0.2
5 2 0.25
5 6 0.5
6 5 0.0909091
7 5 0.0909091
7 215 0.0833333
8 12 0.05
8 23 0.0714286
8 26 0.166667
8 54 0.25
9 10 0.0454545
9 11 0.0263158
9 15 0.0434783
9 33 0.142857
9 36 0.0625
9 42 0.5
9 46 0.5
9 74 0.25
9 75 0.111111
10 9 0.03125
10 11 0.0263158
10 14 0.0555556
10 19 0.142857
10 36 0.0625
10 40 0.25
10 50 0.0833333
10 98 0.166667
10 99 0.2
10 224 0.1
11 10 0.0454545
11 9 0.03125
11 15 0.0434783
11 16 0.0625
11 17 0.0555556
11 21 0.111111
11 24 0.125
11 25 0.047619
11 43 0.0833333
11 44 0.2
11 48 0.25
11 62 0.142857
11 63 0.2
11 82 0.25
11 132 0.0714286
12 8 0.0416667
12 18 0.0769231
12 31 0.1
12 41 0.166667
12 43 0.0833333
12 59 0.142857
12 68 0.111111
12 94 0.333333
13 14 0.0555556
13 28 0.166667
13 29 0.2
13 72 0.5
13 73 0.333333
14 13 0.0833333
14 10 0.0454545
14 49 0.142857
14 84 0.2
14 96 0.333333
14 97 0.25
15 11 0.0263158
15 9 0.03125
15 22 0.0769231
15 30 0.25
15 35 0.25
15 45 0.142857
15 58 0.1
15 85 0.125
15 87 0.2
15 109 0.0769231
16 11 0.0263158
16 9 0.03125
16 17 0.0555556
16 36 0.0625
16 56 0.5
16 67 0.0909091
16 226 0.0769231
17 11 0.0263158
17 16 0.0625
17 20 0.25
17 22 0.0769231
17 39 0.166667
17 104 0.333333
18 12 0.05
18 41 0.166667
18 66 0.5
19 10 0.0454545
19 50 0.0833333
19 99 0.2
20 17 0.0555556
21 11 0.0263158
21 25 0.047619
21 38 0.111111
21 62 0.142857
22 15 0.0434783
22 17 0.0555556
22 27 0.2
22 58 0.1
23 15 0.0434783
23 8 0.0416667
23 38 0.111111
23 47 0.333333
23 53 0.25
23 57 0.333333
23 64 0.125
24 21 0.111111
24 11 0.0263158
24 25 0.047619
24 43 0.0833333
25 11 0.0263158
25 24 0.125
25 21 0.111111
25 36 0.0625
25 43 0.0833333
25 44 0.2
25 48 0.25
25 62 0.142857
25 63 0.2
25 82 0.25
26 8 0.0416667
27 22 0.0769231
28 13 0.0833333
28 83 0.125
28 100 0.25
29 13 0.0833333
29 95 0.111111
30 15 0.0434783
30 35 0.25
31 18 0.0769231
31 12 0.05
31 32 0.0833333
31 37 0.166667
31 101 0.25
32 18 0.0769231
32 31 0.1
32 51 0.142857
32 69 0.25
32 90 0.5
33 9 0.03125
33 67 0.0909091
33 75 0.111111
34 16 0.0625
34 60 0.333333
34 81 0.0909091
35 15 0.0434783
35 30 0.25
36 10 0.0454545
36 9 0.03125
36 25 0.047619
36 16 0.0625
36 61 0.5
36 84 0.2
36 105 0.5
37 31 0.1
37 101 0.25
38 25 0.047619
38 21 0.111111
38 10 0.0454545
38 11 0.0263158
38 23 0.0714286
39 17 0.0555556
39 107 0.166667
40 10 0.0454545
40 98 0.166667
41 12 0.05
41 18 0.0769231
41 55 0.25
42 9 0.03125
43 11 0.0263158
43 24 0.125
43 12 0.05
43 25 0.047619
43 55 0.25
43 58 0.1
44 11 0.0263158
44 25 0.047619
45 15 0.0434783
45 85 0.125
45 87 0.2
46 9 0.03125
47 23 0.0714286
48 11 0.0263158
48 25 0.047619
49 14 0.0555556
49 88 0.333333
50 9 0.03125
50 10 0.0454545
50 19 0.142857
50 23 0.0714286
50 70 0.111111
50 77 0.333333
50 106 0.333333
51 32 0.0833333
51 26 0.166667
51 52 0.5
51 76 0.25
52 51 0.142857
53 23 0.0714286
54 8 0.0416667
54 68 0.111111
55 43 0.0833333
55 41 0.166667
56 16 0.0625
57 53 0.25
57 23 0.0714286
58 8 0.0416667
58 45 0.142857
58 22 0.0769231
58 15 0.0434783
58 43 0.0833333
58 132 0.0714286
59 12 0.05
59 68 0.111111
59 86 0.25
60 34 0.2
61 36 0.0625
62 21 0.111111
62 25 0.047619
62 24 0.125
62 11 0.0263158
63 25 0.047619
63 44 0.2
63 11 0.0263158
64 23 0.0714286
64 53 0.25
64 47 0.333333
64 224 0.1
65 39 0.166667
65 20 0.25
65 17 0.0555556
65 107 0.166667
66 18 0.0769231
67 16 0.0625
67 33 0.142857
67 9 0.03125
67 81 0.0909091
67 89 0.5
67 103 0.25
68 12 0.05
68 26 0.166667
68 59 0.142857
68 54 0.25
68 80 0.125
69 32 0.0833333
69 27 0.2
69 18 0.0769231
70 14 0.0555556
70 50 0.0833333
70 71 0.2
70 78 0.2
70 93 0.166667
71 70 0.111111
71 93 0.166667
72 13 0.0833333
73 13 0.0833333
73 29 0.2
74 9 0.03125
74 33 0.142857
75 33 0.142857
75 9 0.03125
75 79 0.166667
76 51 0.142857
76 80 0.125
77 50 0.0833333
78 71 0.2
78 70 0.111111
78 93 0.166667
79 75 0.111111
79 91 0.333333
79 95 0.111111
80 68 0.111111
80 76 0.25
80 37 0.166667
80 31 0.1
80 92 0.5
81 67 0.0909091
81 9 0.03125
81 34 0.2
81 102 0.5
81 108 0.25
82 11 0.0263158
82 25 0.047619
83 28 0.166667
83 95 0.111111
83 100 0.25
84 75 0.111111
84 36 0.0625
84 14 0.0555556
85 45 0.142857
85 15 0.0434783
85 109 0.0769231
86 32 0.0833333
86 12 0.05
86 59 0.142857
87 85 0.125
87 45 0.142857
87 15 0.0434783
88 49 0.142857
88 14 0.0555556
89 67 0.0909091
90 32 0.0833333
91 75 0.111111
91 79 0.166667
92 80 0.125
93 70 0.111111
93 78 0.2
93 71 0.2
94 59 0.142857
94 12 0.05
95 83 0.125
95 75 0.111111
95 79 0.166667
95 29 0.2
95 108 0.25
96 14 0.0555556
97 14 0.0555556
97 96 0.333333
97 49 0.142857
98 40 0.25
98 10 0.0454545
98 19 0.142857
99 98 0.166667
99 10 0.0454545
99 19 0.142857
100 83 0.125
100 28 0.166667
101 31 0.1
101 37 0.166667
102 81 0.0909091
103 67 0.0909091
103 109 0.0769231
104 17 0.0555556
104 39 0.166667
105 36 0.0625
106 50 0.0833333
106 77 0.333333
107 17 0.0555556
107 65 0.2
107 20 0.25
107 39 0.166667
108 95 0.111111
108 81 0.0909091
109 15 0.0434783
109 103 0.25
109 85 0.125
109 110 0.1
110 109 0.0769231
110 111 0.1
110 215 0.0833333
111 110 0.1
111 112 0.166667
111 113 0.25
112 111 0.1
112 114 0.333333
112 115 0.2
113 111 0.1
113 117 0.25
114 112 0.166667
115 112 0.166667
115 116 0.25
116 115 0.2
116 118 0.25
117 113 0.25
117 119 0.5
118 114 0.333333
118 116 0.25
118 115 0.2
119 117 0.25
120 121 0.1
120 123 0.25
120 124 0.1
120 128 0.25
120 132 0.0714286
120 215 0.0833333
121 120 0.0666667
121 122 0.25
121 124 0.1
121 127 0.166667
122 121 0.1
123 120 0.0666667
124 120 0.0666667
124 121 0.1
124 125 0.25
124 126 0.1
125 124 0.1
125 126 0.1
126 124 0.1
126 125 0.25
126 128 0.25
126 130 0.333333
127 121 0.1
127 131 0.5
128 120 0.0666667
128 126 0.1
130 126 0.1
130 120 0.0666667
131 127 0.166667
132 85 0.125
132 120 0.0666667
132 11 0.0263158
132 58 0.1
132 133 0.5
132 134 0.5
132 135 0.25
133 132 0.0714286
134 132 0.0714286
135 132 0.0714286
137 139 0.0555556
137 150 0.1
137 155 0.1
137 160 0.05
137 169 0.125
137 182 0.333333
138 141 0.125
138 143 0.111111
138 145 0.125
138 152 0.142857
138 173 0.166667
138 178 0.333333
138 189 0.166667
139 137 0.047619
139 140 0.142857
139 148 0.5
139 159 0.333333
139 162 0.166667
139 170 0.25
140 139 0.0555556
140 151 0.0666667
141 138 0.0454545
141 172 0.0769231
142 144 0.25
142 149 0.0714286
142 204 0.5
142 205 0.5
143 138 0.0454545
143 188 0.25
143 214 0.25
144 142 0.0769231
144 165 0.142857
145 138 0.0454545
145 189 0.166667
146 143 0.111111
146 145 0.125
146 147 0.1
146 160 0.05
146 161 0.125
146 167 0.1
146 173 0.166667
146 190 0.125
147 146 0.0625
147 160 0.05
147 161 0.125
147 190 0.125
148 139 0.0555556
149 142 0.0769231
149 154 0.125
149 195 0.2
149 199 0.2
149 207 0.333333
149 212 0.333333
150 137 0.047619
150 156 0.333333
150 160 0.05
150 164 0.25
151 139 0.0555556
151 140 0.142857
151 153 0.2
151 155 0.1
151 166 0.166667
152 138 0.0454545
152 189 0.166667
152 196 0.166667
153 151 0.0666667
154 149 0.0714286
154 157 0.0625
155 137 0.047619
155 151 0.0666667
155 175 0.25
155 181 0.166667
156 150 0.1
157 149 0.0714286
157 154 0.125
157 163 0.333333
157 165 0.142857
157 187 0.2
157 203 0.25
158 143 0.111111
158 193 0.166667
159 140 0.142857
159 139 0.0555556
160 146 0.0625
160 137 0.047619
160 150 0.1
160 147 0.1
160 168 0.166667
160 169 0.125
160 183 0.2
160 185 0.142857
160 186 0.125
160 198 0.0909091
161 147 0.1
161 146 0.0625
161 211 0.125
162 139 0.0555556
162 153 0.2
163 157 0.0625
164 150 0.1
164 156 0.333333
165 145 0.125
165 157 0.0625
165 144 0.25
165 180 0.333333
166 151 0.0666667
166 191 0.25
167 146 0.0625
167 147 0.1
167 161 0.125
167 190 0.125
167 208 0.2
167 211 0.125
168 160 0.05
168 169 0.125
169 160 0.05
169 137 0.047619
169 168 0.166667
169 194 0.5
170 140 0.142857
170 139 0.0555556
171 142 0.0769231
172 141 0.125
172 174 0.1
172 177 0.0909091
172 197 0.166667
172 226 0.0769231
173 138 0.0454545
173 146 0.0625
173 147 0.1
174 172 0.0769231
174 176 0.142857
174 177 0.0909091
174 197 0.166667
174 226 0.0769231
175 155 0.1
175 196 0.166667
176 174 0.1
176 172 0.0769231
176 177 0.0909091
177 172 0.0769231
177 176 0.142857
177 174 0.1
177 181 0.166667
177 209 0.5
178 138 0.0454545
178 145 0.125
179 153 0.2
180 165 0.142857
180 138 0.0454545
181 177 0.0909091
181 155 0.1
181 201 0.5
182 137 0.047619
183 160 0.05
183 185 0.142857
184 137 0.047619
184 182 0.333333
185 168 0.166667
185 160 0.05
185 183 0.2
185 186 0.125
186 168 0.166667
186 160 0.05
186 183 0.2
186 185 0.142857
186 198 0.0909091
187 157 0.0625
187 163 0.333333
187 203 0.25
188 143 0.111111
189 138 0.0454545
189 152 0.142857
189 145 0.125
190 146 0.0625
190 147 0.1
190 167 0.1
190 211 0.125
191 164 0.25
191 150 0.1
191 166 0.166667
192 173 0.166667
192 152 0.142857
192 138 0.0454545
193 158 0.25
193 149 0.0714286
193 157 0.0625
193 143 0.111111
193 188 0.25
194 169 0.125
195 154 0.125
195 149 0.0714286
195 199 0.2
196 152 0.142857
196 175 0.25
196 141 0.125
196 145 0.125
197 174 0.1
197 172 0.0769231
197 176 0.142857
198 186 0.125
198 160 0.05
198 176 0.142857
198 200 0.166667
198 206 0.5
198 213 0.5
199 154 0.125
199 149 0.0714286
199 195 0.2
200 198 0.0909091
200 150 0.1
200 177 0.0909091
200 202 0.5
201 181 0.166667
202 200 0.166667
203 157 0.0625
203 187 0.2
204 142 0.0769231
205 142 0.0769231
206 198 0.0909091
207 149 0.0714286
207 154 0.125
208 161 0.125
208 167 0.1
208 146 0.0625
209 177 0.0909091
210 139 0.0555556
210 170 0.25
211 208 0.2
211 146 0.0625
211 190 0.125
211 167 0.1
211 161 0.125
212 149 0.0714286
212 154 0.125
213 198 0.0909091
214 143 0.111111
214 158 0.25
214 188 0.25
215 7 0.2
215 120 0.0666667
215 9 0.03125
215 110 0.1
215 22 0.0769231
215 216 0.5
216 215 0.0833333
217 218 0.142857
217 219 0.5
217 221 0.25
218 217 0.1
218 222 0.25
219 217 0.1
220 218 0.142857
221 217 0.1
221 222 0.25
222 218 0.142857
222 221 0.25
224 74 0.25
224 197 0.166667
224 64 0.125
224 10 0.0454545
224 225 0.5
225 224 0.1
226 174 0.1
226 172 0.0769231
226 16 0.0625
226 141 0.125
226 227 0.2
226 228 0.333333
226 229 0.25
227 226 0.0769231
227 232 0.5
228 226 0.0769231
229 226 0.0769231
229 231 0.166667
230 228 0.333333
230 234 0.5
231 229 0.25
231 233 0.333333
231 235 0.333333
232 227 0.2
233 231 0.166667
234 230 0.333333
235 231 0.166667
235 233 0.333333
236 237 0.333333
236 238 0.333333
236 239 0.25
237 236 0.1
238 236 0.1
238 237 0.333333
239 236 0.1
239 240 0.5
240 239 0.25
