5e-06
1e-06
2.5e-05
1.4e-05
0
9.4e-05
5.5e-05
0.001131
0.08985
1
1
1
1
1
0.111404
0.137748
0.133846
0.063859
0.187488
0.203941
0.016485
0.166173
0.029145
1
0.175955
0.128797
0.059025
0.055231
0.167342
0.255691
0.041182
0.193384
1
0.19232
0.000682
0.040831
0.137269
0.042551
0.127079
0.013623
0.286989
0.197782
0.500378
0.190135
0.253642
0.059663
0.500254
0.364555
0.273724
0.019313
0.09913
0.142568
0.07142
0.337072
0.054161
0.092406
0.067328
0.333401
0.13033
0.197209
0.000221
0.068633
0.175843
0.21989
0.136686
0.000446
0.093942
0.029621
0.132229
0.251498
0.011163
0.002929
0.50074
0.334081
0.271672
0.138275
0.039988
0.040548
0.002592
0.028309
0.02118
0.003404
0.272499
0.029404
0.048585
0.147945
0.049667
0.037697
0.006543
0.014664
0.500416
0.009324
0.010625
0.002541
0.333004
0.034019
0.043461
0.027973
0.231052
0.228767
0.04707
0.055191
0.001716
0.012587
0.021339
0.068552
0.032999
0.00224
0.00921
0.021964
0.002818
0.00027
4.5e-05
6.2e-05
1.4e-05
9e-06
4e-06
1.1e-05
0
4e-06
0.066581
0.007354
0.001881
0.016683
0.007456
0.002386
0.002484
0.001253
0.016743
0
0.000815
0.000625
1
0.500959
0.500931
0.251335
0
0.052323
1
1
0.213124
0.248836
0.077184
0.114283
0.019843
0.186921
0.016339
0.025119
0.500292
1
0.028528
0.01693
0.166077
0.036036
0.243076
0.008481
0.011177
0.015758
0.007137
0.333222
0.066017
0.005369
0.16689
0.006234
0.007363
0.004921
0.002814
0.002385
0.038718
0.018944
0.250818
0
0.118531
0.16794
0.130459
0.008959
0.166535
0.050579
0.333685
0
0.001674
0.009595
0.017229
0.04312
0
0.032614
0.133209
0.003971
0.034149
0.210046
0.00535
0.000705
0
0.001133
0.009476
0.233101
0.02818
0.057694
1
0.233446
0.166485
0.004781
0.083195
0.004617
0.038623
0.038753
0.50056
0.33337
0.000752
0.025215
0
0.001576
0.333549
0.500528
0.028619
0.005787
0.002873
0
0
0
0
0
0
0
0.112391
0.056236
1
0.20078
0.333627
0.250871
0
0.042002
0.100667
0.017013
0
0.014065
0
0
0
0
0
