0 1
1 0
1 2
2 1
3 4
4 3
4 5
4 7
4 58
4 67
4 71
5 4
5 6
5 9
5 18
5 20
5 36
5 37
5 40
5 57
6 5
6 41
6 50
7 4
7 10
7 25
7 27
7 43
7 69
8 11
8 15
8 29
8 34
8 79
8 80
8 157
9 5
9 12
9 13
9 19
9 66
10 7
10 11
10 21
10 22
10 59
11 10
11 8
11 14
11 33
11 76
11 77
11 78
12 9
12 17
12 23
12 63
13 9
14 11
14 30
14 44
15 8
15 34
15 80
16 24
17 12
17 23
17 63
18 5
18 28
18 32
18 39
18 42
18 47
19 9
19 13
20 5
20 57
21 10
21 68
21 82
22 10
23 12
23 17
23 81
24 16
24 70
25 7
25 27
26 17
26 12
26 56
27 7
27 25
28 8
28 18
28 31
29 8
29 79
30 14
30 53
31 8
31 26
31 28
31 36
31 157
32 18
33 11
33 73
33 77
34 8
34 15
34 18
34 54
34 62
34 83
35 20
35 38
35 61
36 5
36 13
36 31
36 9
36 46
36 48
36 72
37 5
37 51
38 35
39 18
40 5
40 52
41 6
41 49
42 39
42 18
43 25
43 7
44 14
45 71
46 31
46 36
47 18
47 39
47 32
47 157
48 36
49 41
50 6
51 9
51 37
51 90
52 20
52 40
52 65
53 30
53 60
53 71
54 11
54 34
54 55
54 64
54 75
55 54
55 75
56 9
56 26
57 20
57 5
57 19
58 43
58 4
58 23
59 10
59 22
60 53
61 35
61 65
62 34
63 12
63 17
64 55
64 54
64 75
65 52
65 61
65 74
66 9
67 4
68 21
68 82
69 7
70 24
71 53
71 4
71 45
72 36
73 33
73 11
74 65
75 54
75 64
75 55
76 11
77 11
77 33
77 68
78 11
78 76
78 33
79 29
79 8
79 15
80 79
80 8
80 15
81 23
82 68
82 21
83 34
83 62
84 86
85 87
86 84
87 85
87 88
88 87
90 51
90 161
91 92
92 91
92 93
92 94
93 92
94 92
94 95
95 94
98 143
99 103
99 116
100 102
100 107
100 147
100 148
101 108
101 135
101 150
102 100
102 110
103 99
103 109
104 107
104 111
104 113
104 118
104 124
104 136
104 154
107 100
107 104
107 112
107 133
108 101
108 106
109 103
109 151
110 102
110 131
111 104
111 117
111 126
111 142
112 107
112 130
113 104
114 100
115 139
116 99
116 119
116 123
116 140
116 141
116 158
117 111
117 120
117 121
117 125
117 137
117 154
118 113
118 104
119 116
119 122
119 123
119 140
119 158
120 117
120 138
121 117
121 128
121 138
122 119
122 116
122 123
123 116
123 122
123 119
123 132
123 149
124 104
125 117
125 121
126 111
126 142
127 109
128 117
128 121
128 120
128 137
129 106
130 112
131 110
132 123
132 144
133 107
133 121
134 104
134 141
135 101
136 104
136 113
137 128
137 117
137 121
138 121
138 120
139 115
140 119
140 116
140 122
141 136
141 134
141 116
142 126
142 111
143 98
144 132
145 106
145 150
146 133
147 100
148 100
149 123
150 101
150 145
150 108
151 109
151 103
154 104
154 117
154 68
154 155
154 156
155 154
155 156
156 155
156 154
157 140
157 31
157 47
157 8
158 119
158 116
158 99
158 159
159 158
161 90
161 19
161 162
162 161
