0
0
0
0.034685
0.138625
1
0.111977
1
0.103167
0.170534
0.16196
1
0.019807
0.292134
0.166747
0.15904
0
0.005492
0.139269
0.077745
0.198995
0.035879
0.041237
0.008225
0
0.273554
0.018481
0.295726
0.027557
0.030807
0.027969
0.111949
0.050931
0.197002
1
0.000102
1
0.166924
5.5e-05
0.04749
0.250748
0.022298
0.046305
0.206591
0.083473
0.005105
0.333349
0.020128
0.500707
0.011305
0.056039
0.033506
0.02821
0.005936
0.112293
0.029698
0.003726
0.228466
0.034555
0.054042
0.002976
0.000877
0.407033
0.006185
0.02594
0.003535
0.085363
0.069344
0.049438
0.499927
0
0.020349
0.500329
0.06581
0.001719
0.025286
0.389385
0.22797
0.251051
0.028248
0.050587
0.004072
0.01997
0.334523
0
0
0
0
0
0
0.002774
0
0
0
0
0
0
0
0
0.014141
1
0
0.250302
0.001806
1
0
0
0.14805
0
0.000244
0.035857
0.212028
0.036851
0.341638
0
0
0.097606
1
0.250828
0.123957
0.214401
0.173388
0.159488
1
0.500358
0.333104
0.063499
0
0.060553
0
0.018407
0.011917
0.166964
0.037314
0.002278
0
0.2533
0.204977
0.062355
0
0.039265
0.011057
0.063104
0
0.083281
0
0
0.50036
0.499825
0.500128
0
8.2e-05
0
0
0.138675
0.033699
0.040007
0.023212
0.016754
0.005574
0
0.000307
6.6e-05
0
