0 1
0 2
0 4
0 11
0 23
1 0
1 3
1 7
1 32
1 54
1 59
1 100
1 114
1 165
2 0
2 5
2 6
2 10
2 15
2 17
2 27
2 42
2 81
2 86
2 91
2 168
2 179
3 1
3 7
3 8
3 36
3 53
3 105
3 136
4 0
4 9
4 14
4 19
4 24
4 111
5 2
5 12
5 16
5 18
5 33
5 41
6 2
6 42
6 95
6 122
6 129
7 1
7 3
7 8
7 11
7 13
7 21
7 25
7 26
7 59
7 82
7 109
7 137
7 139
7 159
7 172
7 178
7 183
8 7
8 3
8 19
8 26
8 157
8 167
8 196
9 4
9 0
9 40
9 47
9 108
9 174
10 2
11 7
11 0
11 21
11 28
11 43
11 53
11 56
11 57
11 71
11 73
11 124
11 146
11 161
12 5
12 45
12 67
12 141
12 193
13 7
13 66
13 98
13 103
13 186
14 4
14 48
14 65
14 76
14 111
14 118
15 2
15 17
15 21
15 142
15 194
15 197
16 5
16 12
16 20
16 45
16 176
16 188
17 7
17 13
17 2
17 15
17 37
17 87
18 5
18 28
18 34
18 73
18 145
19 4
19 8
19 24
19 60
19 66
19 79
19 167
20 16
20 18
20 22
20 29
20 44
20 133
20 158
21 7
21 11
21 15
21 22
21 27
21 39
21 50
21 52
21 90
21 92
22 21
22 20
22 35
23 0
23 78
23 85
23 106
24 4
24 19
25 7
25 159
26 21
26 8
26 7
26 52
26 62
26 134
26 151
26 177
27 2
27 15
27 21
27 31
27 72
27 81
27 90
27 96
27 113
27 181
27 185
28 22
28 18
28 11
28 32
28 34
28 99
29 20
29 33
29 44
29 61
29 152
29 158
30 1
30 119
30 125
30 190
30 191
31 27
32 28
32 1
32 46
32 56
32 57
32 70
32 77
32 117
33 16
33 5
33 29
33 38
33 49
33 51
33 120
34 18
34 28
34 116
35 22
36 32
36 3
36 11
36 56
36 68
36 71
36 132
37 17
37 80
38 33
38 49
38 89
38 102
38 104
39 26
39 21
39 50
39 124
40 9
40 47
41 5
42 2
42 6
42 83
43 11
44 20
44 29
44 133
45 38
45 16
45 12
45 94
45 107
45 176
46 3
46 36
46 1
46 32
46 153
46 169
47 40
47 9
47 160
48 14
48 65
49 33
49 38
49 180
50 39
50 21
50 92
50 151
51 33
51 38
51 55
51 190
52 26
52 21
52 58
52 151
52 177
53 36
53 3
53 11
54 1
54 7
54 25
54 57
54 64
54 69
54 110
54 123
54 157
55 51
56 32
56 11
56 36
56 150
57 11
57 32
57 54
57 112
57 138
57 163
58 52
58 151
59 7
59 1
59 140
59 192
60 19
60 75
60 135
61 29
61 152
62 26
62 151
63 4
63 14
64 54
64 123
64 157
64 197
65 48
65 14
65 47
66 19
66 13
66 8
66 135
67 12
68 32
68 36
68 84
69 15
69 54
69 102
70 32
71 11
71 43
71 36
71 175
72 27
73 11
73 18
73 74
74 73
75 60
75 47
75 79
75 108
76 14
76 147
76 164
76 195
77 32
77 70
78 23
78 85
78 86
79 19
79 75
80 17
80 37
81 27
81 2
82 7
82 137
82 178
82 187
83 42
83 12
83 193
84 68
85 23
85 78
85 106
86 78
86 2
86 88
86 174
87 17
87 7
87 54
87 149
87 154
87 189
88 86
89 38
90 27
90 21
91 2
91 173
92 21
92 27
92 50
93 81
93 27
93 2
93 15
93 115
93 126
94 45
95 6
96 27
96 72
96 181
97 44
98 13
98 186
99 28
99 171
100 1
100 105
101 1
101 28
101 16
101 188
102 69
102 89
102 38
102 156
102 190
103 13
103 186
104 38
105 100
105 3
105 1
106 85
106 23
106 78
106 174
107 45
107 94
108 9
108 75
108 134
109 7
110 54
110 123
111 4
111 14
112 57
113 27
114 1
115 93
115 121
116 34
117 32
117 70
118 14
119 30
119 125
119 162
120 33
121 115
121 153
122 6
122 129
123 64
123 54
123 110
124 7
124 11
124 39
125 30
125 119
125 162
125 191
126 93
126 143
127 75
127 79
127 131
127 155
128 23
128 106
129 122
129 6
130 102
131 127
132 36
133 20
133 44
134 26
134 63
134 108
134 148
135 60
135 66
136 3
137 7
137 82
137 109
138 57
138 163
138 174
139 7
139 109
139 159
139 187
140 59
141 12
142 15
143 124
143 115
143 126
143 144
143 182
144 143
145 18
146 11
146 43
147 76
148 134
149 87
150 56
151 58
151 26
151 50
151 62
151 52
151 184
152 29
152 61
152 158
153 46
153 121
153 1
154 49
154 87
154 166
155 127
155 131
155 170
156 102
156 130
156 190
157 8
157 64
157 54
157 135
158 29
158 152
158 20
159 7
159 139
159 25
159 137
160 47
161 11
162 119
162 30
162 125
162 191
163 57
163 138
164 147
164 76
165 1
165 100
166 154
167 8
167 19
168 2
168 91
168 173
169 46
170 155
171 99
171 28
172 25
172 7
172 82
172 187
173 91
173 168
173 2
174 9
174 106
174 86
174 138
175 71
176 107
176 45
176 94
176 16
177 52
177 21
177 26
178 7
178 82
178 137
179 2
180 49
181 27
181 96
182 143
182 121
183 7
183 109
183 139
183 82
184 151
185 27
185 181
186 98
186 13
186 103
187 139
187 82
187 172
187 109
188 16
188 101
189 87
190 156
190 102
190 30
190 51
191 30
191 162
191 125
192 59
192 140
193 12
193 83
194 15
194 197
195 76
196 8
197 15
197 64
197 194
