198
640
0 1 0.0434783
0 2 0.0344828
0 4 0.0769231
0 11 0.037037
0 23 0.111111
1 0 0.0588235
1 3 0.0666667
1 7 0.0263158
1 32 0.05
1 54 0.0526316
1 59 0.125
1 100 0.2
1 114 0.5
1 165 0.333333
2 0 0.0588235
2 5 0.0833333
2 6 0.1
2 10 0.5
2 15 0.0666667
2 17 0.0909091
2 27 0.0434783
2 42 0.166667
2 81 0.2
2 86 0.125
2 91 0.2
2 168 0.2
2 179 0.5
3 1 0.0434783
3 7 0.0263158
3 8 0.0666667
3 36 0.0714286
3 53 0.2
3 105 0.2
3 136 0.5
4 0 0.0588235
4 9 0.0909091
4 14 0.0666667
4 19 0.0714286
4 24 0.25
4 111 0.25
5 2 0.0344828
5 12 0.0833333
5 16 0.0769231
5 18 0.0909091
5 33 0.0769231
5 41 0.5
6 2 0.0344828
6 42 0.166667
6 95 0.5
6 122 0.25
6 129 0.25
7 1 0.0434783
7 3 0.0666667
7 8 0.0666667
7 11 0.037037
7 13 0.0909091
7 21 0.0454545
7 25 0.166667
7 26 0.0625
7 59 0.125
7 82 0.1
7 109 0.166667
7 137 0.142857
7 139 0.125
7 159 0.142857
7 172 0.166667
7 178 0.142857
7 183 0.2
8 7 0.0263158
8 3 0.0666667
8 19 0.0714286
8 26 0.0625
8 157 0.142857
8 167 0.25
8 196 0.5
9 4 0.0769231
9 0 0.0588235
9 40 0.25
9 47 0.125
9 108 0.166667
9 174 0.125
10 2 0.0344828
11 7 0.0263158
11 0 0.0588235
11 21 0.0454545
11 28 0.0769231
11 43 0.25
11 53 0.2
11 56 0.125
11 57 0.0833333
11 71 0.142857
11 73 0.166667
11 124 0.142857
11 146 0.333333
11 161 0.5
12 5 0.0833333
12 45 0.0909091
12 67 0.5
12 141 0.5
12 193 0.25
13 7 0.0263158
13 66 0.125
13 98 0.25
13 103 0.25
13 186 0.166667
14 4 0.0769231
14 48 0.25
14 65 0.2
14 76 0.125
14 111 0.25
14 118 0.5
15 2 0.0344828
15 17 0.0909091
15 21 0.0454545
15 142 0.5
15 194 0.25
15 197 0.166667
16 5 0.0833333
16 12 0.0833333
16 20 0.0769231
16 45 0.0909091
16 176 0.166667
16 188 0.25
17 7 0.0263158
17 13 0.0909091
17 2 0.0344828
17 15 0.0666667
17 37 0.25
17 87 0.1
18 5 0.0833333
18 28 0.0769231
18 34 0.166667
18 73 0.166667
18 145 0.5
19 4 0.0769231
19 8 0.0666667
19 24 0.25
19 60 0.166667
19 66 0.125
19 79 0.2
19 167 0.25
20 16 0.0769231
20 18 0.0909091
20 22 0.142857
20 29 0.0833333
20 44 0.142857
20 133 0.25
20 158 0.166667
21 7 0.0263158
21 11 0.037037
21 15 0.0666667
21 22 0.142857
21 27 0.0434783
21 39 0.142857
21 50 0.125
21 52 0.1
21 90 0.25
21 92 0.2
22 21 0.0454545
22 20 0.0769231
22 35 0.5
23 0 0.0588235
23 78 0.142857
23 85 0.166667
23 106 0.125
24 4 0.0769231
24 19 0.0714286
25 7 0.0263158
25 159 0.142857
26 21 0.0454545
26 8 0.0666667
26 7 0.0263158
26 52 0.1
26 62 0.25
26 134 0.142857
26 151 0.0833333
26 177 0.2
27 2 0.0344828
27 15 0.0666667
27 21 0.0454545
27 31 0.5
27 72 0.333333
27 81 0.2
27 90 0.25
27 96 0.2
27 113 0.5
27 181 0.2
27 185 0.333333
28 22 0.142857
28 18 0.0909091
28 11 0.037037
28 32 0.05
28 34 0.166667
28 99 0.25
29 20 0.0769231
29 33 0.0769231
29 44 0.142857
29 61 0.25
29 152 0.166667
29 158 0.166667
30 1 0.0434783
30 119 0.166667
30 125 0.125
30 190 0.125
30 191 0.166667
31 27 0.0434783
32 28 0.0769231
32 1 0.0434783
32 46 0.111111
32 56 0.125
32 57 0.0833333
32 70 0.25
32 77 0.333333
32 117 0.333333
33 16 0.0769231
33 5 0.0833333
33 29 0.0833333
33 38 0.0833333
33 49 0.142857
33 51 0.142857
33 120 0.5
34 18 0.0909091
34 28 0.0769231
34 116 0.5
35 22 0.142857
36 32 0.05
36 3 0.0666667
36 11 0.037037
36 56 0.125
36 68 0.2
36 71 0.142857
36 132 0.5
37 17 0.0909091
37 80 0.333333
38 33 0.0769231
38 49 0.142857
38 89 0.333333
38 102 0.1
38 104 0.5
39 26 0.0625
39 21 0.0454545
39 50 0.125
39 124 0.142857
40 9 0.0909091
40 47 0.125
41 5 0.0833333
42 2 0.0344828
42 6 0.1
42 83 0.2
43 11 0.037037
44 20 0.0769231
44 29 0.0833333
44 133 0.25
45 38 0.0833333
45 16 0.0769231
45 12 0.0833333
45 94 0.25
45 107 0.25
45 176 0.166667
46 3 0.0666667
46 36 0.0714286
46 1 0.0434783
46 32 0.05
46 153 0.2
46 169 0.5
47 40 0.25
47 9 0.0909091
47 160 0.5
48 14 0.0666667
48 65 0.2
49 33 0.0769231
49 38 0.0833333
49 180 0.5
50 39 0.142857
50 21 0.0454545
50 92 0.2
50 151 0.0833333
51 33 0.0769231
51 38 0.0833333
51 55 0.5
51 190 0.125
52 26 0.0625
52 21 0.0454545
52 58 0.25
52 151 0.0833333
52 177 0.2
53 36 0.0714286
53 3 0.0666667
53 11 0.037037
54 1 0.0434783
54 7 0.0263158
54 25 0.166667
54 57 0.0833333
54 64 0.125
54 69 0.2
54 110 0.25
54 123 0.166667
54 157 0.142857
55 51 0.142857
56 32 0.05
56 11 0.037037
56 36 0.0714286
56 150 0.5
57 11 0.037037
57 32 0.05
57 54 0.0526316
57 112 0.5
57 138 0.166667
57 163 0.25
58 52 0.1
58 151 0.0833333
59 7 0.0263158
59 1 0.0434783
59 140 0.333333
59 192 0.333333
60 19 0.0714286
60 75 0.125
60 135 0.2
61 29 0.0833333
61 152 0.166667
62 26 0.0625
62 151 0.0833333
63 4 0.0769231
63 14 0.0666667
64 54 0.0526316
64 123 0.166667
64 157 0.142857
64 197 0.166667
65 48 0.25
65 14 0.0666667
65 47 0.125
66 19 0.0714286
66 13 0.0909091
66 8 0.0666667
66 135 0.2
67 12 0.0833333
68 32 0.05
68 36 0.0714286
68 84 0.5
69 15 0.0666667
69 54 0.0526316
69 102 0.1
70 32 0.05
71 11 0.037037
71 43 0.25
71 36 0.0714286
71 175 0.5
72 27 0.0434783
73 11 0.037037
73 18 0.0909091
73 74 0.5
74 73 0.166667
75 60 0.166667
75 47 0.125
75 79 0.2
75 108 0.166667
76 14 0.0666667
76 147 0.333333
76 164 0.333333
76 195 0.5
77 32 0.05
77 70 0.25
78 23 0.111111
78 85 0.166667
78 86 0.125
79 19 0.0714286
79 75 0.125
80 17 0.0909091
80 37 0.25
81 27 0.0434783
81 2 0.0344828
82 7 0.0263158
82 137 0.142857
82 178 0.142857
82 187 0.142857
83 42 0.166667
83 12 0.0833333
83 193 0.25
84 68 0.2
85 23 0.111111
85 78 0.142857
85 106 0.125
86 78 0.142857
86 2 0.0344828
86 88 0.5
86 174 0.125
87 17 0.0909091
87 7 0.0263158
87 54 0.0526316
87 149 0.5
87 154 0.2
87 189 0.5
88 86 0.125
89 38 0.0833333
90 27 0.0434783
90 21 0.0454545
91 2 0.0344828
91 173 0.2
92 21 0.0454545
92 27 0.0434783
92 50 0.125
93 81 0.2
93 27 0.0434783
93 2 0.0344828
93 15 0.0666667
93 115 0.2
93 126 0.25
94 45 0.0909091
95 6 0.1
96 27 0.0434783
96 72 0.333333
96 181 0.2
97 44 0.142857
98 13 0.0909091
98 186 0.166667
99 28 0.0769231
99 171 0.333333
100 1 0.0434783
100 105 0.2
101 1 0.0434783
101 28 0.0769231
101 16 0.0769231
101 188 0.25
102 69 0.2
102 89 0.333333
102 38 0.0833333
102 156 0.2
102 190 0.125
103 13 0.0909091
103 186 0.166667
104 38 0.0833333
105 100 0.2
105 3 0.0666667
105 1 0.0434783
106 85 0.166667
106 23 0.111111
106 78 0.142857
106 174 0.125
107 45 0.0909091
107 94 0.25
108 9 0.0909091
108 75 0.125
108 134 0.142857
109 7 0.0263158
110 54 0.0526316
110 123 0.166667
111 4 0.0769231
111 14 0.0666667
112 57 0.0833333
113 27 0.0434783
114 1 0.0434783
115 93 0.125
115 121 0.2
116 34 0.166667
117 32 0.05
117 70 0.25
118 14 0.0666667
119 30 0.1
119 125 0.125
119 162 0.142857
120 33 0.0769231
121 115 0.2
121 153 0.2
122 6 0.1
122 129 0.25
123 64 0.125
123 54 0.0526316
123 110 0.25
124 7 0.0263158
124 11 0.037037
124 39 0.142857
125 30 0.1
125 119 0.166667
125 162 0.142857
125 191 0.166667
126 93 0.125
126 143 0.125
127 75 0.125
127 79 0.2
127 131 0.333333
127 155 0.2
128 23 0.111111
128 106 0.125
129 122 0.25
129 6 0.1
130 102 0.1
131 127 0.166667
132 36 0.0714286
133 20 0.0769231
133 44 0.142857
134 26 0.0625
134 63 0.333333
134 108 0.166667
134 148 0.5
135 60 0.166667
135 66 0.125
136 3 0.0666667
137 7 0.0263158
137 82 0.1
137 109 0.166667
138 57 0.0833333
138 163 0.25
138 174 0.125
139 7 0.0263158
139 109 0.166667
139 159 0.142857
139 187 0.142857
140 59 0.125
141 12 0.0833333
142 15 0.0666667
143 124 0.142857
143 115 0.2
143 126 0.25
143 144 0.5
143 182 0.333333
144 143 0.125
145 18 0.0909091
146 11 0.037037
146 43 0.25
147 76 0.125
148 134 0.142857
149 87 0.1
150 56 0.125
151 58 0.25
151 26 0.0625
151 50 0.125
151 62 0.25
151 52 0.1
151 184 0.5
152 29 0.0833333
152 61 0.25
152 158 0.166667
153 46 0.111111
153 121 0.2
153 1 0.0434783
154 49 0.142857
154 87 0.1
154 166 0.5
155 127 0.166667
155 131 0.333333
155 170 0.5
156 102 0.1
156 130 0.5
156 190 0.125
157 8 0.0666667
157 64 0.125
157 54 0.0526316
157 135 0.2
158 29 0.0833333
158 152 0.166667
158 20 0.0769231
159 7 0.0263158
159 139 0.125
159 25 0.166667
159 137 0.142857
160 47 0.125
161 11 0.037037
162 119 0.166667
162 30 0.1
162 125 0.125
162 191 0.166667
163 57 0.0833333
163 138 0.166667
164 147 0.333333
164 76 0.125
165 1 0.0434783
165 100 0.2
166 154 0.2
167 8 0.0666667
167 19 0.0714286
168 2 0.0344828
168 91 0.2
168 173 0.2
169 46 0.111111
170 155 0.2
171 99 0.25
171 28 0.0769231
172 25 0.166667
172 7 0.0263158
172 82 0.1
172 187 0.142857
173 91 0.2
173 168 0.2
173 2 0.0344828
174 9 0.0909091
174 106 0.125
174 86 0.125
174 138 0.166667
175 71 0.142857
176 107 0.25
176 45 0.0909091
176 94 0.25
176 16 0.0769231
177 52 0.1
177 21 0.0454545
177 26 0.0625
178 7 0.0263158
178 82 0.1
178 137 0.142857
179 2 0.0344828
180 49 0.142857
181 27 0.0434783
181 96 0.2
182 143 0.125
182 121 0.2
183 7 0.0263158
183 109 0.166667
183 139 0.125
183 82 0.1
184 151 0.0833333
185 27 0.0434783
185 181 0.2
186 98 0.25
186 13 0.0909091
186 103 0.25
187 139 0.125
187 82 0.1
187 172 0.166667
187 109 0.166667
188 16 0.0769231
188 101 0.2
189 87 0.1
190 156 0.2
190 102 0.1
190 30 0.1
190 51 0.142857
191 30 0.1
191 162 0.142857
191 125 0.125
192 59 0.125
192 140 0.333333
193 12 0.0833333
193 83 0.2
194 15 0.0666667
194 197 0.166667
195 76 0.125
196 8 0.0666667
197 15 0.0666667
197 64 0.125
197 194 0.25
