0.125211
0.109751
1
0.100569
0.104662
0.240035
0.116724
1
0.079101
0.014801
0.499659
1
1
0.106139
1
0.152596
0.101663
0.183881
0.05313
0.017313
0.019753
0.15377
0.044993
0.016756
0.029474
0.221211
0.072269
1
0.151506
0.085532
0.002015
0.500553
1
1
0.033127
0.022392
0.056077
0.046222
0.115292
0.061603
0.011376
0.120397
0.188266
0.33875
0.015221
0.100276
0.113564
0.032092
0.288895
0.180009
0.030616
0.142844
0.025039
0.213922
0.067184
0.071575
0.239586
0.165334
0.008878
0.137368
0.004247
0.024622
0.020393
0.003551
0.016046
0.240746
0.015971
0.499868
0.01116
0.016088
0.370372
0.148693
0.387458
0.172423
0.086342
0.001426
0.125098
0.333541
0.021035
0.003661
0.015338
0.367865
0.16576
0.08462
0.005596
0.006602
0.126612
1
0.063503
0.042133
0.27729
0.237934
0.035571
0.057299
0.03735
0.058525
0.241582
0
0.030636
0.038146
0.031767
0.005187
0.015177
0.030467
0.058182
0.025679
0.005524
0.031902
0.004329
0.250688
0.019504
0.266741
0.08268
0.500268
0.054901
0.217031
0.016553
0.333806
0.499807
0.000386
0.499718
0.109276
0.034674
0.015622
0.268332
0.000342
0.255737
0
0
0.034613
0.003398
0
0.028172
0.008261
0.010686
0.008232
0.050222
0.200993
0.036308
0.17016
0.055798
0.501085
0.076082
1
0.500874
0.026497
0.334216
0.050837
0.005416
0.501548
0.120054
0.012413
0.019789
0.043032
0.200332
0
0.006923
0.022578
0.019653
0.185039
0.01608
0.500371
0.000175
0.04748
0.041927
0.036729
0.100351
0.023313
0.207691
0.057001
0
0.012595
0.17317
0.084628
0.022023
0.074323
0.032762
0.018806
0.161231
0.500772
0.090079
0.284684
0.333386
0.200056
0.006234
0.333749
0.024875
0.068544
0.025434
0.501
0.019954
0.00037
0.046018
0.257414
0.043477
0.062341
0.039747
0.032776
