0 2
1 0
2 0
4 5
4 13
4 21
5 4
6 10
6 14
6 19
6 22
6 34
7 8
7 9
7 11
7 42
7 57
8 7
8 12
8 23
8 39
8 48
8 53
8 58
9 7
9 11
9 61
10 6
10 16
10 22
11 7
11 9
11 36
11 42
11 57
11 61
12 8
12 13
12 23
12 39
12 48
12 58
13 12
13 4
13 5
13 17
14 6
14 31
14 34
15 45
16 14
16 10
16 30
17 13
17 18
18 17
18 25
19 10
19 6
19 14
19 46
20 7
20 11
20 52
20 56
21 4
21 44
22 10
22 6
23 12
23 8
23 39
24 28
25 18
25 17
25 40
25 50
25 54
27 15
27 38
27 43
28 24
28 32
29 21
30 16
30 31
31 14
31 30
31 6
31 36
32 28
32 35
33 25
33 40
33 50
34 6
34 14
34 60
35 32
35 39
35 47
35 51
36 11
36 31
36 7
36 26
36 37
37 36
38 27
38 43
39 12
39 23
39 8
39 35
40 33
40 25
40 50
40 54
41 55
42 7
42 11
43 30
43 27
43 38
44 21
44 49
45 15
46 19
47 35
48 12
48 35
48 8
49 44
49 29
50 40
50 33
50 25
51 35
51 47
52 20
53 23
53 12
53 8
54 40
54 25
54 33
55 41
55 39
56 20
56 52
57 7
57 11
58 8
58 12
58 23
59 26
60 6
60 34
61 11
61 9
61 42
62 63
63 62
63 64
64 63
66 62
66 3
66 4
66 35
66 67
67 66
67 69
69 67
69 68
71 74
74 30
74 71
75 76
75 81
75 82
75 91
75 124
76 75
76 82
76 120
77 79
77 107
78 84
78 86
78 96
79 77
79 80
79 103
79 115
80 79
80 115
81 75
81 88
81 106
81 108
81 109
82 76
82 75
83 89
83 92
83 97
83 103
83 127
84 78
84 86
84 94
84 119
85 93
85 101
85 112
85 113
86 78
86 84
86 96
86 101
87 78
88 81
88 106
88 118
89 80
89 83
89 117
90 85
90 98
90 108
91 75
91 124
92 83
92 127
93 85
93 99
93 104
93 105
94 84
94 78
94 86
94 99
96 78
96 86
97 83
98 89
98 90
98 114
99 93
99 94
99 102
99 126
100 93
100 104
100 105
101 78
101 86
101 85
102 99
102 126
103 83
103 79
103 97
103 125
104 93
104 100
104 105
105 100
105 104
105 93
105 121
106 88
106 81
106 109
107 77
108 90
108 81
109 81
109 106
110 75
110 111
110 122
110 128
111 110
112 85
113 85
114 98
114 82
115 79
115 80
115 116
116 115
116 123
117 89
118 88
118 106
119 84
119 78
120 76
121 100
121 104
121 105
121 93
122 110
122 111
122 128
123 116
124 75
124 91
125 95
125 103
126 102
126 99
127 83
127 92
127 97
128 90
128 111
128 110
128 122
129 132
129 133
132 129
133 129
135 136
136 135
137 138
138 137
