0
0
0
0
0.002372
0.005104
1
0.133817
0.015329
0.210983
0.192999
1
0.013123
0.024019
0.148191
0
0.024572
0.227652
0.194984
0.166785
0
0.000353
0.281288
0.01776
0.010451
1
0.032205
0
0.041866
2e-06
0.005407
0.034242
0.249964
0.083646
0.184988
1
0.128182
0.064037
0
0.113531
0.166547
0
0.255459
0
3.5e-05
0
0.055653
0.407709
0.00308
6e-06
0.149237
0.333402
0
0.003801
0.22368
0
0
0.272326
0.003981
0
0.03717
0.229647
0
0
0
0
0
0
0
0
0
0
0
0
0
1
0.128296
0.001191
0.011325
0.009057
0.015878
0.090235
0.182473
1
0.0034
1
0.015565
0
0.017245
0.1013
0.001446
0.298161
0.288386
0.090798
0.001964
0.007722
0.006337
0.312608
0.000158
0.008339
0.004883
0.12629
0.002526
0.091188
0.014992
0.013296
0.017698
0.000615
0.018091
0.025573
0
0
0.500626
0.501252
3.3e-05
0.003967
0.000978
0.050874
0.003386
0.001114
0.064124
0.002691
0
0.000475
0.297887
0.023027
0.002489
0.241145
0
0
0
0
0
0
0
0
0
0
0
