34 35
35 34
37 44
53 38
54 40
54 42
3 4
3 7
3 8
3 12
4 3
16 5
55 50
55 63
5 6
5 16
6 5
6 11
6 14
38 52
38 53
17 9
17 15
17 18
56 40
56 42
56 43
7 3
7 4
7 25
7 26
39 38
39 49
57 43
57 56
57 42
40 42
40 43
40 56
8 3
8 10
41 51
41 61
18 9
18 15
18 17
42 40
42 43
42 54
42 56
42 57
43 42
43 40
43 56
58 45
58 55
58 50
58 46
58 60
19 14
19 20
59 49
59 52
20 14
20 19
20 21
9 8
9 15
9 17
9 18
44 37
60 58
21 14
21 20
21 19
61 41
61 51
45 40
45 46
45 47
46 45
46 47
46 49
46 58
10 8
62 47
22 13
22 24
47 45
47 38
47 46
47 62
63 50
63 55
23 17
23 18
23 9
24 13
24 22
25 7
25 16
11 6
48 37
49 43
49 45
49 46
49 39
49 52
26 7
26 16
26 27
12 3
27 26
13 22
13 24
28 29
28 30
14 6
14 19
14 20
14 21
29 28
50 55
50 63
30 28
52 38
52 49
52 59
51 41
31 33
15 9
15 18
33 31
