0 1
0 4
0 16
0 30
0 103
1 0
1 2
1 3
1 5
1 6
1 7
1 9
1 10
1 25
1 69
2 1
2 8
2 13
2 34
2 44
2 46
2 58
2 86
2 182
3 1
3 5
3 9
3 12
3 15
3 20
3 40
3 52
3 66
3 80
3 94
3 110
3 128
3 187
4 0
4 18
4 30
4 60
4 74
4 90
4 93
4 106
4 140
4 143
4 150
4 153
5 3
5 1
6 1
6 3
6 14
6 15
6 19
6 52
7 1
7 48
7 56
7 68
7 123
7 186
8 2
8 11
8 36
8 41
8 62
8 100
8 134
8 197
9 3
9 1
9 55
10 7
10 1
10 24
10 59
11 8
11 33
11 36
11 41
11 100
11 142
11 197
12 3
12 17
12 49
12 92
12 97
12 130
12 139
13 2
14 6
14 25
14 53
14 61
14 101
14 115
15 6
15 3
15 47
15 70
15 71
15 84
15 104
15 124
16 0
16 20
16 103
16 172
17 12
17 21
17 22
17 23
17 26
17 57
17 64
17 82
17 126
17 155
17 191
18 4
18 39
18 60
18 74
18 140
18 143
19 6
19 47
20 12
20 5
20 3
20 16
20 28
20 32
20 45
20 72
20 110
21 17
21 35
21 108
22 12
22 17
22 27
22 31
22 116
22 155
22 171
23 17
23 26
24 10
24 117
24 194
25 14
25 1
25 6
25 29
25 65
25 107
25 137
26 17
26 23
26 54
26 95
26 117
26 147
26 188
27 22
27 81
27 144
28 20
28 76
28 110
29 25
29 77
29 85
29 114
30 0
30 18
30 4
30 38
30 74
31 22
31 37
31 195
32 12
32 20
32 16
33 11
33 8
33 41
34 2
34 46
34 58
34 79
34 86
34 158
34 182
35 21
35 108
36 8
36 11
36 33
36 42
36 134
36 154
36 184
37 31
37 43
37 96
37 195
38 30
38 63
38 93
39 4
39 18
39 153
40 3
40 91
40 94
40 141
41 8
41 11
41 33
41 197
42 36
42 56
42 88
42 146
43 37
43 96
44 34
44 2
45 20
46 34
46 44
46 2
46 89
46 149
46 167
47 15
47 19
48 7
48 26
48 56
48 67
48 111
48 132
48 183
49 12
49 29
49 50
49 51
49 83
49 105
49 127
50 49
50 51
50 83
50 127
50 180
51 50
51 49
51 44
51 136
51 164
52 6
52 3
52 73
52 99
52 102
52 169
53 14
53 101
53 115
54 26
54 98
54 147
55 9
55 1
56 48
56 7
56 42
56 68
57 17
57 64
58 2
58 25
58 34
58 163
59 10
59 194
60 4
60 18
60 90
60 119
61 11
61 14
61 53
61 118
61 120
61 158
62 8
62 33
62 11
62 145
62 193
63 52
63 38
64 57
64 17
64 122
65 25
65 78
66 3
66 87
66 99
66 148
67 48
68 7
68 67
68 56
68 75
68 181
69 1
70 15
70 71
70 84
70 124
71 70
71 15
71 84
72 20
72 45
72 76
73 52
73 17
73 138
74 4
74 30
74 18
74 162
74 176
75 68
75 123
76 28
76 72
76 5
76 121
76 123
76 160
77 29
77 114
78 65
79 34
79 2
80 3
80 40
80 109
80 112
81 27
81 60
81 190
82 17
82 65
82 133
82 168
82 172
83 50
83 49
83 105
83 107
83 175
84 71
84 70
84 15
84 104
84 124
85 28
85 83
85 29
86 34
86 2
87 66
87 99
87 148
87 177
88 42
89 46
90 60
90 4
91 3
91 40
91 128
92 12
93 38
93 4
93 153
93 173
94 3
94 40
94 91
94 128
95 26
96 43
96 37
96 90
96 173
97 12
97 130
98 54
98 50
98 21
98 83
98 152
98 196
99 87
99 66
99 52
99 113
99 179
100 8
100 11
100 41
100 134
100 157
100 197
101 14
101 53
102 52
102 169
103 16
103 0
103 131
104 15
104 84
104 70
105 83
105 49
105 50
105 107
105 180
106 4
107 25
107 50
107 35
107 83
107 105
107 189
107 194
108 21
108 35
109 80
110 3
110 28
110 20
110 111
111 7
111 83
111 48
111 110
112 63
112 80
113 99
114 77
114 29
115 102
115 52
115 14
115 53
115 165
116 12
116 82
116 32
116 22
116 159
116 170
117 110
117 24
117 26
117 174
118 61
119 60
120 118
120 61
121 76
121 160
122 64
123 7
123 76
123 75
124 15
124 70
124 84
124 125
124 129
125 124
125 129
126 17
127 83
127 105
127 50
127 49
128 91
128 40
128 94
128 3
129 124
129 125
130 12
130 97
131 103
132 48
133 82
134 100
134 61
134 36
134 118
134 8
134 166
134 185
134 192
135 35
135 21
135 108
136 51
137 25
138 73
139 97
139 12
140 4
140 18
140 96
140 173
141 40
141 3
142 36
142 11
142 41
142 8
143 18
143 4
143 90
144 27
144 20
145 62
146 42
146 62
146 156
146 158
147 26
147 54
147 151
148 87
148 66
149 89
149 46
149 167
150 39
150 18
150 4
151 54
151 26
151 147
152 98
152 196
153 4
153 93
153 39
153 18
154 36
155 82
155 17
155 22
156 146
156 158
157 41
157 8
157 100
158 156
158 34
158 62
158 146
158 61
159 116
160 121
160 76
161 97
161 29
161 139
161 92
161 114
161 178
162 74
163 58
164 51
164 136
165 115
166 134
166 185
166 192
167 149
167 46
168 82
169 102
169 52
170 116
171 22
172 82
172 16
172 93
172 173
173 140
173 96
173 93
173 172
173 174
174 117
174 173
174 128
175 50
175 49
175 83
176 74
176 162
177 128
177 87
178 161
179 99
179 113
180 105
180 83
180 50
181 68
182 34
182 2
183 67
183 48
184 36
185 166
185 134
186 7
187 3
188 147
188 26
189 107
190 81
191 17
192 134
192 166
192 185
193 145
193 62
194 24
194 59
194 107
194 186
195 31
195 37
196 98
196 152
197 100
197 8
197 157
197 41
197 11
