198
668
0 1 0.047619
0 4 0.037037
0 16 0.111111
0 30 0.111111
0 103 0.166667
1 0 0.0588235
1 2 0.0526316
1 3 0.0322581
1 5 0.166667
1 6 0.0833333
1 7 0.0714286
1 9 0.166667
1 10 0.142857
1 25 0.0714286
1 69 0.5
2 1 0.047619
2 8 0.05
2 13 0.5
2 34 0.0666667
2 44 0.2
2 46 0.0833333
2 58 0.142857
2 86 0.25
2 182 0.25
3 1 0.047619
3 5 0.166667
3 9 0.166667
3 12 0.0555556
3 15 0.0625
3 20 0.0588235
3 40 0.1
3 52 0.0714286
3 66 0.125
3 80 0.142857
3 94 0.142857
3 110 0.111111
3 128 0.111111
3 187 0.5
4 0 0.0588235
4 18 0.0666667
4 30 0.111111
4 60 0.111111
4 74 0.1
4 90 0.166667
4 93 0.111111
4 106 0.5
4 140 0.142857
4 143 0.2
4 150 0.25
4 153 0.142857
5 3 0.0322581
5 1 0.047619
6 1 0.047619
6 3 0.0322581
6 14 0.0833333
6 15 0.0625
6 19 0.25
6 52 0.0714286
7 1 0.047619
7 48 0.0769231
7 56 0.125
7 68 0.111111
7 123 0.166667
7 186 0.333333
8 2 0.0526316
8 11 0.0625
8 36 0.0714286
8 41 0.0909091
8 62 0.1
8 100 0.0909091
8 134 0.0714286
8 197 0.111111
9 3 0.0322581
9 1 0.047619
9 55 0.333333
10 7 0.0714286
10 1 0.047619
10 24 0.166667
10 59 0.25
11 8 0.05
11 33 0.142857
11 36 0.0714286
11 41 0.0909091
11 100 0.0909091
11 142 0.2
11 197 0.111111
12 3 0.0322581
12 17 0.0434783
12 49 0.0714286
12 92 0.333333
12 97 0.166667
12 130 0.25
12 139 0.25
13 2 0.0526316
14 6 0.0833333
14 25 0.0714286
14 53 0.142857
14 61 0.0909091
14 101 0.25
14 115 0.125
15 6 0.0833333
15 3 0.0322581
15 47 0.25
15 70 0.111111
15 71 0.166667
15 84 0.1
15 104 0.2
15 124 0.1
16 0 0.0588235
16 20 0.0588235
16 103 0.166667
16 172 0.142857
17 12 0.0555556
17 21 0.125
17 22 0.0769231
17 23 0.25
17 26 0.0625
17 57 0.25
17 64 0.166667
17 82 0.0909091
17 126 0.5
17 155 0.2
17 191 0.5
18 4 0.037037
18 39 0.166667
18 60 0.111111
18 74 0.1
18 140 0.142857
18 143 0.2
19 6 0.0833333
19 47 0.25
20 12 0.0555556
20 5 0.166667
20 3 0.0322581
20 16 0.111111
20 28 0.142857
20 32 0.2
20 45 0.333333
20 72 0.2
20 110 0.111111
21 17 0.0434783
21 35 0.166667
21 108 0.2
22 12 0.0555556
22 17 0.0434783
22 27 0.166667
22 31 0.166667
22 116 0.111111
22 155 0.2
22 171 0.5
23 17 0.0434783
23 26 0.0625
24 10 0.142857
24 117 0.142857
24 194 0.142857
25 14 0.0833333
25 1 0.047619
25 6 0.0833333
25 29 0.0833333
25 65 0.2
25 107 0.0833333
25 137 0.5
26 17 0.0434783
26 23 0.25
26 54 0.142857
26 95 0.5
26 117 0.142857
26 147 0.142857
26 188 0.333333
27 22 0.0769231
27 81 0.2
27 144 0.333333
28 20 0.0588235
28 76 0.0909091
28 110 0.111111
29 25 0.0714286
29 77 0.25
29 85 0.25
29 114 0.2
30 0 0.0588235
30 18 0.0666667
30 4 0.037037
30 38 0.166667
30 74 0.1
31 22 0.0769231
31 37 0.125
31 195 0.25
32 12 0.0555556
32 20 0.0588235
32 16 0.111111
33 11 0.0625
33 8 0.05
33 41 0.0909091
34 2 0.0526316
34 46 0.0833333
34 58 0.142857
34 79 0.333333
34 86 0.25
34 158 0.111111
34 182 0.25
35 21 0.125
35 108 0.2
36 8 0.05
36 11 0.0625
36 33 0.142857
36 42 0.125
36 134 0.0714286
36 154 0.5
36 184 0.5
37 31 0.166667
37 43 0.25
37 96 0.125
37 195 0.25
38 30 0.111111
38 63 0.25
38 93 0.111111
39 4 0.037037
39 18 0.0666667
39 153 0.142857
40 3 0.0322581
40 91 0.166667
40 94 0.142857
40 141 0.333333
41 8 0.05
41 11 0.0625
41 33 0.142857
41 197 0.111111
42 36 0.0714286
42 56 0.125
42 88 0.5
42 146 0.142857
43 37 0.125
43 96 0.125
44 34 0.0666667
44 2 0.0526316
45 20 0.0588235
46 34 0.0666667
46 44 0.2
46 2 0.0526316
46 89 0.333333
46 149 0.2
46 167 0.25
47 15 0.0625
47 19 0.25
48 7 0.0714286
48 26 0.0625
48 56 0.125
48 67 0.25
48 111 0.166667
48 132 0.5
48 183 0.333333
49 12 0.0555556
49 29 0.0833333
49 50 0.0714286
49 51 0.111111
49 83 0.0666667
49 105 0.1
49 127 0.166667
50 49 0.0714286
50 51 0.111111
50 83 0.0666667
50 127 0.166667
50 180 0.2
51 50 0.0714286
51 49 0.0714286
51 44 0.2
51 136 0.333333
51 164 0.333333
52 6 0.0833333
52 3 0.0322581
52 73 0.2
52 99 0.1
52 102 0.2
52 169 0.25
53 14 0.0833333
53 101 0.25
53 115 0.125
54 26 0.0625
54 98 0.0909091
54 147 0.142857
55 9 0.166667
55 1 0.047619
56 48 0.0769231
56 7 0.0714286
56 42 0.125
56 68 0.111111
57 17 0.0434783
57 64 0.166667
58 2 0.0526316
58 25 0.0714286
58 34 0.0666667
58 163 0.5
59 10 0.142857
59 194 0.142857
60 4 0.037037
60 18 0.0666667
60 90 0.166667
60 119 0.5
61 11 0.0625
61 14 0.0833333
61 53 0.142857
61 118 0.25
61 120 0.2
61 158 0.111111
62 8 0.05
62 33 0.142857
62 11 0.0625
62 145 0.333333
62 193 0.333333
63 52 0.0714286
63 38 0.166667
64 57 0.25
64 17 0.0434783
64 122 0.5
65 25 0.0714286
65 78 0.5
66 3 0.0322581
66 87 0.125
66 99 0.1
66 148 0.25
67 48 0.0769231
68 7 0.0714286
68 67 0.25
68 56 0.125
68 75 0.25
68 181 0.5
69 1 0.047619
70 15 0.0625
70 71 0.166667
70 84 0.1
70 124 0.1
71 70 0.111111
71 15 0.0625
71 84 0.1
72 20 0.0588235
72 45 0.333333
72 76 0.0909091
73 52 0.0714286
73 17 0.0434783
73 138 0.5
74 4 0.037037
74 30 0.111111
74 18 0.0666667
74 162 0.333333
74 176 0.333333
75 68 0.111111
75 123 0.166667
76 28 0.142857
76 72 0.2
76 5 0.166667
76 121 0.25
76 123 0.166667
76 160 0.25
77 29 0.0833333
77 114 0.2
78 65 0.2
79 34 0.0666667
79 2 0.0526316
80 3 0.0322581
80 40 0.1
80 109 0.5
80 112 0.333333
81 27 0.166667
81 60 0.111111
81 190 0.5
82 17 0.0434783
82 65 0.2
82 133 0.5
82 168 0.5
82 172 0.142857
83 50 0.0714286
83 49 0.0714286
83 105 0.1
83 107 0.0833333
83 175 0.25
84 71 0.166667
84 70 0.111111
84 15 0.0625
84 104 0.2
84 124 0.1
85 28 0.142857
85 83 0.0666667
85 29 0.0833333
86 34 0.0666667
86 2 0.0526316
87 66 0.125
87 99 0.1
87 148 0.25
87 177 0.333333
88 42 0.125
89 46 0.0833333
90 60 0.111111
90 4 0.037037
91 3 0.0322581
91 40 0.1
91 128 0.111111
92 12 0.0555556
93 38 0.166667
93 4 0.037037
93 153 0.142857
93 173 0.1
94 3 0.0322581
94 40 0.1
94 91 0.166667
94 128 0.111111
95 26 0.0625
96 43 0.25
96 37 0.125
96 90 0.166667
96 173 0.1
97 12 0.0555556
97 130 0.25
98 54 0.142857
98 50 0.0714286
98 21 0.125
98 83 0.0666667
98 152 0.25
98 196 0.25
99 87 0.125
99 66 0.125
99 52 0.0714286
99 113 0.333333
99 179 0.333333
100 8 0.05
100 11 0.0625
100 41 0.0909091
100 134 0.0714286
100 157 0.2
100 197 0.111111
101 14 0.0833333
101 53 0.142857
102 52 0.0714286
102 169 0.25
103 16 0.111111
103 0 0.0588235
103 131 0.5
104 15 0.0625
104 84 0.1
104 70 0.111111
105 83 0.0666667
105 49 0.0714286
105 50 0.0714286
105 107 0.0833333
105 180 0.2
106 4 0.037037
107 25 0.0714286
107 50 0.0714286
107 35 0.166667
107 83 0.0666667
107 105 0.1
107 189 0.5
107 194 0.142857
108 21 0.125
108 35 0.166667
109 80 0.142857
110 3 0.0322581
110 28 0.142857
110 20 0.0588235
110 111 0.166667
111 7 0.0714286
111 83 0.0666667
111 48 0.0769231
111 110 0.111111
112 63 0.25
112 80 0.142857
113 99 0.1
114 77 0.25
114 29 0.0833333
115 102 0.2
115 52 0.0714286
115 14 0.0833333
115 53 0.142857
115 165 0.5
116 12 0.0555556
116 82 0.0909091
116 32 0.2
116 22 0.0769231
116 159 0.5
116 170 0.5
117 110 0.111111
117 24 0.166667
117 26 0.0625
117 174 0.2
118 61 0.0909091
119 60 0.111111
120 118 0.25
120 61 0.0909091
121 76 0.0909091
121 160 0.25
122 64 0.166667
123 7 0.0714286
123 76 0.0909091
123 75 0.25
124 15 0.0625
124 70 0.111111
124 84 0.1
124 125 0.25
124 129 0.25
125 124 0.1
125 129 0.25
126 17 0.0434783
127 83 0.0666667
127 105 0.1
127 50 0.0714286
127 49 0.0714286
128 91 0.166667
128 40 0.1
128 94 0.142857
128 3 0.0322581
129 124 0.1
129 125 0.25
130 12 0.0555556
130 97 0.166667
131 103 0.166667
132 48 0.0769231
133 82 0.0909091
134 100 0.0909091
134 61 0.0909091
134 36 0.0714286
134 118 0.25
134 8 0.05
134 166 0.166667
134 185 0.2
134 192 0.2
135 35 0.166667
135 21 0.125
135 108 0.2
136 51 0.111111
137 25 0.0714286
138 73 0.2
139 97 0.166667
139 12 0.0555556
140 4 0.037037
140 18 0.0666667
140 96 0.125
140 173 0.1
141 40 0.1
141 3 0.0322581
142 36 0.0714286
142 11 0.0625
142 41 0.0909091
142 8 0.05
143 18 0.0666667
143 4 0.037037
143 90 0.166667
144 27 0.166667
144 20 0.0588235
145 62 0.1
146 42 0.125
146 62 0.1
146 156 0.25
146 158 0.111111
147 26 0.0625
147 54 0.142857
147 151 0.25
148 87 0.125
148 66 0.125
149 89 0.333333
149 46 0.0833333
149 167 0.25
150 39 0.166667
150 18 0.0666667
150 4 0.037037
151 54 0.142857
151 26 0.0625
151 147 0.142857
152 98 0.0909091
152 196 0.25
153 4 0.037037
153 93 0.111111
153 39 0.166667
153 18 0.0666667
154 36 0.0714286
155 82 0.0909091
155 17 0.0434783
155 22 0.0769231
156 146 0.142857
156 158 0.111111
157 41 0.0909091
157 8 0.05
157 100 0.0909091
158 156 0.25
158 34 0.0666667
158 62 0.1
158 146 0.142857
158 61 0.0909091
159 116 0.111111
160 121 0.25
160 76 0.0909091
161 97 0.166667
161 29 0.0833333
161 139 0.25
161 92 0.333333
161 114 0.2
161 178 0.5
162 74 0.1
163 58 0.142857
164 51 0.111111
164 136 0.333333
165 115 0.125
166 134 0.0714286
166 185 0.2
166 192 0.2
167 149 0.2
167 46 0.0833333
168 82 0.0909091
169 102 0.2
169 52 0.0714286
170 116 0.111111
171 22 0.0769231
172 82 0.0909091
172 16 0.111111
172 93 0.111111
172 173 0.1
173 140 0.142857
173 96 0.125
173 93 0.111111
173 172 0.142857
173 174 0.2
174 117 0.142857
174 173 0.1
174 128 0.111111
175 50 0.0714286
175 49 0.0714286
175 83 0.0666667
176 74 0.1
176 162 0.333333
177 128 0.111111
177 87 0.125
178 161 0.142857
179 99 0.1
179 113 0.333333
180 105 0.1
180 83 0.0666667
180 50 0.0714286
181 68 0.111111
182 34 0.0666667
182 2 0.0526316
183 67 0.25
183 48 0.0769231
184 36 0.0714286
185 166 0.166667
185 134 0.0714286
186 7 0.0714286
187 3 0.0322581
188 147 0.142857
188 26 0.0625
189 107 0.0833333
190 81 0.2
191 17 0.0434783
192 134 0.0714286
192 166 0.166667
192 185 0.2
193 145 0.333333
193 62 0.1
194 24 0.166667
194 59 0.25
194 107 0.0833333
194 186 0.333333
195 31 0.166667
195 37 0.125
196 98 0.0909091
196 152 0.25
197 100 0.0909091
197 8 0.05
197 157 0.2
197 41 0.0909091
197 11 0.0625
