0.0756
0.129202
1
1
1
0.330916
0.031346
0.118825
0.116202
0.183429
0.02692
0.083141
0.219807
0.500642
0.011921
0.064587
0.047448
1
0.139172
0.011765
0.102993
0.147502
0.161774
0.27422
0.03091
0.099709
0.136755
0.026876
0.173625
0.113451
0.132103
0.027424
0.215212
0.156706
0.124328
0.187566
1
0.007706
0.045326
0.087745
0.143025
0.037032
0.141846
0.007676
0.217951
0.09974
0.093467
0.017987
1
0.039137
0.090507
0.014384
0.076197
0.003795
0.023135
0.061463
0.152871
0.28114
0.156808
0.041103
0.145272
0.011302
0.015612
0.022654
0.201569
0.057183
0.127399
0.319434
0.034523
0.064898
0.011287
0.013349
0.214965
0.015094
0.123638
0.052476
1
0.078877
0.028773
0.041376
0.142611
0.005381
0.191539
0.096809
0.010277
0.028337
0.271486
0.021782
0.070935
0.036089
0.217769
0.070131
0.379419
0.13526
0.171761
0.068386
0.024814
0.240155
0.002116
0.021727
0.027104
0.003734
0.018816
0.019928
0.014473
0.114887
0.500981
1
0.063986
0.071428
0.154846
0.186028
0.047504
0.008826
0.21883
0.001916
1
0.02437
0.022365
0.072623
0.002231
0.298727
0.10112
0.183257
0.008463
0.002535
0.500568
0.021205
0.133765
0.002542
0.108144
0.009885
0.499717
0.096015
0.080331
0
0.005927
0.049871
0.007545
0.289657
0.161422
0.047835
0.016647
0.221457
0.008999
0.006402
0.022736
0.027275
0.035546
0.022366
0.251385
0.006885
0.000676
0.164936
0.500228
0.224697
0.009526
0.010542
0.017687
0.500863
0.297737
1
0.050338
0.078391
0.004941
0.000958
0.018043
0.026659
0.095763
0.022019
0.499625
0.080956
0.037559
0.034908
0.011724
0.024362
0.04129
0.007283
0.500921
0.007272
0.039761
0.017139
0.271118
0.334241
0.500832
0.021355
0.084927
0.501492
0.045744
0.500426
0.002711
0.50037
0.01856
0.005151
0.144164
0.008411
0.000605
0.027478
