37 38
21 20
21 7
61 55
61 54
61 39
22 14
22 19
22 12
22 28
38 37
38 39
38 48
38 50
39 38
39 40
39 47
39 50
39 51
39 61
2 3
2 11
2 24
2 31
3 2
3 4
3 16
3 24
3 29
40 39
40 44
40 51
40 57
40 58
40 65
4 3
4 5
4 6
4 7
4 8
4 9
4 10
4 26
5 4
41 38
41 40
41 42
41 43
41 45
41 54
62 55
62 54
42 41
42 60
42 63
6 4
6 5
6 17
6 26
7 4
7 20
7 21
8 4
23 10
23 27
9 4
9 13
43 41
43 42
44 40
44 65
10 4
10 6
10 5
10 23
10 27
10 30
11 2
45 41
12 11
12 2
12 14
12 15
12 18
12 19
12 22
24 2
24 3
24 16
25 21
25 10
47 39
47 50
63 60
63 42
64 54
13 9
65 40
65 44
48 38
50 40
50 39
50 38
50 47
50 52
50 56
51 40
51 39
52 50
52 56
53 40
53 41
53 43
53 66
26 17
26 4
26 6
14 12
14 22
66 53
54 41
54 55
54 59
54 62
27 10
27 23
55 54
55 59
55 61
55 62
28 22
28 18
15 12
16 3
16 24
29 3
30 2
30 10
30 14
17 6
17 4
17 26
31 2
56 50
56 52
18 12
18 14
18 15
18 28
32 33
57 40
57 44
57 58
58 40
58 57
33 32
59 54
59 55
19 12
19 14
70 71
70 72
34 35
34 36
71 70
71 73
72 70
73 71
60 42
35 34
36 34
20 7
