74
172
37 38 0.0526316
21 20 0.333333
21 7 0.142857
61 55 0.125
61 54 0.0909091
61 39 0.0714286
22 14 0.111111
22 19 0.25
22 12 0.0666667
22 28 0.25
38 37 0.1
38 39 0.0714286
38 48 0.5
38 50 0.0909091
39 38 0.0526316
39 40 0.0625
39 47 0.25
39 50 0.0909091
39 51 0.166667
39 61 0.2
2 3 0.0833333
2 11 0.2
2 24 0.166667
2 31 0.5
3 2 0.0625
3 4 0.047619
3 16 0.25
3 24 0.166667
3 29 0.5
40 39 0.0714286
40 44 0.166667
40 51 0.166667
40 57 0.142857
40 58 0.25
40 65 0.25
4 3 0.0833333
4 5 0.2
4 6 0.125
4 7 0.142857
4 8 0.5
4 9 0.166667
4 10 0.0909091
4 26 0.166667
5 4 0.047619
41 38 0.0526316
41 40 0.0625
41 42 0.111111
41 43 0.166667
41 45 0.5
41 54 0.0909091
62 55 0.125
62 54 0.0909091
42 41 0.0769231
42 60 0.333333
42 63 0.333333
6 4 0.047619
6 5 0.2
6 17 0.2
6 26 0.166667
7 4 0.047619
7 20 0.333333
7 21 0.25
8 4 0.047619
23 10 0.0909091
23 27 0.25
9 4 0.047619
9 13 0.5
43 41 0.0769231
43 42 0.111111
44 40 0.0625
44 65 0.25
10 4 0.047619
10 6 0.125
10 5 0.2
10 23 0.25
10 27 0.25
10 30 0.25
11 2 0.0625
45 41 0.0769231
12 11 0.2
12 2 0.0625
12 14 0.111111
12 15 0.333333
12 18 0.166667
12 19 0.25
12 22 0.142857
24 2 0.0625
24 3 0.0833333
24 16 0.25
25 21 0.25
25 10 0.0909091
47 39 0.0714286
47 50 0.0909091
63 60 0.333333
63 42 0.111111
64 54 0.0909091
13 9 0.166667
65 40 0.0625
65 44 0.166667
48 38 0.0526316
50 40 0.0625
50 39 0.0714286
50 38 0.0526316
50 47 0.25
50 52 0.25
50 56 0.25
51 40 0.0625
51 39 0.0714286
52 50 0.0909091
52 56 0.25
53 40 0.0625
53 41 0.0769231
53 43 0.166667
53 66 0.5
26 17 0.2
26 4 0.047619
26 6 0.125
14 12 0.0666667
14 22 0.142857
66 53 0.2
54 41 0.0769231
54 55 0.125
54 59 0.25
54 62 0.25
27 10 0.0909091
27 23 0.25
55 54 0.0909091
55 59 0.25
55 61 0.2
55 62 0.25
28 22 0.142857
28 18 0.166667
15 12 0.0666667
16 3 0.0833333
16 24 0.166667
29 3 0.0833333
30 2 0.0625
30 10 0.0909091
30 14 0.111111
17 6 0.125
17 4 0.047619
17 26 0.166667
31 2 0.0625
56 50 0.0909091
56 52 0.25
18 12 0.0666667
18 14 0.111111
18 15 0.333333
18 28 0.25
32 33 0.25
57 40 0.0625
57 44 0.166667
57 58 0.25
58 40 0.0625
58 57 0.142857
33 32 0.166667
59 54 0.0909091
59 55 0.125
19 12 0.0666667
19 14 0.111111
70 71 0.25
70 72 0.5
34 35 0.5
34 36 0.5
71 70 0.166667
71 73 0.5
72 70 0.166667
73 71 0.25
60 42 0.111111
35 34 0.166667
36 34 0.166667
20 7 0.142857
