0 1
1 0
1 2
1 3
2 1
2 3
2 7
3 2
3 1
3 4
3 6
3 7
4 3
4 5
4 7
5 4
6 3
7 4
7 2
7 3
7 8
7 9
7 11
7 14
7 18
7 31
7 72
7 106
8 7
8 16
8 25
8 26
8 50
8 98
9 7
9 46
9 48
10 20
10 21
11 7
11 17
11 43
11 58
11 74
11 111
12 38
13 15
13 29
13 30
13 45
13 61
13 75
13 104
13 114
13 260
14 7
14 78
14 93
15 13
15 30
15 39
15 52
15 64
15 123
16 8
16 20
16 29
16 40
16 49
16 66
16 95
17 11
17 43
17 58
17 111
18 7
18 31
19 96
20 16
20 10
20 26
20 44
20 62
21 10
21 41
21 67
22 23
23 22
23 28
23 32
23 101
24 35
24 61
24 63
24 68
24 81
24 94
24 99
24 116
24 119
25 8
26 20
26 8
27 42
28 23
29 13
29 16
30 13
30 15
30 90
30 120
31 7
31 18
31 46
31 121
32 17
32 23
32 33
32 34
32 51
32 56
32 254
33 32
33 34
33 51
33 70
34 32
34 33
34 36
34 51
35 24
35 38
35 60
35 85
35 91
35 112
36 15
36 34
36 54
36 55
36 65
36 69
36 80
36 89
36 117
36 137
37 59
37 100
38 35
38 12
38 77
39 15
40 16
40 57
40 86
41 21
41 105
42 27
42 47
42 118
43 11
43 17
43 152
44 20
44 46
45 13
45 76
45 97
46 9
46 44
46 31
46 78
47 21
47 42
48 9
48 7
49 16
50 8
50 25
50 53
50 87
50 100
50 110
51 32
51 33
51 34
51 56
51 84
51 124
52 15
52 64
52 73
52 103
52 123
52 137
53 50
54 36
55 36
55 69
55 89
56 32
56 51
56 34
57 40
57 113
58 11
58 17
58 74
59 37
60 35
60 112
61 13
61 24
61 71
62 20
63 24
64 15
64 52
64 103
65 36
65 69
65 79
65 80
66 16
67 21
68 24
68 81
68 119
69 65
69 36
69 55
70 56
70 33
70 32
70 51
70 261
71 61
71 35
71 60
71 83
72 7
72 74
72 108
73 15
73 52
73 64
73 103
74 58
74 72
74 11
75 13
75 92
76 45
76 97
77 38
78 46
78 14
79 65
79 36
79 69
79 55
79 125
80 69
80 36
80 65
80 89
81 24
81 68
81 116
82 13
83 71
84 51
84 33
84 32
84 124
85 35
86 40
86 57
86 113
87 50
88 58
88 11
89 36
89 80
89 54
89 55
89 117
90 30
90 120
91 35
91 60
92 13
92 75
93 14
94 24
95 16
96 19
96 102
97 76
97 45
98 16
98 8
98 65
99 81
99 24
99 68
100 50
100 37
101 23
102 96
103 73
103 52
103 64
103 15
103 123
104 13
104 122
105 41
106 7
107 32
107 73
107 34
107 52
107 115
108 72
109 36
109 69
109 79
109 54
110 50
111 17
111 11
112 35
112 60
112 91
113 86
113 40
113 57
113 267
114 13
114 92
115 14
115 17
115 107
115 11
116 81
116 68
116 24
117 36
117 89
118 42
119 116
119 24
119 68
120 90
120 30
121 31
122 104
123 103
123 15
123 52
123 64
123 73
124 56
124 84
124 33
124 70
124 51
125 64
125 79
125 13
125 126
125 128
125 129
125 132
125 134
126 125
126 127
126 129
126 131
127 126
127 131
127 133
127 135
128 125
129 125
129 126
129 130
129 267
130 129
131 126
131 127
132 125
132 136
133 127
133 135
134 125
135 133
135 127
136 132
137 86
137 52
137 134
137 36
137 138
137 144
137 148
138 137
138 139
138 140
138 254
139 138
139 141
139 143
139 145
139 147
139 149
139 151
140 138
140 139
141 139
141 142
141 149
141 150
142 141
142 137
143 139
143 138
143 146
144 137
145 139
145 147
146 143
147 139
147 145
148 144
148 137
149 139
149 141
150 141
151 139
152 43
152 2
152 1
152 17
152 153
152 154
153 152
154 152
155 156
155 158
155 159
155 164
155 183
155 195
155 202
155 220
155 246
155 247
155 249
156 155
156 159
156 173
156 194
156 202
157 155
157 159
157 169
158 156
158 155
158 179
158 212
159 157
159 156
159 155
159 168
160 171
160 189
160 199
160 203
162 163
162 165
162 171
162 178
162 181
162 190
162 210
162 211
162 219
162 242
163 162
163 160
163 185
163 229
164 155
164 197
164 220
165 162
165 176
165 180
165 191
165 208
165 232
166 167
166 170
166 173
166 200
166 222
166 246
167 166
167 222
168 159
169 157
169 166
169 177
170 166
170 182
170 199
170 217
170 218
170 267
171 162
171 160
171 226
172 175
172 199
172 206
173 156
173 166
173 159
173 192
173 200
173 207
173 214
174 188
174 193
174 233
174 234
175 172
175 206
176 165
176 180
176 191
176 232
176 244
177 169
178 162
179 158
179 212
179 216
180 165
180 176
180 208
181 162
182 170
183 155
183 249
184 156
184 202
185 163
186 184
186 201
186 205
187 156
188 174
189 160
190 162
190 210
191 165
191 176
191 198
191 231
191 237
192 173
193 174
193 196
193 204
194 156
195 155
195 247
195 249
196 193
196 204
197 164
198 191
198 231
198 237
199 160
199 170
199 172
200 173
200 166
200 209
200 215
200 241
200 252
201 186
202 155
202 156
202 184
202 239
203 160
204 193
204 196
205 186
206 172
206 175
206 247
207 173
207 166
208 180
208 165
208 235
208 244
209 200
209 215
209 221
209 252
210 178
210 162
210 190
210 211
210 219
210 242
211 162
211 210
211 219
211 226
212 158
212 179
212 216
213 170
213 189
213 160
213 223
213 224
213 236
214 173
215 200
215 209
215 241
216 212
216 179
216 228
217 170
217 218
218 170
218 217
219 162
219 210
219 211
220 216
220 164
220 155
221 209
221 215
221 200
222 166
222 167
222 246
223 213
223 224
223 236
224 223
224 213
224 227
224 236
225 195
225 183
225 230
226 211
226 171
226 250
227 213
227 223
227 224
227 260
228 216
229 163
229 243
230 225
231 191
231 198
232 176
232 165
232 180
233 174
233 186
233 245
234 174
235 232
235 176
235 165
235 208
236 224
236 213
236 223
237 191
237 198
239 202
239 230
239 225
240 173
241 200
241 215
242 210
242 162
243 229
244 176
244 208
244 180
245 233
246 195
246 222
246 166
246 155
247 195
247 206
247 155
248 220
249 155
249 183
249 195
250 226
252 221
252 215
252 200
252 209
254 32
254 74
254 138
254 255
254 256
254 258
255 254
255 259
256 254
258 254
259 255
260 170
260 129
260 227
260 13
261 207
261 70
261 32
261 262
261 263
261 265
262 261
263 261
263 262
264 261
265 261
267 170
267 129
267 113
267 103
267 269
267 270
268 267
269 267
269 270
270 267
270 268
270 269
