0.004385
0.034745
0.155345
0.093758
0.178116
0.088954
0.02366
1
0.174375
0.128612
0.013089
0.06908
0.001419
1
0.143813
0.128054
1
0.01627
0.274875
0
0.104085
0.001804
0.00225
0.008997
1
0.368681
0.045512
0
0.00446
0.36142
0.111773
0.156036
0.071922
0.033427
0.112917
0.069126
1
0.03384
0.008669
0.064261
0.114465
0.000292
0
0.013896
0.023784
0.125618
0.041337
0
0.042637
0.499851
1
0.027298
0.028446
0.333154
0.282377
0.155272
0.0317
0.031095
0.015632
0.006831
0.021463
0.236253
0.052225
0.333868
0.128876
0.159343
0.501521
0.000928
0.216397
0.170203
0.128233
0.033907
0.127002
0.009043
0.030351
0.266866
0.023835
0.004278
0.044643
0.141533
0.178461
0.218448
0
0.008496
0.00502
0.034495
0.033765
0.500683
0
0.165733
0.033467
0.020578
0.141669
0.072023
0.500152
0.500924
0
0.024036
0.043623
0.251616
0.201222
0.004602
0
0.024297
0.250701
0.000142
0.499916
0
0.063524
0
0.500607
0.020301
0.016966
0.018007
0.333943
0
0.224307
0.277577
0
0.231505
0.033585
0.077974
0.125275
0.021971
0.004384
1
0.137144
0.019551
0.500133
0.115715
0.029397
0.025164
0.250553
0.004603
0.351077
0.005562
0.125257
0.079284
0.133439
1
0.044725
0.15383
0.051457
0.142167
0.032203
0.201519
0.071774
0.28176
0.026369
0.275268
0.077238
0.500135
0.001437
0.000372
0.00037
1
0.155541
0.022559
0.112141
0.203293
0.035314
0
1
0.112074
0.114049
0.058744
0.143223
0.046136
0.102215
0.002544
1
0.148159
0.01916
1
1
0.006541
0.007838
0.001295
0.369074
0.024513
0.010477
0.501055
0.500828
0.231885
0.019471
0.055948
0.012725
0
0.500056
0.012625
0.276498
0.006707
0.500484
0.100991
0.078049
0.182775
0.018993
0.057095
0.001571
0.169475
0.081364
0.006329
0.142596
0.008767
0.016678
0.004283
0.021081
0.306221
0.008656
0.013642
0.157359
0.163706
0.024714
0.002444
0.500489
0.015872
0.021934
0.297165
0.296747
0.206311
0.15568
0.005499
0.053846
0.003273
0.002935
0.003747
0.030802
0.018806
0.010964
0.018879
0.007472
0.001907
0.011042
0.166747
0.500353
0.001802
0.0013
0.001927
0
0.020392
0
0.023018
0.276304
0.009584
0.003169
0.083459
0.162574
0.18956
0
0.216426
0.015407
0
0.015274
0
0.013677
0.001694
0.002685
0
0.00686
0.000844
0.11228
1
0.35844
0.112508
0
0.500191
0
0.069821
0.008012
0.013513
0.015998
