0 5
1 2
2 1
5 0
5 9
6 7
6 8
6 11
6 99
7 6
7 11
7 25
7 99
8 6
8 7
8 10
8 61
9 5
9 19
9 84
9 85
9 90
9 91
9 93
10 8
10 14
10 18
10 20
10 22
10 31
10 35
10 39
10 52
10 70
10 76
10 87
11 7
11 6
11 12
11 16
11 21
11 41
11 45
11 89
12 11
12 62
13 10
13 15
13 17
13 24
13 25
13 26
13 29
13 56
13 77
13 81
13 110
14 10
15 13
15 17
15 26
15 29
15 61
15 77
16 11
16 41
16 75
17 13
17 15
17 56
18 10
18 22
18 31
18 35
18 59
19 9
19 23
19 59
19 109
20 10
20 27
20 28
20 36
20 106
21 16
21 11
21 41
22 18
22 10
22 70
23 19
23 9
23 42
23 47
23 69
23 73
23 86
23 95
24 17
24 13
24 27
24 33
24 37
24 48
24 50
24 51
24 60
24 71
24 82
25 7
25 15
25 13
25 17
25 55
25 96
25 101
26 13
26 14
26 15
26 17
26 34
26 46
26 57
26 100
27 20
27 8
27 24
27 30
27 44
27 67
27 107
28 20
28 36
28 38
28 106
29 17
29 13
29 15
30 27
31 10
31 18
32 24
32 64
32 71
32 82
33 24
33 60
34 26
34 46
35 18
35 10
35 22
35 59
36 20
36 28
36 38
37 24
37 20
37 54
38 36
38 20
38 28
38 40
38 43
38 94
38 98
38 103
39 10
39 18
39 58
40 8
40 38
40 12
40 49
40 72
40 79
41 11
41 21
41 16
41 53
41 75
41 89
42 23
43 38
43 74
43 94
43 98
43 103
44 27
44 30
44 67
44 107
45 11
45 21
45 16
45 78
45 80
45 83
45 105
46 26
46 34
47 23
47 86
48 24
48 33
48 32
48 50
48 51
48 82
49 40
49 130
50 24
50 48
50 64
51 24
51 48
51 32
52 10
52 31
53 11
53 41
53 16
53 75
54 37
55 25
55 101
56 17
56 13
56 110
57 26
57 34
58 39
58 63
59 19
59 10
59 18
59 35
59 65
59 66
59 95
60 24
60 48
60 33
60 51
61 8
61 15
61 13
61 17
61 68
61 130
62 12
63 58
64 32
64 48
64 60
64 50
65 59
65 66
65 95
66 59
66 65
67 27
67 44
67 107
68 61
69 9
69 23
69 88
70 31
70 10
70 18
70 35
70 22
71 51
71 48
71 32
71 24
71 78
71 92
71 97
71 108
72 40
72 49
73 23
74 38
74 43
74 42
74 58
75 11
75 53
75 16
75 41
76 70
76 10
76 22
76 135
77 13
77 17
77 15
78 71
78 12
78 45
78 27
79 72
79 40
79 49
80 45
81 13
81 71
82 24
82 32
82 48
82 33
83 45
84 9
85 9
86 23
86 47
87 10
87 70
88 69
89 41
89 11
89 53
90 9
90 84
90 91
91 90
91 9
91 84
91 93
92 71
93 9
93 91
93 84
94 38
94 43
94 98
95 23
95 65
95 36
95 59
95 104
96 25
97 92
97 71
98 43
98 94
98 38
99 6
99 7
100 26
100 34
101 25
101 55
102 69
103 38
103 43
104 95
105 45
105 83
106 28
106 20
107 67
107 27
107 44
108 71
109 19
110 56
110 15
110 13
111 116
111 120
112 114
112 117
113 112
113 117
113 119
114 112
116 111
116 118
117 112
117 113
118 116
119 113
120 111
121 15
121 97
121 37
121 51
121 17
121 122
121 123
121 125
121 129
121 133
122 121
122 125
123 121
123 126
125 122
125 121
126 123
127 128
128 127
129 121
130 2
130 49
130 61
130 131
131 130
131 132
132 131
133 56
133 20
133 116
133 121
133 27
133 134
134 133
135 27
135 22
135 28
135 112
135 76
135 136
135 138
135 141
135 142
135 149
135 168
135 176
136 135
136 137
136 159
136 162
136 173
136 198
136 200
137 136
137 139
137 155
137 159
137 173
137 198
137 200
138 135
138 146
138 170
138 179
139 137
139 136
139 142
139 159
140 147
140 151
141 135
141 148
141 150
141 161
141 177
141 179
142 135
142 139
142 145
142 146
142 164
142 179
142 186
142 199
143 178
143 201
144 156
144 157
144 191
145 142
145 154
145 185
145 204
146 138
146 142
146 149
146 165
146 180
147 140
147 160
148 141
148 150
148 161
149 135
149 146
149 168
149 169
149 190
149 207
150 141
150 148
150 163
151 140
151 152
151 155
151 167
151 175
151 205
152 151
152 155
152 175
152 205
153 150
153 172
154 145
154 185
154 204
154 208
155 137
155 136
155 151
155 152
155 187
156 144
156 157
156 191
157 156
157 144
157 166
157 174
157 191
158 143
158 150
158 184
158 212
159 137
159 136
159 139
159 162
160 147
160 188
161 141
161 148
162 136
162 159
162 135
162 195
162 196
162 197
162 210
163 150
163 171
164 142
164 186
165 146
165 145
165 149
165 193
166 157
166 144
166 169
166 189
167 151
167 192
168 135
168 145
168 149
168 182
168 197
168 203
168 209
169 149
169 166
170 138
171 150
171 163
172 153
172 184
173 136
173 137
173 159
174 157
174 144
175 151
175 152
175 205
176 135
176 194
177 141
177 162
177 181
177 211
178 143
179 142
179 138
179 141
180 146
181 177
181 211
182 168
182 167
182 169
182 183
183 182
184 172
184 158
184 150
185 145
185 154
186 142
186 164
186 199
187 155
188 160
188 147
189 166
190 149
191 157
191 144
191 156
192 167
193 165
194 176
194 135
195 162
195 210
196 162
197 167
197 162
197 168
197 206
198 173
198 136
198 177
198 137
198 202
199 186
199 142
200 137
200 136
200 159
201 143
202 198
203 168
203 209
204 145
204 154
204 185
204 208
205 151
205 152
205 175
206 197
207 149
208 204
208 154
208 185
208 145
209 168
209 203
210 162
210 195
211 177
211 181
212 158
214 217
215 216
215 221
216 215
216 218
216 220
217 213
217 214
218 216
220 216
221 215
222 223
222 224
222 225
222 229
223 222
224 222
224 229
225 222
225 226
226 225
226 222
227 223
229 222
229 224
230 231
230 234
231 230
231 233
232 230
233 231
234 232
234 230
234 231
234 235
235 234
