0.014431
0.000152
0.000578
0
0
0.100846
0.014723
0.026441
0.120136
1
1
0.074481
0.059647
1
0.214053
0.186107
0.137592
0.218725
0.158614
0.214488
0.153674
0.178402
0.212863
1
0.111765
0.085323
0.084173
0.091913
0.218257
0.228649
0.034512
0.254827
0.149872
0.045591
0.01892
0.164782
0.176379
0.138014
1
0.202321
0.101099
0.029518
0.340235
0.156209
0.017474
1
0.024351
0.297919
0.10841
0.024813
0.03957
0.255555
0.333733
0.007799
0.069148
0.025292
0.206145
0.028067
0.026023
0.050152
0.025593
0.03086
0.029882
0.005057
0.030488
0.028459
0.018574
0.019637
0.015429
0.143166
0.180308
1
0.030222
0.499816
0.03124
0.023719
0.305408
0.229063
0.306412
0.025567
0.499615
0.333467
0.050506
0.378368
0.2979
0.499958
0.297552
0.200611
0.071381
0.02022
0.227812
0.191446
0.431659
0.226961
0.211057
0.116277
0.042719
0.439052
0.210912
0.009987
0.027952
0.025525
0
0.275583
0.058249
0.200776
0.088908
0.019717
0.500362
0.107129
0.230239
0.003197
0.084121
0.004095
0.028036
0
0.025396
0.020833
0.012592
0.00208
0.001571
1
0.153055
0.167273
0
0.274768
0.083575
0
0
0.500583
0.004181
0.00069
0.000357
0.126008
0.0629
1
0.099362
0.016106
0.086313
0.018086
0.000202
0.086549
0.072577
0
0.00257
0.022157
0.113768
3.6e-05
0.016045
1
0.010141
0.002397
0.000654
0
0.003767
0.002123
0.000849
0.002114
0
0.11384
7e-06
0.024251
1
0.002507
0.020842
0.016134
0.02293
0.030798
0.157312
0.204674
0.04308
0.000814
0
0.02056
0.000723
0.000568
0.251647
0.012669
0
0.039483
0.056737
0.003798
0.026324
0.013242
0
0.004735
0.016309
0.001056
1e-06
0.011426
0.501577
0.000854
0.015335
0.008167
0.08406
0.297636
0.49974
0.160647
0.014275
0.013973
0.022691
0
0.007212
0.046934
0.003689
0.000531
0.080324
0.501203
0.001145
0.047195
0.29746
0.003781
0
0
0
0
0
0
0
0
0
0
0
0
0
0
0
0
0
0
0.218194
0.148362
0.501238
0.049394
1
0.50065
