2 6
2 7
2 11
2 15
2 19
2 26
2 38
3 2
3 5
3 8
3 9
3 10
3 18
3 21
3 25
4 2
4 13
4 16
4 23
4 27
5 3
5 8
5 34
6 2
6 37
7 2
8 3
8 5
8 17
8 32
9 3
9 18
10 5
10 3
10 12
10 14
10 45
11 2
12 10
12 14
12 20
13 4
13 11
13 28
13 35
14 12
14 10
15 2
15 19
16 4
16 27
17 8
17 30
18 3
18 9
19 2
19 15
20 12
20 24
20 29
21 2
21 19
21 3
21 10
21 22
21 36
21 43
21 44
22 21
22 39
23 16
23 11
23 15
23 4
23 40
24 20
24 33
25 3
25 9
26 2
26 19
27 4
27 16
28 13
29 20
29 12
30 17
32 8
33 24
34 5
35 13
36 21
36 43
37 6
38 2
39 22
40 23
41 31
42 29
42 9
43 21
43 36
43 44
44 43
44 21
44 36
45 10
46 14
47 48
47 50
47 51
48 47
50 47
50 51
51 47
51 50
52 53
53 52
53 55
54 56
54 57
55 53
56 54
57 54
58 59
58 62
58 63
58 65
58 69
58 76
58 86
58 100
58 101
58 118
59 58
59 60
59 86
60 59
60 61
60 84
60 104
60 107
60 114
61 60
61 77
61 90
61 112
61 113
62 58
62 66
62 80
62 82
62 88
62 97
62 98
62 108
62 119
63 58
63 69
63 101
63 133
64 67
64 93
64 111
64 121
65 58
65 72
65 78
66 62
66 68
66 77
66 79
67 64
67 74
67 92
67 111
68 66
69 58
69 63
69 71
69 73
69 75
69 83
69 85
69 87
69 89
69 113
70 96
70 99
70 102
70 103
70 124
71 69
71 73
71 75
71 83
71 89
71 105
72 65
72 58
72 81
73 71
73 69
73 83
73 85
73 87
73 113
73 120
74 67
74 72
74 81
75 69
75 71
75 76
75 85
75 120
76 58
76 63
76 75
76 86
76 91
76 95
76 115
76 125
77 73
77 61
77 66
77 59
77 65
77 94
77 109
77 117
78 65
78 86
79 66
80 62
80 88
80 97
80 108
80 119
81 72
81 74
81 106
82 62
82 81
83 73
83 69
83 71
83 89
84 60
84 104
84 107
84 114
85 83
85 69
85 75
85 73
85 71
85 87
86 76
86 59
86 58
86 65
86 78
87 73
87 69
87 85
87 89
88 62
88 80
88 97
88 98
88 119
89 87
89 71
89 73
89 83
89 69
90 61
90 112
91 76
91 95
91 125
92 67
92 74
93 64
94 77
94 109
94 112
95 91
95 76
95 115
96 70
96 124
97 62
97 88
97 80
98 62
98 88
98 119
99 70
99 96
99 103
100 58
101 58
101 63
101 100
101 118
102 70
102 96
102 123
103 99
103 102
103 70
103 110
104 84
104 60
105 71
105 91
105 60
105 75
105 59
106 81
107 60
107 84
108 80
108 62
109 77
109 94
109 117
110 103
111 67
111 64
111 116
112 61
112 77
112 94
112 90
113 73
113 61
113 69
114 60
114 84
115 76
115 95
115 91
116 111
117 77
117 109
117 94
118 58
118 101
119 80
119 62
119 88
119 98
120 71
120 73
120 83
120 75
121 64
122 113
123 102
124 96
124 70
125 91
125 76
127 129
128 131
129 127
129 130
130 129
131 128
132 129
133 60
133 104
133 63
133 134
134 133
135 136
136 135
