0
0
1
1
0.071685
0.165595
0.251417
0.500139
0.103651
0.246308
0.089971
0.440745
0.014449
1
0.01442
0.238399
0.017949
0.026173
0.29083
0.249697
0.00159
0.077186
0.019236
0.010278
0.000383
0.333337
0.333656
0.014271
0.500458
0.000318
0.013068
0
0.05202
0.000188
0.082812
0.50126
0.020622
0.125589
0.49962
0.009582
0.005089
0
0
0.017665
0.018289
0.044989
0
0
0
0
0
0
0
0
0
0
0
0
1
0.170506
0.015508
0.106355
1
0.127758
1
0.252774
0.137935
0.097398
0.04638
0.059252
0
0.012531
0.053906
0.069468
0.025421
0.015186
0.075981
1
0.09362
0.068927
0.136794
0.0564
0.333686
0.01683
0.00343
0.011191
0.140585
0.017891
0.154396
0.011077
0.035697
0.015347
0.032551
0.500305
0.194551
0.01669
0
0.20208
0.201925
0
0.375082
0.187098
0
0
0.006084
0.002182
0.028097
0.004481
0.272384
0.217019
0
0.178824
0.044795
0.03235
0.004453
0.01734
0.089435
0.230449
0.280243
0.140514
0.013841
0.500653
0
0
0
0.021676
0
0
0
0
0
0
0
0.013124
0.006528
0
0
0
