16 1
16 4
16 21
26 2
26 6
26 1
39 29
1 2
1 3
1 4
1 5
1 8
1 13
1 16
1 20
1 26
2 1
2 6
2 11
2 23
2 26
3 1
3 14
3 15
3 22
17 14
17 5
4 1
4 9
4 10
4 16
4 19
5 1
5 17
5 18
40 33
40 39
40 30
40 36
40 29
6 2
6 7
7 6
7 2
7 23
8 1
8 13
9 4
9 10
18 5
10 9
10 4
10 12
41 27
41 40
41 29
41 44
42 27
27 28
27 30
27 41
27 42
19 4
19 9
43 32
43 36
43 30
11 2
11 6
11 7
11 1
12 10
13 1
13 8
13 14
20 1
44 41
21 16
28 27
28 31
28 33
28 45
45 31
45 28
29 33
29 35
29 37
29 39
22 3
23 2
23 7
23 6
14 3
14 13
14 17
30 27
30 32
30 36
30 40
30 43
15 3
15 1
31 28
32 30
32 36
32 43
33 29
33 28
33 38
33 40
35 29
36 30
36 32
36 40
37 29
37 33
38 33
38 31
