49
118
16 1 0.0333333
16 4 0.1
16 21 0.5
26 2 0.0909091
26 6 0.142857
26 1 0.0333333
39 29 0.0769231
1 2 0.0909091
1 3 0.125
1 4 0.1
1 5 0.142857
1 8 0.25
1 13 0.125
1 16 0.125
1 20 0.5
1 26 0.142857
2 1 0.0333333
2 6 0.142857
2 11 0.2
2 23 0.2
2 26 0.142857
3 1 0.0333333
3 14 0.125
3 15 0.333333
3 22 0.5
17 14 0.125
17 5 0.142857
4 1 0.0333333
4 9 0.2
4 10 0.125
4 16 0.125
4 19 0.333333
5 1 0.0333333
5 17 0.25
5 18 0.5
40 33 0.111111
40 39 0.2
40 30 0.1
40 36 0.142857
40 29 0.0769231
6 2 0.0909091
6 7 0.166667
7 6 0.142857
7 2 0.0909091
7 23 0.2
8 1 0.0333333
8 13 0.125
9 4 0.1
9 10 0.125
18 5 0.142857
10 9 0.2
10 4 0.1
10 12 0.5
41 27 0.0833333
41 40 0.111111
41 29 0.0769231
41 44 0.5
42 27 0.0833333
27 28 0.125
27 30 0.1
27 41 0.166667
27 42 0.5
19 4 0.1
19 9 0.2
43 32 0.166667
43 36 0.142857
43 30 0.1
11 2 0.0909091
11 6 0.142857
11 7 0.166667
11 1 0.0333333
12 10 0.125
13 1 0.0333333
13 8 0.25
13 14 0.125
20 1 0.0333333
44 41 0.166667
21 16 0.125
28 27 0.0833333
28 31 0.2
28 33 0.111111
28 45 0.333333
45 31 0.2
45 28 0.125
29 33 0.111111
29 35 0.5
29 37 0.333333
29 39 0.2
22 3 0.125
23 2 0.0909091
23 7 0.166667
23 6 0.142857
14 3 0.125
14 13 0.125
14 17 0.25
30 27 0.0833333
30 32 0.166667
30 36 0.142857
30 40 0.111111
30 43 0.166667
15 3 0.125
15 1 0.0333333
31 28 0.125
32 30 0.1
32 36 0.142857
32 43 0.166667
33 29 0.0769231
33 28 0.125
33 38 0.333333
33 40 0.111111
35 29 0.0769231
36 30 0.1
36 32 0.166667
36 40 0.111111
37 29 0.0769231
37 33 0.111111
38 33 0.111111
38 31 0.2
