0 1
1 0
3 5
3 6
3 7
3 8
5 3
5 6
6 3
6 5
7 3
8 7
8 6
8 3
8 10
8 35
8 77
8 84
9 11
9 13
9 30
9 37
9 41
9 62
9 67
9 71
9 85
9 94
9 95
10 8
10 19
10 81
11 9
11 16
11 27
11 50
11 51
11 54
11 58
11 68
12 13
12 15
12 47
13 9
13 12
14 18
14 32
14 79
15 12
16 11
16 17
17 16
17 26
17 40
17 58
18 14
18 24
18 32
18 61
18 82
18 83
18 107
19 10
19 20
19 23
19 29
19 59
19 60
20 19
20 25
20 31
20 44
20 75
20 88
20 93
21 28
21 49
21 52
21 56
21 106
22 78
23 19
23 73
23 97
24 18
24 36
24 82
24 107
25 20
25 31
25 34
25 42
25 43
25 57
26 17
26 16
27 11
27 9
27 45
27 102
28 20
28 21
29 19
29 59
30 9
30 33
30 38
30 45
30 63
31 25
31 20
31 98
32 14
32 18
32 74
32 76
32 104
33 30
33 42
33 101
33 105
34 25
35 8
36 24
36 18
36 61
36 83
36 107
37 9
38 30
38 63
39 32
40 17
40 16
41 9
41 67
41 71
41 95
42 34
42 33
42 25
42 66
42 80
43 25
43 21
44 20
44 64
44 69
45 30
45 27
46 23
47 12
47 15
47 92
48 8
48 13
48 10
49 21
50 11
50 9
50 89
50 91
50 100
51 17
51 11
51 65
52 21
52 56
53 27
53 23
53 55
54 11
55 53
55 51
56 21
56 52
56 106
57 25
57 34
58 11
58 17
58 70
58 72
59 29
59 19
60 19
60 69
61 36
61 18
62 9
62 41
62 85
63 30
63 38
64 44
65 51
65 46
66 42
67 9
67 41
68 54
68 11
69 44
69 60
70 51
70 58
71 9
71 41
72 58
73 23
74 32
74 76
74 104
75 20
76 32
76 74
77 8
78 22
79 14
80 30
80 42
80 63
80 103
81 10
82 18
82 24
82 87
82 90
83 36
83 18
83 24
84 8
85 67
85 9
85 62
86 8
86 84
87 82
88 20
89 50
89 91
90 82
91 89
91 50
92 47
93 20
93 88
94 9
94 62
94 67
95 9
95 41
96 53
97 23
97 73
98 31
99 13
100 91
100 50
101 33
101 125
102 27
103 80
104 32
104 74
105 33
105 101
106 56
106 21
107 24
107 36
107 18
107 61
108 111
109 112
111 108
112 109
114 120
114 125
115 116
115 117
115 118
116 115
116 119
117 115
118 115
119 116
120 114
120 118
121 122
122 121
122 124
124 122
125 101
125 114
125 13
125 63
126 128
126 131
126 138
126 147
126 168
126 175
127 140
127 156
127 186
127 198
128 126
128 130
128 144
128 145
128 148
128 182
129 132
129 133
129 135
129 136
129 149
129 153
129 172
130 128
130 159
130 183
130 184
131 126
131 169
131 200
132 129
132 135
132 142
132 222
133 129
133 159
133 180
133 201
134 137
134 139
134 156
134 157
134 160
134 195
134 197
134 205
135 129
135 132
135 202
136 129
136 153
136 172
137 134
137 141
137 144
137 150
137 188
137 193
137 197
137 208
137 220
138 126
138 176
139 134
139 150
139 155
139 206
140 127
140 212
140 216
141 137
141 130
142 128
142 132
142 146
143 126
144 137
144 142
144 128
144 148
144 190
144 194
144 223
145 128
145 182
146 142
146 151
146 178
147 126
147 131
147 175
148 144
148 128
148 158
148 164
148 174
148 181
148 204
149 129
149 136
150 139
150 137
150 161
150 185
150 196
151 137
151 146
152 170
152 173
152 177
152 179
152 215
153 129
153 142
153 136
153 154
153 187
153 209
153 214
153 217
154 153
154 162
155 139
155 157
155 167
156 134
156 127
157 134
157 155
158 148
158 174
159 130
159 133
159 163
159 203
159 207
160 134
161 150
161 185
161 192
162 154
162 161
162 153
163 159
163 207
164 148
164 158
165 126
165 166
165 171
165 219
165 225
166 165
166 169
166 171
166 225
167 155
168 162
168 126
168 131
168 191
168 211
169 166
169 131
169 165
170 152
170 173
170 177
171 165
171 166
171 219
171 225
172 129
172 136
172 197
173 170
173 152
174 158
174 148
174 181
174 199
175 147
175 131
175 126
176 138
176 210
176 221
177 152
177 170
177 179
178 146
179 152
179 170
179 177
179 198
180 133
180 189
181 174
181 148
181 199
181 204
182 128
182 145
183 130
184 130
184 203
185 150
185 161
185 196
186 127
187 154
187 153
188 137
189 180
190 144
191 168
191 211
192 161
192 150
192 185
193 188
193 137
193 197
193 208
194 144
194 223
195 134
195 156
196 161
196 150
196 185
197 137
197 172
197 134
197 193
198 127
198 179
198 218
198 224
199 158
199 174
199 181
199 204
200 126
200 131
201 133
202 135
203 163
203 159
203 184
204 181
204 148
204 199
205 134
206 139
207 159
207 163
208 137
208 193
209 153
210 176
210 221
211 191
211 168
212 140
213 150
213 185
213 196
213 161
214 153
214 187
215 152
215 177
215 170
216 144
216 140
216 132
217 153
217 214
218 198
218 224
219 165
219 171
219 166
220 137
220 193
221 176
221 210
222 132
223 144
223 194
224 198
224 218
225 171
225 165
225 166
226 227
227 226
228 216
228 71
228 229
228 230
228 231
229 228
229 232
229 234
229 235
229 236
230 228
231 228
231 234
231 237
232 229
232 233
232 240
233 232
233 240
234 231
234 229
235 229
235 238
236 229
237 231
238 235
238 239
239 238
240 232
240 233
241 242
242 241
