0
0
0
0.146406
0
0.072482
0.162409
0.359496
1
1
0.096367
1
0.012983
0.143364
0.107587
0.00295
0.146681
0.029406
1
0.068819
1
1
0
0.006169
0.158861
0.143166
0.010003
0.103138
0.142755
0.013862
0.099691
0.159367
0.078567
0.109114
0.281319
0.250922
0.079119
0.499568
0.034637
0
0.009787
0.199967
1
0.035898
0.112289
0.049431
0.003817
0.001893
0
0.50181
0.091012
0.091445
0.288095
0
0.40786
0
0.234608
0.048089
0.092465
0.019306
0.024094
0.234453
0.228133
0.046949
0.028339
0.015132
0.500201
0.255386
0.333316
0.032303
0.011678
0.243494
0.04645
0.002446
0.01848
0.500222
0.022636
0.25042
0
0.05388
0.166397
0.024297
0.087957
0.208711
0.332749
0.232538
0
0.043925
0.254421
0.027202
0.043972
0.026737
0.000957
0.334046
0.251065
0.283722
0
0.002058
0.079734
0
0.030439
0.027909
0.052066
0.083345
0.022768
0.036213
0.288556
0.167314
0
0
0
0
0
0
0.000515
0
0
0
1.1e-05
0
8.2e-05
0
0
0
0
0.00317
0.003782
1
0.0814
0.07641
0.037329
0.000467
0.021443
0.006608
1
0.00806
0.159845
1
0.00038
0.109933
0.167932
0.333409
0.212204
0
1
0.024245
0.035668
0.000611
0.077453
0.025448
0.084736
0.007221
0.001627
1
0.251008
0.038526
0.403019
0.202976
0.016217
0.004163
0.500677
0.016693
0.041824
0.001063
0.025878
1e-05
7e-06
0.009508
0.000491
9e-05
0.002347
2e-06
0.077738
0.000893
0.012754
0.000826
5.4e-05
0.002512
0.01782
0.01446
0.000746
0.010378
0.024123
0.018711
0.009432
0.014117
0.500893
0.309493
0.375953
0.000366
0.500778
0.000141
0.004094
0.191198
0.298059
0.333614
0.01592
0.2565
0.100735
0.004887
0.000183
0.003325
0.002052
0.002628
0.014456
0.500566
0.055095
0.001191
0.281571
0.500683
1.2e-05
0.000134
0.056281
0
0.313103
0.000261
0.031764
0.333722
0.029811
1e-06
0.334028
1.7e-05
0.005344
0.297918
0.03031
2e-06
0
0
0.086534
1
0.043352
0.041908
0.125733
0.025299
0.252154
0.250727
0.501141
0.020867
0.062616
0.031582
0.035643
0
0
0
0
