0 1
1 0
2 3
3 2
4 9
4 38
4 43
4 49
5 6
5 16
5 23
5 28
5 46
6 5
6 28
6 31
6 35
7 8
7 10
7 12
7 15
7 17
7 20
7 47
8 7
8 19
9 4
9 24
9 43
10 7
10 12
10 20
10 128
11 4
11 32
12 7
12 10
12 15
12 17
13 12
13 7
13 11
13 34
14 27
14 48
15 7
15 12
15 10
15 22
15 29
15 30
16 5
16 6
17 7
17 10
17 12
19 8
19 21
20 7
20 10
20 12
21 19
21 8
21 25
21 41
21 45
22 6
22 10
22 7
22 15
23 5
23 33
23 39
24 9
24 43
25 14
25 15
25 19
25 21
25 26
25 36
25 40
26 25
26 40
27 14
28 16
28 5
28 6
28 31
28 35
29 15
30 15
31 5
31 6
31 28
32 11
32 33
32 42
32 44
33 23
33 32
33 50
34 13
35 16
35 28
35 31
35 6
36 25
37 27
37 14
38 4
39 23
40 25
40 26
41 21
41 8
41 45
42 32
42 11
43 4
43 9
43 24
44 32
44 11
45 21
45 41
46 28
46 35
46 5
46 6
47 12
47 7
48 27
48 14
49 4
50 33
51 52
51 54
52 51
53 51
54 51
55 52
56 57
57 56
57 59
57 60
58 56
58 57
58 59
58 61
58 122
59 58
59 57
59 60
60 57
60 58
60 59
61 58
64 67
64 68
64 73
64 76
64 89
64 112
65 66
65 69
65 81
65 106
65 117
66 64
66 65
66 98
66 106
66 119
67 64
67 65
67 70
67 73
67 74
67 97
67 99
68 64
68 71
68 72
68 73
68 78
68 79
68 83
68 96
68 103
69 65
69 82
69 87
69 113
69 120
70 67
70 97
70 99
71 68
71 72
71 80
71 83
71 96
71 103
72 68
72 71
72 78
72 79
73 64
73 68
73 67
73 75
74 70
74 65
74 67
74 77
74 86
74 87
74 110
75 70
75 73
76 64
76 88
76 104
77 74
78 72
78 68
78 91
78 93
78 94
78 107
78 111
78 115
79 68
79 72
79 71
79 96
79 100
80 68
80 71
80 72
80 84
81 65
81 122
82 69
82 113
83 68
83 71
84 80
84 85
84 92
84 102
85 84
85 92
86 74
86 77
86 87
87 69
87 74
87 86
87 90
87 95
87 99
87 105
87 116
87 118
88 76
89 64
90 87
91 78
91 107
91 108
92 84
92 85
92 102
92 103
92 112
93 78
94 78
94 91
95 87
95 90
95 101
95 118
96 71
96 83
96 79
96 68
97 67
97 70
98 66
99 70
99 87
99 67
100 68
100 79
100 71
100 114
101 95
101 87
101 90
102 92
102 85
102 84
103 71
103 92
103 68
103 109
104 76
105 87
105 90
105 101
105 95
105 116
106 65
106 66
107 78
107 91
107 94
107 115
108 91
108 78
108 111
108 115
109 103
110 74
110 86
110 77
111 78
111 108
111 115
112 84
112 92
112 67
112 64
113 69
113 82
113 120
114 100
114 96
114 64
115 111
115 78
115 107
115 108
116 105
116 87
116 118
117 65
117 81
118 95
118 87
118 105
118 116
118 101
119 66
119 98
120 69
120 82
120 113
121 116
121 118
121 87
121 95
122 58
122 81
122 51
122 6
123 124
124 123
125 126
125 127
126 125
127 125
128 65
128 10
