129
376
0 1 0.5
1 0 0.0909091
2 3 0.5
3 2 0.1
4 9 0.111111
4 38 0.5
4 43 0.125
4 49 0.5
5 6 0.0833333
5 16 0.142857
5 23 0.0714286
5 28 0.1
5 46 0.2
6 5 0.0588235
6 28 0.1
6 31 0.166667
6 35 0.142857
7 8 0.142857
7 10 0.0769231
7 12 0.0714286
7 15 0.0833333
7 17 0.2
7 20 0.2
7 47 0.333333
8 7 0.05
8 19 0.2
9 4 0.0555556
9 24 0.25
9 43 0.125
10 7 0.05
10 12 0.0714286
10 20 0.2
10 128 0.0625
11 4 0.0555556
11 32 0.1
12 7 0.05
12 10 0.0769231
12 15 0.0833333
12 17 0.2
13 12 0.0714286
13 7 0.05
13 11 0.0909091
13 34 0.5
14 27 0.25
14 48 0.333333
15 7 0.05
15 12 0.0714286
15 10 0.0769231
15 22 0.2
15 29 0.5
15 30 0.5
16 5 0.0588235
16 6 0.0833333
17 7 0.05
17 10 0.0769231
17 12 0.0714286
19 8 0.142857
19 21 0.111111
20 7 0.05
20 10 0.0769231
20 12 0.0714286
21 19 0.2
21 8 0.142857
21 25 0.0769231
21 41 0.2
21 45 0.25
22 6 0.0833333
22 10 0.0769231
22 7 0.05
22 15 0.0833333
23 5 0.0588235
23 33 0.125
23 39 0.5
24 9 0.111111
24 43 0.125
25 14 0.111111
25 15 0.0833333
25 19 0.2
25 21 0.111111
25 26 0.25
25 36 0.5
25 40 0.25
26 25 0.0769231
26 40 0.25
27 14 0.111111
28 16 0.142857
28 5 0.0588235
28 6 0.0833333
28 31 0.166667
28 35 0.142857
29 15 0.0833333
30 15 0.0833333
31 5 0.0588235
31 6 0.0833333
31 28 0.1
32 11 0.0909091
32 33 0.125
32 42 0.333333
32 44 0.25
33 23 0.0714286
33 32 0.1
33 50 0.5
34 13 0.0909091
35 16 0.142857
35 28 0.1
35 31 0.166667
35 6 0.0833333
36 25 0.0769231
37 27 0.25
37 14 0.111111
38 4 0.0555556
39 23 0.0714286
40 25 0.0769231
40 26 0.25
41 21 0.111111
41 8 0.142857
41 45 0.25
42 32 0.1
42 11 0.0909091
43 4 0.0555556
43 9 0.111111
43 24 0.25
44 32 0.1
44 11 0.0909091
45 21 0.111111
45 41 0.2
46 28 0.1
46 35 0.142857
46 5 0.0588235
46 6 0.0833333
47 12 0.0714286
47 7 0.05
48 27 0.25
48 14 0.111111
49 4 0.0555556
50 33 0.125
51 52 0.333333
51 54 0.5
52 51 0.0909091
53 51 0.0909091
54 51 0.0909091
55 52 0.333333
56 57 0.111111
57 56 0.142857
57 59 0.125
57 60 0.2
58 56 0.142857
58 57 0.111111
58 59 0.125
58 61 0.5
58 122 0.1
59 58 0.0769231
59 57 0.111111
59 60 0.2
60 57 0.111111
60 58 0.0769231
60 59 0.125
61 58 0.0769231
64 67 0.0555556
64 68 0.0357143
64 73 0.1
64 76 0.125
64 89 0.5
64 112 0.1
65 66 0.0625
65 69 0.0769231
65 81 0.142857
65 106 0.125
65 117 0.333333
66 64 0.04
66 65 0.0526316
66 98 0.2
66 106 0.125
66 119 0.333333
67 64 0.04
67 65 0.0526316
67 70 0.125
67 73 0.1
67 74 0.0666667
67 97 0.25
67 99 0.125
68 64 0.04
68 71 0.0526316
68 72 0.0909091
68 73 0.1
68 78 0.047619
68 79 0.111111
68 83 0.2
68 96 0.125
68 103 0.125
69 65 0.0526316
69 82 0.2
69 87 0.0416667
69 113 0.166667
69 120 0.2
70 67 0.0555556
70 97 0.25
70 99 0.125
71 68 0.0357143
71 72 0.0909091
71 80 0.125
71 83 0.2
71 96 0.125
71 103 0.125
72 68 0.0357143
72 71 0.0526316
72 78 0.047619
72 79 0.111111
73 64 0.04
73 68 0.0357143
73 67 0.0555556
73 75 0.2
74 70 0.125
74 65 0.0526316
74 67 0.0555556
74 77 0.25
74 86 0.166667
74 87 0.0416667
74 110 0.25
75 70 0.125
75 73 0.1
76 64 0.04
76 88 0.5
76 104 0.5
77 74 0.0666667
78 72 0.0909091
78 68 0.0357143
78 91 0.142857
78 93 0.333333
78 94 0.25
78 107 0.142857
78 111 0.166667
78 115 0.125
79 68 0.0357143
79 72 0.0909091
79 71 0.0526316
79 96 0.125
79 100 0.166667
80 68 0.0357143
80 71 0.0526316
80 72 0.0909091
80 84 0.1
81 65 0.0526316
81 122 0.1
82 69 0.0769231
82 113 0.166667
83 68 0.0357143
83 71 0.0526316
84 80 0.125
84 85 0.2
84 92 0.1
84 102 0.2
85 84 0.1
85 92 0.1
86 74 0.0666667
86 77 0.25
86 87 0.0416667
87 69 0.0769231
87 74 0.0666667
87 86 0.166667
87 90 0.166667
87 95 0.111111
87 99 0.125
87 105 0.125
87 116 0.142857
87 118 0.111111
88 76 0.125
89 64 0.04
90 87 0.0416667
91 78 0.047619
91 107 0.142857
91 108 0.142857
92 84 0.1
92 85 0.2
92 102 0.2
92 103 0.125
92 112 0.1
93 78 0.047619
94 78 0.047619
94 91 0.142857
95 87 0.0416667
95 90 0.166667
95 101 0.166667
95 118 0.111111
96 71 0.0526316
96 83 0.2
96 79 0.111111
96 68 0.0357143
97 67 0.0555556
97 70 0.125
98 66 0.0625
99 70 0.125
99 87 0.0416667
99 67 0.0555556
100 68 0.0357143
100 79 0.111111
100 71 0.0526316
100 114 0.166667
101 95 0.111111
101 87 0.0416667
101 90 0.166667
102 92 0.1
102 85 0.2
102 84 0.1
103 71 0.0526316
103 92 0.1
103 68 0.0357143
103 109 0.5
104 76 0.125
105 87 0.0416667
105 90 0.166667
105 101 0.166667
105 95 0.111111
105 116 0.142857
106 65 0.0526316
106 66 0.0625
107 78 0.047619
107 91 0.142857
107 94 0.25
107 115 0.125
108 91 0.142857
108 78 0.047619
108 111 0.166667
108 115 0.125
109 103 0.125
110 74 0.0666667
110 86 0.166667
110 77 0.25
111 78 0.047619
111 108 0.142857
111 115 0.125
112 84 0.1
112 92 0.1
112 67 0.0555556
112 64 0.04
113 69 0.0769231
113 82 0.2
113 120 0.2
114 100 0.166667
114 96 0.125
114 64 0.04
115 111 0.166667
115 78 0.047619
115 107 0.142857
115 108 0.142857
116 105 0.125
116 87 0.0416667
116 118 0.111111
117 65 0.0526316
117 81 0.142857
118 95 0.111111
118 87 0.0416667
118 105 0.125
118 116 0.142857
118 101 0.166667
119 66 0.0625
119 98 0.2
120 69 0.0769231
120 82 0.2
120 113 0.166667
121 116 0.142857
121 118 0.111111
121 87 0.0416667
121 95 0.111111
122 58 0.0769231
122 81 0.142857
122 51 0.0909091
122 6 0.0833333
123 124 0.333333
124 123 0.125
125 126 0.1
125 127 0.5
126 125 0.111111
127 125 0.111111
128 65 0.0526316
128 10 0.0769231
