0
0
0
0
1
0.002028
0.025034
0.07347
0.061709
0.127209
0.104029
0
0.08737
0
0.112015
1
0.001331
0.031287
0
0.22228
0.0345
0.131825
0.201174
0.000165
0.063475
1
0.297749
0.035217
0.00342
0.500152
0.50021
0.004978
1e-06
2.4e-05
0
0.003958
0.500739
0
0.499943
9.4e-05
0.297773
0.031854
0
0.140993
0
0.038068
0.000374
0.024333
0.037319
0.500013
1.2e-05
0.009165
0.003103
0
0.004713
0
0.158345
0.140752
1
0.142136
0.054326
0.50097
0
0
1
0.013804
0.000967
0.079181
0.078328
0.077525
0.041267
0.012391
0.098208
0.114778
0.084846
0.023042
0.125666
0.066431
1
0.020622
0.003018
0.016703
0.020554
0.019839
0.011847
0.005398
0.178762
1
0.062813
0.500125
0.21554
0.201265
0.012663
0.33359
0.284266
0.143743
0.013511
0.028563
0.00024
0.136121
0.003537
0.069667
0.004729
0.012681
0.062984
0.157583
0.001841
0.182297
0.075018
0.006256
0.020951
0.193305
0.101276
0.017499
0.000571
0.167772
0.174182
0.00463
0.140136
0.000309
0.018051
0
0.10094
0
0
0
0
0
0.006548
