3 17
3 19
3 27
3 31
4 41
5 10
5 11
6 7
6 9
6 21
6 39
6 40
6 53
6 69
7 6
7 14
7 32
7 35
7 50
7 58
7 61
7 69
8 18
8 44
8 47
8 54
8 56
9 6
10 5
11 5
11 13
11 15
11 20
12 9
12 16
13 11
14 8
14 7
14 22
14 25
14 28
14 33
14 41
14 51
14 55
15 11
16 12
16 60
17 3
17 26
17 49
17 60
18 8
18 47
19 3
20 11
20 10
20 37
21 6
21 24
21 36
21 38
21 57
22 14
22 33
22 51
22 55
24 21
24 36
24 38
24 57
25 14
25 22
26 17
27 3
27 31
28 14
28 25
29 7
29 52
30 6
31 3
31 27
31 42
32 7
32 35
32 59
33 14
33 22
33 51
33 55
34 30
34 48
35 7
35 32
35 61
36 24
36 21
37 20
37 45
38 21
38 24
39 6
39 40
40 39
40 6
41 4
41 14
41 46
42 31
43 30
44 8
44 47
45 37
46 41
47 8
47 18
47 44
47 54
47 56
48 34
49 17
50 7
51 14
51 22
51 33
52 29
53 6
53 40
54 47
54 8
55 14
55 22
55 33
56 47
56 8
56 54
56 18
57 21
57 24
58 7
58 32
58 151
59 32
59 35
59 58
59 7
60 17
60 16
60 26
61 35
61 7
61 32
62 64
62 65
62 66
62 67
62 68
64 62
65 63
65 62
66 62
66 67
66 68
67 62
67 66
67 65
68 66
68 62
69 6
69 7
69 70
69 71
70 69
71 69
71 74
74 71
75 16
75 76
76 75
78 79
78 80
78 81
78 82
78 83
78 90
78 94
78 102
78 103
78 111
78 113
78 115
78 122
79 78
79 81
79 89
79 112
79 120
79 131
79 136
80 78
81 78
81 79
81 83
81 85
81 93
81 96
81 99
81 127
82 78
82 122
83 78
83 81
84 79
84 88
84 95
84 97
84 117
84 140
85 81
85 123
85 130
85 134
86 92
86 100
87 128
88 84
88 97
88 140
89 79
89 114
90 78
90 80
90 109
90 119
90 126
90 137
91 106
91 128
91 139
92 86
92 98
93 81
93 96
93 101
94 78
95 84
95 88
95 99
95 140
96 93
96 81
96 123
97 88
97 95
97 84
97 140
98 92
98 117
98 124
99 81
99 95
99 125
99 130
100 86
100 129
101 93
101 104
102 78
102 118
103 78
103 110
103 116
104 101
104 105
105 104
105 89
105 107
106 91
107 105
109 90
110 103
111 78
112 79
112 120
112 131
112 136
113 78
113 82
114 89
115 78
116 103
116 110
116 135
117 84
117 98
117 88
117 95
117 92
118 102
118 121
119 118
119 102
119 90
119 133
119 138
120 79
120 112
121 102
121 118
122 82
122 78
123 96
123 85
124 88
124 98
124 132
125 99
126 90
126 109
126 137
127 81
128 100
128 87
128 91
129 100
130 99
130 85
131 112
131 79
132 124
133 119
133 138
134 85
135 116
136 112
136 79
137 126
137 90
138 119
138 133
139 106
139 91
140 88
140 95
140 84
140 97
141 142
142 141
143 146
146 143
147 148
147 149
147 150
148 147
149 147
150 147
151 58
151 82
151 7
151 152
151 153
152 151
153 151
153 152
153 154
154 153
154 155
155 154
