156
369
3 17 0.125
3 19 0.5
3 27 0.25
3 31 0.166667
4 41 0.111111
5 10 0.333333
5 11 0.1
6 7 0.0416667
6 9 0.2
6 21 0.0833333
6 39 0.25
6 40 0.2
6 53 0.333333
6 69 0.05
7 6 0.047619
7 14 0.0555556
7 32 0.125
7 35 0.142857
7 50 0.5
7 58 0.166667
7 61 0.2
7 69 0.05
8 18 0.2
8 44 0.25
8 47 0.1
8 54 0.2
8 56 0.166667
9 6 0.047619
10 5 0.125
11 5 0.125
11 13 0.5
11 15 0.5
11 20 0.125
12 9 0.2
12 16 0.142857
13 11 0.1
14 8 0.0769231
14 7 0.0416667
14 22 0.111111
14 25 0.25
14 28 0.333333
14 33 0.1
14 41 0.111111
14 51 0.166667
14 55 0.166667
15 11 0.1
16 12 0.142857
16 60 0.2
17 3 0.0625
17 26 0.333333
17 49 0.5
17 60 0.2
18 8 0.0769231
18 47 0.1
19 3 0.0625
20 11 0.1
20 10 0.333333
20 37 0.125
21 6 0.047619
21 24 0.125
21 36 0.25
21 38 0.25
21 57 0.2
22 14 0.0555556
22 33 0.1
22 51 0.166667
22 55 0.166667
24 21 0.0833333
24 36 0.25
24 38 0.25
24 57 0.2
25 14 0.0555556
25 22 0.111111
26 17 0.125
27 3 0.0625
27 31 0.166667
28 14 0.0555556
28 25 0.25
29 7 0.0416667
29 52 0.25
30 6 0.047619
31 3 0.0625
31 27 0.25
31 42 0.5
32 7 0.0416667
32 35 0.142857
32 59 0.2
33 14 0.0555556
33 22 0.111111
33 51 0.166667
33 55 0.166667
34 30 0.2
34 48 0.5
35 7 0.0416667
35 32 0.125
35 61 0.2
36 24 0.125
36 21 0.0833333
37 20 0.125
37 45 0.5
38 21 0.0833333
38 24 0.125
39 6 0.047619
39 40 0.2
40 39 0.25
40 6 0.047619
41 4 0.2
41 14 0.0555556
41 46 0.5
42 31 0.166667
43 30 0.2
44 8 0.0769231
44 47 0.1
45 37 0.125
46 41 0.111111
47 8 0.0769231
47 18 0.2
47 44 0.25
47 54 0.2
47 56 0.166667
48 34 0.166667
49 17 0.125
50 7 0.0416667
51 14 0.0555556
51 22 0.111111
51 33 0.1
52 29 0.2
53 6 0.047619
53 40 0.2
54 47 0.1
54 8 0.0769231
55 14 0.0555556
55 22 0.111111
55 33 0.1
56 47 0.1
56 8 0.0769231
56 54 0.2
56 18 0.2
57 21 0.0833333
57 24 0.125
58 7 0.0416667
58 32 0.125
58 151 0.0714286
59 32 0.125
59 35 0.142857
59 58 0.166667
59 7 0.0416667
60 17 0.125
60 16 0.142857
60 26 0.333333
61 35 0.142857
61 7 0.0416667
61 32 0.125
62 64 0.5
62 65 0.25
62 66 0.166667
62 67 0.2
62 68 0.25
64 62 0.0714286
65 63 0.333333
65 62 0.0714286
66 62 0.0714286
66 67 0.2
66 68 0.25
67 62 0.0714286
67 66 0.166667
67 65 0.25
68 66 0.166667
68 62 0.0714286
69 6 0.047619
69 7 0.0416667
69 70 0.166667
69 71 0.25
70 69 0.05
71 69 0.05
71 74 0.25
74 71 0.25
75 16 0.142857
75 76 0.5
76 75 0.111111
78 79 0.0588235
78 80 0.142857
78 81 0.0625
78 82 0.166667
78 83 0.166667
78 90 0.0909091
78 94 0.5
78 102 0.125
78 103 0.166667
78 111 0.5
78 113 0.333333
78 115 0.5
78 122 0.25
79 78 0.030303
79 81 0.0625
79 89 0.166667
79 112 0.125
79 120 0.25
79 131 0.25
79 136 0.25
80 78 0.030303
81 78 0.030303
81 79 0.0588235
81 83 0.166667
81 85 0.125
81 93 0.111111
81 96 0.166667
81 99 0.1
81 127 0.5
82 78 0.030303
82 122 0.25
83 78 0.030303
83 81 0.0625
84 79 0.0588235
84 88 0.1
84 95 0.111111
84 97 0.142857
84 117 0.125
84 140 0.1
85 81 0.0625
85 123 0.25
85 130 0.25
85 134 0.5
86 92 0.111111
86 100 0.111111
87 128 0.2
88 84 0.0714286
88 97 0.142857
88 140 0.1
89 79 0.0588235
89 114 0.5
90 78 0.030303
90 80 0.142857
90 109 0.333333
90 119 0.1
90 126 0.2
90 137 0.25
91 106 0.333333
91 128 0.2
91 139 0.333333
92 86 0.142857
92 98 0.166667
93 81 0.0625
93 96 0.166667
93 101 0.2
94 78 0.030303
95 84 0.0714286
95 88 0.1
95 99 0.1
95 140 0.1
96 93 0.111111
96 81 0.0625
96 123 0.25
97 88 0.1
97 95 0.111111
97 84 0.0714286
97 140 0.1
98 92 0.111111
98 117 0.125
98 124 0.142857
99 81 0.0625
99 95 0.111111
99 125 0.5
99 130 0.25
100 86 0.142857
100 129 0.25
101 93 0.111111
101 104 0.25
102 78 0.030303
102 118 0.2
103 78 0.030303
103 110 0.333333
103 116 0.142857
104 101 0.2
104 105 0.2
105 104 0.25
105 89 0.166667
105 107 0.166667
106 91 0.142857
107 105 0.2
109 90 0.0909091
110 103 0.166667
111 78 0.030303
112 79 0.0588235
112 120 0.25
112 131 0.25
112 136 0.25
113 78 0.030303
113 82 0.166667
114 89 0.166667
115 78 0.030303
116 103 0.166667
116 110 0.333333
116 135 0.5
117 84 0.0714286
117 98 0.166667
117 88 0.1
117 95 0.111111
117 92 0.111111
118 102 0.125
118 121 0.333333
119 118 0.2
119 102 0.125
119 90 0.0909091
119 133 0.25
119 138 0.25
120 79 0.0588235
120 112 0.125
121 102 0.125
121 118 0.2
122 82 0.166667
122 78 0.030303
123 96 0.166667
123 85 0.125
124 88 0.1
124 98 0.166667
124 132 0.5
125 99 0.1
126 90 0.0909091
126 109 0.333333
126 137 0.25
127 81 0.0625
128 100 0.111111
128 87 0.166667
128 91 0.142857
129 100 0.111111
130 99 0.1
130 85 0.125
131 112 0.125
131 79 0.0588235
132 124 0.142857
133 119 0.1
133 138 0.25
134 85 0.125
135 116 0.142857
136 112 0.125
136 79 0.0588235
137 126 0.2
137 90 0.0909091
138 119 0.1
138 133 0.25
139 106 0.333333
139 91 0.142857
140 88 0.1
140 95 0.111111
140 84 0.0714286
140 97 0.142857
141 142 0.5
142 141 0.25
143 146 0.5
146 143 0.166667
147 148 0.25
147 149 0.5
147 150 0.25
148 147 0.125
149 147 0.125
150 147 0.125
151 58 0.166667
151 82 0.166667
151 7 0.0416667
151 152 0.333333
151 153 0.2
152 151 0.0714286
153 151 0.0714286
153 152 0.333333
153 154 0.25
154 153 0.2
154 155 0.5
155 154 0.25
