0
0
0
1
0.022191
0.130616
1
1
0.077017
0.200163
0.082242
1
0.000559
0.500657
1
0.501631
0.003659
0.126471
0.019642
0.500088
0.125485
0.084929
0.189626
0
0.017073
0.313965
0.048023
0.282503
0.334003
0
0
0.201671
0.185621
0.149866
0
0.190002
0.024231
0.015647
0.024197
0.298075
0.292323
0.111296
0.10098
0
0.021808
0.007843
0.055857
0.013618
0
0.063105
0.500058
0.208472
0
0.333875
0.019651
0.207728
0.014559
0.01944
0.171917
0.037437
0.025512
0.227299
1
0.098036
0.501081
0.293666
0.228171
0.233109
0.286884
0.099617
0.01663
0.025136
0
0
0.006287
0
0
0
1
0.11422
0.152997
1
0.247956
0.306067
0.001013
0.133769
5e-06
0
0.001392
0.019307
0.090781
0
1.3e-05
0.128689
0.500186
0.011754
0.187393
0.000532
2.2e-05
0.103857
1e-06
0.025961
0.127358
0.166587
0.006621
0.001269
0
0.000199
0
0.035225
0.060967
0.501422
0.023601
0.332897
0.009659
0.501245
0.023755
0.000129
0.026969
0.00916
0.032572
0.009152
0.289955
0.076785
5e-06
0.051888
0.022003
0.499652
0
0
0.057259
0.03236
1e-06
0.002642
0.066869
0.011945
0.032365
0.026207
0.002789
0
0.001402
0
0
0
0
0
0
0
0
0
0
0.012143
0.004534
0.002418
0.000608
0.000305
