13 3
13 9
0 1
38 37
38 28
39 31
39 43
1 0
1 2
1 3
1 4
1 5
1 6
1 7
1 8
1 14
1 17
1 23
28 30
28 33
28 37
28 38
2 1
3 1
3 13
40 32
40 46
4 1
4 2
4 9
4 11
5 1
5 12
5 16
30 28
30 33
31 32
31 39
31 44
41 36
42 31
14 12
14 1
14 5
14 22
15 8
43 39
32 31
32 40
16 12
16 5
16 21
44 31
44 47
6 1
6 7
33 28
33 30
33 34
33 36
34 33
17 1
17 8
18 12
18 16
45 41
45 36
46 40
7 1
7 6
47 44
19 5
19 12
19 16
19 21
19 23
8 1
8 6
8 15
8 17
9 4
9 1
9 13
10 7
10 8
10 1
21 16
21 12
21 19
35 29
35 28
22 14
22 23
23 19
23 1
23 6
23 22
23 24
24 23
24 25
24 26
25 24
25 26
11 4
12 5
12 14
12 16
12 18
12 19
26 24
26 23
26 25
36 33
36 41
37 28
37 30
