0 1
0 4
0 7
0 11
0 23
0 48
0 66
0 75
0 199
1 0
1 2
1 3
1 6
1 9
1 15
1 35
1 64
1 89
2 1
2 5
2 6
2 14
2 20
2 24
2 29
2 33
2 37
2 60
2 63
2 157
3 1
3 10
3 32
3 64
3 89
4 0
5 2
5 58
5 68
5 126
5 130
5 148
6 2
6 1
6 12
6 16
6 25
6 38
6 45
6 49
6 50
6 56
6 123
7 0
7 8
7 124
8 7
8 86
8 94
8 106
9 1
9 18
9 27
9 34
9 35
10 3
10 89
11 0
11 21
11 39
11 59
11 65
11 75
11 112
12 6
12 17
12 22
12 74
12 121
12 135
13 5
13 14
13 19
13 28
13 138
13 191
14 13
14 2
14 30
14 72
14 133
14 159
14 179
14 195
15 1
15 40
15 92
15 124
15 154
16 6
16 77
16 95
16 118
16 192
17 12
17 137
18 9
18 5
18 6
18 26
18 36
18 50
18 54
18 55
18 67
18 116
18 140
18 161
18 176
19 13
19 28
19 209
20 2
20 25
20 31
20 42
20 69
20 82
20 85
20 113
21 11
21 48
21 65
22 17
22 12
22 26
22 107
23 0
23 4
23 46
23 100
23 151
23 172
24 2
24 31
24 40
24 79
24 91
24 115
25 20
25 6
25 42
25 56
25 81
25 88
25 102
25 177
26 22
26 18
27 9
27 36
27 49
27 61
28 13
28 19
28 119
28 138
28 191
28 209
29 2
30 14
30 32
30 72
30 133
30 159
30 195
31 24
31 20
31 117
32 30
32 3
32 10
32 50
32 51
33 2
33 37
33 77
33 157
34 9
34 98
34 210
35 9
35 1
35 144
36 18
36 27
36 9
36 25
36 158
36 197
37 2
37 33
37 29
37 159
38 6
38 22
38 96
39 11
39 101
39 112
40 15
40 2
40 24
40 41
40 43
40 47
40 71
40 187
41 40
41 110
41 146
42 25
42 20
42 57
42 62
42 73
42 97
42 128
42 208
43 40
43 145
44 1
44 9
45 20
45 6
45 81
45 184
46 23
46 100
47 40
47 53
47 99
47 127
48 0
48 39
48 21
48 100
49 6
49 27
49 45
49 61
49 83
49 155
49 180
49 183
50 6
50 32
50 18
50 70
50 104
50 166
51 32
51 52
52 51
52 76
53 47
53 99
53 170
54 18
54 55
54 116
54 140
54 161
55 18
55 52
55 54
56 6
56 25
56 108
56 125
57 42
57 62
57 97
57 181
57 208
58 5
58 105
58 130
58 148
59 21
59 11
59 39
59 149
60 2
60 37
60 159
61 27
61 49
61 155
61 194
62 57
62 42
62 128
62 208
63 13
63 2
63 28
63 178
63 189
64 1
64 3
64 144
65 21
65 11
66 0
66 4
66 109
67 1
67 18
67 54
67 78
68 5
68 126
68 206
69 20
69 113
70 50
71 40
72 30
72 14
72 133
73 62
73 42
73 117
74 12
74 90
75 11
75 0
75 39
75 86
75 106
75 120
75 163
76 52
76 51
76 134
76 167
76 186
77 2
77 16
77 33
77 81
77 114
77 171
77 185
77 204
78 67
79 24
80 50
80 52
80 32
81 45
81 25
81 5
81 77
82 20
83 49
83 3
83 175
84 43
84 41
84 132
84 139
85 20
86 75
86 8
87 37
87 60
87 29
87 33
88 25
88 102
89 1
89 3
89 10
89 142
89 143
90 74
90 103
90 121
91 24
91 115
92 15
92 64
93 35
93 144
94 41
94 8
94 7
94 146
94 162
94 173
95 16
96 38
96 160
97 62
97 57
97 42
97 73
97 117
98 34
98 168
99 47
99 53
99 127
100 48
100 0
100 46
100 23
100 101
101 39
101 100
101 11
101 119
102 25
102 88
102 177
103 90
103 118
104 50
104 107
105 5
105 24
105 58
105 172
106 75
106 8
106 129
106 147
106 151
106 190
107 104
107 22
108 56
109 86
109 66
109 106
110 41
110 146
111 76
111 134
111 167
112 11
112 39
112 207
113 20
113 69
113 117
114 77
114 204
115 24
115 91
116 18
116 54
117 73
117 31
117 97
117 113
117 151
117 152
117 182
117 193
118 103
118 16
118 133
118 150
118 174
119 28
119 101
119 13
119 79
119 122
120 75
120 110
120 94
120 41
120 109
120 173
121 90
121 16
121 12
121 136
122 119
123 6
123 131
123 156
124 7
124 66
124 15
124 109
125 56
125 108
125 141
125 153
126 5
126 68
127 47
127 99
128 42
128 62
129 106
129 151
130 58
130 5
131 123
131 169
132 84
132 139
133 30
133 72
133 14
133 118
134 111
134 76
134 167
134 186
135 12
136 121
137 17
137 188
138 13
138 28
139 66
139 23
139 100
139 84
139 132
140 18
140 54
140 116
141 125
142 89
142 143
143 89
143 142
144 93
144 64
144 35
144 164
145 43
146 41
146 94
146 110
147 106
147 129
147 151
147 165
147 190
148 5
148 58
149 66
149 59
150 118
151 106
151 23
151 117
151 129
151 147
152 117
153 125
154 15
155 61
155 17
155 49
155 183
155 196
156 123
156 131
156 169
157 2
157 33
157 37
158 36
158 160
158 197
159 37
159 60
159 30
159 118
159 14
160 96
160 158
161 18
161 116
161 54
162 120
162 94
162 41
163 75
164 144
164 92
165 129
165 106
165 147
166 50
166 70
166 176
167 134
167 111
167 76
167 187
168 98
168 185
169 123
169 156
169 131
170 53
170 127
170 40
170 99
171 77
171 114
171 204
172 105
172 23
172 75
172 101
172 202
173 120
173 94
173 205
174 118
174 150
175 83
176 50
176 70
176 166
176 18
177 25
177 102
178 63
179 72
179 30
179 14
180 49
181 57
181 42
181 128
182 117
182 152
183 155
183 49
183 123
184 45
185 168
185 77
185 198
186 134
186 76
186 111
187 40
187 1
187 167
188 137
188 133
189 63
189 178
190 147
190 129
190 106
191 13
191 28
192 95
192 16
193 117
194 83
194 17
194 61
195 14
195 30
195 72
196 155
197 158
197 77
197 36
197 203
198 185
199 0
200 79
201 20
201 69
201 85
202 172
203 197
204 114
204 171
204 77
205 173
206 68
206 58
206 5
207 11
207 112
208 42
208 62
208 97
208 57
209 28
209 19
209 138
210 34
