1
0.126807
1
0.026596
0.292377
0.12409
0.189622
0.145752
0.018301
0.114427
0.010991
0.070968
1
0.145857
0.072789
0.103438
0.119609
0.181822
1
0.213265
1
0.03135
0.135646
0.09165
0.170471
0.086666
0.219211
0.162796
1
0.278253
0.022658
0.323
0.014603
0.146142
0.019039
0.033895
0.114743
0.149395
0.038164
0.034053
1
0.101602
0.08317
0.201057
0
0.147752
0.027681
0.12568
0.128576
1
0.089144
0.011592
0.038583
0.023158
0.170091
0.225441
0.189913
0.025527
0.020265
0.011787
0.169788
0.155914
0.043299
0.126092
0.025416
0.024509
0.131734
0.167623
0.025304
0.249923
0.071013
0.500889
0.029386
0.193255
0.263584
0.073037
0.007279
0.019474
0.084121
0.072568
0
0.035027
0.500372
0.147741
0
0.333993
0.023479
0
0.019837
0.016008
0.104168
0.050648
0.026409
0.002414
0.004291
0.048723
0.010551
0.122223
0.004972
0.019073
0.023448
0.023474
0.01695
0.263525
0.027742
0.004806
0.015364
0.026143
0.368564
0.029579
0.024902
0.005227
0.017073
0.329386
0.004954
0.050398
0.245893
1
1
0.126663
0.008158
0.15339
0.06344
0.051251
0.040241
1
0.035146
0.028593
0.025245
0.0153
0.034571
0.011567
0
0.121871
0.004717
0.499895
0.076991
0.045301
0.257357
0
0.225611
0.500805
0.004771
0.004712
0.007268
0.100191
0.020395
0.011877
0.034291
0.003982
0.408339
0.091101
0.40777
0.499833
0.051992
0.145039
0.007616
0.220606
0.016646
0.044002
0.006512
0.225886
0.000866
0.03673
0.002403
0.002963
0.050253
0.025729
0.001983
0.003632
0.004681
0.003209
0.00958
0.002009
0.333689
0.073872
0.169354
0.024235
0.051527
0.01814
0.500658
0.006392
0.333407
0.221148
0.074099
0.003379
0.002313
0.200548
0.015059
0.042293
0.00526
0.274858
0.040118
0.499782
0.03889
0.013178
0.07282
0.018061
0.001668
0.501522
0
0
0.00476
0.009134
0.004149
0.001003
0.005017
0.003362
0.020569
0.230893
0.009621
