18
45
0 1 0.2
0 2 0.25
0 8 0.142857
0 14 0.166667
0 16 0.166667
1 0 0.0625
1 3 0.142857
2 0 0.0625
2 7 0.166667
3 1 0.2
3 4 0.0769231
3 10 0.333333
4 3 0.142857
4 1 0.2
4 6 0.25
4 7 0.166667
4 9 0.5
4 16 0.166667
4 17 0.5
5 3 0.142857
5 13 0.5
6 4 0.0769231
7 2 0.25
7 4 0.0769231
7 12 0.5
8 0 0.0625
8 6 0.25
8 11 0.2
8 14 0.166667
9 4 0.0769231
10 3 0.142857
10 5 0.25
11 8 0.142857
11 6 0.25
11 15 0.5
12 7 0.166667
13 5 0.25
14 8 0.142857
14 0 0.0625
14 16 0.166667
15 11 0.2
16 4 0.0769231
16 14 0.166667
16 0 0.0625
17 4 0.0769231
