0 1
0 2
0 3
0 263
1 0
2 0
3 0
3 4
3 5
4 3
4 12
4 5
5 3
5 4
5 6
5 8
5 9
5 10
5 12
6 12
6 5
6 7
7 6
8 9
8 5
8 238
9 8
9 10
9 11
9 5
9 263
10 9
10 5
11 9
12 64
12 192
12 4
12 5
12 6
12 13
12 14
12 15
12 22
12 23
12 132
12 38
12 28
12 261
13 16
13 48
13 18
13 49
13 175
13 12
13 45
13 30
13 95
14 261
14 12
14 61
14 214
14 31
15 89
15 91
15 12
15 211
16 80
16 17
16 34
16 19
16 82
16 57
16 13
17 16
17 41
17 43
17 57
18 65
18 21
18 24
18 44
18 45
18 78
18 13
19 16
19 25
19 20
19 100
20 19
20 187
20 134
20 26
20 27
20 60
20 29
20 62
20 191
21 59
21 18
21 51
22 36
22 85
22 198
22 137
22 107
22 12
23 40
23 132
23 42
23 184
23 12
24 65
24 18
24 37
24 55
24 56
24 168
24 139
24 50
25 35
25 19
25 77
26 33
26 140
26 205
26 113
26 20
26 54
26 87
26 24
26 188
26 29
26 62
26 479
27 33
27 138
27 20
27 125
27 79
28 145
28 12
28 169
29 81
29 98
29 20
29 117
29 26
29 221
29 62
30 80
30 82
30 54
30 121
30 41
30 171
30 13
30 94
31 32
31 14
32 214
32 14
32 31
33 71
33 87
33 19
33 20
33 39
33 26
33 27
33 122
34 16
35 99
35 148
35 213
35 150
35 73
35 25
35 58
35 172
35 74
35 93
35 47
36 198
36 107
36 85
36 22
37 24
37 200
37 75
37 190
38 64
38 12
39 33
39 173
40 42
40 23
41 17
41 114
41 86
41 30
41 49
42 40
42 63
42 52
42 23
43 17
43 83
43 124
44 18
44 46
45 18
45 13
46 180
46 66
46 44
46 53
47 113
47 35
47 116
47 177
47 151
47 216
47 73
47 170
47 126
47 207
48 13
49 41
49 210
49 13
50 24
50 75
50 37
50 190
51 52
51 21
51 22
52 42
52 51
52 84
53 46
54 26
54 50
54 30
55 20
55 110
55 24
55 202
55 223
55 92
55 78
55 79
56 24
56 200
56 37
56 190
57 16
57 17
57 164
57 101
58 35
58 69
58 70
58 201
58 47
58 79
59 115
59 155
59 139
59 21
59 164
59 123
60 20
60 191
61 32
61 12
61 14
61 31
62 217
62 26
62 20
62 29
62 165
63 42
64 89
64 218
64 12
64 38
65 24
65 193
65 18
65 174
65 209
66 96
66 464
66 67
66 68
66 21
66 105
66 36
66 46
67 96
67 66
67 68
67 130
68 75
68 96
68 66
68 67
69 128
69 208
69 58
69 76
70 58
71 33
72 33
72 58
72 45
72 118
73 112
73 35
73 166
73 199
73 156
73 77
73 47
74 35
74 55
75 129
75 163
75 68
75 37
75 103
75 104
75 238
75 50
75 212
75 149
75 119
75 24
75 29
76 179
76 108
76 69
77 88
77 73
77 144
77 25
78 18
78 109
78 55
79 113
79 58
79 27
79 55
80 16
80 158
80 30
81 29
82 16
82 106
82 157
82 30
83 43
83 189
83 134
84 90
84 52
84 215
85 256
85 36
85 22
86 160
86 41
86 89
87 33
87 26
87 141
87 174
88 133
88 97
88 77
88 71
89 64
89 145
89 86
89 15
90 43
90 84
91 12
91 15
92 55
93 35
94 30
95 48
95 179
95 197
95 102
95 111
95 13
95 159
96 66
96 67
96 68
96 105
96 154
96 222
97 88
97 133
97 143
98 117
98 135
98 185
98 221
98 238
98 29
99 178
99 35
99 148
99 181
99 150
99 93
99 213
100 34
100 19
101 57
102 95
103 75
104 129
104 75
104 139
104 163
105 96
105 66
105 68
106 82
106 203
107 137
107 36
107 22
108 128
108 76
108 69
109 78
110 92
110 55
111 127
111 95
112 73
112 199
113 26
113 47
113 131
113 79
114 41
115 123
115 59
116 47
117 185
117 98
117 29
118 72
118 33
118 136
118 19
118 120
119 129
119 75
119 147
119 149
120 136
120 118
121 30
122 33
122 204
123 115
123 164
123 59
123 155
124 43
125 138
125 27
126 216
126 151
126 47
127 111
128 186
128 108
128 69
129 104
129 75
129 119
130 96
130 105
130 66
130 67
130 481
131 112
131 113
131 74
131 153
131 73
132 137
132 195
132 12
132 23
133 88
133 97
134 16
134 83
134 20
135 185
135 98
135 29
135 117
136 120
136 19
136 118
136 219
137 107
137 132
137 22
138 27
138 125
138 142
139 176
139 104
139 162
139 20
139 24
139 59
140 26
140 167
141 209
141 174
141 87
142 138
142 27
142 116
142 183
143 97
143 133
144 77
145 89
145 28
146 80
146 34
146 127
146 102
146 95
147 104
147 129
147 75
147 223
147 119
148 99
148 178
148 35
148 461
149 129
149 75
149 163
149 119
150 35
150 99
150 172
150 181
151 207
151 126
151 47
152 26
153 131
153 263
154 96
154 66
154 67
154 222
155 123
155 115
155 59
156 73
157 82
157 203
157 106
158 80
159 95
160 86
161 107
161 22
162 139
163 104
163 75
163 212
163 149
163 103
164 123
164 57
164 59
165 217
165 62
166 112
166 73
167 26
167 140
168 24
168 50
169 28
170 47
171 30
172 99
172 35
172 213
172 150
173 33
173 122
173 182
173 39
174 65
174 141
174 87
175 13
175 30
175 119
176 139
177 47
177 126
177 151
178 35
178 99
178 148
178 213
178 150
179 146
179 76
179 95
180 46
181 99
181 35
181 150
182 173
183 142
184 40
184 23
185 98
185 221
185 29
185 117
185 135
186 128
187 20
188 26
188 220
189 83
190 56
190 50
190 37
191 60
191 20
192 12
193 65
193 134
194 66
194 68
194 135
194 123
194 98
194 206
195 132
196 129
196 75
196 147
196 103
197 95
198 36
198 22
199 112
199 73
199 166
200 56
200 24
200 37
201 58
202 92
202 55
203 82
203 106
203 492
203 157
204 122
205 26
205 167
206 36
206 194
206 28
206 22
207 47
207 126
207 151
208 69
209 65
209 141
210 49
211 15
212 75
212 163
213 35
213 178
213 99
213 172
213 150
214 32
214 14
214 31
215 84
216 47
216 126
216 207
217 165
217 62
218 64
219 136
219 50
220 188
221 185
221 98
221 135
221 29
221 117
222 96
222 105
222 154
222 67
222 130
223 224
223 225
223 147
223 227
223 117
223 235
223 55
223 228
223 26
223 231
224 223
225 226
225 228
225 230
225 223
226 232
226 225
226 236
226 230
227 223
228 225
228 234
228 492
228 229
228 223
229 234
229 228
230 225
230 226
230 233
231 237
231 223
232 226
232 236
233 232
233 230
234 228
234 229
235 223
236 232
236 226
237 231
238 98
238 235
238 245
238 8
238 250
238 75
238 157
238 239
239 240
239 241
239 464
239 238
240 242
240 244
240 247
240 249
240 251
240 252
240 255
240 254
240 239
241 240
241 239
242 240
242 243
242 253
242 251
243 242
243 238
244 240
244 248
244 246
244 239
245 238
246 244
247 240
247 249
247 255
248 244
249 240
249 247
250 245
250 238
251 240
251 242
252 240
252 255
253 242
254 240
255 240
255 252
255 247
256 257
256 3
256 4
256 85
256 259
256 57
256 36
257 256
257 258
258 257
259 256
259 260
260 259
261 12
261 262
261 14
261 31
262 261
263 0
263 404
263 290
263 264
263 9
263 266
263 311
263 300
263 365
263 270
263 431
263 24
263 339
263 308
263 277
263 265
263 280
263 153
263 223
264 306
264 295
264 425
264 266
264 263
264 268
264 378
265 272
265 310
265 263
265 280
265 314
265 267
265 301
266 449
266 326
266 263
266 296
266 265
266 371
266 269
266 264
266 402
266 275
266 457
266 281
266 282
266 455
266 349
266 287
267 265
267 274
267 373
267 263
268 264
268 295
269 282
269 273
269 307
269 266
269 371
269 346
270 419
270 291
270 446
270 279
270 362
270 263
270 285
270 286
270 271
271 272
271 320
271 324
271 293
271 427
271 270
271 341
272 265
272 343
272 283
272 271
273 338
273 340
273 389
273 327
273 330
273 299
273 269
274 328
274 267
274 284
274 270
274 311
275 408
275 386
275 387
275 276
275 278
275 296
275 361
275 266
275 302
276 386
276 275
276 278
276 423
276 408
276 361
276 387
277 380
277 266
277 300
277 282
277 263
278 305
278 275
278 276
278 298
278 348
278 397
279 419
279 270
280 288
280 337
280 355
280 388
280 454
280 263
280 265
280 407
280 350
281 275
281 390
281 278
281 266
281 269
281 319
282 297
282 266
282 277
282 269
283 272
283 363
283 373
283 334
283 303
284 274
285 384
285 385
285 322
285 291
285 270
285 440
285 400
285 335
285 316
285 286
285 303
286 329
286 418
286 283
286 285
286 270
287 304
287 289
287 266
287 354
287 402
288 337
288 292
288 454
288 353
288 280
288 350
289 274
289 403
289 263
289 413
289 359
289 317
289 270
289 287
290 263
291 336
291 321
291 422
291 381
291 313
291 285
291 270
291 317
292 288
292 449
292 307
292 406
292 294
292 280
292 301
292 367
293 418
293 341
293 271
294 292
294 406
295 264
295 425
295 378
295 268
296 266
296 275
296 386
296 415
297 282
298 305
298 338
298 278
299 273
299 282
299 309
299 366
299 327
300 308
300 315
300 292
300 277
300 263
301 292
301 325
301 265
301 363
301 492
301 398
301 399
302 275
302 396
303 272
303 283
303 285
303 413
304 289
304 386
304 447
304 287
305 298
305 278
306 264
306 312
306 378
306 363
306 295
307 392
307 340
307 344
307 292
307 282
307 379
307 364
307 269
307 367
308 372
308 290
308 300
308 263
309 323
309 424
309 345
309 426
309 299
309 332
310 265
310 314
310 438
311 377
311 274
311 425
311 263
312 306
312 378
312 358
313 336
313 321
313 291
313 445
313 422
314 265
314 443
314 301
314 310
315 300
316 285
317 289
317 291
317 342
317 394
317 347
317 412
317 333
317 318
318 442
318 317
319 281
319 397
319 390
320 271
321 313
321 291
321 381
322 285
323 452
323 356
323 309
323 351
324 341
324 271
325 301
326 457
326 266
327 371
327 273
327 299
327 269
328 289
328 274
328 459
328 263
329 286
330 368
330 273
330 356
330 389
330 375
330 327
331 269
332 309
333 394
333 347
333 317
333 342
334 283
335 384
335 285
336 313
336 291
336 357
336 430
336 421
337 288
337 338
337 280
337 314
337 364
337 370
338 432
338 273
338 298
338 307
338 337
339 431
339 263
340 273
340 307
340 364
341 324
341 293
341 271
342 394
342 347
342 317
342 333
343 272
344 307
345 352
345 444
345 309
345 374
345 414
346 269
347 317
347 342
347 333
348 305
348 298
348 278
349 457
349 266
349 455
350 280
350 288
350 454
350 382
350 407
351 323
352 345
352 444
352 374
353 288
353 355
353 454
353 407
353 280
353 365
354 287
355 280
355 353
355 379
356 376
356 330
356 323
356 414
357 336
357 421
357 430
358 312
358 306
358 451
358 295
359 360
359 289
359 302
360 442
360 302
360 359
361 393
361 275
361 276
361 387
362 270
363 306
363 283
363 301
364 337
364 307
364 340
364 439
365 280
365 353
365 435
365 263
366 299
367 337
367 307
367 292
367 436
367 395
367 460
367 383
368 330
369 296
369 401
369 299
369 351
370 337
371 433
371 266
371 269
371 327
372 264
372 265
372 267
372 308
373 283
373 267
374 352
374 345
374 414
375 330
375 356
376 356
376 351
377 311
378 264
378 312
378 306
378 455
378 295
379 307
379 355
379 292
380 450
380 277
380 365
381 321
381 291
381 428
381 445
382 288
382 350
383 395
383 460
383 405
383 367
384 400
384 385
384 440
384 316
384 285
384 335
385 384
385 400
385 285
385 413
386 296
386 304
386 275
386 276
386 411
387 361
387 275
387 276
387 423
387 393
388 280
388 353
388 382
389 273
389 330
390 281
390 397
390 319
391 409
391 410
391 283
391 301
391 334
391 429
392 307
393 361
393 275
393 276
393 387
394 412
394 333
394 342
394 317
395 383
395 436
395 367
396 302
397 417
397 278
397 390
397 319
398 301
398 399
399 301
399 398
400 384
400 385
400 285
401 377
401 369
402 266
402 396
402 397
402 287
403 289
404 263
405 367
405 395
405 383
406 449
406 292
406 294
407 280
407 353
407 350
408 275
408 276
408 453
409 410
409 429
409 391
410 416
410 409
410 429
410 391
411 386
411 420
411 349
411 326
412 394
412 317
412 342
413 385
413 289
413 328
413 458
413 311
413 303
414 345
414 330
414 356
414 389
414 374
415 296
415 433
416 409
416 410
416 479
416 391
417 397
418 441
418 293
418 286
419 270
419 279
420 411
421 336
421 357
422 313
422 291
422 321
423 276
423 275
423 387
424 448
424 330
424 309
424 414
425 264
425 295
425 268
425 311
426 309
427 271
428 313
428 291
428 381
428 422
429 409
429 410
429 391
430 336
430 357
431 339
431 263
432 338
433 296
433 371
433 420
433 411
433 415
434 307
435 365
436 395
436 367
437 339
437 270
437 263
438 265
438 310
439 364
440 384
440 285
441 418
442 360
442 318
443 314
444 352
444 345
444 340
444 374
445 313
445 381
445 321
446 419
446 270
447 304
448 424
449 266
449 292
449 349
449 406
450 380
451 358
452 323
452 351
453 408
453 276
453 423
454 288
454 353
454 350
454 280
455 378
455 266
455 349
456 402
457 266
457 349
457 326
458 413
459 328
460 383
460 395
460 405
460 367
461 272
461 148
461 324
461 285
461 462
461 223
462 461
462 463
463 462
464 465
464 66
464 470
464 471
464 24
464 137
464 475
464 50
464 239
465 464
465 466
465 467
465 476
466 465
466 468
466 469
466 473
467 465
468 466
469 466
469 474
470 464
470 478
471 464
471 472
471 470
472 471
473 466
474 469
474 477
475 464
476 465
477 474
478 470
479 416
479 480
479 228
479 280
479 26
479 301
480 479
481 488
481 482
481 130
481 483
481 484
481 485
481 263
481 280
481 487
481 379
481 66
482 481
482 485
482 486
482 489
483 481
484 481
484 487
485 481
485 482
485 483
485 491
485 489
486 481
486 482
487 481
487 490
487 484
488 481
489 481
489 482
489 485
490 487
491 485
492 496
492 497
492 498
492 228
492 185
492 203
492 301
492 494
493 492
494 492
494 495
495 494
496 492
497 498
497 499
497 492
498 497
498 492
498 493
499 497
499 495
