1 2
2 1
2 3
3 2
4 5
4 13
4 33
4 61
4 69
4 79
4 81
5 4
5 9
5 11
5 17
5 102
6 14
6 55
6 71
7 34
7 80
7 92
8 42
9 5
9 20
9 70
9 73
9 90
9 248
10 30
10 46
10 47
10 58
10 129
11 5
11 17
11 125
11 237
12 7
12 72
13 4
13 19
13 22
13 33
13 79
13 81
13 94
14 6
14 16
14 60
15 32
16 14
16 24
16 31
16 52
16 91
17 5
17 11
17 18
17 21
17 27
17 36
17 68
17 100
18 17
18 48
18 83
18 85
19 13
19 4
19 25
19 26
19 62
19 67
19 106
19 125
20 9
20 73
20 90
21 17
21 49
22 4
22 13
22 9
22 23
22 30
22 33
22 78
23 4
23 22
23 33
23 43
24 16
24 91
25 19
25 28
26 19
26 15
26 76
27 17
27 13
27 40
27 54
27 66
28 25
28 39
28 77
29 103
30 10
30 22
30 38
30 65
30 104
31 16
31 57
31 64
32 15
32 35
32 41
32 50
32 53
32 59
33 13
33 23
33 22
33 4
33 83
34 7
34 53
34 72
34 80
34 92
35 32
35 41
35 59
36 17
37 25
37 44
37 77
37 93
38 30
38 65
39 28
40 27
41 32
41 35
42 8
43 33
43 23
43 238
44 37
44 51
44 93
45 95
46 10
46 82
47 10
48 18
48 27
48 57
48 64
49 21
50 32
50 35
51 37
51 44
51 75
52 16
52 105
53 7
53 34
53 32
54 27
55 6
57 48
57 31
58 10
58 47
58 46
58 82
59 32
59 35
60 14
61 13
61 4
61 98
61 108
61 109
62 19
63 18
64 14
64 48
64 31
65 30
65 38
66 57
66 27
66 40
66 86
66 89
67 11
67 19
68 17
69 4
69 13
70 9
70 96
70 97
71 6
72 7
72 12
72 34
73 9
73 20
73 90
74 34
75 51
75 37
76 26
76 88
76 127
77 28
77 37
77 75
78 22
79 4
79 13
79 69
80 12
80 34
80 7
81 69
81 13
81 4
82 10
82 58
82 46
83 18
83 73
83 33
83 101
85 18
86 27
86 66
86 87
87 86
88 26
88 76
89 66
90 9
90 73
90 20
91 16
91 24
92 34
92 7
92 80
93 51
93 37
93 44
94 4
94 69
94 13
94 108
95 45
96 70
96 97
96 104
97 96
97 70
97 104
97 248
98 61
99 64
100 17
100 107
101 83
102 11
102 5
103 42
103 29
104 22
104 30
104 96
104 97
105 52
106 19
107 100
107 68
107 17
108 38
108 61
108 94
108 98
108 109
109 108
109 61
109 110
110 109
110 111
111 110
111 112
111 113
111 114
112 111
112 115
113 111
114 111
115 112
116 122
117 118
117 121
117 123
117 250
118 117
119 124
121 117
122 116
123 117
124 119
125 11
125 19
125 126
126 125
126 250
127 26
127 7
127 76
127 35
127 19
127 128
128 127
129 14
129 65
129 84
129 10
129 130
129 133
129 134
129 153
129 162
129 229
130 129
130 131
130 136
130 138
130 173
130 179
130 196
131 130
131 132
131 141
131 143
131 171
131 182
131 218
132 131
132 150
132 195
132 199
133 129
133 140
133 176
133 191
133 198
133 235
134 129
134 133
134 185
135 137
135 142
135 145
135 168
135 201
135 216
136 130
136 147
136 150
137 135
137 177
137 180
137 184
137 194
137 208
137 209
137 214
138 130
138 134
139 154
139 157
139 229
139 231
140 133
140 158
140 167
140 174
140 221
141 131
141 143
142 135
142 145
142 165
142 168
142 201
143 131
143 141
143 228
143 232
144 207
144 233
145 135
145 142
145 170
145 181
146 160
147 136
149 152
149 155
149 156
149 187
150 132
150 136
150 147
151 133
151 164
152 149
152 155
152 156
152 187
152 192
153 129
154 139
154 157
154 159
154 161
154 231
155 149
155 152
155 172
155 227
156 149
156 152
156 192
157 139
157 129
157 154
158 140
159 154
159 139
159 161
159 164
160 141
160 146
160 166
160 193
160 220
161 139
161 154
161 159
162 129
163 129
163 175
163 225
164 159
164 154
164 151
164 215
165 142
165 135
165 169
165 183
165 202
165 208
166 160
166 220
167 140
167 158
167 171
168 135
168 142
169 165
169 183
170 145
170 181
170 196
171 167
171 131
171 143
171 200
171 219
172 155
172 144
173 150
173 130
174 140
174 167
174 178
174 189
174 204
174 210
175 163
176 133
177 137
177 180
177 184
177 203
177 209
177 211
177 214
178 174
178 210
179 165
179 130
179 163
179 217
179 224
180 137
180 177
180 184
181 145
181 170
182 131
182 195
182 205
183 169
183 165
184 137
184 177
184 180
184 194
184 203
185 134
185 197
185 222
186 133
186 206
187 156
187 149
187 152
188 133
188 151
188 176
188 235
189 174
189 178
189 190
190 174
190 178
190 189
190 204
190 210
191 176
191 133
192 152
192 156
192 149
193 160
193 220
194 184
194 137
194 203
194 209
195 182
195 132
196 130
196 165
196 170
196 169
196 213
196 226
197 185
197 222
197 223
198 133
198 188
198 176
199 132
200 171
200 219
201 142
201 135
202 165
203 184
203 177
203 194
203 234
204 174
204 190
205 182
206 186
207 144
208 137
208 184
208 194
208 165
209 137
209 194
209 177
209 212
210 178
210 174
210 190
211 177
211 194
211 184
211 137
212 209
213 196
213 226
214 177
214 137
214 184
215 164
216 135
216 168
217 179
218 131
219 171
219 200
220 193
220 160
220 166
221 140
222 197
222 185
222 223
223 185
223 197
223 222
224 179
224 129
224 236
225 163
226 196
226 213
226 248
227 155
227 172
228 143
228 232
229 129
229 139
229 154
229 159
230 205
230 146
231 154
231 139
232 143
232 228
233 144
234 222
234 186
234 188
234 203
235 133
235 191
235 188
236 224
237 132
237 5
237 196
237 11
238 4
238 11
238 188
238 43
238 239
239 238
240 242
240 244
241 242
241 243
242 241
242 240
242 244
242 247
243 241
244 242
244 240
244 246
246 244
247 242
248 9
248 97
248 130
248 226
248 249
249 248
250 98
250 126
250 102
250 117
250 251
250 252
251 250
252 250
253 254
254 253
