0
0
0
0
0.04711
0.082041
0.018221
0.080998
0
0.007011
0.068626
0.107785
0.005543
0.067427
0.163123
0.137575
1
1
0.078673
1
0.001697
0.200934
0.007037
0.001337
0.297588
0.091331
0.257029
0.1796
0.011626
0
0.026157
0.186741
1
0.007956
0.017838
0.313715
0.500829
0.000324
0.045398
0.005807
0.368158
0.306001
0
0.000279
8.5e-05
0
0.016087
0.025565
0.029654
0.100488
0.333405
0.000126
0.167065
0.12664
0.089855
0.009215
0
0.164165
0.01166
0.305465
0.081897
0.031095
0.500482
0
0.035428
0.200869
1
0.2507
0.347678
0.016387
0.001027
0.00912
0.004433
0.002425
0
0.000571
0.200147
0.002308
0.003484
0.022357
0.018566
0.022467
0.005247
0.007953
0.250505
0.019806
0.125691
0.062832
0.067004
0.500579
0.001727
0.297171
0.019059
8.5e-05
0.012141
0
0.000851
0.000809
0.252075
0
0.250474
0.003964
0.263621
0
0.003844
0.083821
0.500473
0.06261
0.006641
0.012379
0.125859
1
0.167087
0.500816
0.500279
0.04175
0
0.083946
0.021204
0
0
0.041905
0
0.041726
0
0.089659
0.177694
1
0.500871
1
0.053518
0.01129
0.001876
0.064014
0.103057
0.06909
0.009164
0.108243
0.017885
0.015433
0.10445
0.167335
0.099324
0.021839
0
0.0186
0.201637
0.002211
0
0
0.002258
0.002278
0
0.499588
0.017456
0
0
0.006404
0.08916
0.023124
1
0.00563
0.500732
0.000697
0.002794
1
0.288628
0.179166
0.03635
0.242364
0.004461
0.019106
0
0.007607
1
0.000344
0.015643
1
0.226927
0.005437
0.199026
0.005499
0.001052
0.28896
0.150307
0.015515
0.005023
0
0.006752
0.209428
0.079044
0.01878
0
0.289056
0.084209
0.000712
0.005786
0.00377
0.010841
0.00044
0.005729
0.040512
0.499607
0.148429
0.259422
0.000194
0.002578
0
0.180538
0.116523
0.202321
0.200853
0.058427
0.001651
0.216671
0.001432
0.023023
0.002743
0.002833
0.005666
0.235376
0.0524
0.006708
0.001982
0.001062
0.000341
0.001083
0
0.006538
0.166835
0
0.007811
0.006495
0
0.029918
0.013969
0.000531
0.010827
2.1e-05
7e-06
0
0
0
0
0
0
0
0
0.000872
0.000445
1
0.250393
0.251104
0
0
0
0
0
0
