32 19
32 30
32 14
44 40
15 9
15 10
15 11
15 22
15 23
45 34
33 35
1 2
1 16
46 40
46 44
34 36
34 38
34 45
34 48
35 33
16 1
47 43
48 34
17 4
17 14
17 24
49 36
36 34
36 49
36 50
2 1
2 3
2 6
2 12
2 13
2 18
37 51
50 36
50 54
51 37
52 40
52 51
52 44
52 53
53 52
3 2
3 12
3 18
18 3
18 2
4 5
4 8
4 14
4 19
19 9
19 4
20 6
38 34
5 4
5 14
22 9
22 11
22 15
6 1
6 2
6 20
40 44
40 46
40 52
23 11
23 22
23 9
23 10
23 15
54 50
56 9
56 57
56 58
24 17
57 56
58 56
58 59
8 4
59 58
60 10
60 61
61 60
61 62
25 26
26 25
62 61
9 10
9 11
9 15
9 22
9 23
27 25
10 9
10 60
28 29
28 30
28 31
29 28
30 28
30 31
30 32
42 40
11 9
11 10
11 15
11 22
11 23
12 3
12 2
13 2
43 47
14 4
14 5
31 30
31 28
