63
120
32 19 0.142857
32 30 0.142857
32 14 0.166667
44 40 0.0769231
15 9 0.0625
15 10 0.142857
15 11 0.111111
15 22 0.142857
15 23 0.125
45 34 0.05
33 35 0.125
1 2 0.0625
1 16 0.5
46 40 0.0769231
46 44 0.25
34 36 0.1
34 38 0.5
34 45 0.333333
34 48 0.5
35 33 0.1
16 1 0.0909091
47 43 0.25
48 34 0.05
17 4 0.0769231
17 14 0.166667
17 24 0.5
49 36 0.1
36 34 0.05
36 49 0.5
36 50 0.142857
2 1 0.0909091
2 3 0.166667
2 6 0.0714286
2 12 0.25
2 13 0.25
2 18 0.166667
37 51 0.333333
50 36 0.1
50 54 0.5
51 37 0.166667
52 40 0.0769231
52 51 0.333333
52 44 0.25
52 53 0.5
53 52 0.142857
3 2 0.0625
3 12 0.25
3 18 0.166667
18 3 0.166667
18 2 0.0625
4 5 0.25
4 8 0.25
4 14 0.166667
4 19 0.142857
19 9 0.0625
19 4 0.0769231
20 6 0.0714286
38 34 0.05
5 4 0.0769231
5 14 0.166667
22 9 0.0625
22 11 0.111111
22 15 0.111111
6 1 0.0909091
6 2 0.0625
6 20 0.5
40 44 0.25
40 46 0.333333
40 52 0.142857
23 11 0.111111
23 22 0.142857
23 9 0.0625
23 10 0.142857
23 15 0.111111
54 50 0.142857
56 9 0.0625
56 57 0.5
56 58 0.125
24 17 0.166667
57 56 0.0833333
58 56 0.0833333
58 59 0.5
8 4 0.0769231
59 58 0.125
60 10 0.142857
60 61 0.25
61 60 0.0625
61 62 0.5
25 26 0.125
26 25 0.166667
62 61 0.25
9 10 0.142857
9 11 0.111111
9 15 0.111111
9 22 0.142857
9 23 0.125
27 25 0.166667
10 9 0.0625
10 60 0.0625
28 29 0.25
28 30 0.142857
28 31 0.142857
29 28 0.0833333
30 28 0.0833333
30 31 0.142857
30 32 0.111111
42 40 0.0769231
11 9 0.0625
11 10 0.142857
11 15 0.111111
11 22 0.142857
11 23 0.125
12 3 0.166667
12 2 0.0625
13 2 0.0625
43 47 0.2
14 4 0.0769231
14 5 0.25
31 30 0.142857
31 28 0.0833333
