1 0
2 3
2 4
2 7
2 8
2 17
2 32
3 2
3 4
3 8
3 14
3 17
3 32
3 94
4 2
4 3
4 28
5 4
5 3
6 11
6 26
7 2
7 31
8 3
8 4
8 2
8 12
8 22
8 24
8 25
9 23
9 34
10 3
10 13
10 16
10 20
10 21
11 6
11 20
12 8
12 14
12 22
12 35
13 10
13 16
13 18
14 8
14 12
14 3
14 19
14 33
15 3
15 2
15 30
16 10
16 13
17 2
17 3
17 30
18 16
18 13
18 10
19 14
20 14
20 11
20 10
20 21
21 20
21 10
21 6
22 8
22 12
22 94
23 9
24 8
24 25
24 41
25 8
25 12
25 24
25 35
26 11
26 6
26 27
27 26
28 4
29 14
30 3
30 15
30 17
30 2
31 7
32 2
32 3
32 17
32 30
33 14
34 9
35 25
35 8
35 12
36 37
36 38
36 39
36 98
37 36
38 36
39 36
39 41
41 24
41 17
41 39
42 52
42 55
42 64
42 68
42 69
42 70
43 44
43 47
43 56
43 59
43 90
44 43
44 45
44 49
44 55
44 67
44 73
44 77
44 81
45 44
45 49
45 50
45 51
45 53
45 54
45 60
45 76
45 79
46 47
46 78
46 80
47 46
47 43
47 48
48 47
48 72
48 94
49 45
49 44
49 62
50 45
50 53
50 54
50 60
50 71
51 45
51 42
51 54
51 69
52 42
52 68
52 69
53 45
53 50
54 51
54 50
54 45
54 61
54 63
54 86
54 87
55 42
55 44
55 65
56 43
57 66
57 74
57 88
58 53
58 82
59 43
59 56
60 50
60 45
60 79
61 54
61 63
61 87
62 49
63 54
63 61
64 42
65 55
66 57
67 44
67 73
67 81
68 52
68 42
69 51
69 52
69 42
69 75
70 42
70 68
71 50
71 45
71 76
72 48
72 47
73 67
73 44
73 77
73 81
74 57
74 66
74 84
75 69
76 50
76 71
76 45
77 44
77 73
77 67
77 89
78 57
78 66
78 46
78 85
79 76
79 60
79 45
79 71
79 83
80 46
81 73
81 44
81 67
82 58
83 45
83 79
83 71
83 50
84 74
85 78
86 54
86 63
87 54
87 63
87 61
88 57
88 66
89 77
89 73
89 81
89 44
90 43
90 55
91 79
91 70
91 92
92 91
92 93
93 92
94 48
94 22
94 3
94 96
94 97
95 94
96 94
97 96
97 94
98 36
98 42
98 17
98 3
