0
0
0.009119
0.063853
0.010396
0
0
0.000738
0.064302
0
0
0
0.119264
0
1
0.001187
0
0.024483
0
0.500779
0
0
0.030437
0
0.015224
0.014169
0
0
0.00525
0
0.004748
0.000357
0.009121
0.500009
0
0.026257
1
0.250757
0.500401
0.167135
0
0.016287
1
1
0.11388
1
0.008702
0.112023
0.012881
0.110972
0.204705
0.249995
0.215852
0.23186
1
0.139137
0.408423
9e-05
0
0.333487
0.207326
0.226611
0.022278
0.266679
0.500507
0.03486
0.000159
0.017801
0.226895
0.172664
0.250789
0.073979
0.004389
0.017855
2e-05
0.086555
0.191597
0.018419
0.001103
0.130473
0.004337
0.020579
0
0.026208
9e-06
0.000538
0.333547
0.232558
2.5e-05
0.003712
0.166612
0
0
0
0.005493
0
0.001015
0.001836
0.125511
0
0
0
