0 1
0 3
0 7
0 14
0 15
0 41
0 57
0 69
0 102
0 152
0 172
1 0
1 5
1 9
1 12
1 16
1 25
1 31
1 47
1 202
2 1
2 4
2 8
2 10
2 13
2 17
2 19
2 24
2 26
2 27
2 37
2 105
2 166
3 0
4 2
4 6
4 24
4 28
4 42
4 79
5 1
5 10
5 16
5 45
6 4
7 0
7 116
8 2
8 10
8 11
8 32
8 105
9 1
9 22
9 56
9 83
9 112
9 178
9 193
10 5
10 8
10 2
10 17
10 26
10 99
10 115
10 134
11 8
11 36
11 73
11 163
12 9
12 1
12 62
12 72
12 84
12 137
12 141
13 2
13 19
13 20
13 27
13 166
14 0
14 3
14 74
14 88
15 0
15 89
15 164
16 1
16 5
16 23
16 46
16 65
16 66
16 71
16 82
16 175
16 199
17 10
17 2
17 18
17 26
17 68
17 92
18 17
18 59
18 85
18 127
19 13
19 2
19 166
20 13
20 2
20 19
20 24
20 28
20 37
20 42
20 48
21 16
21 40
21 140
22 9
22 17
22 29
22 76
22 112
23 16
23 65
23 66
23 175
23 199
24 4
24 20
24 6
24 2
24 37
24 64
24 195
24 205
25 1
25 47
26 2
26 10
26 17
26 206
27 2
27 13
27 78
27 95
28 4
28 2
28 20
28 52
28 61
29 22
29 30
29 76
29 83
30 29
30 22
30 1
30 34
30 35
30 44
30 46
30 51
30 54
30 55
30 61
30 94
30 114
30 132
30 136
30 201
31 1
31 39
31 43
31 50
31 58
31 80
31 91
31 113
31 118
31 154
32 8
33 30
33 45
33 94
33 132
33 136
33 151
33 201
33 209
34 30
34 94
35 30
35 34
35 51
36 11
36 73
36 124
36 163
37 20
37 24
37 27
37 2
37 38
37 86
37 119
37 170
38 26
38 37
38 10
38 134
38 170
38 206
39 31
39 96
39 118
39 144
40 21
40 17
40 18
41 0
41 57
42 4
42 20
42 27
42 49
42 97
43 31
43 4
43 98
43 121
43 149
43 150
44 2
44 28
44 30
44 51
44 106
44 147
44 159
45 5
45 33
45 53
45 67
46 16
46 33
46 24
46 30
46 81
46 82
46 87
46 111
46 139
46 161
47 1
47 25
47 54
47 82
47 202
48 37
48 20
48 133
49 42
49 119
49 131
50 31
50 80
50 91
50 110
50 118
51 44
51 30
51 34
51 35
51 68
52 28
53 45
54 47
54 35
54 30
54 107
54 122
54 198
54 203
55 30
55 33
55 35
56 9
57 0
57 41
58 31
58 54
58 50
58 60
58 61
58 108
58 158
58 165
59 18
59 63
59 109
60 58
60 158
61 28
61 35
61 58
61 30
61 153
61 181
61 191
62 12
62 31
62 72
62 104
63 59
63 70
64 24
64 169
65 16
65 23
65 71
65 111
66 23
66 16
66 40
66 77
66 81
66 92
66 126
66 128
67 45
68 17
68 51
69 0
69 41
69 155
69 172
70 63
70 59
70 140
70 146
70 190
71 23
71 16
71 65
71 111
71 175
71 199
72 12
72 62
72 156
72 197
73 11
73 36
74 14
74 0
74 107
74 116
75 57
75 69
75 0
76 29
76 22
77 66
77 128
78 27
78 95
79 4
80 50
80 31
80 39
80 96
81 66
81 18
81 46
81 177
81 200
82 31
82 16
82 81
82 47
82 46
82 109
82 120
82 186
83 9
83 29
83 30
83 90
83 93
83 94
83 162
84 12
84 99
84 143
85 18
86 37
87 46
88 14
89 15
89 152
89 164
89 173
89 192
90 83
90 183
90 194
91 31
91 50
91 113
92 17
92 66
92 168
92 171
92 176
93 83
94 83
94 33
94 30
94 34
94 100
94 123
94 160
94 167
95 78
95 27
96 31
96 80
96 91
96 39
96 154
97 78
97 42
97 27
98 43
98 129
99 84
99 10
100 94
100 160
100 167
101 12
101 125
101 180
102 0
102 89
102 15
103 66
104 62
105 2
105 8
105 130
106 44
106 159
107 54
107 74
107 145
108 58
109 71
109 59
109 16
109 82
109 135
109 142
110 50
110 31
110 80
110 39
111 71
111 46
111 82
111 65
111 158
112 9
112 22
112 102
112 138
112 148
112 184
113 31
113 91
114 30
114 136
115 10
115 26
115 38
115 117
115 124
116 7
116 74
117 115
118 31
118 39
118 50
118 188
119 37
119 49
120 82
121 98
121 43
121 149
122 54
123 94
124 36
124 115
125 101
125 180
126 66
127 18
128 66
128 77
129 98
129 121
129 43
129 150
130 105
131 49
132 33
132 30
132 151
133 48
134 10
134 38
135 109
135 146
136 33
136 30
136 132
136 114
136 151
137 12
138 112
138 148
138 184
139 46
139 82
139 120
140 70
140 21
140 185
141 12
142 109
143 84
143 141
143 155
143 157
144 50
144 39
144 80
145 107
146 142
146 135
146 70
146 109
146 182
146 189
147 44
147 106
147 159
148 112
148 138
148 184
149 43
149 121
149 98
149 129
149 174
150 129
150 43
151 132
151 33
151 35
151 136
152 89
152 0
152 15
152 210
153 61
153 181
153 191
154 31
154 50
154 96
155 69
155 143
156 72
157 143
158 58
158 60
158 111
159 44
159 106
159 147
160 94
160 100
161 46
162 83
163 36
163 11
163 196
164 89
164 15
164 204
165 58
166 13
166 19
166 2
167 123
167 100
167 94
168 92
168 171
169 64
170 37
170 38
171 92
171 168
171 176
172 0
172 69
173 89
173 164
174 98
174 121
174 149
175 16
175 71
175 23
176 92
176 171
176 168
177 81
178 9
178 207
179 35
179 33
179 30
180 101
180 125
181 61
181 153
181 191
182 146
183 90
183 194
184 112
184 148
184 138
185 140
186 82
187 147
187 159
187 44
188 118
188 141
188 31
189 146
189 82
190 70
191 61
191 153
191 181
192 15
192 89
192 164
192 204
193 9
193 207
194 90
194 183
195 24
195 134
196 163
197 72
198 54
198 122
199 23
199 16
199 71
200 81
201 30
201 33
201 35
201 34
202 1
202 47
202 25
203 122
203 54
204 164
204 89
204 192
205 24
205 134
205 206
205 208
206 38
206 26
206 205
207 9
207 193
207 178
208 205
209 201
209 136
209 35
209 33
210 152
