1
0.220159
1
0.366112
0.103084
0.054
0.091375
0.251308
0.11181
0.132874
0.090576
0.014052
1
0.153666
0.144218
0.122128
0.119716
0.118997
0.055248
0.170308
0.096852
0.043889
0.13902
0.109441
0.186244
0.04412
0.13073
0.186933
0.041499
0.248773
1
1
0.055688
0.091125
0.208395
0.147677
0.00274
1
0.116583
0.119863
0.200926
0.211607
0.023881
0.083759
0.085088
0.017972
1
0.053216
0.019631
0.044771
0.189339
0.12284
0.020782
0.009101
0.142337
0.250467
0.066418
0.230262
1
0.045487
0.28549
0.140783
0.158748
0.037852
0.046625
0.04772
1
0.009105
0.058483
0.12374
0.11352
0.037957
0.141314
0.004111
0.030672
0
0.091918
0.201439
0.04593
0.051656
0.13865
0.200228
0.111811
1
0.17081
0.027745
0.499422
0.500871
0.072308
0.039495
0.167109
0.194902
0.11061
0.500221
0.137214
0.054492
0.049756
0.005991
0.015621
0.063529
0.030946
0
0.203847
0
0.079167
0.179888
0.021942
0.028078
0.500096
0.138273
0.037912
0.137101
0.024183
0.22865
0.271389
0.01157
0.054851
0.005878
0.156952
0.25059
0.114964
0.013955
0.04953
0.052913
0.003527
0
0.500436
0.027709
0.28229
0.006396
0.090197
0.022396
0.171426
0.009787
0.048482
0.272766
0.134708
0.500572
0.005271
0.250014
0.025511
0.264434
0.220276
0.028476
0.024208
0.01411
1
0.016399
0.005164
0.01042
0.021729
0.04801
0.145941
0.03027
0.205279
0.036632
0.07065
0.01427
0.217694
0.016121
0.039497
0.500647
0.500544
0.002645
0.021741
0.501682
0.205755
0.031859
0.029439
0.023467
0.268226
0.024875
0.269526
0.013085
0.002592
0.042148
0.025762
0.099976
0.022985
0
0
0.026576
0.501136
0.049661
0.005149
0.012807
0.056205
0
0.039286
0.332605
0.056953
0.030414
0.005465
0.034043
0.050132
0.06214
0.001281
0.070675
0.028691
0.041843
0.10059
0.155116
0.052845
0.047342
0.005293
0.032053
0.044295
0.010896
0.015824
0.018205
0.036541
