211
714
0 1 0.0454545
0 3 0.333333
0 7 0.25
0 14 0.142857
0 15 0.0909091
0 41 0.166667
0 57 0.2
0 69 0.1
0 102 0.2
0 152 0.142857
0 172 0.25
1 0 0.0322581
1 5 0.125
1 9 0.0588235
1 12 0.0714286
1 16 0.0454545
1 25 0.142857
1 31 0.0384615
1 47 0.1
1 202 0.2
2 1 0.0454545
2 4 0.0769231
2 8 0.0909091
2 10 0.0588235
2 13 0.1
2 17 0.0714286
2 19 0.125
2 24 0.0625
2 26 0.1
2 27 0.0909091
2 37 0.0625
2 105 0.166667
2 166 0.166667
3 0 0.0322581
4 2 0.0357143
4 6 0.333333
4 24 0.0625
4 28 0.1
4 42 0.1
4 79 0.5
5 1 0.0454545
5 10 0.0588235
5 16 0.0454545
5 45 0.125
6 4 0.0769231
7 0 0.0322581
7 116 0.2
8 2 0.0357143
8 10 0.0588235
8 11 0.125
8 32 0.5
8 105 0.166667
9 1 0.0454545
9 22 0.1
9 56 0.5
9 83 0.0769231
9 112 0.0909091
9 178 0.166667
9 193 0.25
10 5 0.125
10 8 0.0909091
10 2 0.0357143
10 17 0.0714286
10 26 0.1
10 99 0.25
10 115 0.125
10 134 0.166667
11 8 0.0909091
11 36 0.125
11 73 0.25
11 163 0.166667
12 9 0.0588235
12 1 0.0454545
12 62 0.142857
12 72 0.125
12 84 0.166667
12 137 0.5
12 141 0.25
13 2 0.0357143
13 19 0.125
13 20 0.0714286
13 27 0.0909091
13 166 0.166667
14 0 0.0322581
14 3 0.333333
14 74 0.142857
14 88 0.5
15 0 0.0322581
15 89 0.0833333
15 164 0.125
16 1 0.0454545
16 5 0.125
16 23 0.0909091
16 46 0.0555556
16 65 0.125
16 66 0.0555556
16 71 0.0769231
16 82 0.0555556
16 175 0.166667
16 199 0.166667
17 10 0.0588235
17 2 0.0357143
17 18 0.1
17 26 0.1
17 68 0.25
17 92 0.1
18 17 0.0714286
18 59 0.142857
18 85 0.5
18 127 0.5
19 13 0.1
19 2 0.0357143
19 166 0.166667
20 13 0.1
20 2 0.0357143
20 19 0.125
20 24 0.0625
20 28 0.1
20 37 0.0625
20 42 0.1
20 48 0.2
21 16 0.0454545
21 40 0.2
21 140 0.166667
22 9 0.0588235
22 17 0.0714286
22 29 0.125
22 76 0.25
22 112 0.0909091
23 16 0.0454545
23 65 0.125
23 66 0.0555556
23 175 0.166667
23 199 0.166667
24 4 0.0769231
24 20 0.0714286
24 6 0.333333
24 2 0.0357143
24 37 0.0625
24 64 0.25
24 195 0.333333
24 205 0.142857
25 1 0.0454545
25 47 0.1
26 2 0.0357143
26 10 0.0588235
26 17 0.0714286
26 206 0.166667
27 2 0.0357143
27 13 0.1
27 78 0.2
27 95 0.25
28 4 0.0769231
28 2 0.0357143
28 20 0.0714286
28 52 0.5
28 61 0.0714286
29 22 0.1
29 30 0.0294118
29 76 0.25
29 83 0.0769231
30 29 0.125
30 22 0.1
30 1 0.0454545
30 34 0.142857
30 35 0.0833333
30 44 0.0769231
30 46 0.0555556
30 51 0.1
30 54 0.0714286
30 55 0.25
30 61 0.0714286
30 94 0.0625
30 114 0.25
30 132 0.142857
30 136 0.1
30 201 0.142857
31 1 0.0454545
31 39 0.0909091
31 43 0.0833333
31 50 0.0769231
31 58 0.0666667
31 80 0.111111
31 91 0.142857
31 113 0.2
31 118 0.125
31 154 0.2
32 8 0.0909091
33 30 0.0294118
33 45 0.125
33 94 0.0625
33 132 0.142857
33 136 0.1
33 151 0.125
33 201 0.142857
33 209 0.2
34 30 0.0294118
34 94 0.0625
35 30 0.0294118
35 34 0.142857
35 51 0.1
36 11 0.125
36 73 0.25
36 124 0.25
36 163 0.166667
37 20 0.0714286
37 24 0.0625
37 27 0.0909091
37 2 0.0357143
37 38 0.0909091
37 86 0.5
37 119 0.25
37 170 0.25
38 26 0.1
38 37 0.0625
38 10 0.0588235
38 134 0.166667
38 170 0.25
38 206 0.166667
39 31 0.0384615
39 96 0.111111
39 118 0.125
39 144 0.2
40 21 0.2
40 17 0.0714286
40 18 0.1
41 0 0.0322581
41 57 0.2
42 4 0.0769231
42 20 0.0714286
42 27 0.0909091
42 49 0.166667
42 97 0.25
43 31 0.0384615
43 4 0.0769231
43 98 0.142857
43 121 0.142857
43 149 0.111111
43 150 0.25
44 2 0.0357143
44 28 0.1
44 30 0.0294118
44 51 0.1
44 106 0.2
44 147 0.166667
44 159 0.142857
45 5 0.125
45 33 0.05
45 53 0.5
45 67 0.5
46 16 0.0454545
46 33 0.05
46 24 0.0625
46 30 0.0294118
46 81 0.1
46 82 0.0555556
46 87 0.5
46 111 0.111111
46 139 0.25
46 161 0.5
47 1 0.0454545
47 25 0.142857
47 54 0.0714286
47 82 0.0555556
47 202 0.2
48 37 0.0625
48 20 0.0714286
48 133 0.5
49 42 0.1
49 119 0.25
49 131 0.5
50 31 0.0384615
50 80 0.111111
50 91 0.142857
50 110 0.2
50 118 0.125
51 44 0.0769231
51 30 0.0294118
51 34 0.142857
51 35 0.0833333
51 68 0.25
52 28 0.1
53 45 0.125
54 47 0.1
54 35 0.0833333
54 30 0.0294118
54 107 0.166667
54 122 0.25
54 198 0.2
54 203 0.333333
55 30 0.0294118
55 33 0.05
55 35 0.0833333
56 9 0.0588235
57 0 0.0322581
57 41 0.166667
58 31 0.0384615
58 54 0.0714286
58 50 0.0769231
58 60 0.25
58 61 0.0714286
58 108 0.5
58 158 0.166667
58 165 0.5
59 18 0.1
59 63 0.25
59 109 0.0909091
60 58 0.0666667
60 158 0.166667
61 28 0.1
61 35 0.0833333
61 58 0.0666667
61 30 0.0294118
61 153 0.166667
61 181 0.142857
61 191 0.166667
62 12 0.0714286
62 31 0.0384615
62 72 0.125
62 104 0.5
63 59 0.142857
63 70 0.111111
64 24 0.0625
64 169 0.5
65 16 0.0454545
65 23 0.0909091
65 71 0.0769231
65 111 0.111111
66 23 0.0909091
66 16 0.0454545
66 40 0.2
66 77 0.166667
66 81 0.1
66 92 0.1
66 126 0.5
66 128 0.25
67 45 0.125
68 17 0.0714286
68 51 0.1
69 0 0.0322581
69 41 0.166667
69 155 0.25
69 172 0.25
70 63 0.25
70 59 0.142857
70 140 0.166667
70 146 0.1
70 190 0.5
71 23 0.0909091
71 16 0.0454545
71 65 0.125
71 111 0.111111
71 175 0.166667
71 199 0.166667
72 12 0.0714286
72 62 0.142857
72 156 0.5
72 197 0.5
73 11 0.125
73 36 0.125
74 14 0.142857
74 0 0.0322581
74 107 0.166667
74 116 0.2
75 57 0.2
75 69 0.1
75 0 0.0322581
76 29 0.125
76 22 0.1
77 66 0.0555556
77 128 0.25
78 27 0.0909091
78 95 0.25
79 4 0.0769231
80 50 0.0769231
80 31 0.0384615
80 39 0.0909091
80 96 0.111111
81 66 0.0555556
81 18 0.1
81 46 0.0555556
81 177 0.5
81 200 0.5
82 31 0.0384615
82 16 0.0454545
82 81 0.1
82 47 0.1
82 46 0.0555556
82 109 0.0909091
82 120 0.333333
82 186 0.5
83 9 0.0588235
83 29 0.125
83 30 0.0294118
83 90 0.166667
83 93 0.5
83 94 0.0625
83 162 0.5
84 12 0.0714286
84 99 0.25
84 143 0.142857
85 18 0.1
86 37 0.0625
87 46 0.0555556
88 14 0.142857
89 15 0.0909091
89 152 0.142857
89 164 0.125
89 173 0.333333
89 192 0.125
90 83 0.0769231
90 183 0.25
90 194 0.25
91 31 0.0384615
91 50 0.0769231
91 113 0.2
92 17 0.0714286
92 66 0.0555556
92 168 0.2
92 171 0.166667
92 176 0.2
93 83 0.0769231
94 83 0.0769231
94 33 0.05
94 30 0.0294118
94 34 0.142857
94 100 0.166667
94 123 0.333333
94 160 0.25
94 167 0.2
95 78 0.2
95 27 0.0909091
96 31 0.0384615
96 80 0.111111
96 91 0.142857
96 39 0.0909091
96 154 0.2
97 78 0.2
97 42 0.1
97 27 0.0909091
98 43 0.0833333
98 129 0.142857
99 84 0.166667
99 10 0.0588235
100 94 0.0625
100 160 0.25
100 167 0.2
101 12 0.0714286
101 125 0.25
101 180 0.25
102 0 0.0322581
102 89 0.0833333
102 15 0.0909091
103 66 0.0555556
104 62 0.142857
105 2 0.0357143
105 8 0.0909091
105 130 0.5
106 44 0.0769231
106 159 0.142857
107 54 0.0714286
107 74 0.142857
107 145 0.5
108 58 0.0666667
109 71 0.0769231
109 59 0.142857
109 16 0.0454545
109 82 0.0555556
109 135 0.25
109 142 0.2
110 50 0.0769231
110 31 0.0384615
110 80 0.111111
110 39 0.0909091
111 71 0.0769231
111 46 0.0555556
111 82 0.0555556
111 65 0.125
111 158 0.166667
112 9 0.0588235
112 22 0.1
112 102 0.2
112 138 0.166667
112 148 0.166667
112 184 0.166667
113 31 0.0384615
113 91 0.142857
114 30 0.0294118
114 136 0.1
115 10 0.0588235
115 26 0.1
115 38 0.0909091
115 117 0.5
115 124 0.25
116 7 0.25
116 74 0.142857
117 115 0.125
118 31 0.0384615
118 39 0.0909091
118 50 0.0769231
118 188 0.25
119 37 0.0625
119 49 0.166667
120 82 0.0555556
121 98 0.142857
121 43 0.0833333
121 149 0.111111
122 54 0.0714286
123 94 0.0625
124 36 0.125
124 115 0.125
125 101 0.2
125 180 0.25
126 66 0.0555556
127 18 0.1
128 66 0.0555556
128 77 0.166667
129 98 0.142857
129 121 0.142857
129 43 0.0833333
129 150 0.25
130 105 0.166667
131 49 0.166667
132 33 0.05
132 30 0.0294118
132 151 0.125
133 48 0.2
134 10 0.0588235
134 38 0.0909091
135 109 0.0909091
135 146 0.1
136 33 0.05
136 30 0.0294118
136 132 0.142857
136 114 0.25
136 151 0.125
137 12 0.0714286
138 112 0.0909091
138 148 0.166667
138 184 0.166667
139 46 0.0555556
139 82 0.0555556
139 120 0.333333
140 70 0.111111
140 21 0.2
140 185 0.5
141 12 0.0714286
142 109 0.0909091
143 84 0.166667
143 141 0.25
143 155 0.25
143 157 0.5
144 50 0.0769231
144 39 0.0909091
144 80 0.111111
145 107 0.166667
146 142 0.2
146 135 0.25
146 70 0.111111
146 109 0.0909091
146 182 0.5
146 189 0.333333
147 44 0.0769231
147 106 0.2
147 159 0.142857
148 112 0.0909091
148 138 0.166667
148 184 0.166667
149 43 0.0833333
149 121 0.142857
149 98 0.142857
149 129 0.142857
149 174 0.25
150 129 0.142857
150 43 0.0833333
151 132 0.142857
151 33 0.05
151 35 0.0833333
151 136 0.1
152 89 0.0833333
152 0 0.0322581
152 15 0.0909091
152 210 0.25
153 61 0.0714286
153 181 0.142857
153 191 0.166667
154 31 0.0384615
154 50 0.0769231
154 96 0.111111
155 69 0.1
155 143 0.142857
156 72 0.125
157 143 0.142857
158 58 0.0666667
158 60 0.25
158 111 0.111111
159 44 0.0769231
159 106 0.2
159 147 0.166667
160 94 0.0625
160 100 0.166667
161 46 0.0555556
162 83 0.0769231
163 36 0.125
163 11 0.125
163 196 0.5
164 89 0.0833333
164 15 0.0909091
164 204 0.2
165 58 0.0666667
166 13 0.1
166 19 0.125
166 2 0.0357143
167 123 0.333333
167 100 0.166667
167 94 0.0625
168 92 0.1
168 171 0.166667
169 64 0.25
170 37 0.0625
170 38 0.0909091
171 92 0.1
171 168 0.2
171 176 0.2
172 0 0.0322581
172 69 0.1
173 89 0.0833333
173 164 0.125
174 98 0.142857
174 121 0.142857
174 149 0.111111
175 16 0.0454545
175 71 0.0769231
175 23 0.0909091
176 92 0.1
176 171 0.166667
176 168 0.2
177 81 0.1
178 9 0.0588235
178 207 0.2
179 35 0.0833333
179 33 0.05
179 30 0.0294118
180 101 0.2
180 125 0.25
181 61 0.0714286
181 153 0.166667
181 191 0.166667
182 146 0.1
183 90 0.166667
183 194 0.25
184 112 0.0909091
184 148 0.166667
184 138 0.166667
185 140 0.166667
186 82 0.0555556
187 147 0.166667
187 159 0.142857
187 44 0.0769231
188 118 0.125
188 141 0.25
188 31 0.0384615
189 146 0.1
189 82 0.0555556
190 70 0.111111
191 61 0.0714286
191 153 0.166667
191 181 0.142857
192 15 0.0909091
192 89 0.0833333
192 164 0.125
192 204 0.2
193 9 0.0588235
193 207 0.2
194 90 0.166667
194 183 0.25
195 24 0.0625
195 134 0.166667
196 163 0.166667
197 72 0.125
198 54 0.0714286
198 122 0.25
199 23 0.0909091
199 16 0.0454545
199 71 0.0769231
200 81 0.1
201 30 0.0294118
201 33 0.05
201 35 0.0833333
201 34 0.142857
202 1 0.0454545
202 47 0.1
202 25 0.142857
203 122 0.25
203 54 0.0714286
204 164 0.125
204 89 0.0833333
204 192 0.125
205 24 0.0625
205 134 0.166667
205 206 0.166667
205 208 0.5
206 38 0.0909091
206 26 0.1
206 205 0.142857
207 9 0.0588235
207 193 0.25
207 178 0.166667
208 205 0.142857
209 201 0.142857
209 136 0.1
209 35 0.0833333
209 33 0.05
210 152 0.142857
