0 2
2 0
2 3
2 5
2 6
2 7
2 10
2 12
2 13
2 17
2 32
2 37
2 41
2 42
3 2
3 23
4 2
4 11
4 15
4 21
4 54
5 2
6 2
6 4
6 8
6 15
6 16
6 26
6 31
6 53
7 2
7 5
7 12
7 14
7 17
7 37
7 42
7 45
8 6
8 9
8 31
8 53
9 8
9 6
9 20
9 30
9 51
10 2
10 15
10 18
10 27
10 29
11 4
11 25
11 54
12 10
12 2
12 7
12 24
12 43
12 47
12 49
12 50
12 55
13 2
13 4
13 23
13 36
14 7
14 2
14 42
15 6
15 10
15 4
16 6
16 26
17 2
17 5
17 7
17 22
17 35
17 37
17 41
18 10
18 6
18 9
18 28
18 33
18 34
18 39
18 40
19 2
19 16
19 12
19 7
20 9
20 30
20 38
20 51
21 4
21 54
22 2
22 17
22 32
23 4
23 13
23 3
23 2
23 44
24 12
25 4
25 11
26 6
26 16
27 10
28 18
28 33
29 10
30 20
30 9
30 51
31 6
31 8
31 26
31 16
32 17
32 2
32 7
32 22
32 41
32 45
33 18
33 28
34 18
34 50
35 2
35 17
35 22
36 13
37 2
37 17
37 7
38 20
38 9
39 18
39 40
40 18
40 33
40 39
41 17
41 32
41 2
42 14
42 2
42 7
43 34
43 12
43 24
43 46
43 48
44 23
45 7
45 32
45 2
46 43
46 48
47 12
47 24
47 50
48 43
48 46
49 12
50 47
50 34
50 12
51 30
51 20
51 38
51 9
52 2
52 17
52 22
53 6
53 8
54 21
54 4
54 11
55 24
55 47
55 12
56 57
57 56
57 58
58 57
59 60
59 61
59 64
60 59
61 59
62 60
62 63
63 62
64 59
65 66
66 65
67 68
67 74
67 78
67 81
67 92
67 98
67 113
68 67
68 69
68 70
68 71
68 73
68 81
68 86
68 95
68 103
68 105
68 110
68 114
68 115
68 116
69 68
69 71
69 76
69 79
69 80
69 101
69 107
69 111
70 68
70 91
70 93
70 117
71 68
71 69
71 75
71 77
71 90
72 85
72 87
72 94
73 68
73 110
74 67
74 79
74 80
74 83
74 84
74 99
75 71
75 77
75 101
76 69
77 75
77 71
77 90
78 67
78 68
78 73
78 80
78 82
78 96
78 100
79 74
79 69
79 108
80 69
80 74
80 78
80 97
80 104
80 112
81 68
81 67
81 106
81 119
82 78
82 100
82 120
83 74
84 74
84 83
85 72
85 87
85 88
86 68
86 103
86 115
86 118
87 72
87 85
87 94
88 85
88 89
89 88
90 71
90 77
91 70
91 117
92 67
93 70
93 117
94 87
94 72
94 85
95 68
96 78
96 100
97 80
98 67
99 74
99 83
100 82
100 78
100 96
101 68
101 69
101 75
102 72
102 94
103 68
103 86
103 95
104 80
104 112
105 68
105 95
105 110
105 118
106 81
107 69
107 76
108 79
109 67
110 68
110 105
110 73
110 103
111 69
112 80
112 104
113 67
113 92
114 73
114 68
114 86
114 118
115 68
115 86
115 103
116 68
116 95
116 105
116 86
117 91
117 70
117 93
118 105
118 86
118 114
118 95
119 81
119 106
120 82
121 101
121 58
121 74
121 115
121 122
122 121
124 125
125 124
126 115
126 127
127 126
127 128
127 130
128 127
128 129
129 128
129 126
130 127
131 132
132 131
