0.090911
0
1
0.168077
0.012474
0.286898
0.094743
0.122906
0.022798
0.078108
0.150505
0.002359
1
0.12718
0.042694
0.02607
0.015624
0.072986
1
0
0.012894
0.003526
0.029018
0.029096
0.209785
0.000815
0.017418
0.037964
0.239967
0.075222
0.016104
0.019057
0.120287
0.270936
0.169581
0.018238
0.063632
0.130442
0.006316
0.288195
0.240873
0.189507
0.184376
0.10092
0.00719
0.047592
0.030293
0.216739
0.029899
0.500333
0.133049
0.014204
0
0.028135
0.002701
0.250683
0
0
0
1
0.250821
0.500658
0
0
0.499366
0
0
0.091254
1
1
0.09113
0.091122
0
0.214915
1
0.034563
0.313654
0.017237
0.013315
0.23583
0.161243
0.135297
0.001965
0.370731
0.33376
0
0.166153
0
0
0
0.02074
0.026368
0.023264
0.026323
0
0.251708
0.003805
0.080464
0.045712
0.332864
0.002908
0.144443
0
0.202194
0.032563
0.170688
0.055337
0.333774
0.118188
0
0.185229
0.500872
0.045439
0.030295
0.172846
0.161558
0.201488
0.02151
0.068284
0.045278
0.000334
0
0
0
0
0
0
0
0
0
0
0
0
