0 1
1 0
1 2
2 1
2 3
2 5
2 26
2 29
3 2
3 4
3 6
3 13
3 14
3 28
4 3
4 7
4 8
5 2
5 15
5 21
6 3
6 9
6 10
6 23
6 24
7 4
7 8
8 4
8 7
8 12
9 6
9 27
9 32
10 6
10 30
11 3
11 5
12 8
12 16
12 21
12 31
13 3
13 14
14 3
14 13
15 5
15 22
16 12
16 20
17 5
17 15
17 19
18 8
19 17
19 29
20 16
20 21
20 25
20 29
21 20
21 5
21 8
21 12
22 5
22 15
23 6
24 6
24 10
25 20
26 2
27 9
27 30
27 32
28 3
29 20
29 2
29 19
29 7
30 27
30 10
30 33
31 12
32 27
32 9
33 30
34 35
35 34
36 37
37 36
39 40
39 41
39 70
39 71
40 39
41 39
41 42
41 64
41 67
41 72
41 73
42 41
42 43
43 41
43 42
43 44
43 49
43 61
43 69
43 76
44 43
44 45
44 46
44 48
44 52
45 44
45 74
46 44
46 47
46 53
46 60
46 62
47 46
47 53
48 44
49 43
50 46
51 39
52 44
52 66
53 46
53 47
53 54
53 55
53 56
53 63
53 76
54 53
54 65
55 53
55 57
55 65
56 53
56 55
57 53
57 55
57 54
57 63
59 55
60 46
61 43
61 49
61 69
62 46
63 57
63 53
63 55
64 42
64 41
64 67
65 55
65 54
66 52
67 42
67 41
67 64
68 59
69 43
69 61
70 39
71 39
72 41
72 42
73 41
73 42
74 45
74 44
76 43
76 53
76 27
76 77
77 76
79 78
79 80
80 79
