0.005107
0.020779
0.08262
1
0.17242
0.026441
0.084211
0.049312
0.035629
0.016154
0.021602
0
0.042596
0.24077
0.288156
0.00685
0.170301
0.007761
0
0.038185
1
0.147515
0.001392
0.042164
0.028242
0.500766
0.041086
0.012242
0.500744
0.152392
0.003677
0.021425
0.006862
0.000932
0
0
0
0
0
0.076681
0.019104
1
0.249253
0.081444
1
0.167062
0.178289
0.281261
0.500612
0.03163
0
0
0.25118
1
0.2148
0.170367
0.333781
0.060195
0
0
0.089134
0.019699
0.089125
0.205655
0.232749
0.061987
0.125733
0.232608
0
0.023511
0.038544
0.038561
0.333549
0.33333
0.056052
0
0.077463
0.019414
0
0
0
0
