0 1
0 2
0 3
0 159
1 0
2 0
3 0
3 4
3 5
4 3
4 5
4 11
5 4
5 3
5 6
5 7
5 8
5 9
5 11
6 5
6 11
7 5
7 8
7 149
8 5
8 7
8 9
8 10
8 159
9 5
9 8
10 8
11 6
11 4
11 5
11 12
11 16
11 17
11 21
11 28
11 77
11 116
11 158
12 11
12 23
12 41
12 130
12 158
13 15
13 18
13 30
13 50
14 19
14 20
14 22
14 40
14 42
14 112
14 115
15 13
15 34
15 39
16 11
16 26
16 53
16 62
16 79
16 120
17 11
17 29
17 77
17 110
18 13
18 27
18 33
18 36
18 37
18 81
18 100
19 18
19 14
19 22
19 42
19 66
19 82
19 113
19 125
19 257
20 14
20 51
20 72
20 80
21 11
21 101
22 14
22 19
22 42
22 52
22 57
22 69
22 134
23 12
23 24
24 23
24 12
24 130
25 32
25 38
25 47
25 48
25 55
25 58
25 85
25 87
25 103
25 129
26 16
26 53
26 62
26 120
27 18
27 49
27 114
27 122
28 11
29 17
30 13
30 31
31 30
31 35
31 43
31 107
32 25
32 47
32 66
32 68
32 73
32 88
32 102
32 105
32 127
32 131
33 18
33 27
33 49
33 114
34 16
34 15
35 31
36 18
36 14
36 50
36 51
36 54
36 64
36 124
36 136
37 18
37 27
37 114
37 122
38 25
38 32
38 46
38 51
38 123
39 15
39 67
39 71
39 81
39 92
40 14
40 115
41 12
41 23
41 24
41 11
42 19
42 22
42 14
42 97
42 132
43 26
43 31
43 15
43 44
43 45
43 56
43 61
44 43
44 45
44 56
44 75
45 43
45 44
45 49
45 56
46 38
47 32
47 25
47 65
47 93
47 98
47 121
48 25
48 36
49 18
49 27
49 33
49 22
49 45
49 59
49 60
49 70
49 74
49 86
49 96
49 128
49 149
50 13
50 36
50 63
51 36
51 20
51 38
51 66
52 22
53 16
53 26
53 154
54 36
55 25
56 43
56 44
56 45
56 61
56 91
56 135
57 22
57 69
57 78
57 111
57 134
57 149
58 25
58 55
58 85
58 87
58 106
58 108
58 129
59 49
60 49
60 74
60 81
60 96
61 43
61 56
61 45
62 16
62 26
62 79
63 50
64 36
64 54
65 47
65 121
66 51
66 19
66 32
66 76
67 39
67 71
68 32
69 22
69 57
69 111
70 49
70 74
70 84
70 86
71 39
71 67
71 92
72 20
72 80
73 32
73 88
73 131
74 70
74 49
74 60
75 61
75 44
75 43
75 56
75 259
76 66
76 47
76 65
76 48
76 90
77 11
77 17
77 79
77 118
78 22
78 57
78 69
78 111
79 62
79 77
79 16
80 20
80 72
80 83
81 14
81 39
81 18
81 60
81 95
81 104
82 19
82 99
83 68
83 80
83 20
83 109
84 70
84 49
84 74
84 60
84 136
85 25
85 58
85 106
85 249
86 74
86 49
86 70
86 96
87 58
87 25
87 103
87 108
88 32
88 73
88 127
89 19
90 76
90 159
91 56
91 44
91 43
91 135
92 39
92 71
92 67
93 47
94 62
94 16
95 81
96 49
96 86
96 59
96 60
96 128
97 42
97 132
98 47
98 65
99 19
99 82
100 18
100 33
101 21
102 32
103 25
103 87
103 58
103 129
104 81
105 88
105 32
105 73
106 58
106 25
106 85
106 87
106 129
107 31
108 25
108 58
108 87
109 83
110 17
110 29
111 78
111 57
111 69
111 22
111 134
112 14
113 19
113 133
114 33
114 27
114 37
115 14
115 40
116 11
117 71
117 43
117 78
117 45
117 57
117 126
118 77
119 49
119 74
119 84
119 59
120 26
120 16
121 47
121 65
121 98
122 37
122 18
122 27
123 38
124 36
124 54
125 19
125 99
126 21
126 26
126 117
126 16
127 88
127 73
127 32
128 49
128 96
129 106
129 58
129 87
129 25
129 103
130 12
130 24
130 23
131 127
131 32
131 73
132 97
132 42
133 113
134 111
134 22
134 57
134 69
134 78
135 61
135 91
135 44
135 75
135 56
136 69
136 36
136 84
136 19
136 137
136 139
136 140
136 143
136 146
137 136
137 138
137 140
137 142
138 137
138 142
138 144
138 147
139 136
140 136
140 137
140 141
140 145
140 269
141 140
141 145
142 137
142 138
143 136
143 148
144 138
144 147
145 141
145 140
146 136
147 144
147 138
148 143
149 57
149 146
149 7
149 49
149 152
151 149
152 149
154 53
154 4
154 3
154 26
154 156
156 154
156 157
157 156
158 12
158 23
158 11
159 0
159 136
159 90
159 8
159 18
159 160
159 161
159 164
159 166
159 171
159 174
159 193
159 206
159 223
159 234
160 159
160 163
160 166
160 175
160 179
160 180
161 159
161 162
161 165
161 168
161 169
161 203
161 230
161 244
162 161
162 163
162 183
162 186
162 232
163 160
163 162
163 167
163 195
164 159
164 174
164 211
165 161
165 230
166 159
166 160
166 170
166 192
166 198
166 202
166 216
166 226
166 247
167 163
167 176
167 190
167 204
168 161
168 169
168 176
168 182
168 184
168 191
168 214
168 215
168 222
168 241
169 168
169 167
169 161
169 188
170 166
170 172
170 192
170 198
170 201
170 247
171 159
172 170
172 166
172 173
172 175
172 177
172 207
172 225
173 172
173 225
174 159
174 164
174 172
174 181
175 160
175 172
175 187
175 204
175 220
175 221
175 269
176 168
176 167
176 163
177 172
177 194
177 196
177 205
177 207
177 210
177 218
178 185
178 189
178 197
178 231
179 160
179 180
179 239
180 160
180 179
180 175
180 242
181 174
182 168
183 162
184 168
185 178
185 199
185 246
186 162
187 175
188 169
189 178
190 167
191 168
191 214
192 166
192 170
192 180
192 205
192 208
193 159
193 234
194 177
194 205
195 163
196 177
197 178
197 200
197 209
197 243
198 166
198 170
198 212
198 226
198 247
199 185
200 197
200 209
200 243
201 170
201 166
201 202
201 206
201 226
201 247
202 166
202 201
202 210
203 161
204 167
204 175
205 192
205 194
205 177
205 240
206 201
206 166
206 159
206 236
207 177
207 192
207 172
207 213
207 219
207 237
207 248
208 192
209 197
209 200
210 202
210 177
210 172
211 164
211 206
211 245
212 198
212 170
213 207
213 219
213 224
213 248
214 182
214 168
214 191
214 215
214 222
214 241
215 168
215 214
215 222
216 201
216 166
216 212
217 175
217 190
217 167
217 227
217 228
217 233
218 177
219 207
219 213
219 237
220 175
220 221
221 175
221 220
222 168
222 214
222 215
223 159
224 213
224 219
224 207
225 172
225 173
226 166
226 198
226 201
227 217
227 228
227 233
228 227
228 217
228 229
228 233
229 217
229 227
229 228
229 257
230 165
230 161
231 178
232 162
233 228
233 217
233 227
234 159
234 193
235 177
236 206
237 207
237 219
238 161
238 193
238 159
239 160
239 179
240 205
241 214
241 168
242 180
243 200
243 194
243 209
243 197
244 230
244 161
245 211
246 199
246 185
247 170
247 198
247 201
247 166
248 224
248 219
248 207
248 213
249 163
249 186
249 136
249 168
249 85
249 250
250 249
251 252
251 253
252 251
252 254
253 251
254 252
254 256
256 254
257 175
257 140
257 229
257 19
257 166
257 258
258 257
259 210
259 159
259 75
259 166
259 43
259 260
259 261
259 262
259 263
259 265
259 266
260 259
260 263
260 264
260 267
261 259
262 259
262 265
263 260
263 259
263 261
263 267
263 268
264 259
264 260
265 262
265 259
266 259
267 259
267 260
267 263
268 263
269 175
269 140
269 111
269 270
269 272
269 273
270 269
270 271
271 270
272 269
273 269
273 274
274 273
274 271
