0.130178
0.06519
0.065076
0.053228
0.158155
0.104679
0.180284
0.045673
0.11409
0.052228
0.057095
1
0.104728
0.029774
0.14748
0.025829
0.069309
0.11211
0.227499
1
0.02768
0.14269
0.135706
0.041131
0.013337
1
0.016337
0.135731
0.250402
0.028606
0.009623
0.009982
1
0.116969
0.005109
0.005002
1
0.041202
0.095445
0.084965
0.043906
0.021051
0.125585
0.071517
0.033183
0.112869
0.047791
0.134562
0.263061
1
0.169121
0.162498
0.067895
0.013766
0.370219
0.358352
0.027276
0.028457
0.111725
0.283648
0.248929
0.031377
0.015753
0.084928
0.333545
0.042486
0.251958
0.021622
0.334034
0.128676
0.155385
0.01319
0.007822
0.216319
0.178281
0.12785
0.069963
0.137871
0.009047
0.030366
0.005493
1
0.266281
0.000938
0.141279
0.140029
0.178319
0.141252
0.218587
0
0.257181
0.005087
0.018746
0.067235
0
0.499798
0.174943
0.037394
0.040026
0.141249
0.076213
0.071248
0.500398
0.172967
0.499969
0.250415
0.046714
0.005008
0.048779
0.00049
0.037234
0.024526
0.073369
0.250277
0.046113
0.044043
0.501277
0
0.068893
0
0.020513
0.033404
0.034203
0.047735
0.333702
0.333859
0
0.22471
0.279658
0.140346
0.022727
0.231847
0.037549
0.125091
0.022932
0.00443
1
0.137353
0.019577
0.501525
0.115481
0.034453
0.025088
0.250451
0.004688
0.03431
0.349361
0.005701
0.125174
0.070807
0
0
0.023441
0
0.001408
0
0.000321
0.000157
0.154258
1
0.121606
1
0.074103
0.039433
0.12257
0.298175
0.109644
0.04607
1
0.211149
0.025628
0.332998
0.140808
0.039795
0.122691
1
0.147495
1
0
0.022946
0.021096
0.061292
0.367942
0.037038
0.499907
0
0.018116
0.500374
0.105604
0
0.016281
0.276716
0.029475
0.241213
0.158418
0.019983
0.499429
0
0.017675
0
0
0.02363
0.070703
0.500151
0.171252
0.142768
0.129781
0.081
0.014746
0
0.308175
0.024587
0.010953
0.013369
0.156542
0.161616
0.027571
0.002458
0.500665
0.015651
0.297672
0.298003
0.204543
0.500797
0.005496
0.028386
0.023961
0.003272
0.003023
0.018782
0.292281
0
0.03727
0.001323
0.288489
0
0.065074
0.022684
0
0.007677
0.071387
0.276034
0.010637
0
0.334634
0.012303
0
0.020735
0.015074
0.017465
0.004386
0
0
0
0
0
0
0.112284
0.05626
1
0.140025
0.361656
0.282238
0.126384
0.04678
0.202039
0.500057
0.05135
0.063273
0.068883
0.017341
0.00684
0.034341
0.011518
0.003909
