275
877
0 1 0.5
0 2 0.5
0 3 0.142857
0 159 0.0243902
1 0 0.125
2 0 0.125
3 0 0.125
3 4 0.142857
3 5 0.0714286
4 3 0.142857
4 5 0.0714286
4 11 0.0333333
5 4 0.142857
5 3 0.142857
5 6 0.166667
5 7 0.166667
5 8 0.1
5 9 0.25
5 11 0.0333333
6 5 0.0714286
6 11 0.0333333
7 5 0.0714286
7 8 0.1
7 149 0.0666667
8 5 0.0714286
8 7 0.166667
8 9 0.25
8 10 0.5
8 159 0.0243902
9 5 0.0714286
9 8 0.1
10 8 0.1
11 6 0.166667
11 4 0.142857
11 5 0.0714286
11 12 0.0909091
11 16 0.0666667
11 17 0.1
11 21 0.142857
11 28 0.25
11 77 0.125
11 116 0.5
11 158 0.142857
12 11 0.0333333
12 23 0.142857
12 41 0.2
12 130 0.2
12 158 0.142857
13 15 0.142857
13 18 0.047619
13 30 0.25
13 50 0.166667
14 19 0.0384615
14 20 0.0909091
14 22 0.0588235
14 40 0.25
14 42 0.1
14 112 0.5
14 115 0.25
15 13 0.0714286
15 34 0.2
15 39 0.0833333
16 11 0.0333333
16 26 0.0909091
16 53 0.166667
16 62 0.142857
16 79 0.142857
16 120 0.25
17 11 0.0333333
17 29 0.2
17 77 0.125
17 110 0.333333
18 13 0.0714286
18 27 0.1
18 33 0.0909091
18 36 0.0625
18 37 0.142857
18 81 0.0909091
18 100 0.333333
19 18 0.047619
19 14 0.047619
19 22 0.0588235
19 42 0.1
19 66 0.125
19 82 0.25
19 113 0.25
19 125 0.333333
19 257 0.111111
20 14 0.047619
20 51 0.125
20 72 0.25
20 80 0.166667
21 11 0.0333333
21 101 0.5
22 14 0.047619
22 19 0.0384615
22 42 0.1
22 52 0.5
22 57 0.0769231
22 69 0.111111
22 134 0.125
23 12 0.0909091
23 24 0.166667
24 23 0.142857
24 12 0.0909091
24 130 0.2
25 32 0.047619
25 38 0.0833333
25 47 0.0666667
25 48 0.25
25 55 0.333333
25 58 0.0714286
25 85 0.125
25 87 0.1
25 103 0.142857
25 129 0.111111
26 16 0.0666667
26 53 0.166667
26 62 0.142857
26 120 0.25
27 18 0.047619
27 49 0.0384615
27 114 0.166667
27 122 0.2
28 11 0.0333333
29 17 0.1
30 13 0.0714286
30 31 0.125
31 30 0.25
31 35 0.5
31 43 0.0555556
31 107 0.5
32 25 0.0416667
32 47 0.0666667
32 66 0.125
32 68 0.333333
32 73 0.125
32 88 0.142857
32 102 0.5
32 105 0.25
32 127 0.166667
32 131 0.2
33 18 0.047619
33 27 0.1
33 49 0.0384615
33 114 0.166667
34 16 0.0666667
34 15 0.142857
35 31 0.125
36 18 0.047619
36 14 0.047619
36 50 0.166667
36 51 0.125
36 54 0.25
36 64 0.333333
36 124 0.333333
36 136 0.05
37 18 0.047619
37 27 0.1
37 114 0.166667
37 122 0.2
38 25 0.0416667
38 32 0.047619
38 46 0.5
38 51 0.125
38 123 0.5
39 15 0.142857
39 67 0.2
39 71 0.111111
39 81 0.0909091
39 92 0.2
40 14 0.047619
40 115 0.25
41 12 0.0909091
41 23 0.142857
41 24 0.166667
41 11 0.0333333
42 19 0.0384615
42 22 0.0588235
42 14 0.047619
42 97 0.25
42 132 0.25
43 26 0.0909091
43 31 0.125
43 15 0.142857
43 44 0.1
43 45 0.1
43 56 0.0769231
43 61 0.142857
44 43 0.0555556
44 45 0.1
44 56 0.0769231
44 75 0.125
45 43 0.0555556
45 44 0.1
45 49 0.0384615
45 56 0.0769231
46 38 0.0833333
47 32 0.047619
47 25 0.0416667
47 65 0.166667
47 93 0.5
47 98 0.25
47 121 0.2
48 25 0.0416667
48 36 0.0625
49 18 0.047619
49 27 0.1
49 33 0.0909091
49 22 0.0588235
49 45 0.1
49 59 0.25
49 60 0.111111
49 70 0.111111
49 74 0.111111
49 86 0.142857
49 96 0.111111
49 128 0.25
49 149 0.0666667
50 13 0.0714286
50 36 0.0625
50 63 0.5
51 36 0.0625
51 20 0.0909091
51 38 0.0833333
51 66 0.125
52 22 0.0588235
53 16 0.0666667
53 26 0.0909091
53 154 0.1
54 36 0.0625
55 25 0.0416667
56 43 0.0555556
56 44 0.1
56 45 0.1
56 61 0.142857
56 91 0.166667
56 135 0.142857
57 22 0.0588235
57 69 0.111111
57 78 0.125
57 111 0.1
57 134 0.125
57 149 0.0666667
58 25 0.0416667
58 55 0.333333
58 85 0.125
58 87 0.1
58 106 0.125
58 108 0.2
58 129 0.111111
59 49 0.0384615
60 49 0.0384615
60 74 0.111111
60 81 0.0909091
60 96 0.111111
61 43 0.0555556
61 56 0.0769231
61 45 0.1
62 16 0.0666667
62 26 0.0909091
62 79 0.142857
63 50 0.166667
64 36 0.0625
64 54 0.25
65 47 0.0666667
65 121 0.2
66 51 0.125
66 19 0.0384615
66 32 0.047619
66 76 0.142857
67 39 0.0833333
67 71 0.111111
68 32 0.047619
69 22 0.0588235
69 57 0.0769231
69 111 0.1
70 49 0.0384615
70 74 0.111111
70 84 0.125
70 86 0.142857
71 39 0.0833333
71 67 0.2
71 92 0.2
72 20 0.0909091
72 80 0.166667
73 32 0.047619
73 88 0.142857
73 131 0.2
74 70 0.111111
74 49 0.0384615
74 60 0.111111
75 61 0.142857
75 44 0.1
75 43 0.0555556
75 56 0.0769231
75 259 0.05
76 66 0.125
76 47 0.0666667
76 65 0.166667
76 48 0.25
76 90 0.25
77 11 0.0333333
77 17 0.1
77 79 0.142857
77 118 0.5
78 22 0.0588235
78 57 0.0769231
78 69 0.111111
78 111 0.1
79 62 0.142857
79 77 0.125
79 16 0.0666667
80 20 0.0909091
80 72 0.25
80 83 0.166667
81 14 0.047619
81 39 0.0833333
81 18 0.047619
81 60 0.111111
81 95 0.5
81 104 0.5
82 19 0.0384615
82 99 0.25
83 68 0.333333
83 80 0.166667
83 20 0.0909091
83 109 0.5
84 70 0.111111
84 49 0.0384615
84 74 0.111111
84 60 0.111111
84 136 0.05
85 25 0.0416667
85 58 0.0714286
85 106 0.125
85 249 0.125
86 74 0.111111
86 49 0.0384615
86 70 0.111111
86 96 0.111111
87 58 0.0714286
87 25 0.0416667
87 103 0.142857
87 108 0.2
88 32 0.047619
88 73 0.125
88 127 0.166667
89 19 0.0384615
90 76 0.142857
90 159 0.0243902
91 56 0.0769231
91 44 0.1
91 43 0.0555556
91 135 0.142857
92 39 0.0833333
92 71 0.111111
92 67 0.2
93 47 0.0666667
94 62 0.142857
94 16 0.0666667
95 81 0.0909091
96 49 0.0384615
96 86 0.142857
96 59 0.25
96 60 0.111111
96 128 0.25
97 42 0.1
97 132 0.25
98 47 0.0666667
98 65 0.166667
99 19 0.0384615
99 82 0.25
100 18 0.047619
100 33 0.0909091
101 21 0.142857
102 32 0.047619
103 25 0.0416667
103 87 0.1
103 58 0.0714286
103 129 0.111111
104 81 0.0909091
105 88 0.142857
105 32 0.047619
105 73 0.125
106 58 0.0714286
106 25 0.0416667
106 85 0.125
106 87 0.1
106 129 0.111111
107 31 0.125
108 25 0.0416667
108 58 0.0714286
108 87 0.1
109 83 0.166667
110 17 0.1
110 29 0.2
111 78 0.125
111 57 0.0769231
111 69 0.111111
111 22 0.0588235
111 134 0.125
112 14 0.047619
113 19 0.0384615
113 133 0.5
114 33 0.0909091
114 27 0.1
114 37 0.142857
115 14 0.047619
115 40 0.25
116 11 0.0333333
117 71 0.111111
117 43 0.0555556
117 78 0.125
117 45 0.1
117 57 0.0769231
117 126 0.2
118 77 0.125
119 49 0.0384615
119 74 0.111111
119 84 0.125
119 59 0.25
120 26 0.0909091
120 16 0.0666667
121 47 0.0666667
121 65 0.166667
121 98 0.25
122 37 0.142857
122 18 0.047619
122 27 0.1
123 38 0.0833333
124 36 0.0625
124 54 0.25
125 19 0.0384615
125 99 0.25
126 21 0.142857
126 26 0.0909091
126 117 0.142857
126 16 0.0666667
127 88 0.142857
127 73 0.125
127 32 0.047619
128 49 0.0384615
128 96 0.111111
129 106 0.125
129 58 0.0714286
129 87 0.1
129 25 0.0416667
129 103 0.142857
130 12 0.0909091
130 24 0.166667
130 23 0.142857
131 127 0.166667
131 32 0.047619
131 73 0.125
132 97 0.25
132 42 0.1
133 113 0.25
134 111 0.1
134 22 0.0588235
134 57 0.0769231
134 69 0.111111
134 78 0.125
135 61 0.142857
135 91 0.166667
135 44 0.1
135 75 0.125
135 56 0.0769231
136 69 0.111111
136 36 0.0625
136 84 0.125
136 19 0.0384615
136 137 0.125
136 139 0.5
136 140 0.0909091
136 143 0.25
136 146 0.333333
137 136 0.05
137 138 0.125
137 140 0.0909091
137 142 0.166667
138 137 0.125
138 142 0.166667
138 144 0.2
138 147 0.25
139 136 0.05
140 136 0.05
140 137 0.125
140 141 0.25
140 145 0.25
140 269 0.0625
141 140 0.0909091
141 145 0.25
142 137 0.125
142 138 0.125
143 136 0.05
143 148 0.5
144 138 0.125
144 147 0.25
145 141 0.25
145 140 0.0909091
146 136 0.05
147 144 0.2
147 138 0.125
148 143 0.25
149 57 0.0769231
149 146 0.333333
149 7 0.166667
149 49 0.0384615
149 152 0.333333
151 149 0.0666667
152 149 0.0666667
154 53 0.166667
154 4 0.142857
154 3 0.142857
154 26 0.0909091
154 156 0.25
156 154 0.1
156 157 0.5
157 156 0.25
158 12 0.0909091
158 23 0.142857
158 11 0.0333333
159 0 0.125
159 136 0.05
159 90 0.25
159 8 0.1
159 18 0.047619
159 160 0.0588235
159 161 0.047619
159 164 0.111111
159 166 0.0434783
159 171 0.333333
159 174 0.111111
159 193 0.2
159 206 0.125
159 223 0.5
159 234 0.25
160 159 0.0243902
160 163 0.1
160 166 0.0434783
160 175 0.0588235
160 179 0.166667
160 180 0.125
161 159 0.0243902
161 162 0.0714286
161 165 0.25
161 168 0.0434783
161 169 0.111111
161 203 0.5
161 230 0.2
161 244 0.333333
162 161 0.047619
162 163 0.1
162 183 0.5
162 186 0.2
162 232 0.5
163 160 0.0588235
163 162 0.0714286
163 167 0.0833333
163 195 0.5
164 159 0.0243902
164 174 0.111111
164 211 0.2
165 161 0.047619
165 230 0.2
166 159 0.0243902
166 160 0.0588235
166 170 0.0769231
166 192 0.0833333
166 198 0.1
166 202 0.166667
166 216 0.25
166 226 0.166667
166 247 0.125
167 163 0.1
167 176 0.142857
167 190 0.333333
167 204 0.166667
168 161 0.047619
168 169 0.111111
168 176 0.142857
168 182 0.333333
168 184 0.5
168 191 0.25
168 214 0.0909091
168 215 0.125
168 222 0.166667
168 241 0.25
169 168 0.0434783
169 167 0.0833333
169 161 0.047619
169 188 0.5
170 166 0.0434783
170 172 0.0588235
170 192 0.0833333
170 198 0.1
170 201 0.0833333
170 247 0.125
171 159 0.0243902
172 170 0.0769231
172 166 0.0434783
172 173 0.25
172 175 0.0588235
172 177 0.0526316
172 207 0.0714286
172 225 0.166667
173 172 0.0588235
173 225 0.166667
174 159 0.0243902
174 164 0.111111
174 172 0.0588235
174 181 0.5
175 160 0.0588235
175 172 0.0588235
175 187 0.5
175 204 0.166667
175 220 0.25
175 221 0.25
175 269 0.0625
176 168 0.0434783
176 167 0.0833333
176 163 0.1
177 172 0.0588235
177 194 0.142857
177 196 0.5
177 205 0.125
177 207 0.0714286
177 210 0.166667
177 218 0.5
178 185 0.125
178 189 0.5
178 197 0.1
178 231 0.5
179 160 0.0588235
179 180 0.125
179 239 0.333333
180 160 0.0588235
180 179 0.166667
180 175 0.0588235
180 242 0.5
181 174 0.111111
182 168 0.0434783
183 162 0.0714286
184 168 0.0434783
185 178 0.0833333
185 199 0.2
185 246 0.333333
186 162 0.0714286
187 175 0.0588235
188 169 0.111111
189 178 0.0833333
190 167 0.0833333
191 168 0.0434783
191 214 0.0909091
192 166 0.0434783
192 170 0.0769231
192 180 0.125
192 205 0.125
192 208 0.5
193 159 0.0243902
193 234 0.25
194 177 0.0526316
194 205 0.125
195 163 0.1
196 177 0.0526316
197 178 0.0833333
197 200 0.166667
197 209 0.142857
197 243 0.166667
198 166 0.0434783
198 170 0.0769231
198 212 0.25
198 226 0.166667
198 247 0.125
199 185 0.125
200 197 0.1
200 209 0.142857
200 243 0.166667
201 170 0.0769231
201 166 0.0434783
201 202 0.166667
201 206 0.125
201 226 0.166667
201 247 0.125
202 166 0.0434783
202 201 0.0833333
202 210 0.166667
203 161 0.047619
204 167 0.0833333
204 175 0.0588235
205 192 0.0833333
205 194 0.142857
205 177 0.0526316
205 240 0.5
206 201 0.0833333
206 166 0.0434783
206 159 0.0243902
206 236 0.5
207 177 0.0526316
207 192 0.0833333
207 172 0.0588235
207 213 0.125
207 219 0.125
207 237 0.25
207 248 0.166667
208 192 0.0833333
209 197 0.1
209 200 0.166667
210 202 0.166667
210 177 0.0526316
210 172 0.0588235
211 164 0.111111
211 206 0.125
211 245 0.5
212 198 0.1
212 170 0.0769231
213 207 0.0714286
213 219 0.125
213 224 0.2
213 248 0.166667
214 182 0.333333
214 168 0.0434783
214 191 0.25
214 215 0.125
214 222 0.166667
214 241 0.25
215 168 0.0434783
215 214 0.0909091
215 222 0.166667
216 201 0.0833333
216 166 0.0434783
216 212 0.25
217 175 0.0588235
217 190 0.333333
217 167 0.0833333
217 227 0.142857
217 228 0.125
217 233 0.166667
218 177 0.0526316
219 207 0.0714286
219 213 0.125
219 237 0.25
220 175 0.0588235
220 221 0.25
221 175 0.0588235
221 220 0.25
222 168 0.0434783
222 214 0.0909091
222 215 0.125
223 159 0.0243902
224 213 0.125
224 219 0.125
224 207 0.0714286
225 172 0.0588235
225 173 0.25
226 166 0.0434783
226 198 0.1
226 201 0.0833333
227 217 0.1
227 228 0.125
227 233 0.166667
228 227 0.142857
228 217 0.1
228 229 0.166667
228 233 0.166667
229 217 0.1
229 227 0.142857
229 228 0.125
229 257 0.111111
230 165 0.25
230 161 0.047619
231 178 0.0833333
232 162 0.0714286
233 228 0.125
233 217 0.1
233 227 0.142857
234 159 0.0243902
234 193 0.2
235 177 0.0526316
236 206 0.125
237 207 0.0714286
237 219 0.125
238 161 0.047619
238 193 0.2
238 159 0.0243902
239 160 0.0588235
239 179 0.166667
240 205 0.125
241 214 0.0909091
241 168 0.0434783
242 180 0.125
243 200 0.166667
243 194 0.142857
243 209 0.142857
243 197 0.1
244 230 0.2
244 161 0.047619
245 211 0.2
246 199 0.2
246 185 0.125
247 170 0.0769231
247 198 0.1
247 201 0.0833333
247 166 0.0434783
248 224 0.2
248 219 0.125
248 207 0.0714286
248 213 0.125
249 163 0.1
249 186 0.2
249 136 0.05
249 168 0.0434783
249 85 0.125
249 250 0.25
250 249 0.125
251 252 0.25
251 253 0.5
252 251 0.125
252 254 0.25
253 251 0.125
254 252 0.25
254 256 0.5
256 254 0.25
257 175 0.0588235
257 140 0.0909091
257 229 0.166667
257 19 0.0384615
257 166 0.0434783
257 258 0.5
258 257 0.111111
259 210 0.166667
259 159 0.0243902
259 75 0.125
259 166 0.0434783
259 43 0.0555556
259 260 0.125
259 261 0.333333
259 262 0.25
259 263 0.111111
259 265 0.166667
259 266 0.5
260 259 0.05
260 263 0.111111
260 264 0.333333
260 267 0.2
261 259 0.05
262 259 0.05
262 265 0.166667
263 260 0.125
263 259 0.05
263 261 0.333333
263 267 0.2
263 268 0.5
264 259 0.05
264 260 0.125
265 262 0.25
265 259 0.05
266 259 0.05
267 259 0.05
267 260 0.125
267 263 0.111111
268 263 0.111111
269 175 0.0588235
269 140 0.0909091
269 111 0.1
269 270 0.25
269 272 0.5
269 273 0.166667
270 269 0.0625
270 271 0.333333
271 270 0.25
272 269 0.0625
273 269 0.0625
273 274 0.333333
274 273 0.166667
274 271 0.333333
