0 1
1 0
1 2
1 3
1 4
1 150
2 1
3 1
4 1
5 6
5 8
6 5
8 1
8 5
8 9
8 10
8 14
8 20
9 8
9 22
9 46
10 8
10 11
10 13
10 15
10 18
10 19
10 24
10 56
11 10
11 23
12 25
12 43
12 50
12 53
13 10
13 15
13 18
13 24
13 153
14 8
14 28
15 10
15 13
15 19
15 150
16 26
16 29
16 33
16 36
16 47
17 8
17 15
17 10
17 31
17 35
17 39
18 15
18 10
18 13
18 22
18 46
18 61
19 10
19 13
19 15
20 8
21 30
21 45
22 18
22 9
22 32
22 37
22 42
23 11
23 27
24 10
24 13
24 15
25 12
25 34
26 16
26 47
27 23
27 11
27 51
27 54
28 14
29 16
29 40
29 48
30 21
31 17
31 58
32 22
32 37
32 42
33 16
33 26
34 25
35 17
35 55
36 16
36 47
37 32
37 22
37 42
39 17
40 29
40 48
41 29
42 37
42 22
42 32
42 49
43 12
44 18
45 21
46 9
46 18
47 26
47 36
47 16
48 29
48 40
49 30
49 42
49 52
49 62
50 12
50 25
51 27
51 11
51 54
52 49
52 62
53 12
53 43
53 57
53 150
54 27
54 51
55 35
56 15
56 10
57 50
57 53
58 31
60 44
60 18
60 61
61 60
61 18
62 52
62 49
64 65
64 66
65 64
65 66
66 65
66 64
67 68
67 70
68 67
68 71
70 67
70 71
71 68
71 70
73 74
73 76
73 78
73 87
73 106
73 110
73 111
73 139
74 73
74 75
74 77
74 91
74 93
74 121
74 136
75 73
75 74
75 90
75 114
75 121
75 133
75 138
76 73
76 78
76 79
76 101
76 117
76 126
76 137
77 74
77 76
77 83
77 92
77 131
77 140
78 76
78 73
78 81
78 103
78 111
79 76
79 84
79 88
79 89
79 94
79 99
79 115
79 119
80 105
81 78
81 103
81 111
82 105
82 109
82 120
83 77
83 107
84 79
85 86
85 95
85 116
86 85
86 90
87 73
87 139
87 153
88 79
88 97
88 98
88 100
88 102
88 125
88 130
88 135
89 79
89 86
89 76
89 129
90 75
90 86
90 124
91 74
91 93
92 77
92 131
93 91
93 74
93 123
94 79
94 108
94 112
94 113
95 85
96 118
97 88
97 125
97 127
98 88
98 94
99 79
99 119
100 88
100 122
100 128
101 76
101 117
102 88
102 97
103 78
103 81
104 73
105 82
105 80
105 100
105 109
106 73
106 87
106 110
107 83
108 94
108 113
109 82
109 105
110 73
110 87
110 106
111 73
111 81
111 78
112 108
112 94
112 113
113 108
113 112
113 94
114 75
114 133
115 79
115 84
116 85
117 76
117 101
117 137
118 96
119 79
119 99
120 82
121 74
121 75
121 129
122 100
122 128
123 93
124 90
125 88
125 97
125 102
125 135
126 117
126 76
126 137
127 97
127 88
127 130
127 135
128 100
128 122
129 121
129 89
129 73
130 88
130 127
130 135
131 77
131 92
131 140
132 86
133 114
133 75
134 109
135 130
135 88
135 125
135 127
136 74
136 91
137 126
137 76
137 117
138 75
138 114
139 73
139 87
140 77
140 92
140 131
141 78
143 144
143 145
144 143
144 145
145 143
145 144
146 147
146 149
147 146
148 143
149 146
150 53
150 1
150 15
150 12
150 133
150 151
151 150
151 152
152 151
153 74
153 13
153 76
153 87
153 154
154 153
