0.251393
1
0.501126
0.500941
0.500187
0.00982
0.003348
0
0.099046
0.010546
1
0.142885
0.006725
0.125542
0.016436
0.199238
1
1
0.080182
0.23077
0.049641
7e-06
0.007539
0.028585
0.219163
0.001335
0.27647
0.003172
0.008214
0.077477
5.2e-05
0.250167
0.001599
0.333358
0.000683
0.200901
0.27908
0.001586
0
0.501207
0.023205
0
0.001229
0.006268
0.002476
2e-06
0.02214
0.180519
0.023104
0.000178
0.002737
0.000711
6.2e-05
0.01304
0.000864
0.100518
0.333287
0.004355
0.124988
0
0.005035
0.020105
5.7e-05
0
0
0
0
0
0
0
0
0
0
1
0.110138
1
0.096042
0.008454
0.097081
1
0
0.036326
0
0.001074
0.407493
0.004619
0.037074
0.201944
1
0.129115
0.169587
0.021824
0.002293
0.016308
0.145586
0.002345
0
0.201878
0.334742
0.298219
0.112068
0.027525
0.284608
0.031439
0
0
0.23326
0.000347
0.038811
0
0.232638
0.179566
0.033518
0.032777
0.287617
0.333676
0.002294
0.021287
0
0.297995
0
0.139741
0.033204
0.008161
0.084792
0.182585
0.022259
0.075431
0.033311
0.052451
0.193307
0.001927
0
0.254206
0
0.167594
0.036639
0.021173
0.334104
0.284078
0.001921
0
0
0
0
0
0
0
0
0
0.084954
0.008565
0.002176
0.020312
0.00691
0
