2 4
2 7
2 9
2 13
2 17
2 20
2 25
2 26
3 15
3 30
4 2
4 5
4 6
4 18
4 19
4 27
5 4
5 8
5 16
5 33
6 4
6 18
7 2
7 9
7 14
7 22
7 49
8 5
8 12
8 28
8 31
8 35
8 38
9 7
9 2
9 10
9 34
9 39
9 47
10 9
11 41
12 8
12 29
12 31
12 34
12 35
12 126
13 2
14 7
15 3
16 5
16 32
17 2
17 25
17 26
18 4
18 6
19 4
19 21
19 40
19 44
19 45
20 2
20 17
21 19
21 43
22 7
23 37
23 48
24 11
25 17
25 2
25 9
25 36
25 42
26 17
26 2
27 4
27 6
28 12
28 8
28 35
28 38
29 12
29 28
29 8
30 3
31 12
31 28
31 8
32 16
33 5
34 31
34 12
34 8
34 9
35 12
35 29
35 8
35 28
36 25
36 42
37 23
37 51
38 8
38 35
38 28
39 9
40 19
40 44
41 11
42 25
42 36
43 21
44 19
44 40
44 45
45 44
45 19
45 40
46 25
46 36
47 9
48 23
48 8
49 7
49 50
50 7
50 49
51 37
52 9
52 39
52 47
53 54
53 55
53 58
54 53
55 53
56 54
56 57
56 59
57 56
58 53
59 56
59 12
59 60
59 61
59 62
59 63
60 59
60 64
60 65
60 66
61 59
61 62
61 64
62 61
62 59
62 65
63 59
64 61
64 59
64 60
65 60
65 62
66 60
69 71
69 82
69 84
69 88
69 91
69 105
69 106
70 104
71 69
71 73
72 69
72 74
72 83
72 95
73 71
74 72
74 75
74 76
74 77
74 81
74 84
74 96
75 74
75 90
75 120
76 74
76 77
76 102
77 76
77 74
77 78
77 87
77 89
77 96
78 77
79 80
79 85
79 86
79 92
79 93
79 94
79 98
80 79
80 85
80 86
80 92
80 98
80 109
81 74
82 69
82 106
83 71
83 72
83 79
83 82
83 80
83 104
83 108
83 117
84 74
84 69
84 76
84 88
84 99
85 80
85 79
85 92
85 93
85 94
85 116
86 79
86 80
86 93
86 116
87 85
87 77
87 70
87 101
87 112
87 114
88 69
88 84
88 107
89 77
90 75
90 120
91 69
92 85
92 79
92 80
92 98
93 92
93 79
93 86
93 85
93 80
93 94
93 126
93 131
94 85
94 79
94 93
94 98
95 72
95 97
95 100
95 103
95 110
95 111
96 74
96 73
96 77
96 78
96 84
97 95
97 103
97 111
98 94
98 80
98 85
98 92
98 79
99 84
100 95
101 87
101 112
102 76
102 74
103 95
103 100
103 97
103 110
103 111
104 70
104 83
104 72
104 115
105 69
106 69
106 82
107 88
108 83
109 80
109 86
109 70
110 103
110 100
110 95
110 120
111 97
111 103
111 95
112 87
112 101
112 114
113 111
113 118
113 119
113 126
114 87
114 112
114 101
115 104
116 80
116 85
116 92
116 86
117 83
118 113
119 118
119 113
120 90
120 75
120 110
121 122
122 121
123 124
123 125
124 123
125 123
126 35
126 113
126 93
126 12
126 127
127 126
127 128
127 129
127 130
128 127
129 127
130 127
130 129
131 103
131 93
131 9
131 132
132 131
132 133
132 134
133 132
134 132
