135
368
2 4 0.0526316
2 7 0.0769231
2 9 0.05
2 13 0.5
2 17 0.111111
2 20 0.333333
2 25 0.0833333
2 26 0.25
3 15 0.25
3 30 0.25
4 2 0.0454545
4 5 0.0909091
4 6 0.166667
4 18 0.25
4 19 0.0769231
4 27 0.333333
5 4 0.0526316
5 8 0.0588235
5 16 0.25
5 33 0.5
6 4 0.0526316
6 18 0.25
7 2 0.0454545
7 9 0.05
7 14 0.25
7 22 0.5
7 49 0.25
8 5 0.0909091
8 12 0.0625
8 28 0.111111
8 31 0.166667
8 35 0.111111
8 38 0.2
9 7 0.0769231
9 2 0.0454545
9 10 0.5
9 34 0.166667
9 39 0.333333
9 47 0.333333
10 9 0.05
11 41 0.5
12 8 0.0588235
12 29 0.2
12 31 0.166667
12 34 0.166667
12 35 0.111111
12 126 0.0714286
13 2 0.0454545
14 7 0.0769231
15 3 0.0833333
16 5 0.0909091
16 32 0.5
17 2 0.0454545
17 25 0.0833333
17 26 0.25
18 4 0.0526316
18 6 0.166667
19 4 0.0526316
19 21 0.25
19 40 0.2
19 44 0.166667
19 45 0.2
20 2 0.0454545
20 17 0.111111
21 19 0.0769231
21 43 0.5
22 7 0.0769231
23 37 0.125
23 48 0.142857
24 11 0.142857
25 17 0.111111
25 2 0.0454545
25 9 0.05
25 36 0.2
25 42 0.25
26 17 0.111111
26 2 0.0454545
27 4 0.0526316
27 6 0.166667
28 12 0.0625
28 8 0.0588235
28 35 0.111111
28 38 0.2
29 12 0.0625
29 28 0.111111
29 8 0.0588235
30 3 0.0833333
31 12 0.0625
31 28 0.111111
31 8 0.0588235
32 16 0.25
33 5 0.0909091
34 31 0.166667
34 12 0.0625
34 8 0.0588235
34 9 0.05
35 12 0.0625
35 29 0.2
35 8 0.0588235
35 28 0.111111
36 25 0.0833333
36 42 0.25
37 23 0.125
37 51 0.5
38 8 0.0588235
38 35 0.111111
38 28 0.111111
39 9 0.05
40 19 0.0769231
40 44 0.166667
41 11 0.142857
42 25 0.0833333
42 36 0.2
43 21 0.25
44 19 0.0769231
44 40 0.2
44 45 0.2
45 44 0.166667
45 19 0.0769231
45 40 0.2
46 25 0.0833333
46 36 0.2
47 9 0.05
48 23 0.125
48 8 0.0588235
49 7 0.0769231
49 50 0.333333
50 7 0.0769231
50 49 0.25
51 37 0.125
52 9 0.05
52 39 0.333333
52 47 0.333333
53 54 0.125
53 55 0.5
53 58 0.25
54 53 0.0714286
55 53 0.0714286
56 54 0.125
56 57 0.5
56 59 0.0454545
57 56 0.142857
58 53 0.0714286
59 56 0.142857
59 12 0.0625
59 60 0.0714286
59 61 0.166667
59 62 0.142857
59 63 0.5
60 59 0.0454545
60 64 0.111111
60 65 0.166667
60 66 0.333333
61 59 0.0454545
61 62 0.142857
61 64 0.111111
62 61 0.166667
62 59 0.0454545
62 65 0.166667
63 59 0.0454545
64 61 0.166667
64 59 0.0454545
64 60 0.0714286
65 60 0.0714286
65 62 0.142857
66 60 0.0714286
69 71 0.0909091
69 82 0.142857
69 84 0.0909091
69 88 0.166667
69 91 0.5
69 105 0.5
69 106 0.25
70 104 0.142857
71 69 0.0454545
71 73 0.25
72 69 0.0454545
72 74 0.0588235
72 83 0.0833333
72 95 0.0666667
73 71 0.0909091
74 72 0.0714286
74 75 0.166667
74 76 0.0909091
74 77 0.0714286
74 81 0.5
74 84 0.0909091
74 96 0.142857
75 74 0.0588235
75 90 0.166667
75 120 0.166667
76 74 0.0588235
76 77 0.0714286
76 102 0.25
77 76 0.0909091
77 74 0.0588235
77 78 0.333333
77 87 0.0714286
77 89 0.5
77 96 0.142857
78 77 0.0714286
79 80 0.0666667
79 85 0.0625
79 86 0.0909091
79 92 0.1
79 93 0.0714286
79 94 0.125
79 98 0.111111
80 79 0.047619
80 85 0.0625
80 86 0.0909091
80 92 0.1
80 98 0.111111
80 109 0.166667
81 74 0.0588235
82 69 0.0454545
82 106 0.25
83 71 0.0909091
83 72 0.0714286
83 79 0.047619
83 82 0.142857
83 80 0.0666667
83 104 0.142857
83 108 0.25
83 117 0.5
84 74 0.0588235
84 69 0.0454545
84 76 0.0909091
84 88 0.166667
84 99 0.5
85 80 0.0666667
85 79 0.047619
85 92 0.1
85 93 0.0714286
85 94 0.125
85 116 0.166667
86 79 0.047619
86 80 0.0666667
86 93 0.0714286
86 116 0.166667
87 85 0.0625
87 77 0.0714286
87 70 0.0833333
87 101 0.142857
87 112 0.166667
87 114 0.2
88 69 0.0454545
88 84 0.0909091
88 107 0.5
89 77 0.0714286
90 75 0.166667
90 120 0.166667
91 69 0.0454545
92 85 0.0625
92 79 0.047619
92 80 0.0666667
92 98 0.111111
93 92 0.1
93 79 0.047619
93 86 0.0909091
93 85 0.0625
93 80 0.0666667
93 94 0.125
93 126 0.0714286
93 131 0.1
94 85 0.0625
94 79 0.047619
94 93 0.0714286
94 98 0.111111
95 72 0.0714286
95 97 0.166667
95 100 0.25
95 103 0.1
95 110 0.142857
95 111 0.111111
96 74 0.0588235
96 73 0.25
96 77 0.0714286
96 78 0.333333
96 84 0.0909091
97 95 0.0666667
97 103 0.1
97 111 0.111111
98 94 0.125
98 80 0.0666667
98 85 0.0625
98 92 0.1
98 79 0.047619
99 84 0.0909091
100 95 0.0666667
101 87 0.0714286
101 112 0.166667
102 76 0.0909091
102 74 0.0588235
103 95 0.0666667
103 100 0.25
103 97 0.166667
103 110 0.142857
103 111 0.111111
104 70 0.0833333
104 83 0.0833333
104 72 0.0714286
104 115 0.5
105 69 0.0454545
106 69 0.0454545
106 82 0.142857
107 88 0.166667
108 83 0.0833333
109 80 0.0666667
109 86 0.0909091
109 70 0.0833333
110 103 0.1
110 100 0.25
110 95 0.0666667
110 120 0.166667
111 97 0.166667
111 103 0.1
111 95 0.0666667
112 87 0.0714286
112 101 0.142857
112 114 0.2
113 111 0.111111
113 118 0.333333
113 119 0.333333
113 126 0.0714286
114 87 0.0714286
114 112 0.166667
114 101 0.142857
115 104 0.142857
116 80 0.0666667
116 85 0.0625
116 92 0.1
116 86 0.0909091
117 83 0.0833333
118 113 0.0769231
119 118 0.333333
119 113 0.0769231
120 90 0.166667
120 75 0.166667
120 110 0.142857
121 122 0.5
122 121 0.25
123 124 0.166667
123 125 0.166667
124 123 0.0833333
125 123 0.0833333
126 35 0.111111
126 113 0.0769231
126 93 0.0714286
126 12 0.0625
126 127 0.1
127 126 0.0714286
127 128 0.25
127 129 0.333333
127 130 0.333333
128 127 0.1
129 127 0.1
130 127 0.1
130 129 0.333333
131 103 0.1
131 93 0.0714286
131 9 0.05
131 132 0.125
132 131 0.1
132 133 0.5
132 134 0.5
133 132 0.125
134 132 0.125
