0
0
1
0
0.102914
0.010999
0.025518
0.147982
0.019168
1
0.499878
0
0.075141
0.5004
0.037218
0
0.002863
0.176901
0.030081
1
0.333686
0.250571
0.073713
0
0
0.097108
0.27915
0.034279
0.010226
0.017141
0
0.042985
0.001433
0.005558
0.175471
0.012425
0.023198
0
0.005787
0.333153
0.265501
0
0.028258
0.125535
0.225716
0.232637
0
0.333849
0
0.037241
0.012394
0
0
0.001303
0.017852
0.000651
0.142667
0.071399
0.000339
1
0.075232
0.187409
0.164994
0.500494
0.029117
0.038991
0.025142
0
0
1
0.013505
0.17677
0.147877
0.080281
1
0.167027
0.114385
0.09166
0.077173
0.052136
0.072097
0.500026
0.291488
1
0.197383
0.010678
0.01265
0.006581
0.193034
0.046118
0.031724
0.500764
0.015212
0.006255
0.010063
0.010299
0.152261
0.002174
0.015797
0.099177
0.004353
0.001203
0.028716
0.002013
0.143211
0.500346
0.301367
0.096701
0.251294
0.011887
0.006098
0.001647
0.001388
0.000448
0.001498
0.07188
0.003773
0.500146
0.000182
0.00014
0.031771
0
0
0
0
0
0.005834
0.000597
0.000167
0.000248
0.000216
0.000635
7.2e-05
3.5e-05
3.5e-05
