1 2
2 1
3 4
3 5
3 6
3 17
4 3
4 12
4 17
5 3
5 38
5 40
6 3
6 8
6 9
6 10
6 11
6 14
6 31
6 43
6 46
6 60
6 61
7 47
8 6
8 9
8 11
8 14
8 43
9 6
9 8
9 31
10 9
10 6
10 12
10 19
10 21
10 26
10 28
10 29
10 33
10 39
10 48
11 6
11 7
11 8
11 9
11 20
11 25
11 32
11 57
12 4
12 10
12 13
12 15
12 41
12 52
13 12
13 16
13 42
13 44
13 56
14 9
14 6
14 8
15 12
15 4
15 23
15 44
16 13
17 3
17 4
17 24
18 10
18 35
18 39
18 48
19 10
19 33
20 11
20 25
20 50
21 10
21 30
21 47
23 15
23 47
24 17
25 11
25 20
26 10
26 19
26 18
26 28
26 29
26 48
27 12
28 10
28 26
28 35
29 10
29 26
29 18
30 21
31 9
31 6
31 60
32 11
32 20
33 10
33 26
33 19
33 29
35 18
35 26
35 33
35 28
37 34
37 51
38 5
38 40
39 29
39 26
39 18
39 10
39 53
39 55
39 59
40 5
40 38
41 12
42 13
42 16
43 6
43 9
43 8
44 15
44 42
44 16
44 13
44 54
46 6
46 39
47 23
47 15
47 7
47 21
48 10
48 18
48 26
48 19
50 44
50 20
51 37
52 12
53 39
54 44
55 53
55 39
56 13
56 16
57 11
57 20
58 37
59 39
60 31
60 8
60 6
61 6
61 12
61 42
62 8
62 55
62 21
62 29
62 9
62 63
62 64
62 68
62 70
63 62
63 66
63 69
64 62
64 65
64 67
65 64
66 63
66 62
67 64
68 62
69 63
70 31
70 62
70 71
71 70
72 75
72 80
72 81
72 89
72 93
72 98
72 116
72 117
73 74
73 76
73 90
73 96
73 119
74 73
74 81
74 101
74 127
74 131
75 72
75 77
75 81
75 88
75 89
75 98
75 116
75 117
76 73
76 79
76 90
76 106
77 75
77 72
77 81
77 89
77 132
78 82
78 104
78 125
79 76
79 84
79 140
80 75
80 72
80 103
80 114
80 123
80 125
81 72
81 74
81 75
81 77
82 78
82 83
82 86
82 87
83 82
83 95
84 79
84 85
84 88
84 94
84 99
84 126
84 140
85 84
85 88
85 99
85 126
86 82
86 87
86 91
87 82
87 86
87 97
88 75
88 72
88 84
88 85
88 105
89 75
89 72
89 77
89 93
90 76
90 73
90 92
90 115
91 86
92 90
93 72
93 89
93 109
93 111
93 113
93 129
94 84
94 107
95 83
96 73
96 110
96 122
97 87
98 72
98 75
98 89
99 84
99 85
99 126
100 93
100 102
100 130
101 74
101 73
101 121
101 124
102 100
102 130
103 80
103 115
103 118
104 78
105 88
106 76
107 94
108 96
108 112
109 93
109 129
110 96
110 122
111 93
112 108
113 94
113 93
113 128
114 72
114 80
114 90
115 114
115 103
115 90
116 98
116 72
116 100
116 75
116 120
117 75
117 72
117 89
118 103
119 73
120 116
121 101
121 124
122 110
122 96
123 80
124 101
124 121
125 80
125 78
126 84
126 85
126 99
127 74
127 131
128 113
129 93
129 109
130 100
130 102
131 74
131 127
132 114
132 77
132 3
133 135
134 137
135 133
137 134
137 136
138 122
138 139
139 138
140 84
140 79
140 142
142 140
144 143
