146
385
1 2 0.5
2 1 0.25
3 4 0.0909091
3 5 0.125
3 6 0.0384615
3 17 0.125
4 3 0.0666667
4 12 0.0526316
4 17 0.125
5 3 0.0666667
5 38 0.25
5 40 0.2
6 3 0.0666667
6 8 0.0666667
6 9 0.0769231
6 10 0.0416667
6 11 0.0714286
6 14 0.2
6 31 0.142857
6 43 0.2
6 46 0.333333
6 60 0.2
6 61 0.0909091
7 47 0.142857
8 6 0.0384615
8 9 0.0769231
8 11 0.0714286
8 14 0.2
8 43 0.2
9 6 0.0384615
9 8 0.0666667
9 31 0.142857
10 9 0.0769231
10 6 0.0384615
10 12 0.0526316
10 19 0.166667
10 21 0.125
10 26 0.0769231
10 28 0.166667
10 29 0.125
10 33 0.142857
10 39 0.0666667
10 48 0.142857
11 6 0.0384615
11 7 0.2
11 8 0.0666667
11 9 0.0769231
11 20 0.125
11 25 0.25
11 32 0.333333
11 57 0.333333
12 4 0.0909091
12 10 0.0416667
12 13 0.0666667
12 15 0.125
12 41 0.5
12 52 0.5
13 12 0.0526316
13 16 0.166667
13 42 0.2
13 44 0.1
13 56 0.333333
14 9 0.0769231
14 6 0.0384615
14 8 0.0666667
15 12 0.0526316
15 4 0.0909091
15 23 0.142857
15 44 0.1
16 13 0.0666667
17 3 0.0666667
17 4 0.0909091
17 24 0.5
18 10 0.0416667
18 35 0.166667
18 39 0.0666667
18 48 0.142857
19 10 0.0416667
19 33 0.142857
20 11 0.0714286
20 25 0.25
20 50 0.166667
21 10 0.0416667
21 30 0.5
21 47 0.142857
23 15 0.125
23 47 0.142857
24 17 0.125
25 11 0.0714286
25 20 0.125
26 10 0.0416667
26 19 0.166667
26 18 0.111111
26 28 0.166667
26 29 0.125
26 48 0.142857
27 12 0.0526316
28 10 0.0416667
28 26 0.0769231
28 35 0.166667
29 10 0.0416667
29 26 0.0769231
29 18 0.111111
30 21 0.125
31 9 0.0769231
31 6 0.0384615
31 60 0.2
32 11 0.0714286
32 20 0.125
33 10 0.0416667
33 26 0.0769231
33 19 0.166667
33 29 0.125
35 18 0.111111
35 26 0.0769231
35 33 0.142857
35 28 0.166667
37 34 0.25
37 51 0.5
38 5 0.125
38 40 0.2
39 29 0.125
39 26 0.0769231
39 18 0.111111
39 10 0.0416667
39 53 0.333333
39 55 0.25
39 59 0.5
40 5 0.125
40 38 0.25
41 12 0.0526316
42 13 0.0666667
42 16 0.166667
43 6 0.0384615
43 9 0.0769231
43 8 0.0666667
44 15 0.125
44 42 0.2
44 16 0.166667
44 13 0.0666667
44 54 0.5
46 6 0.0384615
46 39 0.0666667
47 23 0.142857
47 15 0.125
47 7 0.2
47 21 0.125
48 10 0.0416667
48 18 0.111111
48 26 0.0769231
48 19 0.166667
50 44 0.1
50 20 0.125
51 37 0.142857
52 12 0.0526316
53 39 0.0666667
54 44 0.1
55 53 0.333333
55 39 0.0666667
56 13 0.0666667
56 16 0.166667
57 11 0.0714286
57 20 0.125
58 37 0.142857
59 39 0.0666667
60 31 0.142857
60 8 0.0666667
60 6 0.0384615
61 6 0.0384615
61 12 0.0526316
61 42 0.2
62 8 0.0666667
62 55 0.25
62 21 0.125
62 29 0.125
62 9 0.0769231
62 63 0.125
62 64 0.166667
62 68 0.5
62 70 0.125
63 62 0.0555556
63 66 0.333333
63 69 0.5
64 62 0.0555556
64 65 0.333333
64 67 0.5
65 64 0.166667
66 63 0.125
66 62 0.0555556
67 64 0.166667
68 62 0.0555556
69 63 0.125
70 31 0.142857
70 62 0.0555556
70 71 0.5
71 70 0.125
72 75 0.0588235
72 80 0.0714286
72 81 0.125
72 89 0.1
72 93 0.0714286
72 98 0.166667
72 116 0.125
72 117 0.2
73 74 0.0769231
73 76 0.1
73 90 0.0909091
73 96 0.111111
73 119 0.5
74 73 0.0555556
74 81 0.125
74 101 0.111111
74 127 0.25
74 131 0.25
75 72 0.047619
75 77 0.0909091
75 81 0.125
75 88 0.111111
75 89 0.1
75 98 0.166667
75 116 0.125
75 117 0.2
76 73 0.0555556
76 79 0.0909091
76 90 0.0909091
76 106 0.5
77 75 0.0588235
77 72 0.047619
77 81 0.125
77 89 0.1
77 132 0.0833333
78 82 0.1
78 104 0.5
78 125 0.25
79 76 0.1
79 84 0.0714286
79 140 0.0909091
80 75 0.0588235
80 72 0.047619
80 103 0.125
80 114 0.166667
80 123 0.333333
80 125 0.25
81 72 0.047619
81 74 0.0769231
81 75 0.0588235
81 77 0.0909091
82 78 0.1
82 83 0.25
82 86 0.0909091
82 87 0.142857
83 82 0.1
83 95 0.5
84 79 0.0909091
84 85 0.125
84 88 0.111111
84 94 0.166667
84 99 0.166667
84 126 0.166667
84 140 0.0909091
85 84 0.0714286
85 88 0.111111
85 99 0.166667
85 126 0.166667
86 82 0.1
86 87 0.142857
86 91 0.5
87 82 0.1
87 86 0.0909091
87 97 0.25
88 75 0.0588235
88 72 0.047619
88 84 0.0714286
88 85 0.125
88 105 0.5
89 75 0.0588235
89 72 0.047619
89 77 0.0909091
89 93 0.0714286
90 76 0.1
90 73 0.0555556
90 92 0.25
90 115 0.2
91 86 0.0909091
92 90 0.0909091
93 72 0.047619
93 89 0.1
93 109 0.25
93 111 0.5
93 113 0.142857
93 129 0.25
94 84 0.0714286
94 107 0.5
95 83 0.25
96 73 0.0555556
96 110 0.25
96 122 0.2
97 87 0.142857
98 72 0.047619
98 75 0.0588235
98 89 0.1
99 84 0.0714286
99 85 0.125
99 126 0.166667
100 93 0.0714286
100 102 0.25
100 130 0.25
101 74 0.0769231
101 73 0.0555556
101 121 0.25
101 124 0.25
102 100 0.125
102 130 0.25
103 80 0.0714286
103 115 0.2
103 118 0.5
104 78 0.1
105 88 0.111111
106 76 0.1
107 94 0.166667
108 96 0.111111
108 112 0.333333
109 93 0.0714286
109 129 0.25
110 96 0.111111
110 122 0.2
111 93 0.0714286
112 108 0.2
113 94 0.166667
113 93 0.0714286
113 128 0.5
114 72 0.047619
114 80 0.0714286
114 90 0.0909091
115 114 0.166667
115 103 0.125
115 90 0.0909091
116 98 0.166667
116 72 0.047619
116 100 0.125
116 75 0.0588235
116 120 0.5
117 75 0.0588235
117 72 0.047619
117 89 0.1
118 103 0.125
119 73 0.0555556
120 116 0.125
121 101 0.111111
121 124 0.25
122 110 0.25
122 96 0.111111
123 80 0.0714286
124 101 0.111111
124 121 0.25
125 80 0.0714286
125 78 0.1
126 84 0.0714286
126 85 0.125
126 99 0.166667
127 74 0.0769231
127 131 0.25
128 113 0.142857
129 93 0.0714286
129 109 0.25
130 100 0.125
130 102 0.25
131 74 0.0769231
131 127 0.25
132 114 0.166667
132 77 0.0909091
132 3 0.0666667
133 135 0.2
134 137 0.333333
135 133 0.166667
137 134 0.25
137 136 0.2
138 122 0.2
138 139 0.5
139 138 0.125
140 84 0.0714286
140 79 0.0909091
140 142 0.5
142 140 0.0909091
144 143 0.142857
