0
0
0
0.074366
0.108373
0.009469
1
0.204366
0.234462
0.273084
0.14637
1
1
0.069745
0.237443
0.133224
0.023828
0.022399
0.15155
0.053222
0.223233
0.144918
0
0.025739
0.011144
0.288011
0.112693
0
0.045873
0.259989
0.072387
0.212954
0.334303
0.031508
0
0.031912
0
0
0.002836
1
0.002244
0.50066
0.035904
0.23696
0.023581
0
0.333403
0.050866
0.055723
0
0.037218
0
0.500334
0.430312
0.011837
0.438622
0.023447
0.333754
0
0.501027
0.230983
0.090716
1
0.126454
0.166085
0.055434
0.042214
0.083321
0.500394
0.063415
0.125933
0.063021
0.145645
0.001333
0.011737
1
0.010082
0.1223
0.000257
0.098876
0.010651
0.153442
2.4e-05
5e-06
1
0.189213
4e-06
6e-06
0.225266
0.243731
0.001354
1e-06
0.000341
1
0.186334
2e-06
0.000107
2e-06
0.205142
0.214566
0.017814
0.001342
0.005411
0.001406
0.000125
0.112488
0.005067
0.093751
0
0.298925
3.3e-05
0.501137
0
0.142293
0.00353
0.000526
0.141628
0.223114
0.000684
0.000678
0.070823
0.000422
3.3e-05
0.003446
0.00041
0.002673
0.214089
0.003491
0.071326
0.298643
0.005388
0.003476
0.010303
0
0
0
0
0
0
0
0.098852
0
0.049469
0
0
0
