0 1
0 37
0 90
1 0
1 2
1 9
1 13
1 116
2 1
2 3
2 4
2 6
2 11
2 15
2 22
2 25
2 35
2 61
2 84
2 128
2 132
2 168
3 2
3 5
3 8
3 43
3 46
3 54
3 64
3 73
3 127
3 129
4 2
4 6
4 7
4 84
4 125
5 3
5 8
5 12
5 16
5 36
5 88
5 158
5 191
6 4
6 2
6 9
6 12
6 31
6 40
6 65
6 130
6 159
6 161
7 4
7 8
7 10
7 19
7 82
7 139
7 146
7 157
8 7
8 3
8 5
8 14
8 24
9 1
9 6
9 13
9 17
9 18
9 26
9 29
9 33
9 50
9 55
9 60
10 7
10 63
10 99
10 153
10 155
11 2
11 28
11 48
11 70
11 75
11 96
11 121
11 122
11 147
11 163
11 170
12 5
12 6
12 3
12 16
12 21
12 53
12 89
13 1
13 9
13 22
13 33
13 116
13 120
14 8
15 2
15 35
15 132
16 12
16 5
16 57
16 197
17 9
17 20
17 47
17 67
17 94
17 114
17 169
17 173
18 9
19 7
19 45
19 105
20 17
20 22
20 33
20 111
20 150
20 182
21 12
21 23
21 27
21 28
21 39
21 41
21 54
21 92
22 13
22 20
22 2
22 6
22 32
22 48
22 77
23 21
23 71
23 184
24 8
24 14
24 30
24 163
25 2
25 42
25 66
26 9
26 29
26 50
26 69
26 72
26 136
26 194
27 21
27 28
27 39
27 115
27 141
28 27
28 21
28 11
28 34
28 63
28 68
28 92
29 9
29 18
29 26
29 124
29 130
30 24
30 6
30 93
30 162
31 6
31 17
31 62
31 156
32 22
32 51
33 20
33 13
33 9
33 58
33 101
33 150
34 28
35 2
35 15
35 38
35 56
35 59
35 79
35 83
35 86
35 98
35 155
36 5
36 159
37 0
37 118
37 126
37 133
37 137
37 192
38 35
38 56
38 59
38 79
38 98
38 140
39 21
39 27
39 193
40 6
40 44
40 104
40 151
41 21
42 25
42 2
42 74
43 3
43 49
43 129
44 15
44 40
44 2
44 48
44 52
44 89
44 95
44 108
44 109
44 134
45 5
45 19
45 105
45 144
45 175
46 3
46 77
46 78
46 107
47 17
47 94
47 114
47 169
47 171
47 173
48 1
48 46
48 11
48 44
48 22
48 87
48 185
49 3
49 43
49 7
49 91
49 177
49 179
50 9
50 26
50 85
51 32
51 47
51 80
52 44
52 134
52 164
53 8
53 12
53 35
53 43
53 38
53 125
53 138
53 178
54 21
54 3
54 27
54 64
54 103
55 18
55 9
56 38
56 35
56 79
56 83
56 86
56 155
56 174
57 16
57 36
57 90
58 33
58 50
58 42
58 74
59 35
59 38
59 61
59 83
59 174
60 9
60 18
60 81
61 2
61 15
61 59
61 84
61 100
61 117
61 165
61 195
62 31
62 156
63 56
63 10
63 28
63 4
63 25
63 113
63 148
63 167
64 3
64 54
64 131
65 6
66 25
66 84
67 60
67 17
67 108
67 196
68 28
69 26
69 136
69 187
70 11
70 96
70 121
70 147
70 163
70 170
71 23
71 95
71 184
72 26
72 141
72 187
73 3
74 42
74 58
74 145
75 11
75 74
76 29
76 108
76 124
76 130
77 46
77 22
77 188
78 46
78 107
79 56
79 35
79 38
79 98
80 51
81 60
82 7
82 139
82 146
82 157
83 79
83 35
83 59
83 56
83 38
83 86
84 61
84 4
84 2
84 25
84 66
85 50
86 56
86 35
86 83
86 98
87 54
87 48
88 5
89 44
89 5
89 12
89 97
89 112
89 123
89 142
89 143
90 0
90 57
91 49
91 135
92 21
92 14
92 28
92 34
92 54
93 30
93 162
94 47
94 17
94 169
95 44
95 71
95 102
95 106
95 110
95 119
96 11
96 70
96 121
96 122
96 170
97 89
97 123
97 143
98 86
98 38
98 56
98 79
98 35
99 10
99 153
100 61
100 117
100 195
101 33
101 58
102 95
102 106
103 54
104 40
104 151
105 19
105 45
106 95
106 102
106 119
106 141
106 194
107 78
107 46
108 52
108 44
108 67
108 76
108 176
109 44
109 52
110 102
110 95
111 20
112 89
113 63
113 148
113 153
114 17
114 94
114 47
114 171
115 27
115 21
116 1
116 13
116 154
117 100
117 61
117 165
118 37
118 192
119 102
119 106
119 95
120 13
121 11
121 96
121 70
122 11
122 96
122 170
123 89
123 112
123 97
123 142
123 143
124 29
124 76
125 4
125 53
125 12
125 172
126 37
126 118
126 137
127 3
128 2
129 3
129 43
130 29
130 44
130 6
130 76
130 189
131 64
132 2
132 15
132 128
132 168
133 37
133 118
133 144
133 190
134 52
134 44
135 91
135 183
136 26
136 69
136 187
137 126
137 133
137 37
137 149
138 53
138 175
139 82
139 7
140 38
140 100
140 7
140 59
140 4
141 106
141 72
141 95
141 115
141 27
142 123
142 112
142 89
142 184
143 97
143 104
143 123
143 40
143 89
144 45
144 133
144 105
144 160
145 74
146 7
146 82
147 70
147 11
148 63
148 113
148 167
149 137
150 33
150 20
150 166
151 104
151 40
152 118
152 0
152 133
152 177
153 10
153 63
153 113
153 99
154 116
155 56
155 10
155 35
156 31
156 62
157 7
157 82
158 5
158 88
159 36
159 6
159 143
159 180
159 181
160 144
161 6
162 30
162 93
162 24
163 11
163 70
163 24
164 109
164 44
164 134
164 52
165 61
165 117
165 100
166 150
167 63
167 148
167 113
168 2
168 132
169 47
169 114
169 94
169 17
170 70
170 11
170 96
170 122
171 47
171 114
171 94
172 125
173 47
173 94
173 17
174 38
174 56
174 79
174 59
175 45
175 138
176 108
177 152
177 49
178 53
179 49
180 159
181 180
181 159
182 20
183 135
184 71
184 23
184 142
185 48
186 155
187 26
187 72
187 136
187 69
187 194
188 77
189 130
190 133
191 5
192 118
192 37
193 39
194 136
194 106
194 72
194 26
194 187
195 100
195 61
196 67
197 16
