198
695
0 1 0.0909091
0 37 0.0833333
0 90 0.25
1 0 0.0769231
1 2 0.0333333
1 9 0.0454545
1 13 0.0833333
1 116 0.166667
2 1 0.0909091
2 3 0.0454545
2 4 0.0833333
2 6 0.0416667
2 11 0.0454545
2 15 0.1
2 22 0.0769231
2 25 0.125
2 35 0.047619
2 61 0.0666667
2 84 0.111111
2 128 0.333333
2 132 0.142857
2 168 0.25
3 2 0.0333333
3 5 0.0526316
3 8 0.0909091
3 43 0.142857
3 46 0.111111
3 54 0.0909091
3 64 0.166667
3 73 0.5
3 127 0.5
3 129 0.25
4 2 0.0333333
4 6 0.0416667
4 7 0.0526316
4 84 0.111111
4 125 0.142857
5 3 0.0454545
5 8 0.0909091
5 12 0.0714286
5 16 0.125
5 36 0.2
5 88 0.333333
5 158 0.333333
5 191 0.5
6 4 0.0833333
6 2 0.0333333
6 9 0.0454545
6 12 0.0714286
6 31 0.142857
6 40 0.111111
6 65 0.5
6 130 0.111111
6 159 0.0769231
6 161 0.5
7 4 0.0833333
7 8 0.0909091
7 10 0.1
7 19 0.166667
7 82 0.125
7 139 0.2
7 146 0.25
7 157 0.25
8 7 0.0526316
8 3 0.0454545
8 5 0.0526316
8 14 0.25
8 24 0.125
9 1 0.0909091
9 6 0.0416667
9 13 0.0833333
9 17 0.0588235
9 18 0.2
9 26 0.0666667
9 29 0.1
9 33 0.0833333
9 50 0.142857
9 55 0.333333
9 60 0.166667
10 7 0.0526316
10 63 0.0714286
10 99 0.25
10 153 0.142857
10 155 0.142857
11 2 0.0333333
11 28 0.0714286
11 48 0.0833333
11 70 0.0833333
11 75 0.333333
11 96 0.1
11 121 0.166667
11 122 0.166667
11 147 0.25
11 163 0.166667
11 170 0.1
12 5 0.0526316
12 6 0.0416667
12 3 0.0454545
12 16 0.125
12 21 0.0588235
12 53 0.0833333
12 89 0.0666667
13 1 0.0909091
13 9 0.0454545
13 22 0.0769231
13 33 0.0833333
13 116 0.166667
13 120 0.5
14 8 0.0909091
15 2 0.0333333
15 35 0.047619
15 132 0.142857
16 12 0.0714286
16 5 0.0526316
16 57 0.2
16 197 0.5
17 9 0.0454545
17 20 0.0833333
17 47 0.0769231
17 67 0.142857
17 94 0.111111
17 114 0.125
17 169 0.142857
17 173 0.2
18 9 0.0454545
19 7 0.0526316
19 45 0.111111
19 105 0.2
20 17 0.0588235
20 22 0.0769231
20 33 0.0833333
20 111 0.5
20 150 0.166667
20 182 0.5
21 12 0.0714286
21 23 0.166667
21 27 0.0909091
21 28 0.0714286
21 39 0.166667
21 41 0.5
21 54 0.0909091
21 92 0.142857
22 13 0.0833333
22 20 0.0833333
22 2 0.0333333
22 6 0.0416667
22 32 0.25
22 48 0.0833333
22 77 0.166667
23 21 0.0588235
23 71 0.166667
23 184 0.166667
24 8 0.0909091
24 14 0.25
24 30 0.142857
24 163 0.166667
25 2 0.0333333
25 42 0.166667
25 66 0.25
26 9 0.0454545
26 29 0.1
26 50 0.142857
26 69 0.166667
26 72 0.142857
26 136 0.142857
26 194 0.125
27 21 0.0588235
27 28 0.0714286
27 39 0.166667
27 115 0.25
27 141 0.125
28 27 0.0909091
28 21 0.0588235
28 11 0.0454545
28 34 0.333333
28 63 0.0714286
28 68 0.5
28 92 0.142857
29 9 0.0454545
29 18 0.2
29 26 0.0666667
29 124 0.25
29 130 0.111111
30 24 0.125
30 6 0.0416667
30 93 0.25
30 162 0.2
31 6 0.0416667
31 17 0.0588235
31 62 0.25
31 156 0.25
32 22 0.0769231
32 51 0.2
33 20 0.0833333
33 13 0.0833333
33 9 0.0454545
33 58 0.142857
33 101 0.333333
33 150 0.166667
34 28 0.0714286
35 2 0.0333333
35 15 0.1
35 38 0.0666667
35 56 0.0625
35 59 0.0909091
35 79 0.1
35 83 0.0714286
35 86 0.125
35 98 0.111111
35 155 0.142857
36 5 0.0526316
36 159 0.0769231
37 0 0.0769231
37 118 0.142857
37 126 0.2
37 133 0.111111
37 137 0.142857
37 192 0.25
38 35 0.047619
38 56 0.0625
38 59 0.0909091
38 79 0.1
38 98 0.111111
38 140 0.166667
39 21 0.0588235
39 27 0.0909091
39 193 0.5
40 6 0.0416667
40 44 0.05
40 104 0.2
40 151 0.25
41 21 0.0588235
42 25 0.125
42 2 0.0333333
42 74 0.142857
43 3 0.0454545
43 49 0.1
43 129 0.25
44 15 0.1
44 40 0.111111
44 2 0.0333333
44 48 0.0833333
44 52 0.125
44 89 0.0666667
44 95 0.0769231
44 108 0.111111
44 109 0.25
44 134 0.2
45 5 0.0526316
45 19 0.166667
45 105 0.2
45 144 0.142857
45 175 0.25
46 3 0.0454545
46 77 0.166667
46 78 0.25
46 107 0.25
47 17 0.0588235
47 94 0.111111
47 114 0.125
47 169 0.142857
47 171 0.2
47 173 0.2
48 1 0.0909091
48 46 0.111111
48 11 0.0454545
48 44 0.05
48 22 0.0769231
48 87 0.333333
48 185 0.5
49 3 0.0454545
49 43 0.142857
49 7 0.0526316
49 91 0.25
49 177 0.25
49 179 0.5
50 9 0.0454545
50 26 0.0666667
50 85 0.5
51 32 0.25
51 47 0.0769231
51 80 0.5
52 44 0.05
52 134 0.2
52 164 0.2
53 8 0.0909091
53 12 0.0714286
53 35 0.047619
53 43 0.142857
53 38 0.0666667
53 125 0.142857
53 138 0.25
53 178 0.5
54 21 0.0588235
54 3 0.0454545
54 27 0.0909091
54 64 0.166667
54 103 0.5
55 18 0.2
55 9 0.0454545
56 38 0.0666667
56 35 0.047619
56 79 0.1
56 83 0.0714286
56 86 0.125
56 155 0.142857
56 174 0.166667
57 16 0.125
57 36 0.2
57 90 0.25
58 33 0.0833333
58 50 0.142857
58 42 0.166667
58 74 0.142857
59 35 0.047619
59 38 0.0666667
59 61 0.0666667
59 83 0.0714286
59 174 0.166667
60 9 0.0454545
60 18 0.2
60 81 0.5
61 2 0.0333333
61 15 0.1
61 59 0.0909091
61 84 0.111111
61 100 0.125
61 117 0.166667
61 165 0.2
61 195 0.25
62 31 0.142857
62 156 0.25
63 56 0.0625
63 10 0.1
63 28 0.0714286
63 4 0.0833333
63 25 0.125
63 113 0.142857
63 148 0.166667
63 167 0.2
64 3 0.0454545
64 54 0.0909091
64 131 0.5
65 6 0.0416667
66 25 0.125
66 84 0.111111
67 60 0.166667
67 17 0.0588235
67 108 0.111111
67 196 0.5
68 28 0.0714286
69 26 0.0666667
69 136 0.142857
69 187 0.111111
70 11 0.0454545
70 96 0.1
70 121 0.166667
70 147 0.25
70 163 0.166667
70 170 0.1
71 23 0.166667
71 95 0.0769231
71 184 0.166667
72 26 0.0666667
72 141 0.125
72 187 0.111111
73 3 0.0454545
74 42 0.166667
74 58 0.142857
74 145 0.5
75 11 0.0454545
75 74 0.142857
76 29 0.1
76 108 0.111111
76 124 0.25
76 130 0.111111
77 46 0.111111
77 22 0.0769231
77 188 0.5
78 46 0.111111
78 107 0.25
79 56 0.0625
79 35 0.047619
79 38 0.0666667
79 98 0.111111
80 51 0.2
81 60 0.166667
82 7 0.0526316
82 139 0.2
82 146 0.25
82 157 0.25
83 79 0.1
83 35 0.047619
83 59 0.0909091
83 56 0.0625
83 38 0.0666667
83 86 0.125
84 61 0.0666667
84 4 0.0833333
84 2 0.0333333
84 25 0.125
84 66 0.25
85 50 0.142857
86 56 0.0625
86 35 0.047619
86 83 0.0714286
86 98 0.111111
87 54 0.0909091
87 48 0.0833333
88 5 0.0526316
89 44 0.05
89 5 0.0526316
89 12 0.0714286
89 97 0.166667
89 112 0.25
89 123 0.1
89 142 0.142857
89 143 0.111111
90 0 0.0769231
90 57 0.2
91 49 0.1
91 135 0.25
92 21 0.0588235
92 14 0.25
92 28 0.0714286
92 34 0.333333
92 54 0.0909091
93 30 0.142857
93 162 0.2
94 47 0.0769231
94 17 0.0588235
94 169 0.142857
95 44 0.05
95 71 0.166667
95 102 0.166667
95 106 0.1
95 110 0.333333
95 119 0.2
96 11 0.0454545
96 70 0.0833333
96 121 0.166667
96 122 0.166667
96 170 0.1
97 89 0.0666667
97 123 0.1
97 143 0.111111
98 86 0.125
98 38 0.0666667
98 56 0.0625
98 79 0.1
98 35 0.047619
99 10 0.1
99 153 0.142857
100 61 0.0666667
100 117 0.166667
100 195 0.25
101 33 0.0833333
101 58 0.142857
102 95 0.0769231
102 106 0.1
103 54 0.0909091
104 40 0.111111
104 151 0.25
105 19 0.166667
105 45 0.111111
106 95 0.0769231
106 102 0.166667
106 119 0.2
106 141 0.125
106 194 0.125
107 78 0.25
107 46 0.111111
108 52 0.125
108 44 0.05
108 67 0.142857
108 76 0.142857
108 176 0.5
109 44 0.05
109 52 0.125
110 102 0.166667
110 95 0.0769231
111 20 0.0833333
112 89 0.0666667
113 63 0.0714286
113 148 0.166667
113 153 0.142857
114 17 0.0588235
114 94 0.111111
114 47 0.0769231
114 171 0.2
115 27 0.0909091
115 21 0.0588235
116 1 0.0909091
116 13 0.0833333
116 154 0.5
117 100 0.125
117 61 0.0666667
117 165 0.2
118 37 0.0833333
118 192 0.25
119 102 0.166667
119 106 0.1
119 95 0.0769231
120 13 0.0833333
121 11 0.0454545
121 96 0.1
121 70 0.0833333
122 11 0.0454545
122 96 0.1
122 170 0.1
123 89 0.0666667
123 112 0.25
123 97 0.166667
123 142 0.142857
123 143 0.111111
124 29 0.1
124 76 0.142857
125 4 0.0833333
125 53 0.0833333
125 12 0.0714286
125 172 0.5
126 37 0.0833333
126 118 0.142857
126 137 0.142857
127 3 0.0454545
128 2 0.0333333
129 3 0.0454545
129 43 0.142857
130 29 0.1
130 44 0.05
130 6 0.0416667
130 76 0.142857
130 189 0.5
131 64 0.166667
132 2 0.0333333
132 15 0.1
132 128 0.333333
132 168 0.25
133 37 0.0833333
133 118 0.142857
133 144 0.142857
133 190 0.5
134 52 0.125
134 44 0.05
135 91 0.25
135 183 0.5
136 26 0.0666667
136 69 0.166667
136 187 0.111111
137 126 0.2
137 133 0.111111
137 37 0.0833333
137 149 0.5
138 53 0.0833333
138 175 0.25
139 82 0.125
139 7 0.0526316
140 38 0.0666667
140 100 0.125
140 7 0.0526316
140 59 0.0909091
140 4 0.0833333
141 106 0.1
141 72 0.142857
141 95 0.0769231
141 115 0.25
141 27 0.0909091
142 123 0.1
142 112 0.25
142 89 0.0666667
142 184 0.166667
143 97 0.166667
143 104 0.2
143 123 0.1
143 40 0.111111
143 89 0.0666667
144 45 0.111111
144 133 0.111111
144 105 0.2
144 160 0.5
145 74 0.142857
146 7 0.0526316
146 82 0.125
147 70 0.0833333
147 11 0.0454545
148 63 0.0714286
148 113 0.142857
148 167 0.2
149 137 0.142857
150 33 0.0833333
150 20 0.0833333
150 166 0.5
151 104 0.2
151 40 0.111111
152 118 0.142857
152 0 0.0769231
152 133 0.111111
152 177 0.25
153 10 0.1
153 63 0.0714286
153 113 0.142857
153 99 0.25
154 116 0.166667
155 56 0.0625
155 10 0.1
155 35 0.047619
156 31 0.142857
156 62 0.25
157 7 0.0526316
157 82 0.125
158 5 0.0526316
158 88 0.333333
159 36 0.2
159 6 0.0416667
159 143 0.111111
159 180 0.333333
159 181 0.333333
160 144 0.142857
161 6 0.0416667
162 30 0.142857
162 93 0.25
162 24 0.125
163 11 0.0454545
163 70 0.0833333
163 24 0.125
164 109 0.25
164 44 0.05
164 134 0.2
164 52 0.125
165 61 0.0666667
165 117 0.166667
165 100 0.125
166 150 0.166667
167 63 0.0714286
167 148 0.166667
167 113 0.142857
168 2 0.0333333
168 132 0.142857
169 47 0.0769231
169 114 0.125
169 94 0.111111
169 17 0.0588235
170 70 0.0833333
170 11 0.0454545
170 96 0.1
170 122 0.166667
171 47 0.0769231
171 114 0.125
171 94 0.111111
172 125 0.142857
173 47 0.0769231
173 94 0.111111
173 17 0.0588235
174 38 0.0666667
174 56 0.0625
174 79 0.1
174 59 0.0909091
175 45 0.111111
175 138 0.25
176 108 0.111111
177 152 0.2
177 49 0.1
178 53 0.0833333
179 49 0.1
180 159 0.0769231
181 180 0.333333
181 159 0.0769231
182 20 0.0833333
183 135 0.25
184 71 0.166667
184 23 0.166667
184 142 0.142857
185 48 0.0833333
186 155 0.142857
187 26 0.0666667
187 72 0.142857
187 136 0.142857
187 69 0.166667
187 194 0.125
188 77 0.166667
189 130 0.111111
190 133 0.111111
191 5 0.0526316
192 118 0.142857
192 37 0.0833333
193 39 0.166667
194 136 0.142857
194 106 0.1
194 72 0.142857
194 26 0.0666667
194 187 0.111111
195 100 0.125
195 61 0.0666667
196 67 0.142857
197 16 0.125
