0.01052
0.126394
0.147444
1
0.184047
1
1
1
0.320851
1
0.102875
1
0.276932
0.114481
0.129435
0.122338
0.155844
0.122574
0.297327
0.167882
1
1
0.107623
0.16981
0.062687
0.028202
0.083214
0.133969
0.158294
0.121618
0.008938
0.141939
0.02694
0.179955
0.100601
0.064951
0.217939
0.000929
0.073515
0.183778
0.213601
0.500382
0.019094
0.291706
1
0.028767
0.130232
0.015798
0.167283
0.029443
0.15705
0.005392
0.186642
1
0.202278
0.334561
0.014491
0.031776
0.039498
0.014985
0.171047
0.01336
0.04208
0.019991
0.193604
0.501199
0.015897
0.033533
0.079128
0.016397
0.149024
0.044957
0.016438
0.499724
0.053131
0.334146
0.037745
0.038633
0.039083
0.017381
0.002679
0.086173
0.200815
0.007278
0.038229
0.078746
0.01233
0.056153
0.407881
0.08518
0.010294
0.007458
0.160731
0.002538
0.021608
0.080991
0.156357
0.018825
0.017655
0.028799
0.004129
0.059722
0.021292
0.101576
0.055523
0.038496
0.014244
0.038797
0.116088
0.2564
0.027163
0.500727
0.027234
0.006218
0.01947
0.037494
0.03869
0.003079
0.000515
0.018458
0.057669
0.204491
0.202397
0.013622
0.03805
0.164659
0.000192
0.501395
0.059762
0.300415
0.125108
0.09698
0.041919
0.000743
0.231374
0.001905
0.015741
0.000148
0.252319
0.229249
0.012186
0.020032
0.018292
0.022163
0.004091
0.026559
0.284004
0.274539
0.004666
6.1e-05
0.190622
0.062617
0.001484
0.018203
0.019342
0.025188
0.042383
0.28374
0.333494
0.091241
0.001998
0.500601
0.002123
0.190969
0.037261
0.003211
0.09575
0.004637
0.044646
0.021509
0.141876
0.00666
0.082575
0.026914
0.004825
0.068347
0.058342
0.007322
0.501606
0.014603
0.037046
0.030426
0.500436
0.000948
0.036065
0.083755
0
0.006321
0.019494
0.062418
0.000374
0.5002
0.000326
0.092075
0.012723
0.004114
0.016673
0.078004
