2 3
2 5
2 9
2 17
3 2
3 11
3 12
3 13
3 21
3 36
3 49
3 59
4 26
4 31
4 61
5 2
5 7
5 15
5 54
5 70
5 135
6 16
6 22
7 5
8 6
8 14
8 35
8 66
9 2
9 52
10 3
10 29
10 34
11 3
12 3
12 28
12 30
12 38
12 47
12 51
12 55
13 3
13 11
13 39
13 41
13 52
13 60
14 8
14 18
14 44
14 69
15 5
15 53
16 6
17 2
17 20
17 27
17 33
18 14
18 44
18 69
19 24
19 38
19 40
20 17
20 27
20 135
21 3
21 11
22 6
22 25
22 26
23 6
24 19
25 23
25 22
25 45
26 22
26 4
27 20
27 17
27 56
28 12
29 10
30 12
30 58
31 4
32 26
32 31
32 37
32 62
32 65
33 17
33 27
34 15
34 10
34 9
34 42
35 8
35 46
35 62
36 3
36 11
37 32
37 65
38 12
38 19
38 43
38 81
39 13
40 19
41 13
41 23
41 19
41 48
42 34
43 38
44 18
44 14
45 25
46 35
47 12
47 51
48 41
49 3
50 5
50 63
50 67
50 76
51 47
51 30
51 12
51 55
51 58
51 146
52 13
52 9
52 10
52 29
52 64
53 15
54 5
54 15
54 57
55 51
55 12
55 58
56 27
56 20
56 17
57 54
58 51
58 30
58 12
58 55
59 3
59 21
60 13
61 4
62 32
62 35
63 50
64 52
65 32
65 37
66 8
67 63
67 50
68 9
69 14
69 18
70 5
71 72
71 74
72 71
72 75
74 71
75 72
76 50
76 18
76 12
76 77
76 78
77 76
78 76
78 79
79 78
81 37
81 40
81 38
82 94
82 96
82 99
82 100
82 127
83 86
83 88
83 93
83 109
83 110
83 122
83 123
84 87
84 89
84 102
84 108
84 115
85 95
85 97
86 83
86 110
87 84
87 118
87 120
88 83
88 91
88 98
88 105
89 84
89 106
89 117
89 124
89 126
90 94
90 104
90 113
90 133
91 88
91 92
92 91
93 83
94 82
94 90
94 100
94 134
95 85
95 114
96 82
96 103
97 85
98 88
98 105
99 82
99 103
100 82
100 94
101 87
101 125
102 84
102 108
103 96
103 99
103 82
104 90
104 113
104 133
105 88
105 98
106 89
106 116
107 84
107 91
107 102
107 112
107 126
108 84
108 102
109 83
109 123
110 86
110 83
111 96
111 110
112 107
113 90
113 104
113 133
114 95
115 84
115 108
115 102
116 106
116 117
116 142
117 116
117 89
117 128
117 130
118 87
119 87
119 118
120 119
120 87
122 83
122 109
122 132
123 83
123 109
124 89
125 101
126 107
126 89
127 82
128 117
129 131
130 128
130 117
131 129
132 122
133 90
133 113
133 104
134 94
135 89
135 42
135 20
135 5
135 72
137 139
138 141
139 137
140 141
141 140
141 138
142 116
142 143
143 142
144 145
145 144
146 12
146 51
146 147
147 146
