0
0
0.161725
1
0.000181
1
0.102771
0.500505
1
0.037024
0.021531
0.441832
1
1
0.126085
0.132628
0.05139
0.014953
0.020195
0.020959
0.016115
0.313875
0.009248
0.014344
0.004193
0.001337
0.001755
0.003709
0.50011
0.046681
0.227326
0.000662
0.003162
0.002911
0.00737
0.167078
0.334806
0.003479
0.126583
0.500555
0.011356
0.100712
0.038197
0.063042
0.034739
0.000672
0.083595
0.271246
0.050612
0.500923
0
0.129612
0.128595
0.066459
0.201142
0.188515
0.000954
0.100834
0.072538
0.333218
0.501131
0.000102
0.028067
0
0.064082
0.001566
0.499892
0
0
0.034899
0.501352
0.001676
0.010244
0
0.000815
0.005081
0
0
0
0
0
0.014164
1
1
0.091822
0
0.147845
0.009308
0.119018
0.034678
0.011096
0.217449
0.036248
0.501287
0.144318
0
0.209476
0
0.035538
0.258963
0.184929
0
0.181269
0.08862
0.002413
0.035464
0.00443
1
0.031962
0.271546
0.220796
0
0.499921
0.002386
0
0.022946
0.001057
0.004329
0.00328
0.001019
0.00311
0
0.200894
0.29426
0.008628
0
0.253345
0.333918
0.001757
0
0.001478
0
0.100533
0.002476
0.036159
0.112169
0
0
0
0
0
0
0.000111
5.8e-05
0
0
0.013131
0.006611
