148
333
2 3 0.0526316
2 5 0.0588235
2 9 0.125
2 17 0.0833333
3 2 0.0833333
3 11 0.2
3 12 0.047619
3 13 0.0833333
3 21 0.25
3 36 0.333333
3 49 0.5
3 59 0.333333
4 26 0.142857
4 31 0.2
4 61 0.5
5 2 0.0833333
5 7 0.5
5 15 0.111111
5 54 0.2
5 70 0.5
5 135 0.111111
6 16 0.5
6 22 0.0909091
7 5 0.0588235
8 6 0.1
8 14 0.125
8 35 0.166667
8 66 0.5
9 2 0.0833333
9 52 0.125
10 3 0.0526316
10 29 0.333333
10 34 0.125
11 3 0.0526316
12 3 0.0526316
12 28 0.5
12 30 0.2
12 38 0.125
12 47 0.25
12 51 0.0909091
12 55 0.166667
13 3 0.0526316
13 11 0.2
13 39 0.5
13 41 0.1
13 52 0.125
13 60 0.5
14 8 0.0769231
14 18 0.111111
14 44 0.25
14 69 0.25
15 5 0.0588235
15 53 0.5
16 6 0.1
17 2 0.0833333
17 20 0.125
17 27 0.111111
17 33 0.2
18 14 0.125
18 44 0.25
18 69 0.25
19 24 0.2
19 38 0.125
19 40 0.333333
20 17 0.0833333
20 27 0.111111
20 135 0.111111
21 3 0.0526316
21 11 0.2
22 6 0.1
22 25 0.142857
22 26 0.142857
23 6 0.1
24 19 0.0909091
25 23 0.142857
25 22 0.0909091
25 45 0.5
26 22 0.0909091
26 4 0.0833333
27 20 0.125
27 17 0.0833333
27 56 0.25
28 12 0.047619
29 10 0.125
30 12 0.047619
30 58 0.142857
31 4 0.0833333
32 26 0.142857
32 31 0.2
32 37 0.2
32 62 0.166667
32 65 0.25
33 17 0.0833333
33 27 0.111111
34 15 0.111111
34 10 0.125
34 9 0.125
34 42 0.333333
35 8 0.0769231
35 46 0.5
35 62 0.166667
36 3 0.0526316
36 11 0.2
37 32 0.1
37 65 0.25
38 12 0.047619
38 19 0.0909091
38 43 0.5
38 81 0.111111
39 13 0.0833333
40 19 0.0909091
41 13 0.0833333
41 23 0.142857
41 19 0.0909091
41 48 0.5
42 34 0.125
43 38 0.125
44 18 0.111111
44 14 0.125
45 25 0.142857
46 35 0.166667
47 12 0.047619
47 51 0.0909091
48 41 0.1
49 3 0.0526316
50 5 0.0588235
50 63 0.333333
50 67 0.333333
50 76 0.0714286
51 47 0.25
51 30 0.2
51 12 0.047619
51 55 0.166667
51 58 0.142857
51 146 0.1
52 13 0.0833333
52 9 0.125
52 10 0.125
52 29 0.333333
52 64 0.5
53 15 0.111111
54 5 0.0588235
54 15 0.111111
54 57 0.5
55 51 0.0909091
55 12 0.047619
55 58 0.142857
56 27 0.111111
56 20 0.125
56 17 0.0833333
57 54 0.2
58 51 0.0909091
58 30 0.2
58 12 0.047619
58 55 0.166667
59 3 0.0526316
59 21 0.25
60 13 0.0833333
61 4 0.0833333
62 32 0.1
62 35 0.166667
63 50 0.1
64 52 0.125
65 32 0.1
65 37 0.2
66 8 0.0769231
67 63 0.333333
67 50 0.1
68 9 0.125
69 14 0.125
69 18 0.111111
70 5 0.0588235
71 72 0.0909091
71 74 0.5
72 71 0.166667
72 75 0.5
74 71 0.166667
75 72 0.0909091
76 50 0.1
76 18 0.111111
76 12 0.047619
76 77 0.25
76 78 0.166667
77 76 0.0714286
78 76 0.0714286
78 79 0.142857
79 78 0.166667
81 37 0.2
81 40 0.333333
81 38 0.125
82 94 0.125
82 96 0.2
82 99 0.25
82 100 0.166667
82 127 0.333333
83 86 0.125
83 88 0.1
83 93 0.5
83 109 0.2
83 110 0.2
83 122 0.2
83 123 0.25
84 87 0.1
84 89 0.0769231
84 102 0.166667
84 108 0.111111
84 115 0.25
85 95 0.142857
85 97 0.25
86 83 0.05
86 110 0.2
87 84 0.0769231
87 118 0.333333
87 120 0.333333
88 83 0.05
88 91 0.2
88 98 0.25
88 105 0.25
89 84 0.0769231
89 106 0.125
89 117 0.125
89 124 0.25
89 126 0.25
90 94 0.125
90 104 0.166667
90 113 0.166667
90 133 0.166667
91 88 0.1
91 92 0.166667
92 91 0.2
93 83 0.05
94 82 0.0769231
94 90 0.0769231
94 100 0.166667
94 134 0.25
95 85 0.142857
95 114 0.333333
96 82 0.0769231
96 103 0.2
97 85 0.142857
98 88 0.1
98 105 0.25
99 82 0.0769231
99 103 0.2
100 82 0.0769231
100 94 0.125
101 87 0.1
101 125 0.5
102 84 0.0769231
102 108 0.111111
103 96 0.2
103 99 0.25
103 82 0.0769231
104 90 0.0769231
104 113 0.166667
104 133 0.166667
105 88 0.1
105 98 0.25
106 89 0.0769231
106 116 0.125
107 84 0.0769231
107 91 0.2
107 102 0.166667
107 112 0.5
107 126 0.25
108 84 0.0769231
108 102 0.166667
109 83 0.05
109 123 0.25
110 86 0.125
110 83 0.05
111 96 0.2
111 110 0.2
112 107 0.125
113 90 0.0769231
113 104 0.166667
113 133 0.166667
114 95 0.142857
115 84 0.0769231
115 108 0.111111
115 102 0.166667
116 106 0.125
116 117 0.125
116 142 0.1
117 116 0.125
117 89 0.0769231
117 128 0.333333
117 130 0.333333
118 87 0.1
119 87 0.1
119 118 0.333333
120 119 0.333333
120 87 0.1
122 83 0.05
122 109 0.2
122 132 0.5
123 83 0.05
123 109 0.2
124 89 0.0769231
125 101 0.142857
126 107 0.125
126 89 0.0769231
127 82 0.0769231
128 117 0.125
129 131 0.5
130 128 0.333333
130 117 0.125
131 129 0.142857
132 122 0.2
133 90 0.0769231
133 113 0.166667
133 104 0.166667
134 94 0.125
135 89 0.0769231
135 42 0.333333
135 20 0.125
135 5 0.0588235
135 72 0.0909091
137 139 0.5
138 141 0.25
139 137 0.25
140 141 0.25
141 140 0.125
141 138 0.25
142 116 0.125
142 143 0.5
143 142 0.1
144 145 0.5
145 144 0.25
146 12 0.047619
146 51 0.0909091
146 147 0.5
147 146 0.1
