0 1
1 0
3 0
3 4
3 5
3 29
3 31
4 3
4 5
4 7
4 12
4 14
4 16
4 43
4 44
5 4
5 3
5 8
5 10
5 11
5 20
5 24
5 27
5 45
6 9
6 18
6 32
6 38
6 42
7 4
7 19
7 30
7 41
7 46
8 5
8 15
8 50
9 6
9 13
10 5
11 5
11 35
12 4
12 40
12 44
13 9
13 34
13 46
14 4
14 40
15 8
15 50
16 4
17 3
17 26
17 28
17 47
18 6
18 38
19 7
20 5
20 24
20 121
22 23
22 25
22 49
23 22
23 21
24 11
24 5
24 20
25 22
25 36
26 17
26 28
26 37
26 121
26 128
27 5
27 35
28 26
28 17
28 37
29 3
29 31
30 7
30 19
30 41
31 29
31 3
32 6
32 18
32 42
33 13
33 27
34 13
35 5
35 27
35 20
35 11
35 48
36 22
36 25
36 49
37 28
37 26
37 17
37 47
38 18
38 6
38 32
39 14
39 4
40 4
40 14
40 16
40 12
41 7
41 30
42 6
42 32
43 4
43 44
44 4
44 43
44 12
45 5
45 8
45 15
46 4
46 13
46 7
46 19
46 34
46 48
47 37
47 26
47 17
48 35
48 46
49 22
49 36
50 8
50 15
52 55
52 56
53 54
54 53
55 52
56 52
58 59
58 60
59 58
59 61
60 58
61 59
63 64
63 65
63 69
63 74
63 77
63 83
63 89
63 116
64 63
64 70
64 109
65 63
65 66
65 75
65 80
65 87
65 93
65 102
65 108
65 115
65 117
65 119
65 120
66 65
66 67
66 68
66 72
66 73
66 78
66 80
66 83
66 88
66 94
66 97
66 99
67 66
67 71
67 72
68 66
68 67
68 71
68 82
68 91
68 92
68 103
69 63
69 76
69 79
70 64
70 101
71 65
71 68
71 67
71 104
72 66
72 67
72 78
72 80
72 83
72 86
72 88
72 97
72 99
73 66
73 67
73 72
73 82
74 63
75 65
75 85
75 106
76 69
77 63
78 66
78 67
78 72
79 65
79 69
79 81
79 96
79 98
79 113
80 72
80 64
80 65
80 66
80 109
80 118
81 79
81 107
81 113
82 73
82 68
82 90
83 78
83 63
83 65
83 66
83 72
83 84
83 100
83 115
84 83
85 75
86 78
86 72
86 66
87 65
88 66
88 72
88 92
89 63
90 82
91 68
92 88
92 68
92 112
93 65
93 108
94 66
96 79
97 86
97 72
97 67
97 66
98 79
98 81
98 107
99 87
99 72
99 66
99 71
99 104
100 83
101 70
101 64
102 65
103 68
104 99
104 71
105 81
105 111
106 85
106 75
107 98
107 79
107 96
107 81
108 65
108 93
108 87
108 119
109 80
109 64
110 69
110 76
111 105
112 92
113 79
113 81
113 98
114 82
114 90
115 83
115 100
115 65
116 89
116 63
117 65
117 87
118 80
119 65
119 108
120 117
120 65
120 87
121 20
121 116
121 26
122 124
124 122
125 126
126 125
128 26
128 70
128 129
128 130
129 128
130 128
130 131
131 130
