132
347
0 1 0.333333
1 0 0.142857
3 0 0.142857
3 4 0.027027
3 5 0.0357143
3 29 0.25
3 31 0.25
4 3 0.037037
4 5 0.0357143
4 7 0.0833333
4 12 0.1
4 14 0.2
4 16 0.333333
4 43 0.25
4 44 0.142857
5 4 0.027027
5 3 0.037037
5 8 0.0909091
5 10 0.25
5 11 0.166667
5 20 0.142857
5 24 0.2
5 27 0.2
5 45 0.166667
6 9 0.166667
6 18 0.2
6 32 0.166667
6 38 0.2
6 42 0.25
7 4 0.027027
7 19 0.25
7 30 0.2
7 41 0.25
7 46 0.0909091
8 5 0.0357143
8 15 0.111111
8 50 0.25
9 6 0.0769231
9 13 0.142857
10 5 0.0357143
11 5 0.0357143
11 35 0.125
12 4 0.027027
12 40 0.166667
12 44 0.142857
13 9 0.166667
13 34 0.25
13 46 0.0909091
14 4 0.027027
14 40 0.166667
15 8 0.0909091
15 50 0.25
16 4 0.027027
17 3 0.037037
17 26 0.0909091
17 28 0.166667
17 47 0.2
18 6 0.0769231
18 38 0.2
19 7 0.0833333
20 5 0.0357143
20 24 0.2
20 121 0.0769231
22 23 0.333333
22 25 0.25
22 49 0.2
23 22 0.0833333
23 21 0.333333
24 11 0.166667
24 5 0.0357143
24 20 0.142857
25 22 0.0833333
25 36 0.2
26 17 0.1
26 28 0.166667
26 37 0.125
26 121 0.0769231
26 128 0.0588235
27 5 0.0357143
27 35 0.125
28 26 0.0909091
28 17 0.1
28 37 0.125
29 3 0.037037
29 31 0.25
30 7 0.0833333
30 19 0.25
30 41 0.25
31 29 0.25
31 3 0.037037
32 6 0.0769231
32 18 0.2
32 42 0.25
33 13 0.142857
33 27 0.2
34 13 0.142857
35 5 0.0357143
35 27 0.2
35 20 0.142857
35 11 0.166667
35 48 0.25
36 22 0.0833333
36 25 0.25
36 49 0.2
37 28 0.166667
37 26 0.0909091
37 17 0.1
37 47 0.2
38 18 0.2
38 6 0.0769231
38 32 0.166667
39 14 0.2
39 4 0.027027
40 4 0.027027
40 14 0.2
40 16 0.333333
40 12 0.1
41 7 0.0833333
41 30 0.2
42 6 0.0769231
42 32 0.166667
43 4 0.027027
43 44 0.142857
44 4 0.027027
44 43 0.25
44 12 0.1
45 5 0.0357143
45 8 0.0909091
45 15 0.111111
46 4 0.027027
46 13 0.142857
46 7 0.0833333
46 19 0.25
46 34 0.25
46 48 0.25
47 37 0.125
47 26 0.0909091
47 17 0.1
48 35 0.125
48 46 0.0909091
49 22 0.0833333
49 36 0.2
50 8 0.0909091
50 15 0.111111
52 55 0.333333
52 56 0.25
53 54 0.5
54 53 0.2
55 52 0.142857
56 52 0.142857
58 59 0.2
58 60 0.5
59 58 0.0769231
59 61 0.25
60 58 0.0769231
61 59 0.2
63 64 0.0909091
63 65 0.027027
63 69 0.142857
63 74 0.333333
63 77 0.5
63 83 0.0714286
63 89 0.333333
63 116 0.25
64 63 0.04
64 70 0.2
64 109 0.25
65 63 0.04
65 66 0.0285714
65 75 0.142857
65 80 0.0666667
65 87 0.166667
65 93 0.25
65 102 0.5
65 108 0.142857
65 115 0.2
65 117 0.25
65 119 0.25
65 120 0.25
66 65 0.027027
66 67 0.0909091
66 68 0.0625
66 72 0.0384615
66 73 0.125
66 78 0.111111
66 80 0.0666667
66 83 0.0714286
66 88 0.125
66 94 0.5
66 97 0.125
66 99 0.1
67 66 0.0285714
67 71 0.0909091
67 72 0.0384615
68 66 0.0285714
68 67 0.0909091
68 71 0.0909091
68 82 0.1
68 91 0.5
68 92 0.142857
68 103 0.5
69 63 0.04
69 76 0.333333
69 79 0.0769231
70 64 0.0909091
70 101 0.333333
71 65 0.027027
71 68 0.0625
71 67 0.0909091
71 104 0.25
72 66 0.0285714
72 67 0.0909091
72 78 0.111111
72 80 0.0666667
72 83 0.0714286
72 86 0.2
72 88 0.125
72 97 0.125
72 99 0.1
73 66 0.0285714
73 67 0.0909091
73 72 0.0384615
73 82 0.1
74 63 0.04
75 65 0.027027
75 85 0.333333
75 106 0.333333
76 69 0.142857
77 63 0.04
78 66 0.0285714
78 67 0.0909091
78 72 0.0384615
79 65 0.027027
79 69 0.142857
79 81 0.125
79 96 0.333333
79 98 0.166667
79 113 0.2
80 72 0.0384615
80 64 0.0909091
80 65 0.027027
80 66 0.0285714
80 109 0.25
80 118 0.5
81 79 0.0769231
81 107 0.166667
81 113 0.2
82 73 0.125
82 68 0.0625
82 90 0.333333
83 78 0.111111
83 63 0.04
83 65 0.027027
83 66 0.0285714
83 72 0.0384615
83 84 0.5
83 100 0.333333
83 115 0.2
84 83 0.0714286
85 75 0.142857
86 78 0.111111
86 72 0.0384615
86 66 0.0285714
87 65 0.027027
88 66 0.0285714
88 72 0.0384615
88 92 0.142857
89 63 0.04
90 82 0.1
91 68 0.0625
92 88 0.125
92 68 0.0625
92 112 0.5
93 65 0.027027
93 108 0.142857
94 66 0.0285714
96 79 0.0769231
97 86 0.2
97 72 0.0384615
97 67 0.0909091
97 66 0.0285714
98 79 0.0769231
98 81 0.125
98 107 0.166667
99 87 0.166667
99 72 0.0384615
99 66 0.0285714
99 71 0.0909091
99 104 0.25
100 83 0.0714286
101 70 0.2
101 64 0.0909091
102 65 0.027027
103 68 0.0625
104 99 0.1
104 71 0.0909091
105 81 0.125
105 111 0.5
106 85 0.333333
106 75 0.142857
107 98 0.166667
107 79 0.0769231
107 96 0.333333
107 81 0.125
108 65 0.027027
108 93 0.25
108 87 0.166667
108 119 0.25
109 80 0.0666667
109 64 0.0909091
110 69 0.142857
110 76 0.333333
111 105 0.166667
112 92 0.142857
113 79 0.0769231
113 81 0.125
113 98 0.166667
114 82 0.1
114 90 0.333333
115 83 0.0714286
115 100 0.333333
115 65 0.027027
116 89 0.333333
116 63 0.04
117 65 0.027027
117 87 0.166667
118 80 0.0666667
119 65 0.027027
119 108 0.142857
120 117 0.25
120 65 0.027027
120 87 0.166667
121 20 0.142857
121 116 0.25
121 26 0.0909091
122 124 0.5
124 122 0.25
125 126 0.25
126 125 0.1
128 26 0.0909091
128 70 0.2
128 129 0.5
128 130 0.166667
129 128 0.0588235
130 128 0.0588235
130 131 0.333333
131 130 0.166667
