0.010565
0.003614
0
0.073893
1
1
1
0.084139
0.106223
0.16761
0.251359
0.201512
0.119398
0.025408
0.203701
0.032319
0.345915
0.000159
0.268223
0.026936
0.17368
0
0
0
0.22489
0
0.001235
0.204831
0.00023
0.02198
0.02017
0.022165
0.232625
0
0.008811
0.049975
0
0.000163
0.238514
0
0.05278
0.024256
0.288208
0.279593
0.185618
0.166871
0.010749
6.4e-05
0.014777
0
0.032872
0
0
0
0
0
0
0
0
0
0
0
0
1
0.104967
1
1
0.216638
1
0.143053
0.020957
0.118966
0.081841
0.137259
0.333697
0.143418
0.047787
0.499954
0.139375
0.010856
0.135318
0.001865
0.112214
0.159568
0.079993
0.058595
0.042575
0.280139
0.149849
0.38994
0.03743
0.501363
0.159767
0.282551
0.499773
0
0.003863
0.135075
0.002147
0.110891
0.119976
0.006966
0.501096
0.500294
0.055356
0
0.04792
0.000635
0.20284
0.057824
0
0
0.080155
0.002469
0
0.224148
0.25374
0.298041
0.067838
0.283781
0.251084
0.01334
0
0
0
0
0
0
6.7e-05
2.6e-05
5e-06
0
