0 1
0 2
0 3
1 0
2 0
3 0
3 141
5 6
6 5
6 7
6 8
6 12
6 15
6 17
6 20
6 22
6 35
6 42
6 47
6 48
6 49
6 54
6 70
6 124
6 125
6 127
6 248
7 6
7 10
7 14
7 20
7 41
7 82
7 129
8 6
8 22
8 25
8 33
8 58
8 69
8 114
9 79
10 7
10 11
10 29
10 31
10 104
11 10
11 24
11 29
11 119
12 6
12 13
12 22
12 45
12 74
12 77
12 106
12 141
13 12
13 16
13 23
13 39
13 57
13 61
13 97
13 111
13 122
13 141
14 7
14 41
14 121
14 129
15 6
15 44
15 84
15 87
15 107
15 109
16 13
16 19
16 32
16 55
16 72
16 102
16 117
17 6
17 18
17 62
17 68
17 126
18 17
18 62
18 73
18 126
19 16
19 21
19 28
19 79
20 6
20 8
20 7
20 12
20 26
20 45
20 82
20 248
21 19
22 12
22 6
22 8
22 20
22 23
22 38
22 52
22 67
22 105
23 22
23 13
23 25
23 30
23 36
23 48
23 65
23 101
24 11
25 8
25 23
25 17
25 100
25 128
26 20
26 8
26 27
26 76
26 82
26 99
27 26
27 76
27 89
28 9
28 19
28 56
29 11
29 10
29 34
29 40
30 23
30 65
30 66
30 101
31 10
31 119
32 16
32 56
32 85
32 113
32 150
33 8
34 29
35 6
35 20
35 43
35 64
35 81
36 23
36 101
37 35
37 81
38 22
39 15
39 13
39 46
39 51
39 53
39 59
39 79
39 98
39 108
40 29
41 7
41 14
41 121
42 6
42 8
42 33
42 120
42 123
43 37
43 35
43 64
44 15
44 87
45 20
45 12
45 50
45 63
45 71
45 110
46 39
46 59
46 98
46 108
47 6
47 49
47 70
47 125
48 6
48 39
48 23
48 60
48 90
49 6
49 47
49 54
49 124
50 45
50 63
50 71
50 110
51 39
51 46
52 22
52 38
52 67
52 105
52 141
53 39
53 51
54 6
54 49
54 124
55 13
55 16
55 103
56 28
56 32
56 75
56 92
56 94
56 96
56 115
57 13
57 61
57 112
58 8
58 69
59 39
59 46
59 98
59 108
59 150
60 48
60 80
60 88
61 13
61 57
61 122
62 18
62 17
62 83
62 126
63 50
63 45
64 37
64 35
64 43
64 81
65 23
65 30
65 66
66 65
66 23
66 30
67 22
67 52
67 105
68 18
68 17
69 8
69 58
70 6
70 47
71 45
71 50
72 16
73 18
73 62
73 17
74 12
74 77
75 56
75 92
75 96
76 26
76 27
76 89
77 74
77 12
78 28
79 48
79 19
79 9
79 39
79 86
80 60
80 48
80 88
81 37
81 35
81 64
82 20
82 7
82 26
82 91
82 119
83 18
83 62
83 68
84 15
84 87
85 32
86 79
87 15
87 44
87 84
87 107
87 109
88 60
88 48
88 80
88 90
89 26
89 27
89 76
89 99
90 88
90 48
90 80
91 82
92 56
92 75
92 96
92 115
92 150
93 22
93 52
94 56
94 75
94 28
94 116
95 28
96 56
96 75
96 92
96 150
97 13
98 39
98 46
98 59
99 26
99 89
99 27
100 25
101 23
101 30
101 65
101 36
102 16
102 72
102 103
103 55
103 102
104 10
105 52
105 67
105 22
106 12
106 77
107 87
107 15
108 39
108 46
108 59
109 87
109 15
109 107
109 44
110 91
110 45
110 50
111 13
111 57
111 261
112 57
112 61
112 111
112 13
113 32
113 118
114 8
114 58
114 69
115 92
115 56
116 94
117 16
118 85
118 32
118 113
119 10
119 82
119 31
119 104
119 11
119 121
120 42
121 41
121 119
121 14
122 61
122 13
122 57
123 42
123 120
124 6
124 54
124 49
125 6
125 47
125 49
126 62
126 18
126 83
126 68
126 17
127 6
127 70
128 25
129 7
129 14
129 130
129 134
129 137
130 129
130 131
130 133
131 130
131 133
131 135
131 136
131 139
131 140
133 131
133 130
133 138
134 129
135 131
136 132
136 131
137 129
138 133
139 131
139 140
140 131
140 139
140 136
141 12
141 3
141 13
141 52
141 142
141 143
141 144
141 145
142 141
143 141
143 146
144 141
144 145
144 146
145 141
145 144
146 143
146 144
147 148
148 147
150 32
150 59
150 13
150 92
150 96
150 151
151 150
152 154
152 158
152 161
152 172
152 177
152 180
152 181
152 199
152 200
152 203
152 215
153 162
153 238
154 152
154 160
154 169
154 189
154 217
155 156
155 168
155 192
155 197
155 206
155 235
155 248
156 155
157 154
157 159
157 164
157 166
157 176
157 178
157 183
157 184
157 188
157 205
157 210
157 237
158 152
158 167
159 157
159 165
159 169
159 176
159 193
159 216
160 154
160 152
160 168
160 174
160 180
160 191
160 220
161 152
161 215
162 153
162 163
162 182
162 201
163 162
163 201
164 157
164 178
164 183
164 184
164 188
164 210
165 159
166 159
166 157
166 171
166 190
167 158
167 162
167 182
167 207
167 219
168 155
168 160
168 154
168 170
168 175
168 182
168 196
168 207
168 213
169 159
169 154
169 174
169 221
170 168
171 166
171 232
172 152
172 158
172 195
172 213
172 218
172 231
173 162
173 187
173 236
174 157
174 169
174 160
174 178
174 179
174 204
174 250
175 168
175 196
176 159
176 174
176 157
176 225
177 152
178 157
178 174
178 164
178 186
178 194
179 174
180 160
180 152
180 209
181 152
181 198
181 204
182 167
182 162
182 168
182 185
182 202
183 157
183 164
184 164
184 157
184 250
185 182
185 202
185 248
186 178
186 232
186 240
187 173
188 157
188 164
189 154
189 207
190 166
191 160
192 155
192 160
192 212
192 234
193 159
193 216
194 178
195 172
196 175
196 168
196 207
197 155
197 206
197 235
198 181
199 152
200 152
200 161
201 162
201 153
201 163
201 224
201 227
201 238
201 239
202 182
202 185
203 152
204 181
204 174
204 198
204 228
205 157
205 164
205 240
206 197
206 155
207 196
207 168
207 167
207 189
207 156
207 222
207 229
207 230
208 154
208 189
209 180
209 214
210 184
210 188
210 164
210 157
210 237
211 171
211 166
212 192
213 209
213 168
213 180
213 172
213 223
213 233
214 180
214 209
215 161
215 152
216 159
216 193
216 165
217 154
217 189
218 172
218 195
218 231
219 167
220 160
221 169
222 207
222 230
223 213
223 233
224 167
224 162
224 201
224 226
225 176
226 224
227 201
228 204
229 207
229 222
230 207
230 222
231 218
231 172
232 178
232 171
232 186
233 213
233 223
234 212
234 192
235 155
235 197
236 187
236 173
237 184
237 210
237 157
237 240
238 153
238 201
239 201
240 237
240 205
240 186
240 75
240 241
241 240
241 242
242 241
243 246
246 243
246 247
247 246
248 20
248 155
248 6
248 185
248 249
249 248
250 225
250 92
250 174
250 184
250 115
250 251
250 254
251 250
251 252
251 253
251 255
252 251
252 257
253 251
254 250
254 256
255 251
255 258
256 254
256 250
257 252
257 259
258 255
258 259
258 260
259 258
259 257
260 258
261 111
261 161
261 124
261 13
261 262
261 263
261 264
261 266
262 261
263 261
263 266
263 267
264 261
264 262
264 265
265 264
265 268
266 263
266 261
267 263
268 265
