269
826
0 1 0.25
0 2 0.25
0 3 0.25
1 0 0.125
2 0 0.125
3 0 0.125
3 141 0.05
5 6 0.0192308
6 5 0.2
6 7 0.0526316
6 8 0.0454545
6 12 0.047619
6 15 0.0769231
6 17 0.0714286
6 20 0.047619
6 22 0.0555556
6 35 0.0909091
6 42 0.125
6 47 0.125
6 48 0.0833333
6 49 0.111111
6 54 0.142857
6 70 0.2
6 124 0.142857
6 125 0.2
6 127 0.333333
6 248 0.0909091
7 6 0.0192308
7 10 0.0588235
7 14 0.1
7 20 0.047619
7 41 0.166667
7 82 0.1
7 129 0.0625
8 6 0.0192308
8 22 0.0555556
8 25 0.111111
8 33 0.333333
8 58 0.2
8 69 0.2
8 114 0.25
9 79 0.111111
10 7 0.0526316
10 11 0.125
10 29 0.1
10 31 0.25
10 104 0.333333
11 10 0.0588235
11 24 0.333333
11 29 0.1
11 119 0.1
12 6 0.0192308
12 13 0.0416667
12 22 0.0555556
12 45 0.0833333
12 74 0.25
12 77 0.2
12 106 0.333333
12 141 0.05
13 12 0.047619
13 16 0.0625
13 23 0.0555556
13 39 0.0555556
13 57 0.125
13 61 0.142857
13 97 0.5
13 111 0.166667
13 122 0.2
13 141 0.05
14 7 0.0526316
14 41 0.166667
14 121 0.166667
14 129 0.0625
15 6 0.0192308
15 44 0.2
15 84 0.25
15 87 0.1
15 107 0.2
15 109 0.166667
16 13 0.0416667
16 19 0.111111
16 32 0.0909091
16 55 0.2
16 72 0.333333
16 102 0.2
16 117 0.5
17 6 0.0192308
17 18 0.1
17 62 0.1
17 68 0.2
17 126 0.125
18 17 0.0714286
18 62 0.1
18 73 0.25
18 126 0.125
19 16 0.0625
19 21 0.5
19 28 0.125
19 79 0.111111
20 6 0.0192308
20 8 0.0454545
20 7 0.0526316
20 12 0.047619
20 26 0.0833333
20 45 0.0833333
20 82 0.1
20 248 0.0909091
21 19 0.111111
22 12 0.047619
22 6 0.0192308
22 8 0.0454545
22 20 0.047619
22 23 0.0555556
22 38 0.333333
22 52 0.1
22 67 0.166667
22 105 0.166667
23 22 0.0555556
23 13 0.0416667
23 25 0.111111
23 30 0.125
23 36 0.25
23 48 0.0833333
23 65 0.142857
23 101 0.142857
24 11 0.125
25 8 0.0454545
25 23 0.0555556
25 17 0.0714286
25 100 0.5
25 128 0.5
26 20 0.047619
26 8 0.0454545
26 27 0.142857
26 76 0.166667
26 82 0.1
26 99 0.2
27 26 0.0833333
27 76 0.166667
27 89 0.142857
28 9 0.2
28 19 0.111111
28 56 0.0588235
29 11 0.125
29 10 0.0588235
29 34 0.5
29 40 0.5
30 23 0.0555556
30 65 0.142857
30 66 0.2
30 101 0.142857
31 10 0.0588235
31 119 0.1
32 16 0.0625
32 56 0.0588235
32 85 0.333333
32 113 0.25
32 150 0.0909091
33 8 0.0454545
34 29 0.1
35 6 0.0192308
35 20 0.047619
35 43 0.2
35 64 0.142857
35 81 0.166667
36 23 0.0555556
36 101 0.142857
37 35 0.0909091
37 81 0.166667
38 22 0.0555556
39 15 0.0769231
39 13 0.0416667
39 46 0.111111
39 51 0.25
39 53 0.333333
39 59 0.1
39 79 0.111111
39 98 0.166667
39 108 0.166667
40 29 0.1
41 7 0.0526316
41 14 0.1
41 121 0.166667
42 6 0.0192308
42 8 0.0454545
42 33 0.333333
42 120 0.333333
42 123 0.333333
43 37 0.2
43 35 0.0909091
43 64 0.142857
44 15 0.0769231
44 87 0.1
45 20 0.047619
45 12 0.047619
45 50 0.125
45 63 0.25
45 71 0.25
45 110 0.2
46 39 0.0555556
46 59 0.1
46 98 0.166667
46 108 0.166667
47 6 0.0192308
47 49 0.111111
47 70 0.2
47 125 0.2
48 6 0.0192308
48 39 0.0555556
48 23 0.0555556
48 60 0.166667
48 90 0.2
49 6 0.0192308
49 47 0.125
49 54 0.142857
49 124 0.142857
50 45 0.0833333
50 63 0.25
50 71 0.25
50 110 0.2
51 39 0.0555556
51 46 0.111111
52 22 0.0555556
52 38 0.333333
52 67 0.166667
52 105 0.166667
52 141 0.05
53 39 0.0555556
53 51 0.25
54 6 0.0192308
54 49 0.111111
54 124 0.142857
55 13 0.0416667
55 16 0.0625
55 103 0.25
56 28 0.125
56 32 0.0909091
56 75 0.125
56 92 0.0909091
56 94 0.166667
56 96 0.125
56 115 0.2
57 13 0.0416667
57 61 0.142857
57 112 0.2
58 8 0.0454545
58 69 0.2
59 39 0.0555556
59 46 0.111111
59 98 0.166667
59 108 0.166667
59 150 0.0909091
60 48 0.0833333
60 80 0.166667
60 88 0.142857
61 13 0.0416667
61 57 0.125
61 122 0.2
62 18 0.1
62 17 0.0714286
62 83 0.2
62 126 0.125
63 50 0.125
63 45 0.0833333
64 37 0.2
64 35 0.0909091
64 43 0.2
64 81 0.166667
65 23 0.0555556
65 30 0.125
65 66 0.2
66 65 0.142857
66 23 0.0555556
66 30 0.125
67 22 0.0555556
67 52 0.1
67 105 0.166667
68 18 0.1
68 17 0.0714286
69 8 0.0454545
69 58 0.2
70 6 0.0192308
70 47 0.125
71 45 0.0833333
71 50 0.125
72 16 0.0625
73 18 0.1
73 62 0.1
73 17 0.0714286
74 12 0.047619
74 77 0.2
75 56 0.0588235
75 92 0.0909091
75 96 0.125
76 26 0.0833333
76 27 0.142857
76 89 0.142857
77 74 0.25
77 12 0.047619
78 28 0.125
79 48 0.0833333
79 19 0.111111
79 9 0.2
79 39 0.0555556
79 86 0.5
80 60 0.166667
80 48 0.0833333
80 88 0.142857
81 37 0.2
81 35 0.0909091
81 64 0.142857
82 20 0.047619
82 7 0.0526316
82 26 0.0833333
82 91 0.333333
82 119 0.1
83 18 0.1
83 62 0.1
83 68 0.2
84 15 0.0769231
84 87 0.1
85 32 0.0909091
86 79 0.111111
87 15 0.0769231
87 44 0.2
87 84 0.25
87 107 0.2
87 109 0.166667
88 60 0.166667
88 48 0.0833333
88 80 0.166667
88 90 0.2
89 26 0.0833333
89 27 0.142857
89 76 0.166667
89 99 0.2
90 88 0.142857
90 48 0.0833333
90 80 0.166667
91 82 0.1
92 56 0.0588235
92 75 0.125
92 96 0.125
92 115 0.2
92 150 0.0909091
93 22 0.0555556
93 52 0.1
94 56 0.0588235
94 75 0.125
94 28 0.125
94 116 0.5
95 28 0.125
96 56 0.0588235
96 75 0.125
96 92 0.0909091
96 150 0.0909091
97 13 0.0416667
98 39 0.0555556
98 46 0.111111
98 59 0.1
99 26 0.0833333
99 89 0.142857
99 27 0.142857
100 25 0.111111
101 23 0.0555556
101 30 0.125
101 65 0.142857
101 36 0.25
102 16 0.0625
102 72 0.333333
102 103 0.25
103 55 0.2
103 102 0.2
104 10 0.0588235
105 52 0.1
105 67 0.166667
105 22 0.0555556
106 12 0.047619
106 77 0.2
107 87 0.1
107 15 0.0769231
108 39 0.0555556
108 46 0.111111
108 59 0.1
109 87 0.1
109 15 0.0769231
109 107 0.2
109 44 0.2
110 91 0.333333
110 45 0.0833333
110 50 0.125
111 13 0.0416667
111 57 0.125
111 261 0.0714286
112 57 0.125
112 61 0.142857
112 111 0.166667
112 13 0.0416667
113 32 0.0909091
113 118 0.25
114 8 0.0454545
114 58 0.2
114 69 0.2
115 92 0.0909091
115 56 0.0588235
116 94 0.166667
117 16 0.0625
118 85 0.333333
118 32 0.0909091
118 113 0.25
119 10 0.0588235
119 82 0.1
119 31 0.25
119 104 0.333333
119 11 0.125
119 121 0.166667
120 42 0.125
121 41 0.166667
121 119 0.1
121 14 0.1
122 61 0.142857
122 13 0.0416667
122 57 0.125
123 42 0.125
123 120 0.333333
124 6 0.0192308
124 54 0.142857
124 49 0.111111
125 6 0.0192308
125 47 0.125
125 49 0.111111
126 62 0.1
126 18 0.1
126 83 0.2
126 68 0.2
126 17 0.0714286
127 6 0.0192308
127 70 0.2
128 25 0.111111
129 7 0.0526316
129 14 0.1
129 130 0.166667
129 134 0.5
129 137 0.5
130 129 0.0625
130 131 0.0714286
130 133 0.125
131 130 0.166667
131 133 0.125
131 135 0.5
131 136 0.25
131 139 0.166667
131 140 0.2
133 131 0.0714286
133 130 0.166667
133 138 0.5
134 129 0.0625
135 131 0.0714286
136 132 0.333333
136 131 0.0714286
137 129 0.0625
138 133 0.125
139 131 0.0714286
139 140 0.2
140 131 0.0714286
140 139 0.166667
140 136 0.25
141 12 0.047619
141 3 0.25
141 13 0.0416667
141 52 0.1
141 142 0.166667
141 143 0.25
141 144 0.111111
141 145 0.25
142 141 0.05
143 141 0.05
143 146 0.25
144 141 0.05
144 145 0.25
144 146 0.25
145 141 0.05
145 144 0.111111
146 143 0.25
146 144 0.111111
147 148 0.5
148 147 0.166667
150 32 0.0909091
150 59 0.1
150 13 0.0416667
150 92 0.0909091
150 96 0.125
150 151 0.5
151 150 0.0909091
152 154 0.0769231
152 158 0.142857
152 161 0.166667
152 172 0.0909091
152 177 0.5
152 180 0.125
152 181 0.166667
152 199 0.5
152 200 0.333333
152 203 0.5
152 215 0.25
153 162 0.0666667
153 238 0.25
154 152 0.030303
154 160 0.0714286
154 169 0.125
154 189 0.166667
154 217 0.333333
155 156 0.25
155 168 0.0588235
155 192 0.142857
155 197 0.166667
155 206 0.25
155 235 0.25
155 248 0.0909091
156 155 0.0588235
157 154 0.0769231
157 159 0.0588235
157 164 0.0769231
157 166 0.125
157 176 0.142857
157 178 0.0714286
157 183 0.25
157 184 0.125
157 188 0.166667
157 205 0.2
157 210 0.125
157 237 0.142857
158 152 0.030303
158 167 0.1
159 157 0.0357143
159 165 0.25
159 169 0.125
159 176 0.142857
159 193 0.25
159 216 0.2
160 154 0.0769231
160 152 0.030303
160 168 0.0588235
160 174 0.0714286
160 180 0.125
160 191 0.5
160 220 0.5
161 152 0.030303
161 215 0.25
162 153 0.0833333
162 163 0.166667
162 182 0.1
162 201 0.0769231
163 162 0.0666667
163 201 0.0769231
164 157 0.0357143
164 178 0.0714286
164 183 0.25
164 184 0.125
164 188 0.166667
164 210 0.125
165 159 0.0588235
166 159 0.0588235
166 157 0.0357143
166 171 0.2
166 190 0.5
167 158 0.142857
167 162 0.0666667
167 182 0.1
167 207 0.0666667
167 219 0.5
168 155 0.0588235
168 160 0.0714286
168 154 0.0769231
168 170 0.5
168 175 0.25
168 182 0.1
168 196 0.166667
168 207 0.0666667
168 213 0.1
169 159 0.0588235
169 154 0.0769231
169 174 0.0714286
169 221 0.5
170 168 0.0588235
171 166 0.125
171 232 0.2
172 152 0.030303
172 158 0.142857
172 195 0.333333
172 213 0.1
172 218 0.2
172 231 0.25
173 162 0.0666667
173 187 0.333333
173 236 0.333333
174 157 0.0357143
174 169 0.125
174 160 0.0714286
174 178 0.0714286
174 179 0.5
174 204 0.142857
174 250 0.0833333
175 168 0.0588235
175 196 0.166667
176 159 0.0588235
176 174 0.0714286
176 157 0.0357143
176 225 0.333333
177 152 0.030303
178 157 0.0357143
178 174 0.0714286
178 164 0.0769231
178 186 0.166667
178 194 0.5
179 174 0.0714286
180 160 0.0714286
180 152 0.030303
180 209 0.2
181 152 0.030303
181 198 0.333333
181 204 0.142857
182 167 0.1
182 162 0.0666667
182 168 0.0588235
182 185 0.166667
182 202 0.25
183 157 0.0357143
183 164 0.0769231
184 164 0.0769231
184 157 0.0357143
184 250 0.0833333
185 182 0.1
185 202 0.25
185 248 0.0909091
186 178 0.0714286
186 232 0.2
186 240 0.1
187 173 0.142857
188 157 0.0357143
188 164 0.0769231
189 154 0.0769231
189 207 0.0666667
190 166 0.125
191 160 0.0714286
192 155 0.0588235
192 160 0.0714286
192 212 0.333333
192 234 0.333333
193 159 0.0588235
193 216 0.2
194 178 0.0714286
195 172 0.0909091
196 175 0.25
196 168 0.0588235
196 207 0.0666667
197 155 0.0588235
197 206 0.25
197 235 0.25
198 181 0.166667
199 152 0.030303
200 152 0.030303
200 161 0.166667
201 162 0.0666667
201 153 0.0833333
201 163 0.166667
201 224 0.166667
201 227 0.5
201 238 0.25
201 239 0.5
202 182 0.1
202 185 0.166667
203 152 0.030303
204 181 0.166667
204 174 0.0714286
204 198 0.333333
204 228 0.5
205 157 0.0357143
205 164 0.0769231
205 240 0.1
206 197 0.166667
206 155 0.0588235
207 196 0.166667
207 168 0.0588235
207 167 0.1
207 189 0.166667
207 156 0.25
207 222 0.2
207 229 0.333333
207 230 0.25
208 154 0.0769231
208 189 0.166667
209 180 0.125
209 214 0.333333
210 184 0.125
210 188 0.166667
210 164 0.0769231
210 157 0.0357143
210 237 0.142857
211 171 0.2
211 166 0.125
212 192 0.142857
213 209 0.2
213 168 0.0588235
213 180 0.125
213 172 0.0909091
213 223 0.25
213 233 0.25
214 180 0.125
214 209 0.2
215 161 0.166667
215 152 0.030303
216 159 0.0588235
216 193 0.25
216 165 0.25
217 154 0.0769231
217 189 0.166667
218 172 0.0909091
218 195 0.333333
218 231 0.25
219 167 0.1
220 160 0.0714286
221 169 0.125
222 207 0.0666667
222 230 0.25
223 213 0.1
223 233 0.25
224 167 0.1
224 162 0.0666667
224 201 0.0769231
224 226 0.5
225 176 0.142857
226 224 0.166667
227 201 0.0769231
228 204 0.142857
229 207 0.0666667
229 222 0.2
230 207 0.0666667
230 222 0.2
231 218 0.2
231 172 0.0909091
232 178 0.0714286
232 171 0.2
232 186 0.166667
233 213 0.1
233 223 0.25
234 212 0.333333
234 192 0.142857
235 155 0.0588235
235 197 0.166667
236 187 0.333333
236 173 0.142857
237 184 0.125
237 210 0.125
237 157 0.0357143
237 240 0.1
238 153 0.0833333
238 201 0.0769231
239 201 0.0769231
240 237 0.142857
240 205 0.2
240 186 0.166667
240 75 0.125
240 241 0.25
241 240 0.1
241 242 0.5
242 241 0.25
243 246 0.166667
246 243 0.166667
246 247 0.5
247 246 0.166667
248 20 0.047619
248 155 0.0588235
248 6 0.0192308
248 185 0.166667
248 249 0.5
249 248 0.0909091
250 225 0.333333
250 92 0.0909091
250 174 0.0714286
250 184 0.125
250 115 0.2
250 251 0.125
250 254 0.25
251 250 0.0833333
251 252 0.25
251 253 0.5
251 255 0.25
252 251 0.125
252 257 0.25
253 251 0.125
254 250 0.0833333
254 256 0.333333
255 251 0.125
255 258 0.166667
256 254 0.25
256 250 0.0833333
257 252 0.25
257 259 0.25
258 255 0.25
258 259 0.25
258 260 0.5
259 258 0.166667
259 257 0.25
260 258 0.166667
261 111 0.166667
261 161 0.166667
261 124 0.142857
261 13 0.0416667
261 262 0.333333
261 263 0.166667
261 264 0.2
261 266 0.25
262 261 0.0714286
263 261 0.0714286
263 266 0.25
263 267 0.5
264 261 0.0714286
264 262 0.333333
264 265 0.25
265 264 0.2
265 268 0.5
266 263 0.166667
266 261 0.0714286
267 263 0.166667
268 265 0.25
