0.03125
0.007792
0.007844
0.250043
0
0.201068
1
0.057203
1
0.028382
0.003532
0.000641
0.144861
1
0.008304
0.147888
1
0.080009
0.011751
0.123186
0.065682
0.061809
0.12742
0.073381
0.000227
0.118611
0.006457
0.001249
0.019277
0.000414
0.012191
0.001262
0.095001
0.362472
0.000215
0.090206
0.020648
0.010298
0.076587
1
0.00023
0.010879
0.126043
0.0204
0.037561
0.017398
0.189728
0.193587
0.098273
0.193135
0.003486
0.312893
0.115361
0.332694
0.196664
0.209255
0.027484
0.200219
0.276839
0.151965
0.016999
0.192458
0.010437
0.004941
0.017039
0.013663
0.004945
0.044396
0.018763
0.276601
0.279401
0.00479
0.379205
0.002966
0.04317
0.024216
0.001187
0.041865
0
0.123282
0.006694
0.017916
0.012996
0.00438
0.041691
0.032927
0.061337
0.026052
0.005751
0.00046
0.020392
0.005531
0.111314
0
0.004578
0
0.023358
0.500265
0.208045
0.001334
0.059513
0.013917
0.208875
0.097798
0.001683
0.044166
0.048084
0.037801
0.208924
0.028078
0.004091
0.309977
0.040169
0.023666
0.25145
0.218305
0.002296
0.500668
0.005931
0.001689
0.051551
0.00327
0.227652
0.042124
0.299424
0.22863
0.012413
0.333931
0.059577
0.015543
0.184917
1
0.09822
0.145202
0.007833
0.500015
0.293724
0.007742
0.072803
0.193872
0.227798
1
0.166364
0.256745
0.142727
0.273094
0.094849
0
0
0
0.03356
0.017011
1
0.110601
0.229807
0.078312
0.262673
1
0.170937
0.077766
0.102722
0.371173
0.10881
0.180542
0.154188
0.022923
0.126188
0.139646
1
0.04972
0.499762
0.026158
0.099254
0
0.099927
0.308721
0.19175
0.50007
0.08929
0.049667
0.150908
0.169494
0.123541
0.27651
0.277828
0.041313
0.021692
0
0.207357
0.206426
0.062975
0.051693
0.011162
0.022416
0.044557
0.038734
0.334764
0.018075
0.065777
0.500928
0.333625
1
0.038598
0.500626
0.03749
0.203392
0.022459
1
0
0.050548
0.157156
0
0.004482
0.108604
0.016861
0.315877
0.018638
0.076381
0.02416
0.069664
0.051184
0.024703
0.291238
0.032239
0.166215
0.367817
0.083319
0.501078
0.018624
0.333844
0.29869
0.028783
0.009121
0.032269
0.003694
0.02258
0
0.163081
0.267428
0.500127
0.037494
0.00944
0.004729
0
0
0
0
0
0.104408
0.052279
1
0.12591
0.031856
0.062739
0.250116
0.031713
0.083688
0.008239
0.005658
0.003292
0.002854
1
0.378462
0.20148
0.200938
0.050582
0.281327
0.100785
0.025492
