#ignore first line
1 2 0.2
1 3 0.16666666666666666
2 1 0.25
2 4 0.5
3 1 0.25
3 5 0.5
3 6 0.1
4 2 0.2
5 3 0.16666666666666666
6 2 0.2
6 3 0.16666666666666666
6 11 0.25
6 7 0.1
6 8 0.5
7 9 0.25
7 10 0.14285714285714285
7 12 0.3333333333333333
7 13 0.038461538461538464
7 6 0.1
8 6 0.1
9 10 0.14285714285714285
9 7 0.1
10 9 0.25
10 11 0.25
10 7 0.1
11 10 0.14285714285714285
11 6 0.1
12 7 0.1
13 193 0.2
13 12 0.3333333333333333
13 6 0.1
13 7 0.1
13 169 0.3333333333333333
13 10 0.14285714285714285
13 44 0.09090909090909091
13 14 0.03225806451612903
13 15 0.047619047619047616
13 20 0.09090909090909091
13 239 0.05263157894736842
13 155 0.25
13 70 0.25
14 34 0.05263157894736842
14 69 0.25
14 103 0.125
14 40 0.05
14 105 0.0625
14 76 0.25
14 13 0.038461538461538464
14 18 0.03225806451612903
14 19 0.04
14 56 0.1
14 25 0.06666666666666667
14 125 0.5
14 159 0.5
14 64 0.25
15 21 0.09090909090909091
15 38 0.058823529411764705
15 32 0.25
15 202 0.25
15 28 0.1
15 13 0.038461538461538464
15 31 0.08333333333333333
15 16 0.05263157894736842
16 17 0.1111111111111111
16 148 0.25
16 38 0.058823529411764705
16 23 0.09090909090909091
16 28 0.1
16 144 0.125
16 15 0.047619047619047616
16 32 0.25
17 177 0.16666666666666666
17 107 0.25
17 47 0.25
17 15 0.047619047619047616
17 16 0.05263157894736842
18 34 0.05263157894736842
18 198 0.25
18 135 0.16666666666666666
18 200 0.25
18 74 0.5
18 80 0.1111111111111111
18 172 0.2
18 142 0.2
18 14 0.03225806451612903
18 19 0.04
18 22 0.047619047619047616
18 27 0.14285714285714285
18 60 0.07692307692307693
18 126 0.16666666666666666
19 97 0.25
19 257 0.1
19 136 0.16666666666666666
19 46 0.06666666666666667
19 14 0.03225806451612903
19 18 0.03225806451612903
19 118 0.14285714285714285
19 24 0.09090909090909091
19 57 0.14285714285714285
19 186 0.25
19 123 0.1111111111111111
19 95 0.5
20 163 0.25
20 156 0.5
20 13 0.038461538461538464
20 39 0.0625
21 66 0.2
21 152 0.2
21 199 0.16666666666666666
21 15 0.047619047619047616
21 16 0.05263157894736842
22 113 0.09090909090909091
22 18 0.03225806451612903
22 35 0.058823529411764705
22 98 0.09090909090909091
22 56 0.1
22 25 0.06666666666666667
22 104 0.3333333333333333
22 137 0.3333333333333333
22 96 0.09090909090909091
22 14 0.03225806451612903
22 30 0.14285714285714285
23 15 0.047619047619047616
23 27 0.14285714285714285
23 29 0.2
23 91 0.14285714285714285
23 31 0.08333333333333333
23 16 0.05263157894736842
24 465 0.08333333333333333
24 19 0.04
24 157 0.2
24 78 0.07142857142857142
25 22 0.047619047619047616
25 41 0.058823529411764705
25 43 0.2
25 173 0.2
25 171 0.3333333333333333
25 14 0.03225806451612903
26 42 0.14285714285714285
26 164 0.07692307692307693
26 21 0.09090909090909091
26 102 0.09090909090909091
26 184 0.125
27 18 0.03225806451612903
27 23 0.09090909090909091
28 160 0.5
28 37 0.058823529411764705
28 62 0.07142857142857142
28 15 0.047619047619047616
28 16 0.05263157894736842
29 41 0.058823529411764705
29 23 0.09090909090909091
30 33 0.09090909090909091
30 22 0.047619047619047616
31 50 0.3333333333333333
31 23 0.09090909090909091
31 119 0.25
31 151 0.3333333333333333
31 41 0.058823529411764705
31 15 0.047619047619047616
32 15 0.047619047619047616
32 16 0.05263157894736842
33 113 0.09090909090909091
33 35 0.058823529411764705
33 79 0.3333333333333333
33 30 0.14285714285714285
33 55 0.3333333333333333
34 18 0.03225806451612903
34 20 0.09090909090909091
34 197 0.3333333333333333
34 166 0.14285714285714285
34 36 0.05263157894736842
34 219 0.25
34 44 0.09090909090909091
34 14 0.03225806451612903
34 224 0.07142857142857142
34 48 0.08333333333333333
35 33 0.09090909090909091
35 68 0.3333333333333333
35 38 0.058823529411764705
35 72 0.16666666666666666
35 25 0.06666666666666667
35 144 0.125
35 30 0.14285714285714285
35 86 0.06666666666666667
35 22 0.047619047619047616
36 81 0.1
36 34 0.05263157894736842
36 52 0.14285714285714285
36 117 0.125
36 182 0.25
36 98 0.09090909090909091
36 73 0.25
36 130 0.16666666666666666
36 207 0.2
37 49 0.1111111111111111
37 28 0.1
37 21 0.09090909090909091
37 164 0.07692307692307693
37 168 0.2
37 124 0.2
37 62 0.07142857142857142
37 222 0.14285714285714285
38 239 0.05263157894736842
38 35 0.058823529411764705
38 36 0.05263157894736842
38 86 0.06666666666666667
38 215 0.5
38 185 0.16666666666666666
38 77 0.2
38 15 0.047619047619047616
38 16 0.05263157894736842
39 20 0.09090909090909091
39 121 0.25
39 122 0.25
39 59 0.16666666666666666
39 188 0.16666666666666666
39 45 0.05263157894736842
39 78 0.07142857142857142
39 48 0.08333333333333333
40 18 0.03225806451612903
40 165 0.16666666666666666
40 85 0.08333333333333333
40 154 0.2
40 217 0.14285714285714285
40 53 0.0625
40 139 0.16666666666666666
40 14 0.03225806451612903
40 170 0.3333333333333333
40 192 0.16666666666666666
41 161 0.2
41 211 0.5
41 116 0.2
41 196 0.25
41 25 0.06666666666666667
41 16 0.05263157894736842
41 29 0.2
41 31 0.08333333333333333
41 96 0.09090909090909091
42 26 0.1
42 184 0.125
42 112 0.1111111111111111
43 25 0.06666666666666667
43 173 0.2
44 34 0.05263157894736842
44 155 0.25
44 84 0.25
44 13 0.038461538461538464
44 132 0.25
45 19 0.04
45 101 0.14285714285714285
45 54 0.0625
45 39 0.0625
45 24 0.09090909090909091
45 195 0.3333333333333333
45 88 0.1111111111111111
45 61 0.14285714285714285
45 176 0.2
45 150 0.5
46 19 0.04
46 118 0.14285714285714285
46 57 0.14285714285714285
46 221 0.25
46 109 0.16666666666666666
46 99 0.25
46 94 0.5
47 17 0.1111111111111111
47 158 0.5
48 203 0.3333333333333333
48 34 0.05263157894736842
48 147 0.3333333333333333
48 78 0.07142857142857142
48 39 0.0625
49 164 0.07692307692307693
49 37 0.058823529411764705
49 222 0.14285714285714285
49 71 0.1111111111111111
50 31 0.08333333333333333
51 133 0.2
51 86 0.06666666666666667
51 25 0.06666666666666667
51 43 0.2
51 108 0.16666666666666666
51 14 0.03225806451612903
51 143 0.14285714285714285
52 90 0.25
52 91 0.14285714285714285
52 36 0.05263157894736842
53 85 0.08333333333333333
53 40 0.05
53 217 0.14285714285714285
53 139 0.16666666666666666
53 78 0.07142857142857142
53 192 0.16666666666666666
54 82 0.1111111111111111
54 67 0.25
54 101 0.14285714285714285
54 58 0.16666666666666666
54 110 0.3333333333333333
54 45 0.05263157894736842
54 83 0.25
54 61 0.14285714285714285
55 33 0.09090909090909091
55 30 0.14285714285714285
56 89 0.25
56 18 0.03225806451612903
56 213 0.5
56 22 0.047619047619047616
56 14 0.03225806451612903
57 210 0.5
57 19 0.04
57 45 0.05263157894736842
57 46 0.06666666666666667
58 54 0.0625
58 128 0.1111111111111111
59 121 0.25
59 188 0.16666666666666666
59 39 0.0625
60 18 0.03225806451612903
60 63 0.1
60 89 0.25
60 75 0.25
60 190 0.14285714285714285
60 127 0.16666666666666666
61 205 0.5
61 45 0.05263157894736842
61 54 0.0625
62 149 0.16666666666666666
62 87 0.2
62 218 0.25
62 153 0.25
62 37 0.058823529411764705
62 28 0.1
62 15 0.047619047619047616
63 65 0.3333333333333333
63 82 0.1111111111111111
63 60 0.07692307692307693
63 212 0.2
63 220 0.3333333333333333
64 69 0.25
64 14 0.03225806451612903
65 63 0.1
66 21 0.09090909090909091
66 199 0.16666666666666666
67 54 0.0625
68 35 0.058823529411764705
69 14 0.03225806451612903
69 64 0.25
70 193 0.2
70 13 0.038461538461538464
71 49 0.1111111111111111
71 124 0.2
71 37 0.058823529411764705
71 222 0.14285714285714285
71 168 0.2
72 42 0.14285714285714285
72 35 0.058823529411764705
72 68 0.3333333333333333
72 134 0.5
73 36 0.05263157894736842
74 18 0.03225806451612903
75 60 0.07692307692307693
75 127 0.16666666666666666
76 105 0.0625
76 14 0.03225806451612903
77 185 0.16666666666666666
77 62 0.07142857142857142
77 38 0.058823529411764705
78 20 0.09090909090909091
78 53 0.0625
78 39 0.0625
78 24 0.09090909090909091
78 128 0.1111111111111111
78 191 0.5
78 48 0.08333333333333333
79 33 0.09090909090909091
79 30 0.14285714285714285
80 18 0.03225806451612903
80 142 0.2
80 135 0.16666666666666666
80 200 0.25
81 73 0.25
81 36 0.05263157894736842
81 117 0.125
81 182 0.25
81 207 0.2
82 162 0.16666666666666666
82 67 0.25
82 54 0.0625
82 63 0.1
82 131 0.5
83 54 0.0625
83 46 0.06666666666666667
84 44 0.09090909090909091
84 128 0.1111111111111111
85 217 0.14285714285714285
85 165 0.16666666666666666
85 53 0.0625
85 40 0.05
86 113 0.09090909090909091
86 51 0.08333333333333333
86 100 0.16666666666666666
86 132 0.25
86 38 0.058823529411764705
86 180 0.14285714285714285
86 35 0.058823529411764705
87 100 0.16666666666666666
87 62 0.07142857142857142
88 129 0.25
88 138 0.25
88 145 0.25
88 45 0.05263157894736842
89 60 0.07692307692307693
89 56 0.1
90 52 0.14285714285714285
90 48 0.08333333333333333
91 194 0.5
91 52 0.14285714285714285
91 29 0.2
91 23 0.09090909090909091
92 178 0.5
92 86 0.06666666666666667
92 87 0.2
92 216 0.5
93 27 0.14285714285714285
93 20 0.09090909090909091
93 13 0.038461538461538464
94 46 0.06666666666666667
95 19 0.04
96 209 0.3333333333333333
96 18 0.03225806451612903
96 179 0.25
96 22 0.047619047619047616
96 41 0.058823529411764705
96 187 0.2
97 19 0.04
97 136 0.16666666666666666
98 33 0.09090909090909091
98 130 0.16666666666666666
98 36 0.05263157894736842
98 117 0.125
98 22 0.047619047619047616
99 109 0.16666666666666666
99 46 0.06666666666666667
100 115 0.3333333333333333
100 86 0.06666666666666667
100 87 0.2
101 58 0.16666666666666666
101 45 0.05263157894736842
101 54 0.0625
101 114 0.25
102 26 0.1
102 184 0.125
102 144 0.125
102 180 0.14285714285714285
102 112 0.1111111111111111
103 106 0.3333333333333333
103 48 0.08333333333333333
103 14 0.03225806451612903
103 78 0.07142857142857142
103 56 0.1
104 22 0.047619047619047616
105 204 0.14285714285714285
105 120 0.1111111111111111
105 76 0.25
105 141 0.1111111111111111
105 14 0.03225806451612903
105 111 0.14285714285714285
105 208 0.125
106 98 0.09090909090909091
106 103 0.125
107 17 0.1111111111111111
107 177 0.16666666666666666
108 51 0.08333333333333333
108 140 0.125
109 99 0.25
109 221 0.25
109 46 0.06666666666666667
110 67 0.25
110 54 0.0625
111 105 0.0625
111 482 0.0625
112 26 0.1
112 184 0.125
112 164 0.07692307692307693
112 102 0.09090909090909091
112 42 0.14285714285714285
113 33 0.09090909090909091
113 146 0.5
113 35 0.058823529411764705
113 22 0.047619047619047616
113 140 0.125
113 86 0.06666666666666667
114 163 0.25
114 101 0.14285714285714285
115 100 0.16666666666666666
115 13 0.038461538461538464
116 41 0.058823529411764705
116 161 0.2
117 81 0.1
117 98 0.09090909090909091
117 36 0.05263157894736842
117 166 0.14285714285714285
118 19 0.04
118 157 0.2
118 46 0.06666666666666667
118 24 0.09090909090909091
119 50 0.3333333333333333
119 31 0.08333333333333333
120 105 0.0625
120 204 0.14285714285714285
120 141 0.1111111111111111
120 111 0.14285714285714285
120 208 0.125
121 59 0.16666666666666666
121 39 0.0625
122 138 0.25
122 39 0.0625
123 65 0.3333333333333333
123 257 0.1
123 19 0.04
123 83 0.25
123 167 0.5
124 37 0.058823529411764705
124 71 0.1111111111111111
125 14 0.03225806451612903
126 18 0.03225806451612903
126 172 0.2
126 80 0.1111111111111111
127 75 0.25
127 60 0.07692307692307693
128 58 0.16666666666666666
128 84 0.25
128 61 0.14285714285714285
128 78 0.07142857142857142
128 24 0.09090909090909091
129 145 0.25
129 88 0.1111111111111111
130 81 0.1
130 98 0.09090909090909091
130 36 0.05263157894736842
130 90 0.25
131 82 0.1111111111111111
132 44 0.09090909090909091
132 86 0.06666666666666667
133 51 0.08333333333333333
133 108 0.16666666666666666
133 143 0.14285714285714285
134 72 0.16666666666666666
135 18 0.03225806451612903
135 80 0.1111111111111111
136 97 0.25
136 186 0.25
136 19 0.04
137 22 0.047619047619047616
137 104 0.3333333333333333
138 122 0.25
138 88 0.1111111111111111
139 85 0.08333333333333333
139 53 0.0625
139 40 0.05
140 113 0.09090909090909091
140 98 0.09090909090909091
140 51 0.08333333333333333
140 108 0.16666666666666666
140 462 0.1
141 105 0.0625
141 204 0.14285714285714285
141 208 0.125
141 111 0.14285714285714285
141 120 0.1111111111111111
142 18 0.03225806451612903
142 80 0.1111111111111111
143 51 0.08333333333333333
143 108 0.16666666666666666
143 133 0.2
143 224 0.07142857142857142
144 35 0.058823529411764705
144 180 0.14285714285714285
144 102 0.09090909090909091
144 16 0.05263157894736842
145 129 0.25
145 88 0.1111111111111111
146 113 0.09090909090909091
147 48 0.08333333333333333
148 15 0.047619047619047616
148 16 0.05263157894736842
149 153 0.25
149 218 0.25
149 62 0.07142857142857142
150 45 0.05263157894736842
151 119 0.25
151 31 0.08333333333333333
152 66 0.2
152 21 0.09090909090909091
152 199 0.16666666666666666
153 149 0.16666666666666666
153 62 0.07142857142857142
154 85 0.08333333333333333
154 139 0.16666666666666666
154 53 0.0625
154 40 0.05
155 44 0.09090909090909091
155 13 0.038461538461538464
156 20 0.09090909090909091
157 118 0.14285714285714285
157 24 0.09090909090909091
158 47 0.25
159 14 0.03225806451612903
160 28 0.1
161 41 0.058823529411764705
161 116 0.2
162 82 0.1111111111111111
162 60 0.07692307692307693
162 214 0.5
162 127 0.16666666666666666
163 114 0.25
163 20 0.09090909090909091
164 49 0.1111111111111111
164 37 0.058823529411764705
164 102 0.09090909090909091
164 183 0.5
164 26 0.1
164 175 0.5
164 112 0.1111111111111111
165 85 0.08333333333333333
165 53 0.0625
165 40 0.05
166 34 0.05263157894736842
166 181 0.3333333333333333
166 117 0.125
167 123 0.1111111111111111
168 49 0.1111111111111111
168 37 0.058823529411764705
168 71 0.1111111111111111
169 13 0.038461538461538464
170 165 0.16666666666666666
170 40 0.05
171 25 0.06666666666666667
172 18 0.03225806451612903
172 126 0.16666666666666666
172 135 0.16666666666666666
173 25 0.06666666666666667
173 43 0.2
173 171 0.3333333333333333
174 169 0.3333333333333333
174 13 0.038461538461538464
175 164 0.07692307692307693
176 45 0.05263157894736842
176 264 0.047619047619047616
177 17 0.1111111111111111
177 185 0.16666666666666666
177 107 0.25
178 92 0.16666666666666666
179 187 0.2
179 96 0.09090909090909091
180 102 0.09090909090909091
180 86 0.06666666666666667
180 15 0.047619047619047616
180 144 0.125
181 166 0.14285714285714285
182 81 0.1
182 36 0.05263157894736842
183 164 0.07692307692307693
184 26 0.1
184 42 0.14285714285714285
184 102 0.09090909090909091
184 112 0.1111111111111111
185 177 0.16666666666666666
185 77 0.2
185 38 0.058823529411764705
186 19 0.04
186 136 0.16666666666666666
187 179 0.25
187 96 0.09090909090909091
188 59 0.16666666666666666
188 39 0.0625
189 58 0.16666666666666666
190 105 0.0625
190 53 0.0625
190 60 0.07692307692307693
190 85 0.08333333333333333
190 40 0.05
191 78 0.07142857142857142
192 85 0.08333333333333333
192 53 0.0625
192 40 0.05
193 13 0.038461538461538464
193 70 0.25
194 91 0.14285714285714285
195 45 0.05263157894736842
195 176 0.2
196 41 0.058823529411764705
196 161 0.2
196 116 0.2
197 34 0.05263157894736842
198 18 0.03225806451612903
198 126 0.16666666666666666
198 135 0.16666666666666666
199 66 0.2
199 21 0.09090909090909091
199 152 0.2
200 18 0.03225806451612903
200 80 0.1111111111111111
201 103 0.125
202 148 0.25
202 15 0.047619047619047616
202 16 0.05263157894736842
203 147 0.3333333333333333
203 48 0.08333333333333333
204 105 0.0625
204 141 0.1111111111111111
204 120 0.1111111111111111
205 61 0.14285714285714285
206 27 0.14285714285714285
207 73 0.25
207 81 0.1
207 36 0.05263157894736842
208 105 0.0625
208 204 0.14285714285714285
208 141 0.1111111111111111
208 111 0.14285714285714285
208 120 0.1111111111111111
209 187 0.2
209 96 0.09090909090909091
210 57 0.14285714285714285
211 41 0.058823529411764705
212 262 0.1111111111111111
212 63 0.1
213 56 0.1
214 162 0.16666666666666666
215 38 0.058823529411764705
216 92 0.16666666666666666
217 53 0.0625
217 192 0.16666666666666666
217 85 0.08333333333333333
217 40 0.05
218 149 0.16666666666666666
218 62 0.07142857142857142
219 34 0.05263157894736842
219 52 0.14285714285714285
219 188 0.16666666666666666
220 212 0.2
220 63 0.1
221 109 0.16666666666666666
221 46 0.06666666666666667
222 49 0.1111111111111111
222 124 0.2
222 37 0.058823529411764705
222 71 0.1111111111111111
223 181 0.3333333333333333
223 166 0.14285714285714285
224 34 0.05263157894736842
224 227 0.1
224 226 0.16666666666666666
224 235 0.25
224 44 0.09090909090909091
224 14 0.03225806451612903
224 143 0.14285714285714285
225 234 0.2
225 227 0.1
225 228 0.1111111111111111
225 231 0.16666666666666666
225 224 0.07142857142857142
226 235 0.25
226 228 0.1111111111111111
226 224 0.07142857142857142
227 225 0.1111111111111111
227 236 0.3333333333333333
227 229 0.16666666666666666
227 230 0.125
227 224 0.07142857142857142
228 225 0.1111111111111111
228 226 0.16666666666666666
228 231 0.16666666666666666
228 234 0.2
229 227 0.1
229 230 0.125
230 227 0.1
230 229 0.16666666666666666
230 462 0.1
230 232 0.2
231 225 0.1111111111111111
231 228 0.1111111111111111
231 237 0.5
232 233 0.5
232 230 0.125
233 232 0.2
234 225 0.1111111111111111
234 228 0.1111111111111111
234 224 0.07142857142857142
235 226 0.16666666666666666
235 224 0.07142857142857142
236 227 0.1
236 229 0.16666666666666666
237 231 0.16666666666666666
238 229 0.16666666666666666
239 193 0.2
239 241 0.5
239 256 0.14285714285714285
239 53 0.0625
239 38 0.058823529411764705
239 247 0.16666666666666666
239 242 0.08333333333333333
239 188 0.16666666666666666
239 13 0.038461538461538464
239 248 0.25
239 240 0.08333333333333333
240 243 0.25
240 244 0.14285714285714285
240 245 0.25
240 239 0.05263157894736842
240 255 0.25
240 256 0.14285714285714285
241 239 0.05263157894736842
242 255 0.25
242 246 0.1111111111111111
242 248 0.25
242 250 0.2
242 252 0.16666666666666666
242 239 0.05263157894736842
243 245 0.25
243 240 0.08333333333333333
244 256 0.14285714285714285
244 262 0.1111111111111111
244 240 0.08333333333333333
245 243 0.25
245 240 0.08333333333333333
246 249 0.5
246 242 0.08333333333333333
246 247 0.16666666666666666
246 250 0.2
247 251 0.5
247 246 0.1111111111111111
247 239 0.05263157894736842
248 242 0.08333333333333333
248 239 0.05263157894736842
249 246 0.1111111111111111
250 242 0.08333333333333333
250 246 0.1111111111111111
251 247 0.16666666666666666
252 242 0.08333333333333333
252 253 0.25
252 254 0.25
253 252 0.16666666666666666
253 254 0.25
254 252 0.16666666666666666
254 253 0.25
255 242 0.08333333333333333
255 240 0.08333333333333333
256 250 0.2
256 244 0.14285714285714285
256 239 0.05263157894736842
256 240 0.08333333333333333
257 258 0.25
257 19 0.04
257 260 0.5
257 88 0.1111111111111111
257 123 0.1111111111111111
257 157 0.2
258 257 0.1
258 259 0.25
259 258 0.25
259 261 0.5
260 257 0.1
261 259 0.25
262 212 0.2
262 263 0.5
262 244 0.14285714285714285
262 27 0.14285714285714285
262 190 0.14285714285714285
262 127 0.16666666666666666
263 262 0.1111111111111111
264 322 0.125
264 232 0.2
264 265 0.045454545454545456
264 267 0.05555555555555555
264 334 0.5
264 176 0.2
264 337 0.3333333333333333
264 244 0.14285714285714285
264 343 0.25
264 123 0.1111111111111111
264 316 0.08333333333333333
264 128 0.1111111111111111
265 360 0.2
265 344 0.125
265 292 0.1
265 308 0.14285714285714285
265 264 0.047619047619047616
265 266 0.047619047619047616
265 268 0.0625
265 493 0.1
265 271 0.08333333333333333
266 289 0.3333333333333333
266 274 0.09090909090909091
266 275 0.06666666666666667
266 265 0.045454545454545456
266 285 0.08333333333333333
266 283 0.08333333333333333
266 269 0.0625
266 339 0.1111111111111111
266 272 0.02127659574468085
267 273 0.1
267 323 0.2
267 325 0.3333333333333333
267 406 0.1
267 295 0.16666666666666666
267 280 0.125
267 264 0.047619047619047616
267 382 0.5
267 319 0.2
268 306 0.25
268 374 0.25
268 311 0.07142857142857142
268 265 0.045454545454545456
268 347 0.25
268 270 0.09090909090909091
268 304 0.05
269 275 0.06666666666666667
269 276 0.08333333333333333
269 312 0.3333333333333333
269 266 0.047619047619047616
269 356 0.16666666666666666
269 286 0.08333333333333333
269 287 0.14285714285714285
269 318 0.058823529411764705
270 362 0.3333333333333333
270 379 0.25
270 268 0.0625
270 327 0.09090909090909091
270 376 0.5
271 265 0.045454545454545456
271 408 0.3333333333333333
271 349 0.2
271 352 0.14285714285714285
272 449 0.16666666666666666
272 290 0.14285714285714285
272 453 0.125
272 424 0.125
272 298 0.05555555555555555
272 365 0.14285714285714285
272 367 0.2
272 400 0.2
272 273 0.1
272 482 0.0625
272 277 0.08333333333333333
272 310 0.06666666666666667
272 279 0.05
272 266 0.047619047619047616
272 281 0.06666666666666667
272 309 0.058823529411764705
272 283 0.08333333333333333
272 348 0.07692307692307693
272 285 0.08333333333333333
272 351 0.07692307692307693
272 288 0.047619047619047616
273 280 0.125
273 346 0.5
273 267 0.05555555555555555
273 276 0.08333333333333333
273 272 0.02127659574468085
274 266 0.047619047619047616
274 276 0.08333333333333333
274 317 0.16666666666666666
274 278 0.16666666666666666
274 410 0.3333333333333333
275 456 0.25
275 301 0.07692307692307693
275 266 0.047619047619047616
275 300 0.1111111111111111
275 269 0.0625
275 286 0.08333333333333333
275 302 0.07142857142857142
276 273 0.1
276 274 0.09090909090909091
276 372 0.1111111111111111
276 327 0.09090909090909091
276 409 0.5
276 269 0.0625
277 281 0.06666666666666667
277 453 0.125
277 279 0.05
277 272 0.02127659574468085
278 266 0.047619047619047616
278 292 0.1
278 274 0.09090909090909091
279 417 0.5
279 323 0.2
279 324 0.2
279 277 0.08333333333333333
279 294 0.1
279 329 0.5
279 272 0.02127659574468085
279 404 0.125
279 399 0.3333333333333333
279 288 0.047619047619047616
280 273 0.1
280 267 0.05555555555555555
280 315 0.2
280 291 0.5
281 309 0.058823529411764705
281 298 0.05555555555555555
281 277 0.08333333333333333
281 285 0.08333333333333333
281 351 0.07692307692307693
281 272 0.02127659574468085
282 321 0.09090909090909091
282 386 0.16666666666666666
282 271 0.08333333333333333
282 423 0.125
282 296 0.125
282 265 0.045454545454545456
282 328 0.058823529411764705
282 414 0.2
282 303 0.16666666666666666
282 368 0.2
283 386 0.16666666666666666
283 266 0.047619047619047616
283 290 0.14285714285714285
283 426 0.5
283 272 0.02127659574468085
284 266 0.047619047619047616
284 339 0.1111111111111111
285 441 0.5
285 330 0.5
285 281 0.06666666666666667
285 266 0.047619047619047616
285 430 0.5
285 272 0.02127659574468085
286 275 0.06666666666666667
286 377 0.125
286 266 0.047619047619047616
286 411 0.25
286 269 0.0625
286 339 0.1111111111111111
287 356 0.16666666666666666
287 269 0.0625
287 318 0.058823529411764705
288 385 0.3333333333333333
288 313 0.07692307692307693
288 451 0.3333333333333333
288 404 0.125
288 279 0.05
288 297 0.3333333333333333
288 394 0.1111111111111111
288 272 0.02127659574468085
288 425 0.25
288 304 0.05
289 266 0.047619047619047616
289 284 0.25
290 283 0.08333333333333333
290 439 0.5
290 272 0.02127659574468085
291 280 0.125
292 265 0.045454545454545456
292 361 0.14285714285714285
292 293 0.14285714285714285
292 278 0.16666666666666666
292 377 0.125
293 345 0.14285714285714285
293 292 0.1
293 278 0.16666666666666666
293 328 0.058823529411764705
294 313 0.07692307692307693
294 322 0.125
294 429 0.14285714285714285
294 279 0.05
294 418 0.5
295 434 0.3333333333333333
295 267 0.05555555555555555
295 444 0.125
296 282 0.05
296 387 0.16666666666666666
296 328 0.058823529411764705
297 270 0.09090909090909091
297 288 0.047619047619047616
298 277 0.08333333333333333
298 310 0.06666666666666667
298 281 0.06666666666666667
298 378 0.14285714285714285
298 299 0.047619047619047616
298 348 0.07692307692307693
298 365 0.14285714285714285
298 453 0.125
298 272 0.02127659574468085
299 442 0.3333333333333333
299 336 0.3333333333333333
299 375 0.2
299 314 0.058823529411764705
299 398 0.1111111111111111
299 298 0.05555555555555555
299 331 0.07692307692307693
299 272 0.02127659574468085
299 480 0.14285714285714285
299 302 0.07142857142857142
299 304 0.05
300 314 0.058823529411764705
300 275 0.06666666666666667
300 268 0.0625
300 307 0.16666666666666666
301 402 0.3333333333333333
301 275 0.06666666666666667
301 372 0.1111111111111111
301 314 0.058823529411764705
301 302 0.07142857142857142
301 419 0.3333333333333333
302 421 0.2
302 275 0.06666666666666667
302 461 0.3333333333333333
302 301 0.07692307692307693
302 299 0.047619047619047616
303 265 0.045454545454545456
303 282 0.05
303 283 0.08333333333333333
303 386 0.16666666666666666
304 482 0.0625
304 300 0.1111111111111111
304 389 0.5
304 311 0.07142857142857142
304 458 0.25
304 299 0.047619047619047616
304 268 0.0625
304 396 0.25
304 331 0.07692307692307693
304 288 0.047619047619047616
305 301 0.07692307692307693
305 359 0.25
305 416 0.16666666666666666
306 268 0.0625
306 374 0.25
307 364 0.5
307 315 0.2
307 300 0.1111111111111111
308 265 0.045454545454545456
308 360 0.2
308 271 0.08333333333333333
308 352 0.14285714285714285
309 369 0.14285714285714285
309 277 0.08333333333333333
309 310 0.06666666666666667
309 424 0.125
309 281 0.06666666666666667
309 378 0.14285714285714285
309 365 0.14285714285714285
309 272 0.02127659574468085
310 369 0.14285714285714285
310 449 0.16666666666666666
310 309 0.058823529411764705
310 424 0.125
310 281 0.06666666666666667
310 298 0.05555555555555555
310 351 0.07692307692307693
310 272 0.02127659574468085
311 338 0.3333333333333333
311 373 0.1
311 358 0.125
311 304 0.05
311 268 0.0625
311 415 0.16666666666666666
311 326 0.14285714285714285
312 269 0.0625
312 287 0.14285714285714285
313 288 0.047619047619047616
313 401 0.16666666666666666
313 294 0.1
313 332 0.1111111111111111
313 381 0.125
313 272 0.02127659574468085
314 427 0.25
314 392 0.16666666666666666
314 347 0.25
314 300 0.1111111111111111
314 301 0.07692307692307693
314 299 0.047619047619047616
314 383 0.25
314 302 0.07142857142857142
315 307 0.16666666666666666
315 280 0.125
315 288 0.047619047619047616
316 370 0.14285714285714285
316 357 0.25
316 264 0.047619047619047616
316 363 0.14285714285714285
316 350 0.125
316 443 0.16666666666666666
317 274 0.09090909090909091
317 339 0.1111111111111111
317 372 0.1111111111111111
318 384 0.25
318 437 0.25
318 446 0.3333333333333333
318 283 0.08333333333333333
318 300 0.1111111111111111
318 269 0.0625
318 428 0.5
318 287 0.14285714285714285
318 320 0.2
319 267 0.05555555555555555
319 395 0.25
320 333 0.16666666666666666
320 318 0.058823529411764705
321 387 0.16666666666666666
321 423 0.125
321 328 0.058823529411764705
321 282 0.05
321 296 0.125
321 368 0.2
322 324 0.2
322 294 0.1
322 343 0.25
322 264 0.047619047619047616
323 267 0.05555555555555555
323 279 0.05
324 322 0.125
324 279 0.05
325 267 0.05555555555555555
325 319 0.2
326 358 0.125
326 311 0.07142857142857142
327 276 0.08333333333333333
327 413 0.2
327 270 0.09090909090909091
327 335 0.14285714285714285
327 422 0.25
328 321 0.09090909090909091
328 354 0.2
328 371 0.3333333333333333
328 340 0.08333333333333333
328 293 0.14285714285714285
328 296 0.125
328 282 0.05
328 392 0.16666666666666666
329 279 0.05
330 285 0.08333333333333333
331 405 0.3333333333333333
331 438 0.14285714285714285
331 391 0.25
331 299 0.047619047619047616
331 302 0.07142857142857142
331 304 0.05
332 313 0.07692307692307693
332 393 0.25
332 381 0.125
333 290 0.14285714285714285
333 332 0.1111111111111111
333 318 0.058823529411764705
333 320 0.2
334 264 0.047619047619047616
335 412 0.16666666666666666
335 422 0.25
335 327 0.09090909090909091
336 299 0.047619047619047616
337 264 0.047619047619047616
338 326 0.14285714285714285
338 311 0.07142857142857142
339 266 0.047619047619047616
339 284 0.25
339 317 0.16666666666666666
339 286 0.08333333333333333
340 355 0.125
340 341 0.07692307692307693
340 328 0.058823529411764705
340 265 0.045454545454545456
340 460 0.16666666666666666
340 448 0.2
341 355 0.125
341 340 0.08333333333333333
341 342 0.2
341 349 0.2
341 460 0.16666666666666666
341 445 0.2
342 314 0.058823529411764705
342 268 0.0625
342 341 0.07692307692307693
343 322 0.125
343 264 0.047619047619047616
344 265 0.045454545454545456
344 433 0.25
344 333 0.16666666666666666
344 390 0.25
344 271 0.08333333333333333
345 397 0.5
345 293 0.14285714285714285
345 455 0.5
346 273 0.1
347 314 0.058823529411764705
347 268 0.0625
348 369 0.14285714285714285
348 309 0.058823529411764705
348 424 0.125
348 298 0.05555555555555555
348 453 0.125
348 272 0.02127659574468085
349 340 0.08333333333333333
349 341 0.07692307692307693
349 271 0.08333333333333333
350 363 0.14285714285714285
350 316 0.08333333333333333
350 357 0.25
351 353 0.5
351 403 0.5
351 310 0.06666666666666667
351 281 0.06666666666666667
351 429 0.14285714285714285
351 272 0.02127659574468085
352 282 0.05
352 308 0.14285714285714285
352 366 0.5
352 271 0.08333333333333333
353 351 0.07692307692307693
354 445 0.2
354 328 0.058823529411764705
355 340 0.08333333333333333
355 341 0.07692307692307693
355 460 0.16666666666666666
355 448 0.2
356 404 0.125
356 269 0.0625
356 287 0.14285714285714285
357 316 0.08333333333333333
357 350 0.125
358 373 0.1
358 326 0.14285714285714285
358 311 0.07142857142857142
358 407 0.14285714285714285
359 305 0.2
359 416 0.16666666666666666
360 265 0.045454545454545456
360 308 0.14285714285714285
360 271 0.08333333333333333
361 345 0.14285714285714285
361 292 0.1
361 431 0.25
361 452 0.25
362 270 0.09090909090909091
363 370 0.14285714285714285
363 316 0.08333333333333333
363 350 0.125
364 307 0.16666666666666666
365 281 0.06666666666666667
365 298 0.05555555555555555
365 309 0.058823529411764705
365 272 0.02127659574468085
366 352 0.14285714285714285
367 281 0.06666666666666667
367 348 0.07692307692307693
367 272 0.02127659574468085
367 336 0.3333333333333333
368 321 0.09090909090909091
368 282 0.05
369 348 0.07692307692307693
369 309 0.058823529411764705
369 310 0.06666666666666667
369 272 0.02127659574468085
370 363 0.14285714285714285
370 316 0.08333333333333333
370 350 0.125
370 406 0.1
371 354 0.2
371 328 0.058823529411764705
372 274 0.09090909090909091
372 276 0.08333333333333333
372 317 0.16666666666666666
372 388 0.5
372 301 0.07692307692307693
373 415 0.16666666666666666
373 407 0.14285714285714285
373 358 0.125
373 311 0.07142857142857142
373 398 0.1111111111111111
374 306 0.25
374 268 0.0625
375 331 0.07692307692307693
375 299 0.047619047619047616
375 398 0.1111111111111111
376 270 0.09090909090909091
377 339 0.1111111111111111
377 292 0.1
377 286 0.08333333333333333
377 411 0.25
378 298 0.05555555555555555
378 272 0.02127659574468085
378 277 0.08333333333333333
378 309 0.058823529411764705
379 413 0.2
379 270 0.09090909090909091
380 337 0.3333333333333333
380 324 0.2
380 436 0.25
380 432 0.25
381 313 0.07692307692307693
381 401 0.16666666666666666
381 332 0.1111111111111111
382 267 0.05555555555555555
383 314 0.058823529411764705
383 427 0.25
384 318 0.058823529411764705
384 320 0.2
385 288 0.047619047619047616
386 282 0.05
386 283 0.08333333333333333
386 303 0.16666666666666666
387 321 0.09090909090909091
387 423 0.125
387 296 0.125
388 372 0.1111111111111111
389 304 0.05
390 433 0.25
390 344 0.125
391 331 0.07692307692307693
392 377 0.125
392 314 0.058823529411764705
392 342 0.2
392 328 0.058823529411764705
393 313 0.07692307692307693
393 332 0.1111111111111111
393 381 0.125
394 385 0.3333333333333333
394 425 0.25
394 404 0.125
394 288 0.047619047619047616
395 406 0.1
395 319 0.2
396 458 0.25
396 304 0.05
397 345 0.14285714285714285
398 299 0.047619047619047616
398 420 0.5
398 373 0.1
398 326 0.14285714285714285
398 375 0.2
399 323 0.2
399 279 0.05
400 298 0.05555555555555555
400 277 0.08333333333333333
400 309 0.058823529411764705
400 272 0.02127659574468085
401 313 0.07692307692307693
401 332 0.1111111111111111
401 381 0.125
402 301 0.07692307692307693
403 351 0.07692307692307693
404 394 0.1111111111111111
404 356 0.16666666666666666
404 279 0.05
404 288 0.047619047619047616
405 331 0.07692307692307693
405 391 0.25
406 459 0.25
406 370 0.14285714285714285
406 267 0.05555555555555555
406 395 0.25
406 447 0.25
407 373 0.1
407 326 0.14285714285714285
407 415 0.16666666666666666
407 358 0.125
408 265 0.045454545454545456
408 271 0.08333333333333333
409 276 0.08333333333333333
410 274 0.09090909090909091
411 377 0.125
411 286 0.08333333333333333
412 410 0.3333333333333333
412 272 0.02127659574468085
412 327 0.09090909090909091
412 335 0.14285714285714285
412 362 0.3333333333333333
413 379 0.25
413 327 0.09090909090909091
413 335 0.14285714285714285
414 282 0.05
414 454 0.14285714285714285
414 368 0.2
415 373 0.1
415 407 0.14285714285714285
415 311 0.07142857142857142
416 305 0.2
416 359 0.25
416 456 0.25
417 279 0.05
418 294 0.1
419 402 0.3333333333333333
419 301 0.07692307692307693
420 398 0.1111111111111111
421 444 0.125
421 302 0.07142857142857142
422 335 0.14285714285714285
422 327 0.09090909090909091
423 321 0.09090909090909091
423 282 0.05
423 387 0.16666666666666666
423 454 0.14285714285714285
424 348 0.07692307692307693
424 309 0.058823529411764705
424 310 0.06666666666666667
424 272 0.02127659574468085
425 394 0.1111111111111111
425 288 0.047619047619047616
426 283 0.08333333333333333
427 314 0.058823529411764705
427 383 0.25
428 318 0.058823529411764705
429 457 0.5
429 294 0.1
429 351 0.07692307692307693
430 285 0.08333333333333333
431 361 0.14285714285714285
431 452 0.25
432 380 0.16666666666666666
432 436 0.25
433 390 0.25
433 344 0.125
434 295 0.16666666666666666
435 313 0.07692307692307693
435 401 0.16666666666666666
435 332 0.1111111111111111
435 381 0.125
436 380 0.16666666666666666
436 432 0.25
437 318 0.058823529411764705
437 384 0.25
438 434 0.3333333333333333
438 331 0.07692307692307693
438 302 0.07142857142857142
438 391 0.25
438 440 0.5
439 290 0.14285714285714285
440 438 0.14285714285714285
441 285 0.08333333333333333
442 299 0.047619047619047616
443 450 0.3333333333333333
443 363 0.14285714285714285
443 316 0.08333333333333333
443 350 0.125
444 275 0.06666666666666667
444 421 0.2
444 302 0.07142857142857142
444 295 0.16666666666666666
444 304 0.05
445 354 0.2
445 341 0.07692307692307693
445 328 0.058823529411764705
446 437 0.25
446 318 0.058823529411764705
447 459 0.25
447 406 0.1
448 355 0.125
448 340 0.08333333333333333
448 341 0.07692307692307693
449 378 0.14285714285714285
449 348 0.07692307692307693
449 310 0.06666666666666667
449 272 0.02127659574468085
450 443 0.16666666666666666
450 264 0.047619047619047616
451 394 0.1111111111111111
451 288 0.047619047619047616
452 361 0.14285714285714285
452 431 0.25
453 298 0.05555555555555555
453 348 0.07692307692307693
453 277 0.08333333333333333
453 272 0.02127659574468085
454 282 0.05
454 414 0.2
454 423 0.125
454 296 0.125
455 345 0.14285714285714285
456 275 0.06666666666666667
456 416 0.16666666666666666
457 429 0.14285714285714285
458 396 0.25
458 304 0.05
459 406 0.1
459 447 0.25
460 355 0.125
460 340 0.08333333333333333
460 341 0.07692307692307693
461 421 0.2
461 302 0.07142857142857142
462 230 0.125
462 442 0.3333333333333333
462 140 0.125
462 429 0.14285714285714285
462 463 0.25
462 246 0.1111111111111111
463 462 0.1
463 464 0.3333333333333333
464 462 0.1
464 463 0.25
465 467 0.5
465 105 0.0625
465 466 0.08333333333333333
465 468 0.125
465 24 0.09090909090909091
465 25 0.06666666666666667
465 444 0.125
465 142 0.2
466 465 0.08333333333333333
466 469 0.125
466 471 0.25
466 473 0.16666666666666666
466 474 0.25
466 475 0.5
467 465 0.08333333333333333
468 465 0.08333333333333333
468 473 0.16666666666666666
468 476 0.5
468 471 0.25
469 466 0.08333333333333333
469 470 0.16666666666666666
469 479 0.25
469 472 0.16666666666666666
470 469 0.125
470 479 0.25
470 472 0.16666666666666666
471 466 0.08333333333333333
471 468 0.125
472 473 0.16666666666666666
472 469 0.125
472 470 0.16666666666666666
473 466 0.08333333333333333
473 468 0.125
473 472 0.16666666666666666
474 466 0.08333333333333333
474 477 0.25
475 466 0.08333333333333333
476 468 0.125
477 474 0.25
477 478 0.5
478 477 0.25
479 469 0.125
479 470 0.16666666666666666
480 481 0.5
480 314 0.058823529411764705
480 331 0.07692307692307693
480 299 0.047619047619047616
480 351 0.07692307692307693
481 480 0.14285714285714285
482 483 0.25
482 484 0.25
482 197 0.3333333333333333
482 486 0.16666666666666666
482 490 0.25
482 394 0.1111111111111111
482 272 0.02127659574468085
482 111 0.14285714285714285
482 304 0.05
483 489 0.5
483 482 0.0625
484 482 0.0625
484 485 0.5
485 484 0.25
486 482 0.0625
486 487 0.25
486 488 0.5
487 491 0.5
487 486 0.16666666666666666
488 486 0.16666666666666666
489 483 0.25
490 482 0.0625
490 492 0.5
491 487 0.25
492 490 0.25
493 228 0.1111111111111111
493 37 0.058823529411764705
493 454 0.14285714285714285
493 265 0.045454545454545456
493 496 0.125
493 286 0.08333333333333333
493 494 0.125
494 499 0.25
494 493 0.1
494 495 0.25
494 496 0.125
495 498 0.5
495 494 0.125
496 497 0.5
496 500 0.25
496 493 0.1
496 494 0.125
497 496 0.125
498 495 0.25
499 500 0.25
499 494 0.125
500 499 0.25
500 496 0.125
