0 1
0 249
1 0
2 4
2 6
2 7
4 2
4 6
4 7
6 2
6 4
6 124
7 2
7 4
7 8
7 9
7 10
7 14
7 26
7 39
7 41
7 57
7 80
7 101
7 109
7 111
8 7
8 11
8 15
8 63
8 65
9 7
9 17
9 26
9 47
9 56
10 7
10 80
10 89
10 101
11 8
11 13
11 18
11 23
11 28
11 38
11 43
11 54
11 77
11 96
11 108
11 110
12 24
12 31
12 42
12 52
12 70
12 92
12 95
13 11
13 8
13 21
13 60
13 81
14 7
14 20
14 53
14 64
14 85
14 93
15 8
15 16
16 15
16 116
17 9
17 33
17 58
17 114
18 11
18 12
18 20
18 29
18 36
18 40
18 78
18 87
18 99
19 18
19 22
19 63
19 102
20 14
20 18
20 36
20 74
20 107
21 13
21 67
21 105
21 124
22 19
22 76
23 11
23 91
23 98
24 12
24 31
24 42
24 51
24 52
24 92
24 95
24 249
25 27
25 50
25 90
25 106
25 140
26 9
26 7
26 34
26 39
26 76
26 86
27 25
27 88
28 11
28 46
28 66
28 71
29 18
29 52
30 27
31 12
31 24
31 42
31 70
32 28
32 30
32 25
32 68
32 104
33 17
34 26
34 39
34 86
35 27
35 37
35 45
35 79
35 115
36 18
36 29
36 20
37 35
38 11
38 59
38 77
38 108
39 26
39 7
39 34
40 18
40 29
41 7
41 57
41 74
41 89
42 12
42 31
42 24
42 92
43 11
43 38
43 54
43 59
43 110
44 49
44 69
45 37
45 35
46 28
47 9
48 21
48 82
49 44
49 69
49 83
50 25
50 61
51 12
51 42
51 24
51 52
51 70
52 24
52 12
52 29
52 51
52 72
52 73
53 14
53 93
54 43
54 11
54 59
55 97
56 9
57 7
57 41
57 109
58 17
58 33
59 38
59 43
59 54
59 11
59 77
60 13
61 50
61 68
61 75
63 19
63 36
63 8
63 107
64 14
65 8
66 28
67 21
68 61
68 50
68 32
68 71
68 103
69 49
69 44
69 28
69 98
70 51
70 31
70 12
71 28
71 66
71 68
72 52
73 52
74 20
74 41
74 52
74 84
75 50
75 61
76 22
76 48
76 26
77 11
77 59
77 38
78 18
78 29
79 45
79 35
80 10
80 7
80 57
80 94
81 13
81 60
82 48
83 49
84 74
85 14
86 26
86 34
87 40
87 18
87 99
88 27
89 10
89 41
90 25
91 23
92 42
92 24
92 12
93 53
93 14
94 80
95 24
95 12
95 136
96 38
96 11
97 55
97 140
98 69
98 23
99 87
99 18
100 71
101 7
101 10
102 19
103 68
104 32
105 21
105 13
105 16
105 67
106 25
107 63
107 20
108 38
108 11
108 54
108 112
108 113
109 7
109 57
109 41
110 43
110 38
110 11
110 12
111 7
111 10
111 109
111 57
112 43
112 38
112 54
112 108
112 59
113 38
113 108
113 11
114 42
114 17
115 45
115 37
115 35
116 16
117 118
117 121
118 117
118 119
118 120
118 122
119 118
119 122
120 118
121 117
121 119
122 118
122 119
122 123
123 122
124 21
124 6
124 125
124 127
124 130
124 131
125 124
125 126
125 135
126 125
126 128
127 124
128 126
130 124
130 132
130 134
131 124
131 133
132 130
132 241
133 131
134 130
135 125
136 95
136 18
136 137
136 138
137 136
137 139
138 136
139 137
140 37
140 25
140 35
140 97
140 141
141 140
142 131
142 69
142 143
142 145
142 165
142 192
142 198
142 216
142 223
143 142
143 144
143 146
143 147
143 155
143 159
143 160
143 166
143 181
143 211
143 230
144 143
144 196
145 142
146 143
146 149
146 159
146 161
146 162
146 193
146 202
146 203
146 213
146 241
147 143
147 151
147 189
147 235
148 144
148 150
148 200
148 231
149 145
149 143
149 147
149 146
149 142
149 152
149 167
149 184
149 185
149 194
149 201
150 148
150 231
151 147
151 172
151 199
151 210
152 149
152 142
152 161
153 154
153 163
153 222
154 153
154 222
155 143
155 157
155 158
155 174
155 183
155 190
155 195
155 232
156 170
156 175
156 237
157 155
157 174
157 195
157 206
158 155
158 160
158 187
158 191
159 143
159 146
159 219
159 238
160 158
160 143
161 146
161 152
162 146
162 203
162 213
162 241
163 153
163 154
163 179
164 177
164 208
164 221
164 236
165 142
165 147
165 168
165 169
165 171
165 180
165 220
166 143
166 218
167 149
167 207
168 165
168 171
168 220
169 165
169 147
169 182
169 189
169 224
169 225
170 156
170 215
170 237
171 165
171 168
172 151
172 165
172 228
173 148
173 150
173 188
174 155
174 157
174 206
175 170
175 156
176 178
176 197
176 201
177 164
177 221
177 234
178 176
179 163
180 168
180 171
180 165
180 186
181 143
182 169
183 155
183 204
184 149
185 149
186 180
186 168
186 165
187 158
188 173
189 147
189 169
189 205
189 229
189 239
190 155
190 157
190 204
190 232
191 158
192 142
193 146
193 227
194 149
194 191
195 157
195 155
195 232
196 144
196 178
196 176
196 147
196 197
197 176
197 178
197 196
198 145
198 142
199 151
200 148
200 150
200 231
201 176
201 166
201 149
202 146
202 162
202 213
203 146
203 162
204 174
204 183
204 190
205 189
205 229
205 239
206 174
206 157
206 195
207 167
208 164
209 147
209 177
209 164
210 151
210 199
211 143
211 159
211 214
211 217
212 163
212 179
213 162
213 202
213 146
214 211
214 217
215 156
215 170
216 142
216 192
217 211
217 214
218 143
218 150
218 166
218 226
219 159
220 165
220 171
220 186
220 168
220 232
221 177
221 164
221 234
221 236
222 153
222 154
223 142
224 169
224 225
225 224
225 169
226 218
227 193
228 172
229 189
229 205
230 143
231 148
231 150
231 200
232 195
232 220
232 190
232 204
232 155
233 156
233 170
233 215
234 221
234 177
235 147
236 177
236 164
236 221
237 170
237 156
238 159
238 219
239 205
239 189
239 229
241 203
241 162
241 132
241 146
241 242
241 245
241 246
242 241
242 244
242 248
244 242
244 241
245 241
245 247
246 241
246 244
247 245
248 242
249 0
249 24
250 251
251 250
251 252
252 251
254 256
256 254
