0.000758
0.000184
0.166744
0
0.211204
0
0.211194
1
0.143228
0.09217
0.174006
1
0.123448
0.069566
1
0.021178
0.00799
0.009305
1
0.002717
0.171799
0.096918
0.004074
0.128234
0.073599
1
0.105467
0.12263
0.202748
0.343951
0.499927
0.032918
1
0.003438
0.049265
0.01104
0.146336
0.019518
0.119232
0.181632
0.29589
0.157453
0.038068
0.132298
0.020898
0.002249
0.101623
0.04613
0.002945
0.024043
0.137953
0.135589
1
0.297564
0.158187
0.005219
0.04658
0.199546
0.001876
0.058565
0.028234
0.037502
0
0.026356
0.500535
0.072129
0.076712
0.036636
0.09518
0.128348
0.045835
0.036896
0.500157
0.499826
0.045883
0.007701
0.01783
0.186572
0.334466
0.002849
0.162715
0.023148
0.000717
0.012045
0.022938
0.499518
0.036093
0.24038
0.061434
0.079574
0.501025
0.064129
0.036965
0.29782
0.081282
0.032164
0.200135
0.031384
0.049659
0.287756
0
0.279169
0.001344
0.047875
0.500598
0.019456
0.500128
0.047798
0.122595
0.218082
0.157474
0.201214
0.020301
0.030757
0.001489
0.00277
0.002009
0
0
0
0
0
0
0
1
0.167363
0.02373
0.250608
0.011898
0
0.113393
0.361548
0.154989
0.181208
0.056975
0.083926
0.003174
0.000522
0.001605
0.000255
0.125501
0.062822
1
1
0.20081
0.393565
0.149564
0.170345
0.000231
1
0.002914
0.014381
0.13017
0
0
0.057851
0
0.009451
0.033496
0.112217
0.168856
0.067483
0.115743
0
0
0.121554
0.23326
0.166556
0.02253
1
0
0.028017
0.001824
0
0.010187
0
0.020434
0
0.013804
0
0.020709
0.50005
0.500334
0.015173
0.500589
0.499624
0.00759
0.011146
0
0.115905
0.009832
0.117708
0.389435
0.03008
0.333218
0.010825
0.029172
0.009391
0.250523
0.005901
0.000164
0.2012
0.037445
0.238643
0.005373
0.026181
0.003828
0.08337
0
0
0.004901
0.111791
0
0.046783
0.033258
0
0.250674
0.033255
0.039036
0.045854
0.018396
0
0
0.499935
0.288223
0.240214
0.019522
0.015097
0.00089
0.030982
0.500657
0.000511
0.010102
0
0
0.08516
0
0
0.037631
0.026965
0
1
0.135796
0
0.112608
0.143112
0.333888
0.071309
0.067783
0.007436
0
0
0
0
0
0
0
