0 1
0 2
1 0
2 0
3 4
4 3
5 8
5 15
6 9
7 5
7 8
7 11
7 18
7 33
8 7
8 5
8 20
8 25
9 6
9 10
9 28
10 9
10 32
10 54
11 7
11 8
11 26
11 47
12 22
12 35
12 57
13 16
13 39
13 41
13 59
15 5
15 45
16 13
16 40
17 21
17 44
17 46
18 7
18 52
18 53
19 30
19 47
20 8
21 17
21 31
21 43
22 12
22 23
23 22
23 12
24 12
24 22
24 57
25 8
26 11
26 34
27 50
28 9
28 48
28 69
30 19
31 21
32 10
33 7
34 8
34 20
34 26
34 11
34 38
34 51
35 22
35 12
38 34
38 55
39 13
40 27
40 16
41 13
41 39
41 59
41 61
43 21
44 17
44 46
45 10
45 15
45 22
45 11
45 54
46 17
46 44
46 56
47 19
47 11
48 28
49 46
49 15
50 27
51 34
52 18
53 18
53 52
54 10
54 5
54 45
55 38
56 46
57 35
57 12
57 24
57 58
58 57
58 24
58 22
59 13
59 41
59 61
60 44
60 17
61 41
61 13
61 59
62 17
62 44
63 66
64 65
65 64
66 63
69 4
69 28
70 71
70 73
70 76
70 78
70 95
71 70
71 82
71 89
71 115
71 130
73 70
73 95
74 88
74 93
74 105
74 108
74 109
74 119
74 126
75 83
75 96
76 70
76 73
76 85
76 86
76 87
76 102
76 116
76 122
76 124
77 81
77 104
78 70
78 73
78 81
78 84
78 97
79 90
81 78
81 77
81 94
81 98
82 74
82 71
82 99
82 121
83 75
84 78
84 73
84 92
85 76
85 86
85 116
86 85
86 76
86 75
86 110
86 119
86 127
87 76
87 91
87 100
87 114
87 129
88 74
88 103
88 107
88 123
89 71
89 101
89 117
89 120
90 79
91 87
91 100
92 84
93 74
93 105
93 109
93 126
94 81
94 113
95 70
95 71
95 73
96 75
97 78
98 81
98 131
99 82
99 106
100 87
100 91
100 114
100 125
101 89
101 117
102 76
102 122
103 88
104 77
105 74
105 93
106 82
106 99
107 88
107 98
108 74
108 111
108 112
109 74
109 93
110 86
110 127
111 108
112 108
113 94
114 100
114 87
114 125
115 71
115 130
116 85
116 76
116 124
117 101
117 89
119 86
119 74
119 99
120 117
120 89
121 82
121 99
122 76
122 102
123 103
123 88
124 76
124 116
125 100
125 91
125 114
126 93
126 74
126 109
127 86
127 110
129 87
129 100
129 91
129 125
130 71
130 115
131 98
133 135
134 133
134 137
135 133
137 134
137 87
137 73
139 140
140 139
