141
299
0 1 0.166667
0 2 0.333333
1 0 0.25
2 0 0.25
3 4 0.125
4 3 0.25
5 8 0.1
5 15 0.2
6 9 0.125
7 5 0.0714286
7 8 0.1
7 11 0.0909091
7 18 0.142857
7 33 0.166667
8 7 0.0714286
8 5 0.0714286
8 20 0.333333
8 25 0.25
9 6 0.25
9 10 0.111111
9 28 0.166667
10 9 0.125
10 32 0.5
10 54 0.2
11 7 0.0714286
11 8 0.1
11 26 0.25
11 47 0.166667
12 22 0.125
12 35 0.25
12 57 0.142857
13 16 0.25
13 39 0.333333
13 41 0.142857
13 59 0.166667
15 5 0.0714286
15 45 0.111111
16 13 0.0909091
16 40 0.166667
17 21 0.111111
17 44 0.142857
17 46 0.111111
18 7 0.0714286
18 52 0.333333
18 53 0.333333
19 30 0.25
19 47 0.166667
20 8 0.1
21 17 0.1
21 31 0.5
21 43 0.5
22 12 0.0833333
22 23 0.2
23 22 0.125
23 12 0.0833333
24 12 0.0833333
24 22 0.125
24 57 0.142857
25 8 0.1
26 11 0.0909091
26 34 0.0909091
27 50 0.5
28 9 0.125
28 48 0.5
28 69 0.111111
30 19 0.1
31 21 0.111111
32 10 0.111111
33 7 0.0714286
34 8 0.1
34 20 0.333333
34 26 0.25
34 11 0.0909091
34 38 0.25
34 51 0.5
35 22 0.125
35 12 0.0833333
38 34 0.0909091
38 55 0.25
39 13 0.0909091
40 27 0.111111
40 16 0.25
41 13 0.0909091
41 39 0.333333
41 59 0.166667
41 61 0.2
43 21 0.111111
44 17 0.1
44 46 0.111111
45 10 0.111111
45 15 0.2
45 22 0.125
45 11 0.0909091
45 54 0.2
46 17 0.1
46 44 0.142857
46 56 0.5
47 19 0.1
47 11 0.0909091
48 28 0.166667
49 46 0.111111
49 15 0.2
50 27 0.111111
51 34 0.0909091
52 18 0.142857
53 18 0.142857
53 52 0.333333
54 10 0.111111
54 5 0.0714286
54 45 0.111111
55 38 0.25
56 46 0.111111
57 35 0.25
57 12 0.0833333
57 24 0.2
57 58 0.25
58 57 0.142857
58 24 0.2
58 22 0.125
59 13 0.0909091
59 41 0.142857
59 61 0.2
60 44 0.142857
60 17 0.1
61 41 0.142857
61 13 0.0909091
61 59 0.166667
62 17 0.1
62 44 0.142857
63 66 0.25
64 65 0.5
65 64 0.25
66 63 0.166667
69 4 0.125
69 28 0.166667
70 71 0.0909091
70 73 0.125
70 76 0.047619
70 78 0.111111
70 95 0.125
71 70 0.0625
71 82 0.1
71 89 0.1
71 115 0.25
71 130 0.25
73 70 0.0625
73 95 0.125
74 88 0.1
74 93 0.125
74 105 0.25
74 108 0.142857
74 109 0.2
74 119 0.142857
74 126 0.2
75 83 0.25
75 96 0.25
76 70 0.0625
76 73 0.125
76 85 0.166667
76 86 0.0769231
76 87 0.0714286
76 102 0.25
76 116 0.166667
76 122 0.25
76 124 0.25
77 81 0.125
77 104 0.5
78 70 0.0625
78 73 0.125
78 81 0.125
78 84 0.142857
78 97 0.5
79 90 0.5
81 78 0.111111
81 77 0.166667
81 94 0.166667
81 98 0.142857
82 74 0.0588235
82 71 0.0909091
82 99 0.166667
82 121 0.333333
83 75 0.142857
84 78 0.111111
84 73 0.125
84 92 0.5
85 76 0.047619
85 86 0.0769231
85 116 0.166667
86 85 0.166667
86 76 0.047619
86 75 0.142857
86 110 0.25
86 119 0.142857
86 127 0.25
87 76 0.047619
87 91 0.166667
87 100 0.111111
87 114 0.166667
87 129 0.2
88 74 0.0588235
88 103 0.333333
88 107 0.2
88 123 0.333333
89 71 0.0909091
89 101 0.25
89 117 0.2
89 120 0.333333
90 79 0.166667
91 87 0.0714286
91 100 0.111111
92 84 0.142857
93 74 0.0588235
93 105 0.25
93 109 0.2
93 126 0.2
94 81 0.125
94 113 0.5
95 70 0.0625
95 71 0.0909091
95 73 0.125
96 75 0.142857
97 78 0.111111
98 81 0.125
98 131 0.5
99 82 0.1
99 106 0.333333
100 87 0.0714286
100 91 0.166667
100 114 0.166667
100 125 0.166667
101 89 0.1
101 117 0.2
102 76 0.047619
102 122 0.25
103 88 0.1
104 77 0.166667
105 74 0.0588235
105 93 0.125
106 82 0.1
106 99 0.166667
107 88 0.1
107 98 0.142857
108 74 0.0588235
108 111 0.5
108 112 0.5
109 74 0.0588235
109 93 0.125
110 86 0.0769231
110 127 0.25
111 108 0.142857
112 108 0.142857
113 94 0.166667
114 100 0.111111
114 87 0.0714286
114 125 0.166667
115 71 0.0909091
115 130 0.25
116 85 0.166667
116 76 0.047619
116 124 0.25
117 101 0.25
117 89 0.1
119 86 0.0769231
119 74 0.0588235
119 99 0.166667
120 117 0.2
120 89 0.1
121 82 0.1
121 99 0.166667
122 76 0.047619
122 102 0.25
123 103 0.333333
123 88 0.1
124 76 0.047619
124 116 0.166667
125 100 0.111111
125 91 0.166667
125 114 0.166667
126 93 0.125
126 74 0.0588235
126 109 0.2
127 86 0.0769231
127 110 0.25
129 87 0.0714286
129 100 0.111111
129 91 0.166667
129 125 0.166667
130 71 0.0909091
130 115 0.25
131 98 0.142857
133 135 0.5
134 133 0.142857
134 137 0.111111
135 133 0.142857
137 134 0.142857
137 87 0.0714286
137 73 0.125
139 140 0.5
140 139 0.125
