0
0
0
0
0
0.011289
0
0.017734
0.141481
5e-06
3.1e-05
0.112567
0.128756
1
0
0.002196
0.250952
0.100963
0.002528
0.001787
0.358524
1
0.105671
0.021309
0.241003
0.035177
0.267941
0.004648
0
0
0.000465
0.500312
1.6e-05
0.003046
1
0.270805
0
0
0.251223
0.370472
0.041869
0.166682
0
0.500096
0.015857
0.000247
0.012852
0.018503
0
0
0.002386
0.499667
0.00106
0.000845
5.2e-05
0.062997
0.006376
1
0.251541
0.189833
0
0.067427
0
0
0
0
0
0
0
0
0.14265
0.106579
0
0.263725
1
0.014382
1
0.020989
1
0
0
0.126503
0.014179
0.003596
0.142801
0.2064
0.100685
0.071951
0.10123
1
0
0.016186
0.071402
0.199251
0.021228
0.049741
0.003524
0.500969
0.02068
0.027926
0.012347
0.298564
0.297742
0.041377
0.010677
0.284082
0.009444
0.020414
0.142796
0.262856
0.029781
0.071227
0.071458
0.010596
0.014003
0.031573
0.225159
0.291722
0
0.153843
0.332086
0.004751
0.297864
0.033844
0.287271
0.006462
0.22916
0.029882
0
0.01473
0.031755
0.010239
0
0
0
0
0
0
0
0
0
