0 1
1 0
1 2
1 4
2 1
2 9
4 1
4 2
4 5
4 7
4 9
5 4
5 6
5 8
5 9
6 5
7 4
8 5
8 224
9 4
9 2
9 5
9 10
9 11
9 12
9 13
9 25
9 29
9 31
9 43
9 45
9 50
9 54
9 85
9 91
9 95
9 98
9 137
10 9
10 20
10 28
10 29
10 30
10 43
10 55
10 61
10 63
10 64
10 69
10 213
11 9
11 19
11 32
11 58
12 9
12 18
12 21
12 22
12 39
12 54
13 9
13 10
13 14
13 42
13 43
13 56
13 66
13 77
13 111
14 13
14 26
14 35
14 132
15 16
15 17
15 26
15 40
15 51
15 106
16 15
16 23
16 47
16 78
17 15
17 20
17 26
17 27
17 68
17 82
17 106
17 107
17 108
18 12
18 38
18 73
19 11
19 92
20 17
20 10
20 23
20 71
20 97
21 12
21 38
21 87
22 12
22 9
22 10
22 30
22 36
22 44
22 57
22 114
22 115
23 16
23 20
23 24
23 48
23 64
24 23
24 48
24 64
25 9
26 17
26 15
26 14
26 72
26 80
27 17
27 68
27 108
28 10
28 30
28 61
29 9
29 22
29 10
29 33
29 49
29 65
29 84
29 113
30 22
30 28
30 10
30 13
30 76
30 101
31 9
31 25
31 43
31 46
31 50
31 91
31 98
31 99
32 11
32 58
33 29
33 34
33 84
33 113
34 33
34 29
34 41
34 53
34 75
34 110
35 14
35 68
36 22
36 12
36 29
37 30
38 18
38 21
38 19
39 12
40 15
40 51
40 106
41 34
41 19
41 86
42 13
42 66
42 111
43 9
43 31
43 13
43 10
43 67
43 74
43 81
43 91
43 105
44 22
44 62
44 114
45 12
45 9
45 22
45 90
46 31
46 9
46 98
46 224
47 16
47 43
48 23
48 24
49 29
49 65
49 79
50 9
50 25
50 31
50 54
50 59
50 88
50 91
50 95
50 224
51 15
51 40
52 26
53 34
53 75
53 93
53 110
54 50
54 9
54 31
54 12
54 92
54 94
54 137
55 10
55 69
56 20
56 43
56 26
56 16
56 13
57 22
57 114
58 11
58 32
58 38
58 60
58 70
58 73
58 83
58 87
59 9
59 50
59 85
60 58
60 70
60 87
61 10
61 28
61 63
62 22
62 44
63 55
63 61
63 10
63 64
64 23
64 24
64 10
64 48
64 63
65 29
65 49
65 79
66 56
66 42
66 13
66 101
67 43
68 17
68 27
68 35
69 55
69 10
69 28
70 60
70 58
70 73
70 83
71 20
72 26
72 80
73 18
73 58
73 70
73 103
73 204
74 43
75 53
75 34
75 110
76 30
76 101
77 13
78 16
79 33
79 29
79 49
79 65
79 102
80 26
80 72
81 43
81 74
82 17
83 58
83 70
83 18
83 96
84 29
84 33
84 65
84 49
85 50
85 9
85 31
85 59
85 95
85 99
86 41
87 58
87 60
87 21
87 89
87 100
88 9
88 50
88 59
89 87
89 100
89 104
90 45
91 9
91 50
91 31
91 43
92 91
92 54
92 41
92 19
92 224
93 53
93 34
94 54
95 50
95 85
95 9
96 83
97 20
97 71
98 46
98 9
98 31
99 31
99 85
99 9
100 89
100 87
100 104
101 66
101 76
101 30
101 10
102 79
103 73
103 21
103 36
103 18
104 89
104 87
104 100
105 43
106 15
106 17
106 24
106 40
106 109
107 17
107 82
108 27
108 17
108 132
109 106
110 75
110 53
110 93
110 34
111 13
111 42
112 9
112 50
112 59
113 29
113 33
114 57
114 22
114 44
115 22
115 12
115 36
115 116
115 117
115 119
115 213
116 115
117 115
117 118
117 120
117 121
117 123
118 117
118 122
119 115
119 116
120 117
121 117
121 123
122 118
123 121
123 117
124 29
124 73
124 89
124 12
124 125
124 127
124 130
125 124
126 129
127 124
127 128
127 130
128 127
128 131
129 126
130 127
130 124
131 128
132 14
132 108
132 27
132 15
132 133
133 132
133 134
133 135
134 133
134 213
135 133
137 54
137 9
137 115
137 138
137 139
137 144
137 148
138 137
138 140
138 141
138 143
138 155
138 172
138 174
138 196
138 201
139 137
139 142
139 146
139 178
140 138
140 145
140 147
140 154
141 138
141 155
141 175
141 183
141 185
142 139
142 137
142 153
142 199
143 138
144 137
144 149
144 156
144 157
144 158
144 163
144 164
144 190
144 193
145 140
145 160
145 188
145 202
146 139
146 166
146 178
146 182
146 204
147 140
147 149
147 151
147 164
147 189
148 137
148 168
148 171
148 177
149 147
149 144
149 150
149 151
149 176
150 149
150 157
150 158
150 162
150 167
150 181
151 147
151 149
151 180
152 150
152 144
152 157
152 161
152 163
152 186
153 142
154 140
155 138
155 141
155 169
156 144
157 150
157 144
157 152
157 192
158 144
158 150
158 179
158 187
158 194
159 139
159 146
160 145
161 150
161 152
161 170
162 150
163 144
163 156
163 152
163 200
164 144
164 147
164 165
165 164
166 146
166 191
166 195
166 203
167 150
167 162
168 148
168 171
168 172
169 155
169 145
169 202
170 161
171 148
171 168
171 177
172 168
172 138
172 173
172 199
173 172
174 138
174 198
175 141
176 149
176 197
177 171
177 148
177 168
177 199
178 139
178 146
179 158
180 151
181 150
181 162
182 146
183 141
183 185
184 148
184 177
185 183
185 141
186 152
187 158
187 194
187 199
188 145
189 147
190 144
190 156
191 166
192 157
193 144
194 158
194 187
195 191
195 166
196 138
196 174
196 198
197 176
197 149
198 174
198 196
198 138
199 142
199 177
199 172
199 187
200 163
201 138
202 145
202 169
203 166
204 146
204 73
204 100
206 207
206 208
206 209
207 206
207 209
207 212
208 206
209 206
209 207
209 210
210 209
212 207
213 115
213 10
213 134
213 214
213 215
213 216
213 219
214 213
214 217
214 219
214 222
215 213
215 218
216 213
216 218
216 219
217 214
217 221
218 215
218 216
219 214
219 213
219 216
219 220
219 223
220 219
220 214
220 222
221 217
222 220
222 213
222 214
223 219
224 92
224 150
224 46
224 50
224 8
224 225
224 228
225 224
225 227
225 228
226 224
227 225
228 225
228 224
