0.013213
0.052157
0.219782
0
0.104162
0.136209
0.068229
0.052146
0.023889
1
1
0.176723
0.128067
1
0.127578
0.079202
0.02162
1
0.059838
0.048203
0.186513
0.056112
0.072691
0.039421
0.043975
0.290316
0.102154
0.186729
0.203317
0.09726
0.106318
0.132583
0.227415
0.015475
0.001469
0.076625
0.178333
0
0.152606
0.064061
0.034883
0.003366
0.214758
1
0.014052
0.125737
0.045256
0.007255
0.039659
0.016058
0.082019
0.026709
0
0.000215
0.096872
0.188681
0.163339
0.020895
1
0.031047
0.201316
0.212483
0.004605
0.180221
0.132819
0.018045
0.168595
0.499985
0.193397
0.227044
0.17038
0.075977
0.028789
0.100076
0.40851
0.00027
0.034903
0.500223
0.010828
0.004201
0.020716
0.334608
0.407916
0.161605
0.018126
0.119906
0.001672
0.110342
0.020643
0.016448
0.062958
0.229884
0.018876
0.000122
0.048461
0.191246
0.08059
0.062318
0.186279
0.048918
0.020054
0.041317
0.002113
0.019968
0.006952
0.499749
0.120405
0.333543
0.191623
0.060183
0.00029
0.230778
0
0.027051
0.01617
1
0.407931
0.066854
0.008387
0.334636
0.033286
0.016071
0.004234
0.019193
0
0
0
0
0
0
0
0
0.035584
0.008185
0.031399
0.004
0
0.171208
1
0.019556
0.163491
0.116884
0.003602
0.499899
1
1
0.068616
0.044907
0.021912
0.150295
1
0.031664
0.027059
0.000901
0.081774
0.187845
0.338718
0.236874
0.160462
0
0.500294
0.005409
0.370193
0.144374
0.171447
0.086082
1
0.333576
0.021731
0.085073
0.002693
0.007747
0.125901
0.062722
0.239122
0.058613
0.037798
0.006024
0.021331
0.080261
0.015987
0.334155
0.034358
0.034682
0
0.034654
0.013691
0.03495
0.500485
0.022445
0.332878
0.40713
0.118239
0.500614
0.045834
0.333211
0.207302
0.01261
0.084275
0.020466
0.072128
0.500413
0.257521
0.501058
0.017024
0
0
0
0
0
0
0
0
0.122113
0.015352
0.031547
0.023346
0.003825
0.012975
0.015487
0.003677
0.001945
0.003677
0.007786
0.009419
0.001445
0
0.000711
0.002602
