229
710
0 1 0.166667
1 0 0.25
1 2 0.2
1 4 0.0909091
2 1 0.166667
2 9 0.0178571
4 1 0.166667
4 2 0.2
4 5 0.125
4 7 0.5
4 9 0.0178571
5 4 0.0909091
5 6 0.5
5 8 0.166667
5 9 0.0178571
6 5 0.125
7 4 0.0909091
8 5 0.125
8 224 0.0555556
9 4 0.0909091
9 2 0.2
9 5 0.125
9 10 0.0333333
9 11 0.0833333
9 12 0.0526316
9 13 0.05
9 25 0.25
9 29 0.0454545
9 31 0.05
9 43 0.05
9 45 0.125
9 50 0.047619
9 54 0.0714286
9 85 0.1
9 91 0.111111
9 95 0.166667
9 98 0.166667
9 137 0.0588235
10 9 0.0178571
10 20 0.0909091
10 28 0.142857
10 29 0.0454545
10 30 0.0833333
10 43 0.05
10 55 0.142857
10 61 0.166667
10 63 0.142857
10 64 0.111111
10 69 0.2
10 213 0.0625
11 9 0.0178571
11 19 0.142857
11 32 0.2
11 58 0.0666667
12 9 0.0178571
12 18 0.111111
12 21 0.142857
12 22 0.0454545
12 39 0.5
12 54 0.0714286
13 9 0.0178571
13 10 0.0333333
13 14 0.111111
13 42 0.166667
13 43 0.05
13 56 0.142857
13 66 0.142857
13 77 0.5
13 111 0.2
14 13 0.05
14 26 0.0769231
14 35 0.25
14 132 0.111111
15 16 0.0769231
15 17 0.0526316
15 26 0.0769231
15 40 0.166667
15 51 0.25
15 106 0.111111
16 15 0.0625
16 23 0.1
16 47 0.333333
16 78 0.5
17 15 0.0625
17 20 0.0909091
17 26 0.0769231
17 27 0.142857
17 68 0.166667
17 82 0.333333
17 106 0.111111
17 107 0.333333
17 108 0.166667
18 12 0.0526316
18 38 0.142857
18 73 0.0833333
19 11 0.0833333
19 92 0.125
20 17 0.0526316
20 10 0.0333333
20 23 0.1
20 71 0.333333
20 97 0.333333
21 12 0.0526316
21 38 0.142857
21 87 0.0909091
22 12 0.0526316
22 9 0.0178571
22 10 0.0333333
22 30 0.0833333
22 36 0.166667
22 44 0.166667
22 57 0.25
22 114 0.166667
22 115 0.0526316
23 16 0.0769231
23 20 0.0909091
23 24 0.142857
23 48 0.2
23 64 0.111111
24 23 0.1
24 48 0.2
24 64 0.111111
25 9 0.0178571
26 17 0.0526316
26 15 0.0625
26 14 0.111111
26 72 0.25
26 80 0.166667
27 17 0.0526316
27 68 0.166667
27 108 0.166667
28 10 0.0333333
28 30 0.0833333
28 61 0.166667
29 9 0.0178571
29 22 0.0454545
29 10 0.0333333
29 33 0.111111
29 49 0.125
29 65 0.142857
29 84 0.166667
29 113 0.25
30 22 0.0454545
30 28 0.142857
30 10 0.0333333
30 13 0.05
30 76 0.25
30 101 0.142857
31 9 0.0178571
31 25 0.25
31 43 0.05
31 46 0.142857
31 50 0.047619
31 91 0.111111
31 98 0.166667
31 99 0.2
32 11 0.0833333
32 58 0.0666667
33 29 0.0454545
33 34 0.0769231
33 84 0.166667
33 113 0.25
34 33 0.111111
34 29 0.0454545
34 41 0.166667
34 53 0.125
34 75 0.166667
34 110 0.142857
35 14 0.111111
35 68 0.166667
36 22 0.0454545
36 12 0.0526316
36 29 0.0454545
37 30 0.0833333
38 18 0.111111
38 21 0.142857
38 19 0.142857
39 12 0.0526316
40 15 0.0625
40 51 0.25
40 106 0.111111
41 34 0.0769231
41 19 0.142857
41 86 0.5
42 13 0.05
42 66 0.142857
42 111 0.2
43 9 0.0178571
43 31 0.05
43 13 0.05
43 10 0.0333333
43 67 0.5
43 74 0.333333
43 81 0.333333
43 91 0.111111
43 105 0.5
44 22 0.0454545
44 62 0.333333
44 114 0.166667
45 12 0.0526316
45 9 0.0178571
45 22 0.0454545
45 90 0.5
46 31 0.05
46 9 0.0178571
46 98 0.166667
46 224 0.0555556
47 16 0.0769231
47 43 0.05
48 23 0.1
48 24 0.142857
49 29 0.0454545
49 65 0.142857
49 79 0.125
50 9 0.0178571
50 25 0.25
50 31 0.05
50 54 0.0714286
50 59 0.142857
50 88 0.25
50 91 0.111111
50 95 0.166667
50 224 0.0555556
51 15 0.0625
51 40 0.166667
52 26 0.0769231
53 34 0.0769231
53 75 0.166667
53 93 0.25
53 110 0.142857
54 50 0.047619
54 9 0.0178571
54 31 0.05
54 12 0.0526316
54 92 0.125
54 94 0.5
54 137 0.0588235
55 10 0.0333333
55 69 0.2
56 20 0.0909091
56 43 0.05
56 26 0.0769231
56 16 0.0769231
56 13 0.05
57 22 0.0454545
57 114 0.166667
58 11 0.0833333
58 32 0.2
58 38 0.142857
58 60 0.166667
58 70 0.125
58 73 0.0833333
58 83 0.142857
58 87 0.0909091
59 9 0.0178571
59 50 0.047619
59 85 0.1
60 58 0.0666667
60 70 0.125
60 87 0.0909091
61 10 0.0333333
61 28 0.142857
61 63 0.142857
62 22 0.0454545
62 44 0.166667
63 55 0.142857
63 61 0.166667
63 10 0.0333333
63 64 0.111111
64 23 0.1
64 24 0.142857
64 10 0.0333333
64 48 0.2
64 63 0.142857
65 29 0.0454545
65 49 0.125
65 79 0.125
66 56 0.142857
66 42 0.166667
66 13 0.05
66 101 0.142857
67 43 0.05
68 17 0.0526316
68 27 0.142857
68 35 0.25
69 55 0.142857
69 10 0.0333333
69 28 0.142857
70 60 0.166667
70 58 0.0666667
70 73 0.0833333
70 83 0.142857
71 20 0.0909091
72 26 0.0769231
72 80 0.166667
73 18 0.111111
73 58 0.0666667
73 70 0.125
73 103 0.2
73 204 0.1
74 43 0.05
75 53 0.125
75 34 0.0769231
75 110 0.142857
76 30 0.0833333
76 101 0.142857
77 13 0.05
78 16 0.0769231
79 33 0.111111
79 29 0.0454545
79 49 0.125
79 65 0.142857
79 102 0.5
80 26 0.0769231
80 72 0.25
81 43 0.05
81 74 0.333333
82 17 0.0526316
83 58 0.0666667
83 70 0.125
83 18 0.111111
83 96 0.5
84 29 0.0454545
84 33 0.111111
84 65 0.142857
84 49 0.125
85 50 0.047619
85 9 0.0178571
85 31 0.05
85 59 0.142857
85 95 0.166667
85 99 0.2
86 41 0.166667
87 58 0.0666667
87 60 0.166667
87 21 0.142857
87 89 0.125
87 100 0.142857
88 9 0.0178571
88 50 0.047619
88 59 0.142857
89 87 0.0909091
89 100 0.142857
89 104 0.2
90 45 0.125
91 9 0.0178571
91 50 0.047619
91 31 0.05
91 43 0.05
92 91 0.111111
92 54 0.0714286
92 41 0.166667
92 19 0.142857
92 224 0.0555556
93 53 0.125
93 34 0.0769231
94 54 0.0714286
95 50 0.047619
95 85 0.1
95 9 0.0178571
96 83 0.142857
97 20 0.0909091
97 71 0.333333
98 46 0.142857
98 9 0.0178571
98 31 0.05
99 31 0.05
99 85 0.1
99 9 0.0178571
100 89 0.125
100 87 0.0909091
100 104 0.2
101 66 0.142857
101 76 0.25
101 30 0.0833333
101 10 0.0333333
102 79 0.125
103 73 0.0833333
103 21 0.142857
103 36 0.166667
103 18 0.111111
104 89 0.125
104 87 0.0909091
104 100 0.142857
105 43 0.05
106 15 0.0625
106 17 0.0526316
106 24 0.142857
106 40 0.166667
106 109 0.5
107 17 0.0526316
107 82 0.333333
108 27 0.142857
108 17 0.0526316
108 132 0.111111
109 106 0.111111
110 75 0.166667
110 53 0.125
110 93 0.25
110 34 0.0769231
111 13 0.05
111 42 0.166667
112 9 0.0178571
112 50 0.047619
112 59 0.142857
113 29 0.0454545
113 33 0.111111
114 57 0.25
114 22 0.0454545
114 44 0.166667
115 22 0.0454545
115 12 0.0526316
115 36 0.166667
115 116 0.333333
115 117 0.0666667
115 119 0.333333
115 213 0.0625
116 115 0.0526316
117 115 0.0526316
117 118 0.125
117 120 0.5
117 121 0.2
117 123 0.25
118 117 0.0666667
118 122 0.5
119 115 0.0526316
119 116 0.333333
120 117 0.0666667
121 117 0.0666667
121 123 0.25
122 118 0.125
123 121 0.2
123 117 0.0666667
124 29 0.0454545
124 73 0.0833333
124 89 0.125
124 12 0.0526316
124 125 0.2
124 127 0.142857
124 130 0.166667
125 124 0.0625
126 129 0.5
127 124 0.0625
127 128 0.2
127 130 0.166667
128 127 0.142857
128 131 0.5
129 126 0.25
130 127 0.142857
130 124 0.0625
131 128 0.2
132 14 0.111111
132 108 0.166667
132 27 0.142857
132 15 0.0625
132 133 0.125
133 132 0.111111
133 134 0.25
133 135 0.5
134 133 0.125
134 213 0.0625
135 133 0.125
137 54 0.0714286
137 9 0.0178571
137 115 0.0526316
137 138 0.0344828
137 139 0.0769231
137 144 0.037037
137 148 0.111111
138 137 0.0588235
138 140 0.0833333
138 141 0.1
138 143 0.5
138 155 0.166667
138 172 0.125
138 174 0.2
138 196 0.2
138 201 0.5
139 137 0.0588235
139 142 0.0909091
139 146 0.0666667
139 178 0.25
140 138 0.0344828
140 145 0.0833333
140 147 0.0909091
140 154 0.5
141 138 0.0344828
141 155 0.166667
141 175 0.5
141 183 0.25
141 185 0.25
142 139 0.0769231
142 137 0.0588235
142 153 0.25
142 199 0.125
143 138 0.0344828
144 137 0.0588235
144 149 0.0769231
144 156 0.25
144 157 0.125
144 158 0.0833333
144 163 0.142857
144 164 0.166667
144 190 0.333333
144 193 0.5
145 140 0.0833333
145 160 0.5
145 188 0.5
145 202 0.25
146 139 0.0769231
146 166 0.125
146 178 0.25
146 182 0.5
146 204 0.1
147 140 0.0833333
147 149 0.0769231
147 151 0.166667
147 164 0.166667
147 189 0.5
148 137 0.0588235
148 168 0.142857
148 171 0.166667
148 177 0.125
149 147 0.0909091
149 144 0.037037
149 150 0.05
149 151 0.166667
149 176 0.25
150 149 0.0769231
150 157 0.125
150 158 0.0833333
150 162 0.25
150 167 0.333333
150 181 0.333333
151 147 0.0909091
151 149 0.0769231
151 180 0.5
152 150 0.05
152 144 0.037037
152 157 0.125
152 161 0.2
152 163 0.142857
152 186 0.5
153 142 0.0909091
154 140 0.0833333
155 138 0.0344828
155 141 0.1
155 169 0.2
156 144 0.037037
157 150 0.05
157 144 0.037037
157 152 0.0714286
157 192 0.5
158 144 0.037037
158 150 0.05
158 179 0.5
158 187 0.166667
158 194 0.25
159 139 0.0769231
159 146 0.0666667
160 145 0.0833333
161 150 0.05
161 152 0.0714286
161 170 0.5
162 150 0.05
163 144 0.037037
163 156 0.25
163 152 0.0714286
163 200 0.5
164 144 0.037037
164 147 0.0909091
164 165 0.5
165 164 0.166667
166 146 0.0666667
166 191 0.333333
166 195 0.333333
166 203 0.5
167 150 0.05
167 162 0.25
168 148 0.111111
168 171 0.166667
168 172 0.125
169 155 0.166667
169 145 0.0833333
169 202 0.25
170 161 0.2
171 148 0.111111
171 168 0.142857
171 177 0.125
172 168 0.142857
172 138 0.0344828
172 173 0.5
172 199 0.125
173 172 0.125
174 138 0.0344828
174 198 0.2
175 141 0.1
176 149 0.0769231
176 197 0.333333
177 171 0.166667
177 148 0.111111
177 168 0.142857
177 199 0.125
178 139 0.0769231
178 146 0.0666667
179 158 0.0833333
180 151 0.166667
181 150 0.05
181 162 0.25
182 146 0.0666667
183 141 0.1
183 185 0.25
184 148 0.111111
184 177 0.125
185 183 0.25
185 141 0.1
186 152 0.0714286
187 158 0.0833333
187 194 0.25
187 199 0.125
188 145 0.0833333
189 147 0.0909091
190 144 0.037037
190 156 0.25
191 166 0.125
192 157 0.125
193 144 0.037037
194 158 0.0833333
194 187 0.166667
195 191 0.333333
195 166 0.125
196 138 0.0344828
196 174 0.2
196 198 0.2
197 176 0.25
197 149 0.0769231
198 174 0.2
198 196 0.2
198 138 0.0344828
199 142 0.0909091
199 177 0.125
199 172 0.125
199 187 0.166667
200 163 0.142857
201 138 0.0344828
202 145 0.0833333
202 169 0.2
203 166 0.125
204 146 0.0666667
204 73 0.0833333
204 100 0.142857
206 207 0.125
206 208 0.5
206 209 0.125
207 206 0.125
207 209 0.125
207 212 0.5
208 206 0.125
209 206 0.125
209 207 0.125
209 210 0.5
210 209 0.125
212 207 0.125
213 115 0.0526316
213 10 0.0333333
213 134 0.25
213 214 0.111111
213 215 0.25
213 216 0.166667
213 219 0.1
214 213 0.0625
214 217 0.25
214 219 0.1
214 222 0.2
215 213 0.0625
215 218 0.25
216 213 0.0625
216 218 0.25
216 219 0.1
217 214 0.111111
217 221 0.5
218 215 0.25
218 216 0.166667
219 214 0.111111
219 213 0.0625
219 216 0.166667
219 220 0.2
219 223 0.5
220 219 0.1
220 214 0.111111
220 222 0.2
221 217 0.25
222 220 0.2
222 213 0.0625
222 214 0.111111
223 219 0.1
224 92 0.125
224 150 0.05
224 46 0.142857
224 50 0.047619
224 8 0.166667
224 225 0.125
224 228 0.25
225 224 0.0555556
225 227 0.5
225 228 0.25
226 224 0.0555556
227 225 0.125
228 225 0.125
228 224 0.0555556
