15 11
15 14
27 28
49 31
49 32
28 27
50 39
50 29
0 1
0 2
48 46
48 59
1 0
29 34
29 39
29 50
2 0
16 13
17 10
30 29
30 41
30 47
30 51
31 32
31 35
31 40
31 49
51 44
51 35
51 30
52 44
18 6
18 4
4 18
32 31
32 49
32 57
33 37
33 38
33 46
33 47
53 43
53 56
34 29
34 43
34 60
35 31
35 34
35 29
35 36
35 45
35 51
54 46
54 55
36 35
19 10
19 13
19 12
37 33
37 38
55 54
20 8
20 22
20 67
56 53
56 43
57 32
5 13
21 14
21 11
21 23
58 32
58 40
58 57
58 42
59 46
59 48
22 3
22 20
60 34
60 65
38 33
38 37
6 3
6 8
6 18
23 21
61 63
39 29
39 50
47 30
47 33
62 64
40 31
40 58
63 61
8 6
8 9
64 62
65 37
65 60
65 56
41 30
42 44
42 58
67 20
43 34
43 53
43 56
9 8
10 12
10 13
10 19
11 14
11 15
11 21
44 31
44 42
44 51
44 52
45 35
12 10
12 19
46 33
46 48
46 59
13 10
13 12
13 5
13 16
14 11
14 15
14 21
