68
133
15 11 0.0769231
15 14 0.166667
27 28 0.25
49 31 0.0909091
49 32 0.0714286
28 27 0.166667
50 39 0.25
50 29 0.0769231
0 1 0.5
0 2 0.25
48 46 0.125
48 59 0.25
1 0 0.125
29 34 0.111111
29 39 0.25
29 50 0.166667
2 0 0.125
16 13 0.125
17 10 0.111111
30 29 0.0769231
30 41 0.5
30 47 0.166667
30 51 0.166667
31 32 0.0714286
31 35 0.0714286
31 40 0.25
31 49 0.125
51 44 0.1
51 35 0.0714286
51 30 0.0769231
52 44 0.1
18 6 0.142857
18 4 0.2
4 18 0.142857
32 31 0.0909091
32 49 0.125
32 57 0.333333
33 37 0.142857
33 38 0.25
33 46 0.125
33 47 0.166667
53 43 0.111111
53 56 0.2
34 29 0.0769231
34 43 0.111111
34 60 0.25
35 31 0.0909091
35 34 0.111111
35 29 0.0769231
35 36 0.25
35 45 0.5
35 51 0.166667
54 46 0.125
54 55 0.5
36 35 0.0714286
19 10 0.111111
19 13 0.125
19 12 0.2
37 33 0.0833333
37 38 0.25
55 54 0.125
20 8 0.0909091
20 22 0.2
20 67 0.0833333
56 53 0.25
56 43 0.111111
57 32 0.0714286
5 13 0.125
21 14 0.166667
21 11 0.0769231
21 23 0.5
58 32 0.0714286
58 40 0.25
58 57 0.333333
58 42 0.125
59 46 0.125
59 48 0.25
22 3 0.0769231
22 20 0.111111
60 34 0.111111
60 65 0.125
38 33 0.0833333
38 37 0.142857
6 3 0.0769231
6 8 0.0909091
6 18 0.142857
23 21 0.111111
61 63 0.5
39 29 0.0769231
39 50 0.166667
47 30 0.0769231
47 33 0.0833333
62 64 0.333333
40 31 0.0909091
40 58 0.166667
63 61 0.166667
8 6 0.142857
8 9 0.5
64 62 0.25
65 37 0.142857
65 60 0.25
65 56 0.2
41 30 0.0769231
42 44 0.1
42 58 0.166667
67 20 0.111111
43 34 0.111111
43 53 0.25
43 56 0.2
9 8 0.0909091
10 12 0.2
10 13 0.125
10 19 0.2
11 14 0.166667
11 15 0.25
11 21 0.111111
44 31 0.0909091
44 42 0.125
44 51 0.166667
44 52 0.5
45 35 0.0714286
12 10 0.111111
12 19 0.2
46 33 0.0833333
46 48 0.25
46 59 0.25
13 10 0.111111
13 12 0.2
13 5 0.0909091
13 16 0.5
14 11 0.0769231
14 15 0.25
14 21 0.111111
