0 1
0 3
1 0
1 2
1 5
2 1
2 4
2 5
3 0
4 2
4 5
5 1
5 2
5 4
5 6
5 7
5 12
6 10
6 5
7 8
7 5
7 6
8 11
8 12
8 7
9 5
10 6
11 8
11 12
11 7
12 61
12 58
12 5
12 8
12 42
12 11
12 13
12 14
12 15
13 17
13 18
13 220
13 204
13 12
13 78
14 16
14 81
14 156
14 115
14 20
14 36
14 58
14 123
14 12
14 106
15 69
15 102
15 200
15 172
15 107
15 12
15 45
15 206
15 47
15 209
15 22
15 119
15 88
15 60
15 29
15 223
16 115
16 181
16 19
16 100
16 14
16 134
16 87
16 27
16 30
16 117
17 187
17 50
17 35
17 212
17 13
18 186
18 84
18 13
18 54
18 21
19 16
19 32
19 75
19 101
19 39
19 137
19 23
19 110
19 30
20 16
20 70
20 36
20 30
20 14
21 113
21 18
21 147
21 84
21 38
21 24
21 116
21 178
22 200
22 172
22 77
22 15
23 33
23 19
23 52
23 105
23 26
23 189
24 116
24 178
24 84
24 21
25 16
25 56
25 83
25 163
25 238
25 65
25 40
25 73
25 28
25 30
25 127
26 43
26 222
26 94
26 23
27 16
27 117
27 181
28 16
28 35
28 83
28 165
28 25
28 138
28 125
29 107
29 67
29 180
29 261
29 22
29 15
29 31
29 46
29 63
30 16
30 25
30 19
30 20
30 118
31 48
31 66
31 148
31 182
31 39
31 461
31 29
31 223
32 19
32 53
33 208
33 26
33 23
34 177
34 143
34 37
34 193
34 59
34 12
34 13
34 199
34 31
35 136
35 17
35 122
35 91
35 28
36 83
36 20
36 14
37 192
37 34
37 85
37 121
37 45
37 31
38 80
38 21
38 151
38 24
38 41
38 90
38 215
38 44
38 109
39 19
39 155
39 170
39 107
39 30
39 31
40 25
40 62
40 17
41 113
41 44
41 38
41 151
42 120
42 124
42 194
42 12
42 256
43 26
43 51
43 55
44 41
44 89
44 38
44 49
45 175
45 69
45 22
45 72
45 153
45 15
45 29
45 37
46 99
46 108
46 29
47 209
47 162
47 172
47 77
47 15
48 66
48 68
48 31
49 80
49 38
49 151
49 41
49 90
49 44
49 109
50 40
50 17
50 35
51 57
51 26
51 43
51 74
51 55
52 104
52 97
52 128
52 19
52 23
53 32
53 98
54 24
54 201
54 18
54 21
54 197
55 112
55 191
55 51
55 43
55 93
55 158
55 141
56 25
56 79
56 124
56 238
56 73
57 176
57 51
57 43
57 171
58 203
58 12
58 14
59 177
59 34
59 193
59 89
59 154
59 199
59 202
59 143
60 64
60 84
60 22
60 71
60 72
60 15
61 12
61 197
62 40
63 99
63 108
63 29
64 50
64 60
64 69
64 15
65 25
65 163
66 48
66 132
66 85
66 196
66 76
66 173
66 31
67 99
67 29
67 63
68 48
68 98
68 59
68 31
69 64
69 144
69 50
69 131
69 207
69 45
69 15
70 464
70 184
70 82
70 52
70 104
70 20
70 95
71 96
71 60
71 174
71 167
72 188
72 60
72 45
73 56
73 25
73 75
74 114
74 51
74 26
74 43
74 53
75 73
75 19
75 142
76 66
76 196
76 85
77 152
77 22
77 102
77 119
77 88
77 15
77 200
77 47
78 168
78 145
78 219
78 13
79 56
80 41
80 133
80 38
80 49
81 106
81 156
81 14
82 70
83 179
83 36
83 211
83 25
83 92
83 125
83 28
83 95
84 18
84 195
84 21
84 86
84 24
84 60
85 256
85 66
85 37
85 198
85 76
85 140
85 47
85 146
85 216
85 217
85 154
85 126
86 84
86 21
87 16
87 27
87 134
88 209
88 102
88 77
88 22
88 15
89 90
89 59
89 44
89 103
90 80
90 89
90 38
90 49
91 122
91 35
91 138
92 176
92 83
92 95
93 112
93 55
94 51
94 26
94 43
94 53
95 57
95 82
95 83
95 92
95 70
96 71
97 111
97 23
97 52
97 55
98 68
98 53
99 67
99 180
99 101
99 46
99 63
100 16
100 123
100 27
100 87
101 19
101 99
101 29
101 39
102 88
102 77
102 22
102 15
103 89
104 185
104 52
104 70
105 23
106 81
106 14
107 160
107 129
107 261
107 150
107 39
107 29
107 46
107 15
108 67
108 99
108 29
108 46
108 63
109 49
109 130
109 38
109 41
110 19
111 97
112 157
112 191
112 93
112 55
113 41
113 164
113 21
113 71
114 74
115 16
115 81
115 14
116 24
116 178
116 21
116 166
117 16
117 123
117 27
117 169
117 87
118 30
119 152
119 162
119 47
119 77
119 15
120 42
120 194
121 37
122 91
122 35
123 16
123 81
123 100
123 117
123 169
123 461
123 221
123 14
123 149
124 16
124 120
124 211
124 56
124 42
124 27
125 83
125 28
125 78
126 217
126 85
127 25
127 179
128 52
129 210
129 107
130 192
130 109
131 69
132 68
132 66
132 76
132 161
132 135
133 80
133 41
133 44
133 256
133 215
134 16
134 169
134 100
134 87
135 132
136 35
137 218
137 19
137 190
138 91
138 35
138 28
139 45
140 216
140 146
140 85
141 32
141 112
141 55
142 75
143 34
143 59
143 202
144 69
145 78
146 140
146 85
146 198
147 116
147 21
147 183
148 101
148 31
149 123
149 221
150 210
150 107
150 238
150 223
151 49
151 44
151 38
151 41
152 200
152 15
152 77
152 119
153 45
153 175
154 256
154 85
154 214
154 59
154 140
154 213
155 170
155 39
156 81
156 106
156 14
157 112
157 55
158 55
159 48
159 31
160 107
160 150
161 132
161 135
162 47
162 172
162 77
162 119
163 65
163 481
163 25
164 113
165 28
166 24
166 116
166 21
167 96
167 71
168 219
168 78
169 123
169 117
169 134
170 155
170 39
171 57
172 162
172 47
172 77
172 22
172 15
173 66
173 76
174 71
175 153
175 45
176 57
176 171
176 92
177 34
177 59
178 24
178 116
178 21
179 83
179 211
179 127
180 99
180 29
180 46
181 16
181 27
181 100
181 223
182 31
183 147
184 464
184 82
184 70
185 104
186 18
187 168
187 17
187 122
187 35
187 28
188 72
189 105
189 23
190 137
190 191
191 112
191 137
191 190
191 55
192 72
192 146
192 37
192 130
192 109
193 34
193 59
193 202
194 120
194 42
195 84
196 66
196 76
197 201
197 61
197 54
198 146
198 140
198 85
199 34
199 59
199 143
200 22
200 102
200 152
200 77
200 206
200 15
201 164
201 197
201 54
202 193
202 59
202 143
203 58
204 220
204 13
205 37
206 152
206 200
206 47
206 172
206 15
207 69
208 33
209 88
209 47
209 77
209 102
209 15
210 129
210 107
210 150
211 83
211 124
211 179
212 17
213 256
213 154
214 154
215 80
215 49
215 492
215 133
215 38
216 146
216 140
216 85
217 85
217 126
218 137
218 190
219 168
219 78
220 204
220 13
221 123
221 149
222 26
222 51
223 229
223 225
223 226
223 227
223 52
223 181
223 150
223 263
223 234
223 15
223 31
224 223
225 223
226 232
226 223
227 228
227 230
227 223
228 233
228 227
228 231
229 223
230 227
231 233
231 228
231 237
232 226
233 235
233 228
233 231
234 223
235 233
235 236
236 235
237 231
238 240
238 66
238 245
238 150
238 56
238 25
238 239
239 241
239 242
239 238
240 248
240 242
240 253
240 238
240 255
241 249
241 243
241 239
242 240
242 250
242 246
242 239
243 241
243 244
244 243
245 242
245 238
245 247
246 242
246 250
247 245
248 240
248 238
249 241
249 247
250 242
250 254
250 246
251 249
251 252
251 479
252 249
252 251
253 240
254 250
255 240
256 257
256 258
256 213
256 42
256 154
256 85
256 133
257 256
257 259
257 260
258 256
258 257
259 257
259 258
260 257
260 258
261 2
261 53
261 6
261 262
261 107
261 29
262 261
263 304
263 322
263 67
263 324
263 321
263 265
263 266
263 268
263 418
263 270
263 271
263 76
263 273
263 419
263 276
263 53
263 300
263 155
263 329
263 223
264 401
264 275
264 269
264 263
265 337
265 274
265 292
265 263
265 280
265 282
265 267
265 302
266 278
266 263
266 265
266 415
266 302
266 335
267 280
267 265
267 292
267 332
267 343
268 273
268 388
268 318
268 263
269 264
269 336
269 306
269 426
269 382
270 327
270 263
271 288
271 352
271 294
271 263
271 362
271 311
271 269
271 301
271 272
271 385
271 279
271 314
271 447
272 322
272 447
272 424
272 347
272 338
272 286
272 271
273 289
273 418
273 374
273 263
273 312
273 283
273 268
273 333
273 287
274 307
274 277
274 325
274 265
274 267
274 332
274 395
274 303
275 272
275 264
275 408
275 383
275 296
276 281
276 349
276 263
277 368
277 274
277 297
277 443
277 284
277 271
278 266
278 290
278 397
279 385
279 314
279 294
279 271
280 275
280 375
280 296
280 265
280 298
280 267
280 428
280 285
281 348
281 276
281 310
281 263
282 265
282 267
282 366
282 305
283 273
284 277
284 440
284 447
284 316
284 397
284 271
285 386
285 389
285 390
285 359
285 280
285 455
286 272
286 424
286 347
287 273
287 361
288 272
288 291
288 294
288 279
288 377
288 315
288 301
288 271
289 273
289 357
289 358
289 421
289 287
289 309
290 297
290 266
290 278
290 335
291 288
291 313
291 416
291 293
292 265
292 267
292 436
293 344
293 313
293 291
293 326
293 345
294 288
294 368
294 371
294 373
294 279
294 458
294 446
294 271
295 451
295 285
295 389
296 275
296 356
296 280
296 442
296 317
296 383
297 290
297 299
297 277
298 280
298 456
298 428
299 297
300 263
301 288
301 321
301 404
301 438
301 271
302 387
302 360
302 265
302 266
302 479
302 282
302 397
302 335
303 274
303 292
303 414
303 394
303 380
303 370
303 334
303 319
304 263
305 272
305 282
305 303
306 336
306 269
307 274
307 403
307 308
307 409
307 270
307 319
308 354
308 307
308 410
308 342
309 448
309 289
309 327
309 437
309 407
309 427
309 318
310 281
310 346
310 348
311 481
311 362
311 279
311 271
312 273
313 291
313 293
313 326
314 271
314 279
315 288
315 353
316 401
316 284
317 296
317 442
318 364
318 388
318 268
318 309
318 263
319 369
319 307
319 420
319 439
319 422
319 327
319 331
319 303
320 272
320 424
320 322
320 347
320 366
321 323
321 301
321 263
322 320
322 272
322 432
322 398
322 263
322 381
322 350
322 399
323 321
324 304
324 263
325 352
325 368
325 274
325 308
325 406
325 378
326 313
326 291
326 293
326 345
326 329
327 309
327 328
327 393
327 330
327 270
327 319
328 393
328 330
328 327
329 423
329 355
329 341
329 326
329 263
330 328
330 327
331 369
331 319
332 339
332 274
332 267
332 454
332 406
333 273
334 352
334 370
334 379
334 303
335 266
335 363
335 290
335 302
336 306
336 269
337 267
337 265
337 400
337 307
337 461
338 272
338 417
338 275
338 444
338 387
338 286
339 384
339 280
339 298
339 332
339 365
339 367
340 419
340 278
341 329
341 423
342 308
343 265
343 267
344 291
344 372
344 293
344 326
344 345
344 313
345 291
345 293
345 326
345 344
345 313
345 351
346 348
346 310
347 272
347 320
347 424
347 286
348 453
348 310
348 281
348 346
348 366
348 431
349 276
350 322
351 345
351 313
352 449
352 452
352 325
352 303
352 429
352 334
352 271
353 321
353 315
353 374
354 308
355 329
355 418
355 459
355 460
355 353
356 296
356 441
356 317
356 413
357 289
357 421
357 358
357 361
358 289
358 357
359 386
359 455
359 285
359 390
359 295
360 302
361 273
361 289
361 357
361 287
362 385
362 311
362 271
363 335
364 457
364 318
365 339
366 320
366 291
366 372
366 412
366 282
366 411
366 348
367 384
367 339
367 365
368 277
368 294
368 325
369 331
369 420
369 435
369 319
370 435
370 414
370 394
370 379
370 380
370 334
370 303
371 294
372 434
372 391
372 344
372 345
372 281
372 366
373 481
373 458
373 294
374 312
374 353
374 355
374 273
375 280
375 296
376 354
376 308
377 288
378 325
379 370
379 380
379 334
379 303
380 370
380 379
380 303
381 322
381 350
382 405
382 338
382 306
382 430
382 269
383 296
383 264
383 275
383 425
384 339
384 365
384 367
385 362
385 279
385 271
386 455
386 285
386 359
387 338
387 302
388 353
388 268
388 318
389 295
389 455
389 285
389 390
389 359
390 402
390 339
390 389
390 359
390 392
390 426
390 285
390 430
391 372
392 430
392 390
393 328
393 464
393 327
394 332
394 370
394 396
394 380
394 303
395 274
396 265
396 394
396 267
396 492
396 298
397 340
397 284
397 278
397 302
398 322
398 350
399 322
400 337
401 264
401 316
402 392
402 390
403 307
404 301
405 426
405 382
406 332
406 325
407 309
408 275
409 307
410 409
410 308
410 437
411 366
412 366
413 441
413 356
414 370
414 379
414 334
414 303
415 266
416 313
416 291
417 338
418 273
418 355
418 263
419 340
419 278
419 318
419 263
420 369
420 319
421 289
421 357
422 369
422 319
423 329
423 341
424 272
424 320
424 347
424 286
425 383
426 392
426 405
426 390
426 269
427 410
427 309
427 407
428 280
428 456
428 298
429 352
430 392
430 426
430 390
430 382
430 402
431 348
431 453
431 310
432 322
432 381
432 350
433 263
434 372
435 369
435 370
435 319
435 337
436 292
437 445
437 410
437 315
437 309
437 327
438 301
439 420
439 327
439 308
439 319
440 284
441 356
441 413
442 296
442 317
443 277
444 417
444 338
445 437
446 371
446 294
447 272
447 385
447 450
447 284
447 271
448 309
449 352
450 319
450 322
450 263
450 447
451 389
451 295
452 352
452 449
453 281
453 348
453 431
454 332
455 389
455 386
455 285
455 359
456 280
456 298
456 428
457 364
458 371
458 373
458 294
459 355
460 312
460 273
460 355
460 333
461 337
461 20
461 319
461 123
461 463
461 462
461 31
462 461
463 461
464 465
464 470
464 70
464 327
464 184
464 393
464 270
465 464
465 466
465 467
465 468
465 469
465 471
465 472
466 465
467 465
467 473
468 465
468 476
468 471
469 465
469 475
469 477
470 464
471 465
471 467
471 468
472 465
473 474
473 467
474 473
475 469
475 477
476 468
476 478
477 475
477 469
478 472
478 476
479 480
479 197
479 251
479 140
479 302
479 15
480 479
481 490
481 162
481 163
481 484
481 373
481 102
481 311
481 487
481 485
481 482
481 483
482 488
482 481
482 484
483 481
483 491
484 481
484 482
484 486
484 487
485 481
485 491
485 489
486 488
486 484
487 481
487 484
487 486
488 481
488 482
488 486
489 485
490 481
491 489
491 483
491 485
492 499
492 455
492 215
492 201
492 267
492 396
492 494
493 496
493 497
493 492
494 492
494 495
495 499
495 494
496 493
497 498
497 493
498 497
499 492
499 494
499 495
