0 1
0 2
0 3
0 4
0 5
0 9
0 20
0 27
0 32
0 35
0 41
0 52
0 54
0 55
0 65
0 74
0 134
0 146
0 155
0 160
1 0
1 7
1 11
1 24
1 64
1 93
1 112
1 113
1 150
1 190
2 0
2 18
2 20
2 30
2 32
2 33
2 52
2 75
2 87
2 94
2 95
2 105
3 0
3 17
3 21
3 36
3 78
3 81
4 0
4 10
4 15
4 19
4 22
4 47
4 74
5 0
5 2
5 6
5 46
5 51
5 52
5 76
5 98
5 125
5 200
6 5
6 28
6 39
7 1
7 8
7 13
7 28
7 49
7 68
7 183
8 7
8 11
8 23
8 59
8 126
8 173
9 2
9 4
9 0
9 25
9 34
9 54
9 176
10 4
10 12
10 41
11 1
11 8
11 14
11 31
11 40
11 64
11 102
11 133
12 10
12 80
12 85
12 90
12 111
12 151
13 7
13 18
13 28
13 29
13 104
13 130
13 183
13 184
13 187
14 7
14 11
14 13
14 16
14 31
14 58
14 103
14 120
15 4
15 9
15 44
15 115
16 14
16 31
16 58
16 120
17 3
17 147
18 13
18 2
18 23
18 110
18 159
19 4
19 44
19 140
20 0
20 2
20 84
21 3
21 164
22 4
22 0
22 2
22 33
22 42
22 53
22 57
22 77
22 205
23 8
23 18
23 26
23 61
23 95
24 1
24 165
25 9
25 60
25 62
25 92
25 109
25 176
25 191
26 23
26 61
26 95
27 0
28 13
28 7
28 6
28 114
28 128
29 13
29 104
29 187
30 2
30 33
30 87
31 11
31 14
31 16
32 0
32 22
32 2
32 37
32 57
32 63
32 97
32 132
32 204
33 22
33 30
33 2
33 5
33 123
33 170
34 9
34 100
35 0
35 27
35 52
35 54
35 56
35 65
35 146
35 160
35 168
36 3
36 78
37 32
37 38
37 132
37 204
38 37
38 32
38 50
38 71
38 122
38 195
39 6
39 104
40 11
40 45
40 163
41 0
41 10
41 46
41 57
41 66
41 70
41 101
41 116
41 157
42 22
42 4
42 32
43 33
44 15
44 19
44 17
45 40
45 66
45 163
46 41
46 5
46 48
46 157
47 4
48 46
48 57
48 136
49 7
49 68
49 183
50 38
50 17
50 135
51 5
51 98
51 200
52 0
52 35
52 5
52 2
52 99
52 121
52 129
52 146
52 181
53 22
53 89
53 205
54 41
54 9
54 0
54 35
54 88
54 118
54 162
54 166
54 186
54 193
54 194
54 208
55 4
55 0
55 22
55 84
55 144
56 35
56 0
56 160
57 32
57 41
57 48
57 22
57 136
58 16
58 14
58 1
58 82
58 138
58 154
59 8
59 52
60 25
60 72
60 73
60 182
61 23
61 26
62 9
62 34
62 25
62 79
62 100
62 106
62 194
62 201
63 32
63 97
63 127
64 11
64 1
64 16
64 179
64 197
65 0
65 27
65 35
65 74
65 83
65 142
65 146
65 155
66 45
66 41
66 32
66 38
66 108
66 124
66 137
66 139
66 149
66 152
67 0
67 63
67 54
67 35
68 7
68 49
69 28
69 173
70 41
71 38
71 122
71 148
71 195
72 60
72 73
72 182
73 60
73 72
73 158
74 65
74 0
74 35
74 4
74 147
74 153
75 2
75 105
76 18
76 52
76 28
76 8
76 5
77 22
77 205
78 3
78 36
78 44
78 86
78 107
78 115
78 131
78 140
79 62
79 100
79 106
79 194
79 201
80 12
80 73
80 199
81 17
81 80
81 3
81 36
81 175
82 58
82 138
83 0
83 65
83 134
84 22
84 55
84 20
84 0
84 96
84 167
85 12
86 78
86 107
86 140
87 2
87 30
87 94
88 54
88 118
89 22
89 53
90 12
91 44
91 25
91 119
92 25
92 119
92 191
93 1
94 75
94 87
94 2
94 95
95 23
95 26
95 2
95 61
95 94
96 84
96 171
97 32
97 63
97 127
98 76
98 51
98 5
98 170
99 52
100 9
100 79
100 34
100 62
100 141
100 145
101 41
101 157
102 11
102 118
102 185
102 198
103 14
103 16
103 117
103 173
103 185
104 13
104 29
104 39
105 75
105 2
105 30
106 79
106 62
106 201
107 86
107 78
107 115
107 131
108 66
108 137
109 25
109 119
110 18
111 12
111 151
112 1
112 93
113 58
113 1
114 28
114 128
115 12
115 15
115 78
115 107
115 178
116 41
117 103
117 196
118 88
118 54
118 102
118 162
118 172
118 209
119 70
119 74
119 92
119 91
119 109
120 14
120 16
121 52
122 71
122 38
122 195
123 33
123 170
124 66
124 108
125 5
126 8
127 37
127 32
127 63
127 97
127 174
128 28
128 114
128 185
129 52
129 121
130 13
131 78
131 107
131 15
131 156
132 32
132 37
132 97
132 63
133 102
133 11
133 185
133 210
134 65
134 0
134 35
134 83
134 155
134 168
135 50
136 57
136 48
136 161
136 206
137 66
137 108
138 58
138 82
139 40
139 100
139 66
139 194
140 78
140 86
140 19
140 143
140 169
141 100
141 145
142 0
142 65
142 83
143 140
143 169
143 180
144 55
145 100
145 141
146 0
146 65
146 35
146 52
147 146
147 74
147 50
147 17
148 71
148 38
149 66
149 152
150 11
150 1
151 12
151 111
152 66
152 137
152 149
153 74
154 58
154 82
155 65
155 134
155 0
156 131
157 41
157 46
157 101
157 189
158 73
158 203
159 18
159 110
160 56
160 0
160 35
161 136
162 118
162 54
163 45
163 40
164 21
165 24
166 139
166 54
166 9
166 88
166 177
166 192
167 84
167 171
168 35
168 134
168 0
169 143
169 140
169 180
170 98
170 123
170 33
170 2
171 167
171 96
172 118
172 209
173 103
173 8
173 6
173 69
174 127
175 81
176 92
176 25
176 34
176 9
177 166
177 192
178 115
178 19
178 42
178 15
179 64
179 197
180 143
180 140
180 169
181 52
182 72
182 60
182 158
183 7
183 13
183 26
183 49
183 188
184 13
184 130
185 103
185 28
185 133
185 102
185 128
186 54
186 88
186 194
187 29
187 13
188 183
189 157
190 1
190 112
191 25
191 92
192 166
192 177
193 54
194 186
194 139
194 62
194 54
194 79
195 122
195 71
195 148
195 38
196 117
196 207
197 64
197 179
198 102
199 80
199 175
199 81
200 5
200 51
201 79
201 62
201 106
202 0
202 65
202 83
203 158
204 32
204 37
205 77
205 22
205 53
206 136
207 117
207 196
208 88
208 186
208 54
209 172
209 118
210 133
