1
1
1
0.176836
0.08575
1
0.126859
0.136238
0.032517
0.201938
0.151864
0.089609
1
1
0.011076
0.055212
0.01804
0.05303
0.187342
0.050526
0.307365
0.044375
0.024053
0.041204
0.250442
1
0.045237
0.298664
0.106565
0.183323
0.204194
0.018877
0.136214
0.1028
0.079388
0.176124
0.230462
0.029397
0.078363
0.076491
0.064764
0.164303
0.007209
0
0.152429
0.172909
0.145717
0.043279
0.029956
0.046802
0.015708
0.214227
1
0.004654
1
0.129562
0.051154
0.034862
0.03009
0.010946
0.128526
0.04016
0.08398
0.022724
0.120425
0.083576
1
0
0.04266
0.001617
0.072068
0.012929
0.029922
0.035467
0.086543
0.189106
0.163884
0.006953
1
0.027695
0.169917
0.028854
0.008713
0.031151
0.043093
0.500943
0.200849
0.213272
0.221446
0.001598
0.500329
0.011082
0.199425
0.403735
0.180508
0.132257
0.011383
0.025402
0.168451
0.501162
0.028974
0.049011
0.024914
0.002401
0.193481
0.22748
0.020512
0.170069
0.289668
0.255254
0.076748
0.298052
0.314717
0.334347
0.030185
0.099289
0.082305
0.000499
0.119832
0.055135
0.006962
0.407184
0.01604
0.033887
0.333855
0.500115
0.016383
0.00594
0.02208
0.333569
0.408818
0.16229
0.026812
0.013473
0.121353
0.007873
0.007784
0.277912
0.009047
0.171413
0.109599
0.008651
0.021033
0.015675
0.064978
0.008728
0.233583
0.017439
0.006453
0.288738
0.332953
0.298071
0.24132
0.043374
0.009863
0.191534
0.081372
0.042273
0.012696
0.062458
0.193327
0.003941
0.269242
0.055854
0.022095
0.125656
0.101053
0.011239
0.058091
0.017702
0.040908
0.005299
0.035794
0.004932
0.002998
0.022533
0.193317
0.030048
0.019906
0.029073
0.006483
0.500273
0.0297
0.127315
0.334535
0.00665
0.217938
0.189457
0.063713
0.021101
0.334584
0.282234
0.029919
0.500912
0.140858
0.014227
0.000136
0.034878
0.008299
0.04272
0.230613
0.0205
0
0.006366
0.039235
0.005383
0.00394
4.7e-05
0.25085
0.035667
0.006788
