15 14
51 40
16 14
17 12
17 27
52 49
52 61
53 44
37 38
37 42
54 49
18 0
18 5
55 41
55 59
56 39
56 47
19 1
0 3
0 11
0 14
0 18
1 6
1 8
1 9
1 19
1 20
20 1
57 47
57 48
21 9
21 20
21 22
21 24
38 37
38 44
58 49
58 61
39 40
39 41
39 56
2 4
2 7
2 28
2 30
3 0
3 31
22 21
23 8
24 21
40 39
40 47
40 51
4 2
4 5
4 10
4 26
5 3
5 4
5 0
5 18
5 26
5 31
41 39
41 55
41 63
25 7
26 4
26 5
42 37
43 37
43 50
59 55
59 62
60 46
60 50
27 12
27 17
61 58
61 52
44 38
44 45
44 53
62 59
6 1
6 8
6 13
7 2
7 25
63 41
28 2
28 18
45 39
45 44
29 8
46 47
46 50
8 1
8 6
8 23
8 29
47 40
47 46
47 48
47 56
47 57
30 2
30 18
30 31
30 32
31 5
31 3
31 30
32 30
33 34
9 1
9 11
9 21
34 33
10 4
35 34
48 47
48 57
11 9
11 0
12 1
12 17
12 27
13 6
49 52
49 54
49 58
50 43
50 46
50 60
14 0
14 3
14 5
14 15
14 16
