3 4
3 6
3 7
3 32
3 44
3 53
4 3
4 19
4 21
4 24
4 28
5 10
5 16
5 30
5 34
5 48
5 56
5 58
6 3
6 17
6 18
6 52
7 3
7 12
7 13
8 9
8 35
8 39
8 60
9 8
9 35
9 40
9 60
10 5
10 3
10 11
10 14
10 15
10 23
10 36
10 51
11 10
11 8
11 50
11 61
12 7
12 13
12 27
13 12
13 7
13 27
13 54
14 10
14 36
14 37
14 51
15 10
15 51
16 5
16 22
16 25
16 29
16 31
16 49
16 55
17 6
18 6
19 4
19 26
19 46
20 17
21 4
22 16
22 31
22 49
22 55
23 16
23 10
23 33
23 47
24 4
24 38
24 59
25 16
25 22
26 19
27 13
27 7
27 12
27 54
28 4
29 16
29 25
30 5
30 34
30 57
31 16
31 22
31 49
31 55
32 3
33 23
33 41
33 45
34 5
34 30
34 58
35 9
35 8
35 43
35 60
36 10
36 14
36 37
37 36
37 10
37 14
38 24
39 9
39 8
40 9
40 35
40 8
41 33
41 23
41 45
43 9
43 35
43 39
44 3
44 129
45 33
45 23
45 41
45 47
46 19
47 45
47 23
47 41
48 5
49 16
49 22
49 31
50 11
51 10
51 14
51 36
51 15
52 6
52 18
53 3
54 7
54 27
54 13
55 16
55 22
55 31
56 5
56 30
56 135
57 30
57 34
57 56
57 5
58 34
58 5
58 30
59 24
60 35
60 9
60 43
60 39
60 8
61 11
64 67
67 64
68 69
68 70
69 68
70 68
71 73
71 75
71 78
71 80
71 81
71 91
71 95
71 103
71 105
71 107
71 113
72 74
72 77
72 86
72 96
72 97
73 71
73 78
73 86
73 88
73 104
73 111
73 118
73 124
74 72
75 71
75 79
75 98
75 115
76 89
76 102
77 72
77 84
77 87
77 93
77 94
78 71
78 73
78 81
78 83
78 116
79 75
79 71
79 95
79 99
79 117
80 71
80 113
81 71
81 78
81 85
82 76
83 78
83 121
84 77
84 87
84 93
85 81
86 72
86 73
86 90
86 92
86 101
86 120
87 84
87 77
87 93
88 73
88 106
89 76
90 86
91 71
92 86
92 90
92 101
92 127
93 77
93 87
93 84
94 77
94 119
94 122
94 123
95 79
95 71
95 109
96 72
97 72
98 75
99 79
100 79
100 110
100 126
101 92
101 86
101 125
102 76
103 71
104 73
104 111
104 118
104 124
105 71
105 80
106 88
107 71
108 75
108 98
109 95
109 112
110 100
111 73
111 104
112 95
112 109
113 80
113 71
114 94
115 75
115 98
116 78
117 79
118 104
118 73
119 114
119 94
119 122
120 92
120 86
121 83
122 94
122 119
122 123
123 94
123 122
124 104
124 73
125 101
125 92
125 86
126 110
126 100
127 101
127 92
127 125
129 44
129 101
129 130
129 131
129 132
130 129
131 129
132 129
133 134
134 133
135 56
135 80
135 5
