0
0
0
1
0.062913
1
0.101118
0.111891
0.071821
0.010677
0.108802
1
0.018183
0.01627
0.017737
0.030205
1
0.025406
0.041347
0.007781
0
0.031465
0.188737
0.009153
0.004567
0.313074
0.002615
0.005148
0.015838
0.333985
0.185128
0.149417
0.334148
0.001662
0.190167
0.009346
0.020019
0.007234
0.002287
0.016621
0.00269
0.000693
0
0.003857
0.361007
0.000566
0.003939
0.001916
0.500604
0.206998
0.50064
0.020714
0.033799
0.500275
0.004153
0.207929
0.171319
0.037257
0.227235
0.002318
0.010909
0.500684
0
0
0
0
0
0
0
0
0
1
0.004578
1
0.000384
0.07804
0
0.000355
0.131802
0.014663
0.24801
0.183962
0
0.016776
7.6e-05
0.091945
0.089189
8.3e-05
0.167418
0
0.037605
0.500654
0.029857
6.8e-05
2.5e-05
0.126362
0.00225
0.001145
0.016708
0.007354
0
0.13601
0
0.500649
0.205727
0.334243
0.083552
0.500258
0
0.025228
0
0.284778
0.008569
0.290793
2e-06
0.025949
0.066297
0.007203
0.284958
3e-06
0.029721
0.008398
4e-06
7e-06
0.284498
0.028629
0
0.00736
0
1
0.500735
0.501402
0.500503
0
0
0.012459
