136
338
3 4 0.0625
3 6 0.1
3 7 0.111111
3 32 0.333333
3 44 0.2
3 53 0.5
4 3 0.037037
4 19 0.125
4 21 0.5
4 24 0.0714286
4 28 0.25
5 10 0.0555556
5 16 0.0555556
5 30 0.125
5 34 0.142857
5 48 0.5
5 56 0.166667
5 58 0.2
6 3 0.037037
6 17 0.25
6 18 0.333333
6 52 0.333333
7 3 0.037037
7 12 0.142857
7 13 0.125
8 9 0.1
8 35 0.1
8 39 0.2
8 60 0.125
9 8 0.0714286
9 35 0.1
9 40 0.25
9 60 0.125
10 5 0.0416667
10 3 0.037037
10 11 0.111111
10 14 0.125
10 15 0.25
10 23 0.0833333
10 36 0.142857
10 51 0.142857
11 10 0.0555556
11 8 0.0714286
11 50 0.5
11 61 0.5
12 7 0.111111
12 13 0.125
12 27 0.142857
13 12 0.142857
13 7 0.111111
13 27 0.142857
13 54 0.2
14 10 0.0555556
14 36 0.142857
14 37 0.2
14 51 0.142857
15 10 0.0555556
15 51 0.142857
16 5 0.0416667
16 22 0.111111
16 25 0.25
16 29 0.333333
16 31 0.1
16 49 0.166667
16 55 0.166667
17 6 0.1
18 6 0.1
19 4 0.0625
19 26 0.333333
19 46 0.5
20 17 0.25
21 4 0.0625
22 16 0.0555556
22 31 0.1
22 49 0.166667
22 55 0.166667
23 16 0.0555556
23 10 0.0555556
23 33 0.166667
23 47 0.2
24 4 0.0625
24 38 0.5
24 59 0.5
25 16 0.0555556
25 22 0.111111
26 19 0.125
27 13 0.125
27 7 0.111111
27 12 0.142857
27 54 0.2
28 4 0.0625
29 16 0.0555556
29 25 0.25
30 5 0.0416667
30 34 0.142857
30 57 0.2
31 16 0.0555556
31 22 0.111111
31 49 0.166667
31 55 0.166667
32 3 0.037037
33 23 0.0833333
33 41 0.166667
33 45 0.142857
34 5 0.0416667
34 30 0.125
34 58 0.2
35 9 0.1
35 8 0.0714286
35 43 0.2
35 60 0.125
36 10 0.0555556
36 14 0.125
36 37 0.2
37 36 0.142857
37 10 0.0555556
37 14 0.125
38 24 0.0714286
39 9 0.1
39 8 0.0714286
40 9 0.1
40 35 0.1
40 8 0.0714286
41 33 0.166667
41 23 0.0833333
41 45 0.142857
43 9 0.1
43 35 0.1
43 39 0.2
44 3 0.037037
44 129 0.0384615
45 33 0.166667
45 23 0.0833333
45 41 0.166667
45 47 0.2
46 19 0.125
47 45 0.142857
47 23 0.0833333
47 41 0.166667
48 5 0.0416667
49 16 0.0555556
49 22 0.111111
49 31 0.1
50 11 0.111111
51 10 0.0555556
51 14 0.125
51 36 0.142857
51 15 0.25
52 6 0.1
52 18 0.333333
53 3 0.037037
54 7 0.111111
54 27 0.142857
54 13 0.125
55 16 0.0555556
55 22 0.111111
55 31 0.1
56 5 0.0416667
56 30 0.125
56 135 0.0714286
57 30 0.125
57 34 0.142857
57 56 0.166667
57 5 0.0416667
58 34 0.142857
58 5 0.0416667
58 30 0.125
59 24 0.0714286
60 35 0.1
60 9 0.1
60 43 0.2
60 39 0.2
60 8 0.0714286
61 11 0.111111
64 67 0.25
67 64 0.25
68 69 0.5
68 70 0.5
69 68 0.166667
70 68 0.166667
71 73 0.0588235
71 75 0.0769231
71 78 0.0625
71 80 0.166667
71 81 0.166667
71 91 0.5
71 95 0.125
71 103 0.5
71 105 0.333333
71 107 0.5
71 113 0.25
72 74 0.0833333
72 77 0.0714286
72 86 0.0769231
72 96 0.5
72 97 0.25
73 71 0.030303
73 78 0.0625
73 86 0.0769231
73 88 0.166667
73 104 0.125
73 111 0.25
73 118 0.25
73 124 0.25
74 72 0.0526316
75 71 0.030303
75 79 0.0714286
75 98 0.166667
75 115 0.333333
76 89 0.25
76 102 0.5
77 72 0.0526316
77 84 0.166667
77 87 0.166667
77 93 0.166667
77 94 0.0625
78 71 0.030303
78 73 0.0588235
78 81 0.166667
78 83 0.125
78 116 0.5
79 75 0.0769231
79 71 0.030303
79 95 0.125
79 99 0.5
79 117 0.5
80 71 0.030303
80 113 0.25
81 71 0.030303
81 78 0.0625
81 85 0.5
82 76 0.0625
83 78 0.0625
83 121 0.5
84 77 0.0714286
84 87 0.166667
84 93 0.166667
85 81 0.166667
86 72 0.0526316
86 73 0.0588235
86 90 0.333333
86 92 0.111111
86 101 0.125
86 120 0.333333
87 84 0.166667
87 77 0.0714286
87 93 0.166667
88 73 0.0588235
88 106 0.5
89 76 0.0625
90 86 0.0769231
91 71 0.030303
92 86 0.0769231
92 90 0.333333
92 101 0.125
92 127 0.25
93 77 0.0714286
93 87 0.166667
93 84 0.166667
94 77 0.0714286
94 119 0.2
94 122 0.166667
94 123 0.25
95 79 0.0714286
95 71 0.030303
95 109 0.2
96 72 0.0526316
97 72 0.0526316
98 75 0.0769231
99 79 0.0714286
100 79 0.0714286
100 110 0.333333
100 126 0.333333
101 92 0.111111
101 86 0.0769231
101 125 0.2
102 76 0.0625
103 71 0.030303
104 73 0.0588235
104 111 0.25
104 118 0.25
104 124 0.25
105 71 0.030303
105 80 0.166667
106 88 0.166667
107 71 0.030303
108 75 0.0769231
108 98 0.166667
109 95 0.125
109 112 0.333333
110 100 0.142857
111 73 0.0588235
111 104 0.125
112 95 0.125
112 109 0.2
113 80 0.166667
113 71 0.030303
114 94 0.0625
115 75 0.0769231
115 98 0.166667
116 78 0.0625
117 79 0.0714286
118 104 0.125
118 73 0.0588235
119 114 0.5
119 94 0.0625
119 122 0.166667
120 92 0.111111
120 86 0.0769231
121 83 0.125
122 94 0.0625
122 119 0.2
122 123 0.25
123 94 0.0625
123 122 0.166667
124 104 0.125
124 73 0.0588235
125 101 0.125
125 92 0.111111
125 86 0.0769231
126 110 0.333333
126 100 0.142857
127 101 0.125
127 92 0.111111
127 125 0.2
129 44 0.2
129 101 0.125
129 130 0.5
129 131 0.5
129 132 0.5
130 129 0.0384615
131 129 0.0384615
132 129 0.0384615
133 134 0.25
134 133 0.25
135 56 0.166667
135 80 0.166667
135 5 0.0416667
