1 2
2 1
3 9
3 10
3 15
3 47
4 5
4 6
4 14
4 21
4 22
4 32
4 35
4 53
4 71
4 103
5 4
5 8
5 13
5 28
6 4
6 17
6 41
6 52
6 62
7 65
7 69
7 79
8 5
8 17
8 28
9 3
9 11
9 36
9 37
9 45
9 46
10 3
10 11
10 24
10 38
10 43
11 9
11 10
11 77
11 100
12 7
12 50
12 75
13 8
13 5
13 17
14 4
14 18
14 53
14 66
15 3
15 40
15 47
15 78
16 4
16 14
16 22
17 6
17 13
17 8
18 4
18 14
18 29
18 57
20 27
20 48
20 49
21 4
22 16
22 4
22 14
22 56
22 66
23 42
23 43
24 23
24 10
25 31
25 60
25 61
25 69
25 73
25 84
26 6
27 20
28 8
28 5
29 18
29 34
29 57
31 25
31 33
31 60
32 4
32 22
32 35
32 71
33 31
33 20
33 39
33 59
33 67
34 18
34 29
34 63
34 72
34 83
35 4
35 32
35 14
35 21
36 9
37 9
37 54
37 81
38 10
39 33
39 67
40 15
40 24
41 6
42 12
42 23
42 44
42 51
42 55
42 69
42 76
42 82
43 23
43 10
44 42
44 51
44 55
44 76
44 82
45 9
46 9
46 36
47 3
47 15
48 20
49 20
50 12
50 58
50 70
50 74
50 75
51 42
51 44
51 55
52 6
52 41
53 14
53 32
53 4
53 66
53 71
54 37
55 42
55 44
55 51
55 76
55 82
56 22
56 14
56 4
56 35
57 29
57 18
57 85
58 50
58 19
58 80
59 33
60 25
60 31
60 61
60 73
60 84
61 25
61 60
61 31
61 64
62 52
62 6
63 34
63 83
64 31
64 61
64 25
64 84
65 7
66 53
66 22
66 4
66 14
67 33
67 39
68 58
68 75
69 42
69 25
69 7
69 64
70 50
70 12
71 22
71 4
71 32
71 35
71 53
72 34
72 85
73 61
73 60
73 25
74 50
74 12
75 12
75 74
75 68
75 50
76 42
76 55
76 44
77 11
78 15
79 7
80 58
81 37
82 55
82 42
82 44
83 63
83 34
83 85
84 60
84 25
84 64
85 34
85 17
85 57
85 72
85 83
85 86
86 85
86 87
86 88
86 90
87 86
87 90
88 86
88 89
89 88
90 87
90 86
91 88
92 93
92 96
92 98
92 175
93 92
93 97
94 100
95 94
96 92
97 92
97 93
98 92
100 94
100 11
100 95
100 101
101 100
101 102
102 101
103 16
103 4
103 53
103 28
104 106
104 131
104 161
105 104
105 111
105 114
106 104
106 109
106 110
106 118
106 121
106 138
106 146
106 151
107 108
107 123
107 130
107 172
108 107
108 136
108 137
109 106
109 110
109 121
109 138
109 146
109 151
110 106
110 109
110 111
110 118
111 110
111 105
111 109
112 116
112 127
112 128
112 129
112 160
113 117
113 147
113 155
114 105
115 112
115 126
116 112
117 113
118 106
118 110
118 109
118 146
118 148
119 122
119 135
119 141
120 111
121 106
121 109
122 119
122 144
122 167
123 107
123 125
123 137
123 143
123 163
124 133
124 157
125 123
125 134
125 165
126 115
126 159
126 166
127 112
127 165
128 112
128 116
128 129
129 112
129 128
129 132
129 139
129 140
129 152
129 168
129 170
130 107
130 172
131 104
132 129
133 124
134 125
134 150
135 119
136 108
136 137
137 108
137 123
137 136
137 154
138 106
138 109
138 169
139 129
139 132
139 149
139 170
140 129
140 132
141 119
141 135
141 142
142 119
142 141
143 123
143 163
144 122
145 171
145 173
146 109
146 121
146 118
146 106
147 113
148 106
148 118
148 109
148 164
149 139
149 129
149 132
150 134
150 165
151 109
151 106
151 156
152 129
152 132
152 149
152 139
152 168
153 124
153 162
154 137
155 113
155 117
156 151
157 124
157 176
159 126
160 112
160 128
160 116
161 104
162 153
163 143
163 123
164 148
164 146
164 104
165 150
165 125
165 127
166 126
166 159
167 122
167 144
168 152
168 129
168 170
169 138
170 139
170 129
170 152
170 168
170 149
171 145
172 130
172 107
173 145
173 171
174 168
174 170
174 129
174 139
175 84
175 92
175 88
176 159
176 157
176 15
176 177
176 180
177 176
180 177
180 176
182 187
182 188
183 185
183 186
185 183
186 183
187 182
188 182
189 190
190 189
