0
0
0
0.138802
1
0.074296
0.064775
0.020802
0.013674
1
1
0.160371
0.229591
0.02003
0.120353
0.011357
0.030018
0.107982
0.042804
0.018544
0.083826
0.369553
0.102611
0.193492
0.166738
0.017065
0
0.017041
0.021856
0.032428
0
0.130302
0.169273
1
0.143608
0.161454
0.253936
0.111738
0.50025
0.298225
0.00221
0.016271
1
0.281139
0.161842
0.251114
0.332845
0.021295
0.042007
0.041928
1
0.205966
0.020244
0.123412
0.055948
0.162024
0.020639
0.147905
0.129161
0.501077
0.017405
0.00774
0.021477
0.078365
0.023706
0.010466
0.04725
0.296531
0.028483
0.145176
0.33372
0.154818
0.273137
0.006668
0.281966
0.169159
0.20579
0.080132
0.005685
0.010506
0.064426
0.0558
0.205874
0.188621
0.021653
1
0.084931
0.013158
0.016705
0.008367
0.023579
0
1
0.12582
0.003264
0.002504
0.499489
0.025221
0.500144
0
0.014636
0.003576
0.000876
0.111609
0.041591
0.000791
1
0
1e-06
0.097086
0.108399
0.010946
0.079747
0
0.000401
0
0.065165
0
0.134322
0
0
0.236991
0
1.6e-05
0
0.000142
0
0.013291
0.177938
1
0
0.020922
0.236984
0
5.3e-05
0
1e-06
1e-06
0.153829
0.143631
0.167284
0
0
8e-06
0
0
0.148167
0
0.022337
0.069472
0.00019
0.135836
0.157459
0
0
0
0.067565
0
0
0
0.019821
0.020872
0
3e-06
0.003693
0.001607
0
0
0.174714
0.076738
0.140204
0
0
0
0
0.101156
0
0
0
0
0
0
0
0
0
0
0
0
0
0
0
0
