192
494
1 2 0.333333
2 1 0.25
3 9 0.0714286
3 10 0.0555556
3 15 0.0714286
3 47 0.142857
4 5 0.0714286
4 6 0.0588235
4 14 0.0833333
4 21 0.333333
4 22 0.0769231
4 32 0.125
4 35 0.125
4 53 0.0909091
4 71 0.125
4 103 0.111111
5 4 0.0333333
5 8 0.0625
5 13 0.111111
5 28 0.111111
6 4 0.0333333
6 17 0.1
6 41 0.2
6 52 0.25
6 62 0.333333
7 65 0.5
7 69 0.142857
7 79 0.5
8 5 0.0714286
8 17 0.1
8 28 0.111111
9 3 0.0714286
9 11 0.0833333
9 36 0.2
9 37 0.111111
9 45 0.25
9 46 0.333333
10 3 0.0714286
10 11 0.0833333
10 24 0.166667
10 38 0.5
10 43 0.25
11 9 0.0714286
11 10 0.0555556
11 77 0.5
11 100 0.0909091
12 7 0.0555556
12 50 0.1
12 75 0.142857
13 8 0.0625
13 5 0.0714286
13 17 0.1
14 4 0.0333333
14 18 0.1
14 53 0.0909091
14 66 0.142857
15 3 0.0714286
15 40 0.2
15 47 0.142857
15 78 0.5
16 4 0.0333333
16 14 0.0833333
16 22 0.0769231
17 6 0.0588235
17 13 0.111111
17 8 0.0625
18 4 0.0333333
18 14 0.0833333
18 29 0.1
18 57 0.142857
20 27 0.2
20 48 0.5
20 49 0.5
21 4 0.0333333
22 16 0.142857
22 4 0.0333333
22 14 0.0833333
22 56 0.2
22 66 0.142857
23 42 0.0588235
23 43 0.25
24 23 0.142857
24 10 0.0555556
25 31 0.125
25 60 0.1
25 61 0.125
25 69 0.142857
25 73 0.2
25 84 0.142857
26 6 0.0588235
27 20 0.0833333
28 8 0.0625
28 5 0.0714286
29 18 0.1
29 34 0.1
29 57 0.142857
31 25 0.05
31 33 0.0769231
31 60 0.1
32 4 0.0333333
32 22 0.0769231
32 35 0.125
32 71 0.125
33 31 0.125
33 20 0.0833333
33 39 0.25
33 59 0.5
33 67 0.25
34 18 0.1
34 29 0.1
34 63 0.25
34 72 0.25
34 83 0.166667
35 4 0.0333333
35 32 0.125
35 14 0.0833333
35 21 0.333333
36 9 0.0714286
37 9 0.0714286
37 54 0.5
37 81 0.5
38 10 0.0555556
39 33 0.0769231
39 67 0.25
40 15 0.0714286
40 24 0.166667
41 6 0.0588235
42 12 0.0909091
42 23 0.142857
42 44 0.1
42 51 0.166667
42 55 0.1
42 69 0.142857
42 76 0.166667
42 82 0.166667
43 23 0.142857
43 10 0.0555556
44 42 0.0588235
44 51 0.166667
44 55 0.1
44 76 0.166667
44 82 0.166667
45 9 0.0714286
46 9 0.0714286
46 36 0.2
47 3 0.0714286
47 15 0.0714286
48 20 0.0833333
49 20 0.0833333
50 12 0.0909091
50 58 0.125
50 70 0.333333
50 74 0.25
50 75 0.142857
51 42 0.0588235
51 44 0.1
51 55 0.1
52 6 0.0588235
52 41 0.2
53 14 0.0833333
53 32 0.125
53 4 0.0333333
53 66 0.142857
53 71 0.125
54 37 0.111111
55 42 0.0588235
55 44 0.1
55 51 0.166667
55 76 0.166667
55 82 0.166667
56 22 0.0769231
56 14 0.0833333
56 4 0.0333333
56 35 0.125
57 29 0.1
57 18 0.1
57 85 0.1
58 50 0.1
58 19 0.142857
58 80 0.5
59 33 0.0769231
60 25 0.05
60 31 0.125
60 61 0.125
60 73 0.2
60 84 0.142857
61 25 0.05
61 60 0.1
61 31 0.125
61 64 0.142857
62 52 0.25
62 6 0.0588235
63 34 0.1
63 83 0.166667
64 31 0.125
64 61 0.125
64 25 0.05
64 84 0.142857
65 7 0.0555556
66 53 0.0909091
66 22 0.0769231
66 4 0.0333333
66 14 0.0833333
67 33 0.0769231
67 39 0.25
68 58 0.125
68 75 0.142857
69 42 0.0588235
69 25 0.05
69 7 0.0555556
69 64 0.142857
70 50 0.1
70 12 0.0909091
71 22 0.0769231
71 4 0.0333333
71 32 0.125
71 35 0.125
71 53 0.0909091
72 34 0.1
72 85 0.1
73 61 0.125
73 60 0.1
73 25 0.05
74 50 0.1
74 12 0.0909091
75 12 0.0909091
75 74 0.25
75 68 0.166667
75 50 0.1
76 42 0.0588235
76 55 0.1
76 44 0.1
77 11 0.0833333
78 15 0.0714286
79 7 0.0555556
80 58 0.125
81 37 0.111111
82 55 0.1
82 42 0.0588235
82 44 0.1
83 63 0.25
83 34 0.1
83 85 0.1
84 60 0.1
84 25 0.05
84 64 0.142857
85 34 0.1
85 17 0.1
85 57 0.142857
85 72 0.25
85 83 0.166667
85 86 0.0833333
86 85 0.1
86 87 0.125
86 88 0.0909091
86 90 0.25
87 86 0.0833333
87 90 0.25
88 86 0.0833333
88 89 0.5
89 88 0.0909091
90 87 0.125
90 86 0.0833333
91 88 0.0909091
92 93 0.125
92 96 0.5
92 98 0.5
92 175 0.1
93 92 0.0769231
93 97 0.2
94 100 0.0909091
95 94 0.2
96 92 0.0769231
97 92 0.0769231
97 93 0.125
98 92 0.0769231
100 94 0.2
100 11 0.0833333
100 95 0.166667
100 101 0.25
101 100 0.0909091
101 102 0.25
102 101 0.25
103 16 0.142857
103 4 0.0333333
103 53 0.0909091
103 28 0.111111
104 106 0.0357143
104 131 0.5
104 161 0.5
105 104 0.04
105 111 0.1
105 114 0.5
106 104 0.04
106 109 0.0526316
106 110 0.0909091
106 118 0.111111
106 121 0.2
106 138 0.142857
106 146 0.125
106 151 0.125
107 108 0.0833333
107 123 0.1
107 130 0.25
107 172 0.25
108 107 0.0714286
108 136 0.25
108 137 0.125
109 106 0.0357143
109 110 0.0909091
109 121 0.2
109 138 0.142857
109 146 0.125
109 151 0.125
110 106 0.0357143
110 109 0.0526316
110 111 0.1
110 118 0.111111
111 110 0.0909091
111 105 0.0769231
111 109 0.0526316
112 116 0.25
112 127 0.166667
112 128 0.166667
112 129 0.0416667
112 160 0.25
113 117 0.2
113 147 0.25
113 155 0.2
114 105 0.0769231
115 112 0.0666667
115 126 0.125
116 112 0.0666667
117 113 0.0909091
118 106 0.0357143
118 110 0.0909091
118 109 0.0526316
118 146 0.125
118 148 0.166667
119 122 0.125
119 135 0.333333
119 141 0.2
120 111 0.1
121 106 0.0357143
121 109 0.0526316
122 119 0.0769231
122 144 0.333333
122 167 0.333333
123 107 0.0714286
123 125 0.1
123 137 0.125
123 143 0.25
123 163 0.25
124 133 0.2
124 157 0.25
125 123 0.1
125 134 0.166667
125 165 0.125
126 115 0.142857
126 159 0.2
126 166 0.333333
127 112 0.0666667
127 165 0.125
128 112 0.0666667
128 116 0.25
128 129 0.0416667
129 112 0.0666667
129 128 0.166667
129 132 0.166667
129 139 0.111111
129 140 0.166667
129 152 0.125
129 168 0.142857
129 170 0.111111
130 107 0.0714286
130 172 0.25
131 104 0.04
132 129 0.0416667
133 124 0.125
134 125 0.1
134 150 0.125
135 119 0.0769231
136 108 0.0833333
136 137 0.125
137 108 0.0833333
137 123 0.1
137 136 0.25
137 154 0.5
138 106 0.0357143
138 109 0.0526316
138 169 0.5
139 129 0.0416667
139 132 0.166667
139 149 0.166667
139 170 0.111111
140 129 0.0416667
140 132 0.166667
141 119 0.0769231
141 135 0.333333
141 142 0.333333
142 119 0.0769231
142 141 0.2
143 123 0.1
143 163 0.25
144 122 0.125
145 171 0.2
145 173 0.333333
146 109 0.0526316
146 121 0.2
146 118 0.111111
146 106 0.0357143
147 113 0.0909091
148 106 0.0357143
148 118 0.111111
148 109 0.0526316
148 164 0.166667
149 139 0.111111
149 129 0.0416667
149 132 0.166667
150 134 0.166667
150 165 0.125
151 109 0.0526316
151 106 0.0357143
151 156 0.5
152 129 0.0416667
152 132 0.166667
152 149 0.166667
152 139 0.111111
152 168 0.142857
153 124 0.125
153 162 0.5
154 137 0.125
155 113 0.0909091
155 117 0.2
156 151 0.125
157 124 0.125
157 176 0.0526316
159 126 0.125
160 112 0.0666667
160 128 0.166667
160 116 0.25
161 104 0.04
162 153 0.142857
163 143 0.25
163 123 0.1
164 148 0.166667
164 146 0.125
164 104 0.04
165 150 0.125
165 125 0.1
165 127 0.166667
166 126 0.125
166 159 0.2
167 122 0.125
167 144 0.333333
168 152 0.125
168 129 0.0416667
168 170 0.111111
169 138 0.142857
170 139 0.111111
170 129 0.0416667
170 152 0.125
170 168 0.142857
170 149 0.166667
171 145 0.111111
172 130 0.25
172 107 0.0714286
173 145 0.111111
173 171 0.2
174 168 0.142857
174 170 0.111111
174 129 0.0416667
174 139 0.111111
175 84 0.142857
175 92 0.0769231
175 88 0.0909091
176 159 0.2
176 157 0.25
176 15 0.0714286
176 177 0.142857
176 180 0.25
177 176 0.0526316
180 177 0.142857
180 176 0.0526316
182 187 0.5
182 188 0.5
183 185 0.5
183 186 0.5
185 183 0.166667
186 183 0.166667
187 182 0.111111
188 182 0.111111
189 190 0.5
190 189 0.166667
