2 3
2 5
2 13
2 22
3 2
3 4
3 8
3 10
3 11
3 14
3 19
3 21
3 45
4 3
4 18
4 24
4 37
4 39
4 44
5 2
5 12
5 13
6 4
6 7
6 9
6 41
6 52
7 6
7 9
7 56
8 3
8 15
8 25
8 29
8 30
8 36
9 6
9 7
9 41
9 52
9 56
10 3
11 3
11 14
11 45
12 5
12 34
12 57
13 5
13 2
13 43
14 3
14 11
14 10
15 8
15 17
15 20
15 26
15 33
15 38
15 55
16 2
16 5
17 15
17 20
17 33
17 48
17 55
18 4
18 39
18 44
19 3
19 14
20 17
20 15
20 38
20 55
21 6
21 3
21 9
21 47
21 51
22 2
22 43
23 2
23 28
24 4
24 37
24 54
25 8
25 36
26 20
26 15
27 40
27 46
27 49
28 23
29 8
30 8
31 14
31 19
31 10
31 11
32 13
32 43
33 20
33 17
33 15
33 26
34 12
35 27
35 40
35 46
36 8
36 25
37 4
37 24
38 15
38 20
39 18
39 4
40 35
40 27
40 46
40 49
41 6
41 9
43 32
43 22
43 13
44 4
44 18
45 3
45 11
45 14
46 40
46 35
46 27
46 50
47 21
48 17
48 15
48 38
49 40
49 27
49 35
50 2
50 46
51 21
51 47
52 6
52 9
53 8
53 25
53 30
54 24
54 18
54 4
55 15
55 20
55 33
55 17
56 9
56 7
56 41
57 12
58 61
59 58
59 61
60 62
61 58
61 59
62 60
63 64
63 66
63 67
63 70
64 63
64 65
65 64
66 63
66 68
67 64
67 63
68 66
70 63
72 75
72 80
72 82
72 85
72 89
72 98
72 101
72 102
72 103
72 123
72 124
73 72
73 74
73 78
73 91
73 95
73 97
73 103
73 122
74 73
74 76
74 77
74 81
74 88
75 72
75 79
75 82
75 83
75 102
75 107
75 124
76 74
76 87
77 74
77 84
77 100
77 115
77 116
78 73
79 72
79 75
79 80
79 86
79 106
79 112
80 72
80 79
80 90
80 93
80 104
80 105
80 114
80 125
81 74
82 72
82 75
82 85
82 98
82 108
82 111
82 124
83 75
83 77
83 79
83 87
83 90
84 77
85 72
85 82
85 89
85 101
85 108
86 72
86 79
86 96
86 99
87 83
87 76
87 92
87 119
87 127
88 74
89 72
89 85
89 101
89 124
90 83
90 80
90 93
91 73
91 95
91 97
91 122
92 87
92 119
93 74
93 80
93 90
94 86
94 96
94 99
95 73
95 91
95 122
96 86
96 94
96 99
97 73
97 91
97 95
97 107
97 122
98 72
98 82
99 94
99 96
99 86
99 118
100 77
100 115
101 85
101 72
101 89
101 102
101 108
102 101
102 82
102 75
102 72
102 110
103 98
103 73
103 72
103 101
103 109
103 113
103 120
103 121
104 80
105 80
105 114
106 79
107 75
107 73
107 76
107 97
108 82
108 85
108 101
108 110
109 103
109 113
110 82
110 75
110 108
110 89
110 102
110 123
110 124
111 108
111 98
111 75
111 110
111 82
111 123
112 79
113 103
113 109
113 121
114 80
114 105
115 77
115 100
116 77
116 115
116 126
118 94
118 96
118 99
118 86
119 92
119 87
119 127
120 103
120 113
120 109
121 113
121 109
121 103
121 120
122 73
122 97
122 95
122 91
123 82
123 111
123 110
123 72
124 82
124 75
124 110
124 89
124 72
125 80
125 114
126 83
126 116
127 92
127 87
127 119
128 59
128 80
129 131
130 131
131 130
131 129
131 132
132 131
134 135
135 134
