0
0
0.047629
1
0.059405
0.004563
0.010672
0.003697
1
0.010591
0.278618
0.144303
0.000762
0.007561
0.14634
0.058464
0
0.008314
0.009687
0.166191
0.010129
0.125784
0.00675
0
0.012006
0.227993
0.011017
0
0
0.500914
0.33346
0
0.000558
0.008242
0.000194
0
0.194864
0.016827
0.013484
0.016425
0
0.004553
0
0.00174
0.016487
0.221283
0
0.051404
0.002096
0
0
0.041944
0.005146
0
0.002436
0.010492
0.002749
0.000398
0
0
0
0
0
1
0.183973
0.046223
0.250804
0.333699
0.125303
0
0.500585
0
1
1
0.140473
0.091766
0.0166
1
0.250923
0.079617
1
0.070159
0.093662
0.01886
0.500229
0.121323
0.007201
0.002917
0.070518
0.148973
0.129492
0.171758
0.000676
0.182238
0.000394
0.19221
0.001139
0.117575
0.199105
0.001036
0.282366
0.13339
0.134038
0.129353
0.49985
0.290871
0.039839
0.023141
0.04339
0.019963
0.036428
0.025721
0.039577
0.01966
0.245723
0.197369
0.201597
0
0.000211
0.000673
0.020452
0.018167
0.172002
0.11575
0.130037
0.333634
0.025179
0.000689
0
0
0
0
0
0
0
0
