42
60
12 9 0.111111
12 0 0.111111
12 1 0.25
12 17 0.25
13 8 0.0769231
14 8 0.0769231
15 3 0.0833333
15 8 0.0769231
15 18 0.5
16 4 0.2
28 30 0.333333
28 34 0.2
17 12 0.111111
17 21 0.166667
29 32 0.142857
0 1 0.25
0 12 0.111111
34 28 0.0454545
18 15 0.142857
19 9 0.111111
35 31 0.166667
35 36 0.25
35 37 0.25
1 0 0.111111
1 12 0.111111
36 35 0.111111
36 37 0.25
2 6 0.333333
2 7 0.0714286
2 10 0.2
3 15 0.142857
3 20 0.142857
3 22 0.25
37 35 0.111111
37 36 0.25
4 16 0.166667
38 40 0.5
40 38 0.166667
20 3 0.0833333
6 2 0.1
7 2 0.1
7 10 0.2
7 11 0.5
21 16 0.166667
21 17 0.25
30 28 0.0454545
22 3 0.0833333
8 13 0.5
8 14 0.5
23 24 0.2
31 35 0.111111
9 19 0.5
24 23 0.125
10 7 0.0714286
10 2 0.1
10 6 0.333333
11 7 0.0714286
32 29 0.2
32 33 0.2
33 32 0.142857
