0 2
0 7
1 0
1 3
1 4
2 0
3 1
3 4
4 3
4 1
5 6
6 5
7 0
7 2
7 13
8 9
8 10
8 11
8 42
8 93
9 8
9 12
9 16
9 30
9 45
10 8
10 24
10 42
10 93
11 8
11 10
11 15
11 55
12 9
12 23
12 61
13 7
13 21
13 35
13 73
13 75
13 82
13 85
13 86
14 46
14 74
15 11
15 14
15 17
15 20
15 22
15 33
15 36
15 37
15 48
15 62
15 66
15 77
16 9
16 15
16 18
16 19
16 24
16 25
16 27
16 50
16 67
16 70
16 104
16 105
17 15
18 16
18 19
18 25
18 27
18 55
18 67
19 16
19 18
19 50
20 15
20 22
20 33
20 36
20 54
21 13
21 54
21 103
22 20
22 15
22 62
23 12
23 64
23 72
24 10
24 18
24 16
24 19
24 49
24 89
24 98
25 16
25 17
25 18
25 19
25 34
25 43
25 51
25 97
26 28
26 38
26 65
26 68
26 92
26 116
27 19
27 16
27 18
28 26
29 26
29 28
29 31
29 38
29 47
29 99
30 9
30 40
30 91
31 29
31 38
31 46
31 47
31 99
32 8
32 52
32 90
32 94
32 102
33 15
33 20
34 25
34 43
34 79
35 7
35 13
35 39
35 44
35 74
35 78
35 81
36 20
36 15
36 22
36 54
37 15
37 20
37 53
38 26
38 31
38 29
38 41
38 64
39 13
39 21
39 35
39 44
40 30
41 29
41 38
41 32
41 96
42 10
42 32
42 8
42 69
42 87
43 25
43 34
44 39
44 35
45 9
45 91
45 96
46 31
46 14
46 63
46 84
46 100
46 229
47 29
47 31
48 15
48 33
49 24
49 98
50 19
50 16
50 104
51 25
51 34
52 32
52 76
52 90
52 94
52 102
53 37
53 56
53 57
53 80
54 21
54 15
54 20
54 36
54 58
54 59
55 11
55 18
55 16
55 19
55 60
55 116
56 53
56 80
57 53
57 56
58 54
58 59
59 54
59 58
60 55
61 12
62 33
62 15
62 20
62 36
62 22
63 46
63 84
64 38
64 23
65 26
65 28
66 62
66 15
66 22
66 120
67 16
67 19
67 18
68 65
68 28
68 46
68 26
68 88
69 42
70 16
71 83
71 95
71 101
71 116
72 23
73 13
74 14
74 35
75 13
76 52
76 32
77 15
77 62
77 229
78 35
79 68
79 34
79 22
80 53
80 57
80 56
81 35
81 78
82 13
82 73
82 85
83 71
84 46
84 63
85 82
85 13
85 73
85 86
86 13
86 85
86 73
87 42
88 68
89 24
90 32
90 38
90 52
91 45
91 30
92 26
92 28
93 8
93 10
94 32
94 52
94 102
95 71
95 14
96 45
96 41
97 25
97 34
98 24
98 49
99 31
99 29
100 46
101 71
101 83
102 32
102 52
102 94
103 21
104 50
104 18
104 16
105 16
105 31
105 65
105 106
106 105
106 108
106 110
107 106
107 110
108 106
108 109
109 108
110 106
110 107
112 113
113 112
115 113
116 26
116 4
116 71
116 55
116 117
117 116
118 50
118 119
119 118
120 22
120 106
120 66
120 122
120 123
120 127
120 129
120 131
120 135
120 140
120 164
120 175
121 120
121 133
121 134
121 139
121 143
121 144
121 147
121 197
122 120
122 124
123 120
123 124
123 126
123 132
123 153
123 173
123 209
124 122
124 123
124 125
124 136
124 157
124 229
125 124
125 126
125 136
125 141
125 154
125 213
126 125
126 123
126 153
126 193
127 120
127 135
127 161
127 185
128 125
128 124
128 130
128 170
128 171
128 205
129 120
129 167
130 128
130 142
130 154
130 211
131 120
131 138
131 146
131 156
131 180
132 123
132 125
132 150
132 169
132 174
132 184
132 186
132 212
132 215
133 121
133 173
133 226
134 121
134 181
134 210
135 127
135 120
135 133
135 149
135 178
135 195
136 125
136 124
136 154
137 122
138 131
138 146
138 156
139 121
139 147
139 155
139 192
139 203
140 120
140 164
140 165
140 191
140 220
141 125
141 136
141 154
141 213
142 130
143 121
144 121
144 145
144 147
144 148
145 144
145 166
146 131
146 138
146 160
147 139
147 121
147 144
147 148
148 144
148 146
148 147
149 122
149 135
150 132
151 142
151 221
152 134
152 146
152 225
153 126
153 123
153 158
153 188
153 206
154 141
154 125
154 136
154 130
154 179
154 208
155 139
155 172
155 216
156 131
156 138
157 125
157 136
157 124
158 153
158 188
159 120
159 199
159 202
159 204
159 223
160 146
160 168
161 127
162 165
162 171
162 190
163 194
164 120
164 140
164 183
164 204
164 214
164 222
165 140
165 162
166 145
167 129
168 146
168 160
169 132
169 174
169 186
169 212
169 215
170 128
171 128
171 151
171 162
172 155
173 133
173 123
173 201
173 217
174 169
174 132
174 186
175 120
175 198
176 127
176 177
176 195
176 196
177 176
178 135
179 154
180 131
180 159
180 182
180 224
181 134
182 180
182 224
183 164
183 163
183 165
183 187
184 132
184 218
185 127
185 206
185 207
186 169
186 184
186 132
186 174
187 183
188 153
188 158
189 176
189 200
190 162
191 140
192 139
193 126
194 163
195 176
195 135
196 176
197 121
197 173
198 175
198 120
199 159
199 223
200 142
200 189
200 188
201 173
201 217
202 159
203 177
203 152
203 147
203 139
204 163
204 159
204 164
204 219
205 128
206 185
206 153
207 185
208 154
209 123
210 134
211 130
212 132
212 169
213 125
213 124
213 141
214 164
214 222
215 132
215 169
215 184
215 186
215 174
216 155
217 201
217 173
218 132
218 184
218 186
219 204
220 140
221 151
222 164
222 214
223 159
223 199
224 180
224 182
225 152
226 133
227 228
228 227
229 46
229 77
229 124
229 231
229 232
229 233
229 235
230 229
231 229
232 229
232 234
233 229
233 235
234 232
235 229
235 233
237 241
240 237
241 237
243 245
244 243
245 244
245 243
245 247
247 245
