248
675
0 2 0.333333
0 7 0.1
1 0 0.142857
1 3 0.25
1 4 0.142857
2 0 0.142857
3 1 0.166667
3 4 0.142857
4 3 0.25
4 1 0.166667
5 6 0.5
6 5 0.25
7 0 0.142857
7 2 0.333333
7 13 0.0526316
8 9 0.0666667
8 10 0.0909091
8 11 0.1
8 42 0.0909091
8 93 0.25
9 8 0.0666667
9 12 0.125
9 16 0.0384615
9 30 0.125
9 45 0.125
10 8 0.0666667
10 24 0.0833333
10 42 0.0909091
10 93 0.25
11 8 0.0666667
11 10 0.0909091
11 15 0.0344828
11 55 0.1
12 9 0.0666667
12 23 0.142857
12 61 0.25
13 7 0.1
13 21 0.111111
13 35 0.0588235
13 73 0.2
13 75 0.5
13 82 0.2
13 85 0.142857
13 86 0.2
14 46 0.0666667
14 74 0.125
15 11 0.1
15 14 0.0769231
15 17 0.2
15 20 0.0833333
15 22 0.0833333
15 33 0.166667
15 36 0.125
15 37 0.2
15 48 0.333333
15 62 0.111111
15 66 0.166667
15 77 0.2
16 9 0.0666667
16 15 0.0344828
16 18 0.0666667
16 19 0.0769231
16 24 0.0833333
16 25 0.0714286
16 27 0.2
16 50 0.142857
16 67 0.2
16 70 0.333333
16 104 0.2
16 105 0.0909091
17 15 0.0344828
18 16 0.0384615
18 19 0.0769231
18 25 0.0714286
18 27 0.2
18 55 0.1
18 67 0.2
19 16 0.0384615
19 18 0.0666667
19 50 0.142857
20 15 0.0344828
20 22 0.0833333
20 33 0.166667
20 36 0.125
20 54 0.0769231
21 13 0.0526316
21 54 0.0769231
21 103 0.5
22 20 0.0833333
22 15 0.0344828
22 62 0.111111
23 12 0.125
23 64 0.166667
23 72 0.25
24 10 0.0909091
24 18 0.0666667
24 16 0.0384615
24 19 0.0769231
24 49 0.25
24 89 0.5
24 98 0.25
25 16 0.0384615
25 17 0.2
25 18 0.0666667
25 19 0.0769231
25 34 0.125
25 43 0.25
25 51 0.333333
25 97 0.333333
26 28 0.166667
26 38 0.0769231
26 65 0.2
26 68 0.1
26 92 0.333333
26 116 0.0769231
27 19 0.0769231
27 16 0.0384615
27 18 0.0666667
28 26 0.0666667
29 26 0.0666667
29 28 0.166667
29 31 0.0833333
29 38 0.0769231
29 47 0.25
29 99 0.25
30 9 0.0666667
30 40 0.5
30 91 0.25
31 29 0.0769231
31 38 0.0769231
31 46 0.0666667
31 47 0.25
31 99 0.25
32 8 0.0666667
32 52 0.0909091
32 90 0.166667
32 94 0.166667
32 102 0.166667
33 15 0.0344828
33 20 0.0833333
34 25 0.0714286
34 43 0.25
34 79 0.166667
35 7 0.1
35 13 0.0526316
35 39 0.166667
35 44 0.166667
35 74 0.125
35 78 0.333333
35 81 0.333333
36 20 0.0833333
36 15 0.0344828
36 22 0.0833333
36 54 0.0769231
37 15 0.0344828
37 20 0.0833333
37 53 0.111111
38 26 0.0666667
38 31 0.0833333
38 29 0.0769231
38 41 0.1
38 64 0.166667
39 13 0.0526316
39 21 0.111111
39 35 0.0588235
39 44 0.166667
40 30 0.125
41 29 0.0769231
41 38 0.0769231
41 32 0.0714286
41 96 0.25
42 10 0.0909091
42 32 0.0714286
42 8 0.0666667
42 69 0.5
42 87 0.5
43 25 0.0714286
43 34 0.125
44 39 0.166667
44 35 0.0588235
45 9 0.0666667
45 91 0.25
45 96 0.25
46 31 0.0833333
46 14 0.0769231
46 63 0.25
46 84 0.25
46 100 0.5
46 229 0.0454545
47 29 0.0769231
47 31 0.0833333
48 15 0.0344828
48 33 0.166667
49 24 0.0833333
49 98 0.25
50 19 0.0769231
50 16 0.0384615
50 104 0.2
51 25 0.0714286
51 34 0.125
52 32 0.0714286
52 76 0.333333
52 90 0.166667
52 94 0.166667
52 102 0.166667
53 37 0.2
53 56 0.2
53 57 0.125
53 80 0.2
54 21 0.111111
54 15 0.0344828
54 20 0.0833333
54 36 0.125
54 58 0.166667
54 59 0.25
55 11 0.1
55 18 0.0666667
55 16 0.0384615
55 19 0.0769231
55 60 0.5
55 116 0.0769231
56 53 0.111111
56 80 0.2
57 53 0.111111
57 56 0.2
58 54 0.0769231
58 59 0.25
59 54 0.0769231
59 58 0.166667
60 55 0.1
61 12 0.125
62 33 0.166667
62 15 0.0344828
62 20 0.0833333
62 36 0.125
62 22 0.0833333
63 46 0.0666667
63 84 0.25
64 38 0.0769231
64 23 0.142857
65 26 0.0666667
65 28 0.166667
66 62 0.111111
66 15 0.0344828
66 22 0.0833333
66 120 0.030303
67 16 0.0384615
67 19 0.0769231
67 18 0.0666667
68 65 0.2
68 28 0.166667
68 46 0.0666667
68 26 0.0666667
68 88 0.5
69 42 0.0909091
70 16 0.0384615
71 83 0.333333
71 95 0.2
71 101 0.333333
71 116 0.0769231
72 23 0.142857
73 13 0.0526316
74 14 0.0769231
74 35 0.0588235
75 13 0.0526316
76 52 0.0909091
76 32 0.0714286
77 15 0.0344828
77 62 0.111111
77 229 0.0454545
78 35 0.0588235
79 68 0.1
79 34 0.125
79 22 0.0833333
80 53 0.111111
80 57 0.125
80 56 0.2
81 35 0.0588235
81 78 0.333333
82 13 0.0526316
82 73 0.2
82 85 0.142857
83 71 0.0833333
84 46 0.0666667
84 63 0.25
85 82 0.2
85 13 0.0526316
85 73 0.2
85 86 0.2
86 13 0.0526316
86 85 0.142857
86 73 0.2
87 42 0.0909091
88 68 0.1
89 24 0.0833333
90 32 0.0714286
90 38 0.0769231
90 52 0.0909091
91 45 0.125
91 30 0.125
92 26 0.0666667
92 28 0.166667
93 8 0.0666667
93 10 0.0909091
94 32 0.0714286
94 52 0.0909091
94 102 0.166667
95 71 0.0833333
95 14 0.0769231
96 45 0.125
96 41 0.1
97 25 0.0714286
97 34 0.125
98 24 0.0833333
98 49 0.25
99 31 0.0833333
99 29 0.0769231
100 46 0.0666667
101 71 0.0833333
101 83 0.333333
102 32 0.0714286
102 52 0.0909091
102 94 0.166667
103 21 0.111111
104 50 0.142857
104 18 0.0666667
104 16 0.0384615
105 16 0.0384615
105 31 0.0833333
105 65 0.2
105 106 0.0833333
106 105 0.0909091
106 108 0.25
106 110 0.25
107 106 0.0833333
107 110 0.25
108 106 0.0833333
108 109 0.25
109 108 0.25
110 106 0.0833333
110 107 0.2
112 113 0.333333
113 112 0.166667
115 113 0.333333
116 26 0.0666667
116 4 0.142857
116 71 0.0833333
116 55 0.1
116 117 0.166667
117 116 0.0769231
118 50 0.142857
118 119 0.5
119 118 0.125
120 22 0.0833333
120 106 0.0833333
120 66 0.166667
120 122 0.0909091
120 123 0.0555556
120 127 0.0909091
120 129 0.25
120 131 0.0833333
120 135 0.0714286
120 140 0.0769231
120 164 0.0769231
120 175 0.25
121 120 0.030303
121 133 0.111111
121 134 0.142857
121 139 0.0833333
121 143 0.5
121 144 0.1
121 147 0.0909091
121 197 0.2
122 120 0.030303
122 124 0.0625
123 120 0.030303
123 124 0.0625
123 126 0.1
123 132 0.0526316
123 153 0.0909091
123 173 0.111111
123 209 0.5
124 122 0.0909091
124 123 0.0555556
124 125 0.0625
124 136 0.125
124 157 0.125
124 229 0.0454545
125 124 0.0625
125 126 0.1
125 136 0.125
125 141 0.142857
125 154 0.0833333
125 213 0.2
126 125 0.0625
126 123 0.0555556
126 153 0.0909091
126 193 0.5
127 120 0.030303
127 135 0.0714286
127 161 0.25
127 185 0.125
128 125 0.0625
128 124 0.0625
128 130 0.125
128 170 0.5
128 171 0.142857
128 205 0.5
129 120 0.030303
129 167 0.5
130 128 0.0833333
130 142 0.166667
130 154 0.0833333
130 211 0.5
131 120 0.030303
131 138 0.142857
131 146 0.1
131 156 0.25
131 180 0.125
132 123 0.0555556
132 125 0.0625
132 150 0.333333
132 169 0.1
132 174 0.142857
132 184 0.166667
132 186 0.111111
132 212 0.25
132 215 0.142857
133 121 0.047619
133 173 0.111111
133 226 0.25
134 121 0.047619
134 181 0.5
134 210 0.5
135 127 0.0909091
135 120 0.030303
135 133 0.111111
135 149 0.25
135 178 0.5
135 195 0.166667
136 125 0.0625
136 124 0.0625
136 154 0.0833333
137 122 0.0909091
138 131 0.0833333
138 146 0.1
138 156 0.25
139 121 0.047619
139 147 0.0909091
139 155 0.125
139 192 0.5
139 203 0.142857
140 120 0.030303
140 164 0.0769231
140 165 0.2
140 191 0.5
140 220 0.5
141 125 0.0625
141 136 0.125
141 154 0.0833333
141 213 0.2
142 130 0.125
143 121 0.047619
144 121 0.047619
144 145 0.25
144 147 0.0909091
144 148 0.142857
145 144 0.1
145 166 0.5
146 131 0.0833333
146 138 0.142857
146 160 0.25
147 139 0.0833333
147 121 0.047619
147 144 0.1
147 148 0.142857
148 144 0.1
148 146 0.1
148 147 0.0909091
149 122 0.0909091
149 135 0.0714286
150 132 0.0526316
151 142 0.166667
151 221 0.5
152 134 0.142857
152 146 0.1
152 225 0.5
153 126 0.1
153 123 0.0555556
153 158 0.25
153 188 0.2
153 206 0.2
154 141 0.142857
154 125 0.0625
154 136 0.125
154 130 0.125
154 179 0.5
154 208 0.5
155 139 0.0833333
155 172 0.5
155 216 0.5
156 131 0.0833333
156 138 0.142857
157 125 0.0625
157 136 0.125
157 124 0.0625
158 153 0.0909091
158 188 0.2
159 120 0.030303
159 199 0.25
159 202 0.5
159 204 0.142857
159 223 0.25
160 146 0.1
160 168 0.333333
161 127 0.0909091
162 165 0.2
162 171 0.142857
162 190 0.5
163 194 0.5
164 120 0.030303
164 140 0.0769231
164 183 0.166667
164 204 0.142857
164 214 0.25
164 222 0.25
165 140 0.0769231
165 162 0.111111
166 145 0.25
167 129 0.25
168 146 0.1
168 160 0.25
169 132 0.0526316
169 174 0.142857
169 186 0.111111
169 212 0.25
169 215 0.142857
170 128 0.0833333
171 128 0.0833333
171 151 0.166667
171 162 0.111111
172 155 0.125
173 133 0.111111
173 123 0.0555556
173 201 0.25
173 217 0.2
174 169 0.1
174 132 0.0526316
174 186 0.111111
175 120 0.030303
175 198 0.333333
176 127 0.0909091
176 177 0.333333
176 195 0.166667
176 196 0.5
177 176 0.1
178 135 0.0714286
179 154 0.0833333
180 131 0.0833333
180 159 0.0714286
180 182 0.25
180 224 0.25
181 134 0.142857
182 180 0.125
182 224 0.25
183 164 0.0769231
183 163 0.166667
183 165 0.2
183 187 0.5
184 132 0.0526316
184 218 0.25
185 127 0.0909091
185 206 0.2
185 207 0.5
186 169 0.1
186 184 0.166667
186 132 0.0526316
186 174 0.142857
187 183 0.166667
188 153 0.0909091
188 158 0.25
189 176 0.1
189 200 0.166667
190 162 0.111111
191 140 0.0769231
192 139 0.0833333
193 126 0.1
194 163 0.166667
195 176 0.1
195 135 0.0714286
196 176 0.1
197 121 0.047619
197 173 0.111111
198 175 0.25
198 120 0.030303
199 159 0.0714286
199 223 0.25
200 142 0.166667
200 189 0.2
200 188 0.2
201 173 0.111111
201 217 0.2
202 159 0.0714286
203 177 0.333333
203 152 0.142857
203 147 0.0909091
203 139 0.0833333
204 163 0.166667
204 159 0.0714286
204 164 0.0769231
204 219 0.5
205 128 0.0833333
206 185 0.125
206 153 0.0909091
207 185 0.125
208 154 0.0833333
209 123 0.0555556
210 134 0.142857
211 130 0.125
212 132 0.0526316
212 169 0.1
213 125 0.0625
213 124 0.0625
213 141 0.142857
214 164 0.0769231
214 222 0.25
215 132 0.0526316
215 169 0.1
215 184 0.166667
215 186 0.111111
215 174 0.142857
216 155 0.125
217 201 0.25
217 173 0.111111
218 132 0.0526316
218 184 0.166667
218 186 0.111111
219 204 0.142857
220 140 0.0769231
221 151 0.166667
222 164 0.0769231
222 214 0.25
223 159 0.0714286
223 199 0.25
224 180 0.125
224 182 0.25
225 152 0.142857
226 133 0.111111
227 228 0.25
228 227 0.25
229 46 0.0666667
229 77 0.2
229 124 0.0625
229 231 0.166667
229 232 0.25
229 233 0.25
229 235 0.2
230 229 0.0454545
231 229 0.0454545
232 229 0.0454545
232 234 0.5
233 229 0.0454545
233 235 0.2
234 232 0.25
235 229 0.0454545
235 233 0.25
237 241 0.333333
240 237 0.2
241 237 0.2
243 245 0.166667
244 243 0.142857
245 244 0.5
245 243 0.142857
245 247 0.5
247 245 0.166667
