0.01983
0.002246
0.039212
0.003124
0.011199
0
0
0.106932
0.090403
0.07191
0.11456
0.110726
0.009343
1
0.083033
1
1
0.360992
0.182116
0.205811
0.158546
0.115727
0.217386
0.00314
0.092346
1
1
0.227491
0.257612
0.008996
0.009208
0.021903
0.072772
0.256669
0.223186
0.059488
0.164396
0.200934
0.079271
0.01118
0.004671
0.008239
1
0.287938
0.011331
0.009568
0.07914
0.007378
0.332463
0.027433
0.190553
0.334011
0.009835
0.022437
0.032738
0.036512
0.00567
0.003384
0.006632
0.009224
0.018164
0.0023
0.195484
0.023374
0.013337
0.232612
0.306003
0.227804
0.104015
0.501107
0.333911
0.006653
0.000768
0.297181
0.017622
0.500894
0.003274
0.361183
0.02433
0.037188
0.005258
0.019868
0.227917
0.002695
0.023367
0.191634
0.227091
0.501148
0.052001
0.04643
0.013208
0.004397
0.333793
0.049427
0.015016
0.001312
0.004295
0.334375
0.027248
0.007314
0.039766
0.00224
0.015077
0.05799
0.227261
0.097412
0.090938
0.004555
0.023022
0.005829
0.022821
0
0
0
0
0
0.078822
0.013158
0
0
1
1
0.105007
0.119256
0.156771
0.202602
0.0332
0.096501
1
0.251024
0.236425
0.084328
1
0.123365
0.142605
0.078077
0.181853
0
0.016077
0.091647
0.083465
0.170446
0.043395
0.500577
0.110943
0.027836
0.013106
0.10832
0.030456
0.019463
0.333156
0.0238
0.00184
0.014
1
0.011509
0.023667
0.019829
0.004001
1
0.003304
0.023916
0.018149
0.028254
0.092648
0.022914
0.013979
0.126049
0.001088
0.16237
0.501331
0.143202
0.005715
0.048029
0.196167
0.250694
0.001756
0.004744
0.0388
0.499919
0.010563
0.071387
0.003073
0.015558
0.210033
0.012402
0.162378
0.007849
0.00333
0
0.009063
0.041774
0.045908
0.016737
0.014022
0.013124
0.000884
0.200739
0.083416
0.298681
0
0.013975
0.499913
0.012934
0.15307
0.500255
0.005186
0.006097
0.500689
0.059437
0.071244
0.118538
0.276989
0.07153
0.027325
0.160535
0.005808
0.011478
0.052837
0.076346
0.041964
0.011856
0.027253
0.298733
0.003175
0.000895
0.030932
0
0
1
0
0.166549
0.250634
0.288165
0.125341
0.240953
0
0
0
0
0
0
0
0
0
0
0
0
