2 3
3 2
4 3
4 5
4 7
4 12
4 25
4 35
4 47
4 100
5 4
5 6
5 8
5 70
6 5
6 4
6 7
6 11
6 17
6 21
6 28
6 45
6 101
7 6
7 4
7 15
7 18
7 85
7 112
7 244
8 5
8 17
9 20
9 27
9 28
9 33
9 37
9 51
9 54
10 28
10 34
11 6
11 16
11 56
11 58
11 77
11 101
12 4
12 14
12 90
12 96
13 105
13 110
14 12
14 96
15 7
15 80
16 11
17 8
17 6
17 26
17 50
17 67
18 7
18 20
18 22
18 37
18 49
18 92
18 109
19 7
19 15
19 43
19 85
20 18
20 9
20 40
20 53
20 102
21 6
21 4
22 18
22 29
22 65
22 73
22 108
23 36
23 39
23 46
24 82
25 7
25 4
25 31
25 35
26 17
27 9
27 54
27 59
28 10
28 6
28 9
28 38
28 50
29 22
29 69
30 32
30 57
31 25
31 35
32 30
32 81
32 84
33 9
33 54
34 10
34 42
35 25
35 31
35 4
35 47
35 85
36 23
36 69
36 135
37 28
37 9
37 18
37 58
37 64
37 106
38 28
39 17
39 23
39 26
39 60
39 94
39 97
40 20
41 20
41 40
41 102
42 34
43 19
43 52
44 86
44 131
45 6
46 23
47 35
47 4
48 7
48 98
48 107
48 113
49 18
49 109
50 17
50 38
50 28
50 18
50 55
50 62
50 79
50 115
51 9
51 87
51 111
52 43
52 19
52 61
52 75
52 89
53 40
53 20
54 9
54 27
54 33
55 7
55 50
55 76
55 82
56 16
56 11
57 30
58 11
58 37
58 91
59 28
59 27
59 9
59 38
59 63
59 66
59 68
59 95
60 39
60 94
60 97
61 52
61 93
62 50
63 59
63 95
64 37
64 106
65 22
66 59
66 51
67 17
68 59
69 23
69 29
69 36
70 5
71 48
71 15
71 72
72 71
73 22
73 65
73 108
73 114
74 50
74 62
75 52
75 99
76 55
76 6
76 10
76 8
76 103
77 55
77 11
77 83
78 93
79 50
80 15
81 32
81 84
82 55
82 24
82 40
82 19
83 77
84 32
84 81
84 110
85 35
85 19
85 7
86 44
87 51
88 84
88 24
89 52
90 12
91 58
92 18
92 49
93 78
93 61
94 39
94 60
95 59
95 63
96 12
96 14
97 94
97 60
97 39
98 48
98 113
99 75
100 4
101 6
101 11
102 53
102 20
102 41
102 104
103 76
104 102
104 41
104 40
105 13
106 37
106 64
107 48
107 98
108 22
108 73
108 114
109 18
109 49
110 13
110 84
111 87
111 51
111 81
111 32
112 7
113 48
113 98
114 73
114 22
114 108
115 50
116 32
116 81
117 118
118 117
118 120
118 122
118 253
119 117
119 121
120 118
121 119
122 118
123 124
124 123
124 125
124 126
125 124
126 124
126 127
126 129
127 123
127 126
127 124
129 126
131 44
131 132
132 131
135 36
135 4
135 136
135 138
135 141
135 144
135 153
135 166
135 213
136 135
136 137
136 139
136 146
136 148
136 156
136 158
137 136
137 145
137 150
137 185
137 219
138 135
138 140
138 144
138 151
138 154
138 173
138 183
138 204
138 227
139 136
139 163
139 206
139 235
140 138
140 149
140 191
140 242
141 135
142 146
142 150
142 178
143 147
143 152
143 164
143 180
144 138
144 135
144 162
145 137
145 154
145 176
145 185
145 199
146 142
146 136
146 156
146 171
146 178
146 224
146 244
147 143
147 155
147 157
147 182
147 205
147 239
148 136
149 140
149 163
149 192
149 229
150 137
150 142
151 138
151 169
151 172
151 195
151 200
151 216
151 232
152 143
152 164
152 175
153 135
153 229
154 138
154 145
154 160
154 161
154 169
154 170
154 209
154 210
155 147
155 157
155 205
156 136
156 148
156 146
156 167
156 168
156 187
156 208
156 221
156 225
157 147
157 155
157 203
157 205
158 136
158 148
158 159
158 165
158 177
159 158
159 179
160 154
160 170
160 210
161 154
161 137
161 178
161 196
161 234
162 144
162 240
163 151
163 149
163 139
163 184
163 220
164 143
164 152
165 158
165 148
165 185
166 135
166 181
166 207
166 230
167 156
167 168
167 208
168 167
168 156
168 152
168 180
168 201
168 216
168 233
169 151
169 154
169 188
169 199
169 222
170 154
170 160
171 146
171 224
172 151
172 195
172 200
172 232
173 138
173 161
173 162
173 174
173 183
173 194
174 173
175 152
176 145
176 179
176 219
177 158
178 161
178 142
178 146
178 191
178 193
178 226
178 228
179 176
179 159
179 236
180 143
180 168
180 211
180 215
181 166
182 147
182 190
182 238
183 173
183 138
183 189
184 163
184 197
185 137
185 165
185 145
186 146
187 156
187 221
188 169
189 183
189 180
190 182
190 202
190 238
191 178
191 140
191 198
192 149
192 231
193 178
193 228
194 173
195 151
195 172
196 161
197 163
197 184
198 191
199 169
199 145
199 179
200 151
200 172
201 168
201 233
202 183
202 190
202 182
202 140
203 157
203 155
203 218
204 138
205 157
205 147
205 155
206 139
206 235
207 181
207 166
207 230
208 167
208 156
208 225
209 154
209 160
210 154
210 160
211 180
212 141
213 135
214 223
215 180
216 168
216 151
216 184
217 135
218 203
218 237
219 137
219 176
220 163
220 184
221 156
221 187
222 188
222 169
223 214
224 146
224 171
225 156
225 208
226 193
226 178
227 138
228 178
228 193
229 153
229 149
230 166
230 207
231 192
231 149
232 172
232 151
232 200
233 168
233 201
234 161
234 196
235 139
235 206
236 179
237 218
238 182
238 190
239 157
239 155
239 147
240 162
242 140
244 50
244 7
244 146
244 245
244 248
245 244
248 244
249 248
250 148
250 248
253 118
253 81
253 254
254 253
254 255
255 254
255 256
256 255
