0
0
0.055714
0.333589
1
0.12204
0.071637
0.086153
0.054995
0.071255
0.031353
1
0.101107
7e-06
0.030319
0.028278
0.408237
0.146265
1
0.115953
0.089126
0.024134
0.091108
0.131215
0.002201
0.126637
0.362459
0.177141
0.206136
0.030352
9.2e-05
0.042964
0.000526
0.018038
0.003888
0.138123
0.182468
0.090088
0.463717
1
0.016078
0.003033
0.000947
0.268684
0
0.03576
0.065493
0.272448
0
0.292548
1
0.024407
1
0.025024
0.04193
0.099488
0.334002
5.2e-05
0.120283
1
0.226047
0.251477
0.332125
0.298429
0.026441
0.033653
0.125838
0.073153
0.500832
0.03392
0.060914
0
0
0.015332
0
0.251031
0.014191
0.201384
0.016006
0.501248
0.014143
0.00079
0.011083
0.100392
0.000138
0.054469
0
0.0091
0
0.499876
0.050938
0.059855
0.333903
0.062941
0.26548
0.298586
0.030199
0.231554
0
0.125674
0.500289
0.211221
0.012749
0.007242
0.003117
4e-06
0.026484
0
0.017299
0.297602
4.2e-05
0.004888
0.043375
0
0.006251
0.501064
0
0
0
0
0
0
0
0
0
0
0
0
0
0
0
0
0
0
0
1
0.136546
0.03974
1
0.01257
0.10519
0.200102
0.140113
0.002973
0.207838
0.08831
0.128389
0.000225
0.141992
0.012646
0.025047
0.065399
0.013236
0.251011
1
5.2e-05
1
4.6e-05
0.015773
0.00292
0.192528
0.272604
0.231042
0.00303
0.003797
0.004468
0.124994
0.205274
0.091487
0.107682
0.282831
0.03829
0.013197
1
0.500562
0.003345
0.012674
0.007921
1
0.007457
0.013876
0.048426
4e-05
0.235691
0.004205
0.016048
0
0.298126
0.043972
0.059199
1e-05
0.179934
0.003173
0.292345
0.501228
0.018787
0.111106
0.001466
0.08989
0.038252
0.017152
0.027291
0
7e-06
0.499889
4.9e-05
0.003712
0.030229
0.22493
0.333981
0.281858
0.006949
0
0.501006
0
0.006913
0.022173
0
1e-06
0.010302
0.001028
0.297485
0.0356
0
0.038191
0.286082
0.334072
0.499775
0.298582
0.043292
0.036047
0.001023
0.015088
0.027119
0.091134
0.003711
0.003738
0
9e-06
6.3e-05
0.115571
0
0.052481
0
0.012612
0.003194
0
0
0.001459
0
0
0
0
0
0
0
0
0
