258
660
2 3 0.333333
3 2 0.166667
4 3 0.333333
4 5 0.111111
4 7 0.0357143
4 12 0.1
4 25 0.111111
4 35 0.1
4 47 0.25
4 100 0.5
5 4 0.0344828
5 6 0.0416667
5 8 0.2
5 70 0.5
6 5 0.111111
6 4 0.0344828
6 7 0.0357143
6 11 0.0666667
6 17 0.0625
6 21 0.333333
6 28 0.0833333
6 45 0.5
6 101 0.2
7 6 0.0416667
7 4 0.0344828
7 15 0.142857
7 18 0.0588235
7 85 0.166667
7 112 0.5
7 244 0.0588235
8 5 0.111111
8 17 0.0625
9 20 0.0833333
9 27 0.166667
9 28 0.0833333
9 33 0.166667
9 37 0.0769231
9 51 0.125
9 54 0.166667
10 28 0.0833333
10 34 0.125
11 6 0.0416667
11 16 0.333333
11 56 0.333333
11 58 0.111111
11 77 0.2
11 101 0.2
12 4 0.0344828
12 14 0.25
12 90 0.5
12 96 0.25
13 105 0.5
13 110 0.25
14 12 0.1
14 96 0.25
15 7 0.0357143
15 80 0.5
16 11 0.0666667
17 8 0.2
17 6 0.0416667
17 26 0.333333
17 50 0.0625
17 67 0.5
18 7 0.0357143
18 20 0.0833333
18 22 0.0909091
18 37 0.0769231
18 49 0.2
18 92 0.333333
18 109 0.25
19 7 0.0357143
19 15 0.142857
19 43 0.25
19 85 0.166667
20 18 0.0588235
20 9 0.0454545
20 40 0.125
20 53 0.25
20 102 0.142857
21 6 0.0416667
21 4 0.0344828
22 18 0.0588235
22 29 0.25
22 65 0.333333
22 73 0.142857
22 108 0.166667
23 36 0.166667
23 39 0.1
23 46 0.5
24 82 0.111111
25 7 0.0357143
25 4 0.0344828
25 31 0.166667
25 35 0.1
26 17 0.0625
27 9 0.0454545
27 54 0.166667
27 59 0.0769231
28 10 0.142857
28 6 0.0416667
28 9 0.0454545
28 38 0.25
28 50 0.0625
29 22 0.0909091
29 69 0.166667
30 32 0.1
30 57 0.5
31 25 0.111111
31 35 0.1
32 30 0.166667
32 81 0.142857
32 84 0.111111
33 9 0.0454545
33 54 0.166667
34 10 0.142857
34 42 0.25
35 25 0.111111
35 31 0.166667
35 4 0.0344828
35 47 0.25
35 85 0.166667
36 23 0.111111
36 69 0.166667
36 135 0.0344828
37 28 0.0833333
37 9 0.0454545
37 18 0.0588235
37 58 0.111111
37 64 0.25
37 106 0.25
38 28 0.0833333
39 17 0.0625
39 23 0.111111
39 26 0.333333
39 60 0.166667
39 94 0.2
39 97 0.2
40 20 0.0833333
41 20 0.0833333
41 40 0.125
41 102 0.142857
42 34 0.125
43 19 0.0909091
43 52 0.0909091
44 86 0.5
44 131 0.111111
45 6 0.0416667
46 23 0.111111
47 35 0.1
47 4 0.0344828
48 7 0.0357143
48 98 0.2
48 107 0.333333
48 113 0.25
49 18 0.0588235
49 109 0.25
50 17 0.0625
50 38 0.25
50 28 0.0833333
50 18 0.0588235
50 55 0.0833333
50 62 0.333333
50 79 0.5
50 115 0.5
51 9 0.0454545
51 87 0.333333
51 111 0.2
52 43 0.25
52 19 0.0909091
52 61 0.25
52 75 0.25
52 89 0.5
53 40 0.125
53 20 0.0833333
54 9 0.0454545
54 27 0.166667
54 33 0.166667
55 7 0.0357143
55 50 0.0625
55 76 0.142857
55 82 0.111111
56 16 0.333333
56 11 0.0666667
57 30 0.166667
58 11 0.0666667
58 37 0.0769231
58 91 0.5
59 28 0.0833333
59 27 0.166667
59 9 0.0454545
59 38 0.25
59 63 0.25
59 66 0.125
59 68 0.5
59 95 0.25
60 39 0.1
60 94 0.2
60 97 0.2
61 52 0.0909091
61 93 0.25
62 50 0.0625
63 59 0.0769231
63 95 0.25
64 37 0.0769231
64 106 0.25
65 22 0.0909091
66 59 0.0769231
66 51 0.125
67 17 0.0625
68 59 0.0769231
69 23 0.111111
69 29 0.25
69 36 0.166667
70 5 0.111111
71 48 0.125
71 15 0.142857
71 72 0.5
72 71 0.166667
73 22 0.0909091
73 65 0.333333
73 108 0.166667
73 114 0.2
74 50 0.0625
74 62 0.333333
75 52 0.0909091
75 99 0.5
76 55 0.0833333
76 6 0.0416667
76 10 0.142857
76 8 0.2
76 103 0.5
77 55 0.0833333
77 11 0.0666667
77 83 0.5
78 93 0.25
79 50 0.0625
80 15 0.142857
81 32 0.1
81 84 0.111111
82 55 0.0833333
82 24 0.2
82 40 0.125
82 19 0.0909091
83 77 0.2
84 32 0.1
84 81 0.142857
84 110 0.25
85 35 0.1
85 19 0.0909091
85 7 0.0357143
86 44 0.166667
87 51 0.125
88 84 0.111111
88 24 0.2
89 52 0.0909091
90 12 0.1
91 58 0.111111
92 18 0.0588235
92 49 0.2
93 78 0.25
93 61 0.25
94 39 0.1
94 60 0.166667
95 59 0.0769231
95 63 0.25
96 12 0.1
96 14 0.25
97 94 0.2
97 60 0.166667
97 39 0.1
98 48 0.125
98 113 0.25
99 75 0.25
100 4 0.0344828
101 6 0.0416667
101 11 0.0666667
102 53 0.25
102 20 0.0833333
102 41 0.2
102 104 0.25
103 76 0.142857
104 102 0.142857
104 41 0.2
104 40 0.125
105 13 0.142857
106 37 0.0769231
106 64 0.25
107 48 0.125
107 98 0.2
108 22 0.0909091
108 73 0.142857
108 114 0.2
109 18 0.0588235
109 49 0.2
110 13 0.142857
110 84 0.111111
111 87 0.333333
111 51 0.125
111 81 0.142857
111 32 0.1
112 7 0.0357143
113 48 0.125
113 98 0.2
114 73 0.142857
114 22 0.0909091
114 108 0.166667
115 50 0.0625
116 32 0.1
116 81 0.142857
117 118 0.0833333
118 117 0.2
118 120 0.5
118 122 0.5
118 253 0.0909091
119 117 0.2
119 121 0.5
120 118 0.0833333
121 119 0.142857
122 118 0.0833333
123 124 0.142857
124 123 0.0769231
124 125 0.25
124 126 0.125
125 124 0.142857
126 124 0.142857
126 127 0.25
126 129 0.5
127 123 0.0769231
127 126 0.125
127 124 0.142857
129 126 0.125
131 44 0.166667
131 132 0.166667
132 131 0.111111
135 36 0.166667
135 4 0.0344828
135 136 0.0625
135 138 0.0384615
135 141 0.2
135 144 0.1
135 153 0.25
135 166 0.125
135 213 0.5
136 135 0.0344828
136 137 0.0769231
136 139 0.0909091
136 146 0.0588235
136 148 0.125
136 156 0.047619
136 158 0.111111
137 136 0.0625
137 145 0.0833333
137 150 0.142857
137 185 0.125
137 219 0.2
138 135 0.0344828
138 140 0.0909091
138 144 0.1
138 151 0.0588235
138 154 0.0526316
138 173 0.0833333
138 183 0.125
138 204 0.5
138 227 0.5
139 136 0.0625
139 163 0.1
139 206 0.25
139 235 0.25
140 138 0.0384615
140 149 0.0833333
140 191 0.166667
140 242 0.5
141 135 0.0344828
142 146 0.0588235
142 150 0.142857
142 178 0.0714286
143 147 0.0769231
143 152 0.142857
143 164 0.25
143 180 0.0909091
144 138 0.0384615
144 135 0.0344828
144 162 0.2
145 137 0.0769231
145 154 0.0526316
145 176 0.125
145 185 0.125
145 199 0.2
146 142 0.125
146 136 0.0625
146 156 0.047619
146 171 0.25
146 178 0.0714286
146 224 0.25
146 244 0.0588235
147 143 0.1
147 155 0.125
147 157 0.1
147 182 0.125
147 205 0.166667
147 239 0.25
148 136 0.0625
149 140 0.0909091
149 163 0.1
149 192 0.25
149 229 0.166667
150 137 0.0769231
150 142 0.125
151 138 0.0384615
151 169 0.1
151 172 0.125
151 195 0.25
151 200 0.2
151 216 0.142857
151 232 0.2
152 143 0.1
152 164 0.25
152 175 0.25
153 135 0.0344828
153 229 0.166667
154 138 0.0384615
154 145 0.0833333
154 160 0.111111
154 161 0.1
154 169 0.1
154 170 0.25
154 209 0.333333
154 210 0.25
155 147 0.0769231
155 157 0.1
155 205 0.166667
156 136 0.0625
156 148 0.125
156 146 0.0588235
156 167 0.166667
156 168 0.0769231
156 187 0.25
156 208 0.166667
156 221 0.25
156 225 0.25
157 147 0.0769231
157 155 0.125
157 203 0.2
157 205 0.166667
158 136 0.0625
158 148 0.125
158 159 0.125
158 165 0.142857
158 177 0.5
159 158 0.111111
159 179 0.142857
160 154 0.0526316
160 170 0.25
160 210 0.25
161 154 0.0526316
161 137 0.0769231
161 178 0.0714286
161 196 0.333333
161 234 0.333333
162 144 0.1
162 240 0.5
163 151 0.0588235
163 149 0.0833333
163 139 0.0909091
163 184 0.166667
163 220 0.333333
164 143 0.1
164 152 0.142857
165 158 0.111111
165 148 0.125
165 185 0.125
166 135 0.0344828
166 181 0.333333
166 207 0.2
166 230 0.25
167 156 0.047619
167 168 0.0769231
167 208 0.166667
168 167 0.166667
168 156 0.047619
168 152 0.142857
168 180 0.0909091
168 201 0.25
168 216 0.142857
168 233 0.25
169 151 0.0588235
169 154 0.0526316
169 188 0.333333
169 199 0.2
169 222 0.333333
170 154 0.0526316
170 160 0.111111
171 146 0.0588235
171 224 0.25
172 151 0.0588235
172 195 0.25
172 200 0.2
172 232 0.2
173 138 0.0384615
173 161 0.1
173 162 0.2
173 174 0.5
173 183 0.125
173 194 0.5
174 173 0.0833333
175 152 0.142857
176 145 0.0833333
176 179 0.142857
176 219 0.2
177 158 0.111111
178 161 0.1
178 142 0.125
178 146 0.0588235
178 191 0.166667
178 193 0.2
178 226 0.333333
178 228 0.25
179 176 0.125
179 159 0.125
179 236 0.5
180 143 0.1
180 168 0.0769231
180 211 0.5
180 215 0.5
181 166 0.125
182 147 0.0769231
182 190 0.166667
182 238 0.25
183 173 0.0833333
183 138 0.0384615
183 189 0.25
184 163 0.1
184 197 0.333333
185 137 0.0769231
185 165 0.142857
185 145 0.0833333
186 146 0.0588235
187 156 0.047619
187 221 0.25
188 169 0.1
189 183 0.125
189 180 0.0909091
190 182 0.125
190 202 0.125
190 238 0.25
191 178 0.0714286
191 140 0.0909091
191 198 0.5
192 149 0.0833333
192 231 0.333333
193 178 0.0714286
193 228 0.25
194 173 0.0833333
195 151 0.0588235
195 172 0.125
196 161 0.1
197 163 0.1
197 184 0.166667
198 191 0.166667
199 169 0.1
199 145 0.0833333
199 179 0.142857
200 151 0.0588235
200 172 0.125
201 168 0.0769231
201 233 0.25
202 183 0.125
202 190 0.166667
202 182 0.125
202 140 0.0909091
203 157 0.1
203 155 0.125
203 218 0.25
204 138 0.0384615
205 157 0.1
205 147 0.0769231
205 155 0.125
206 139 0.0909091
206 235 0.25
207 181 0.333333
207 166 0.125
207 230 0.25
208 167 0.166667
208 156 0.047619
208 225 0.25
209 154 0.0526316
209 160 0.111111
210 154 0.0526316
210 160 0.111111
211 180 0.0909091
212 141 0.2
213 135 0.0344828
214 223 0.5
215 180 0.0909091
216 168 0.0769231
216 151 0.0588235
216 184 0.166667
217 135 0.0344828
218 203 0.2
218 237 0.2
219 137 0.0769231
219 176 0.125
220 163 0.1
220 184 0.166667
221 156 0.047619
221 187 0.25
222 188 0.333333
222 169 0.1
223 214 0.25
224 146 0.0588235
224 171 0.25
225 156 0.047619
225 208 0.166667
226 193 0.2
226 178 0.0714286
227 138 0.0384615
228 178 0.0714286
228 193 0.2
229 153 0.25
229 149 0.0833333
230 166 0.125
230 207 0.2
231 192 0.25
231 149 0.0833333
232 172 0.125
232 151 0.0588235
232 200 0.2
233 168 0.0769231
233 201 0.25
234 161 0.1
234 196 0.333333
235 139 0.0909091
235 206 0.25
236 179 0.142857
237 218 0.25
238 182 0.125
238 190 0.166667
239 157 0.1
239 155 0.125
239 147 0.0769231
240 162 0.2
242 140 0.0909091
244 50 0.0625
244 7 0.0357143
244 146 0.0588235
244 245 0.25
244 248 0.111111
245 244 0.0588235
248 244 0.0588235
249 248 0.111111
250 148 0.125
250 248 0.111111
253 118 0.0833333
253 81 0.142857
253 254 0.166667
254 253 0.0909091
254 255 0.166667
255 254 0.166667
255 256 0.5
256 255 0.166667
