0 1
0 3
1 0
1 3
2 6
3 0
3 1
3 4
3 5
4 3
5 3
6 2
6 0
6 11
6 21
6 23
6 27
6 39
6 51
6 57
7 9
7 10
7 18
7 40
8 15
8 22
8 32
8 41
8 59
8 65
9 7
9 12
9 16
9 38
9 42
10 7
10 19
10 29
10 55
11 6
11 35
11 56
11 149
12 9
12 13
12 16
12 26
13 12
13 24
13 34
13 45
14 20
14 48
15 8
15 12
15 17
15 31
15 41
16 9
16 12
17 15
17 31
17 32
18 7
19 10
19 29
19 44
19 55
20 14
20 12
20 13
21 6
21 23
22 8
23 6
23 21
24 13
24 25
25 24
25 28
26 12
27 6
27 21
27 52
27 57
28 25
28 24
28 48
28 63
29 10
29 19
30 23
30 27
30 6
31 17
31 15
32 8
32 17
32 36
32 37
32 54
33 38
33 49
34 13
35 11
35 51
35 56
35 58
35 64
36 32
36 60
36 66
37 32
38 33
38 9
39 6
39 35
39 11
40 7
40 46
41 8
41 15
41 39
41 47
41 50
41 61
42 9
42 16
42 43
42 44
43 42
44 19
44 42
45 13
46 40
47 41
47 50
47 61
48 28
48 14
48 62
49 33
49 52
49 53
50 41
50 47
50 61
51 35
51 6
51 11
52 27
52 49
53 49
54 32
55 19
55 10
55 67
56 35
56 11
56 68
57 6
57 27
58 35
58 56
59 8
59 69
59 149
60 36
60 66
61 41
61 50
61 47
62 48
63 28
64 11
64 35
64 56
64 68
65 8
65 69
66 36
66 60
67 55
68 56
68 35
68 64
69 8
69 65
69 59
70 71
71 70
72 73
73 72
74 75
75 74
76 74
79 80
79 82
79 100
79 111
80 79
80 96
80 101
80 144
81 83
81 90
81 109
81 113
82 79
82 85
82 91
82 95
82 103
82 104
82 112
82 121
82 130
83 81
83 87
83 90
83 98
83 116
83 117
84 110
84 114
85 82
85 92
85 93
86 84
86 105
86 108
86 127
86 129
87 83
87 98
88 102
88 115
89 119
89 135
90 83
90 81
90 125
90 133
91 82
91 94
91 97
91 111
92 85
92 106
93 85
93 92
93 106
94 91
94 118
95 82
95 104
96 80
96 144
97 91
97 122
97 129
97 145
98 83
98 87
98 99
99 98
100 79
101 96
101 80
101 136
102 88
102 107
102 120
103 82
104 82
104 95
104 126
104 139
104 141
105 86
106 92
106 93
107 91
107 102
107 79
108 86
108 124
108 127
109 81
109 132
110 84
110 119
110 143
111 86
111 79
111 91
111 105
112 82
112 95
112 123
112 140
113 81
114 84
115 88
115 138
116 83
116 87
116 149
117 116
117 83
118 94
119 110
119 89
119 131
120 102
121 82
122 97
122 135
123 112
123 140
124 86
124 105
124 108
125 90
126 104
126 139
127 108
127 86
128 89
129 86
129 97
130 82
131 119
132 109
133 90
134 123
134 112
134 137
135 122
135 89
135 142
136 101
136 80
137 134
138 115
139 104
139 126
140 112
140 123
141 104
141 126
142 135
143 110
144 80
144 96
145 97
147 148
148 147
149 116
149 108
149 11
149 59
149 150
150 149
150 151
150 153
151 150
153 150
153 8
153 155
153 156
155 153
155 156
155 157
156 153
156 155
157 155
