0.232885
0.289796
0.250348
1
0.250553
0.500303
1
0.000486
1
0.005144
6.1e-05
0.125135
0.08056
1
0.00014
0.123055
0.008628
0.140991
0.000234
2.9e-05
2.6e-05
0.211126
0.500951
0.230119
0.142702
0.035991
0.020231
0.124081
0.004039
2.2e-05
0
0.062697
1
0.00093
0.500163
0.041018
0.16654
0.500776
0.001476
0.216667
8.2e-05
0.100287
0.000671
0.000343
0.000176
0.499362
4.1e-05
0.021769
0.000677
0.004461
0.022027
0.146316
0.030812
0.002255
0.500871
1.5e-05
0.022236
0.269902
0.013728
0.177229
0.049451
0.02186
0.000319
0.002039
0.005673
0.257136
0.049655
9e-06
0.005489
0.082666
0
0
0
0
0
0
0
0
0
0.092121
0.006165
0.091931
1
1
0.142605
0.16724
1
0.255055
0
0.000583
0.108791
0.094872
0.022974
0.034476
0.015926
0.234602
0.001649
0.042873
0.151676
0.076183
0.046169
0.001012
0
0.499368
0.100625
0.26515
0.013527
0
0.177745
0.011493
0.02024
0.030491
0.125628
0.045754
0.07155
0
0.21615
0.333687
0.008048
0.003451
0
0.500064
0.01086
0.030361
0.044918
0.054578
0.029417
0.278693
0
0.253624
0.500423
0.001723
0.005789
0.054343
0
0.001878
0.000215
0
0
0.030299
0.036192
0.033373
0.000928
0.010021
0.001802
0.021604
0
0
0
0.033791
0.003479
0.000864
0
0.000271
0
7e-05
8.6e-05
3.4e-05
