158
377
0 1 0.25
0 3 0.1
1 0 0.111111
1 3 0.1
2 6 0.0322581
3 0 0.111111
3 1 0.25
3 4 0.25
3 5 0.5
4 3 0.1
5 3 0.1
6 2 0.25
6 0 0.111111
6 11 0.0909091
6 21 0.166667
6 23 0.2
6 27 0.1
6 39 0.2
6 51 0.142857
6 57 0.25
7 9 0.0588235
7 10 0.125
7 18 0.5
7 40 0.166667
8 15 0.1
8 22 0.5
8 32 0.0769231
8 41 0.0909091
8 59 0.166667
8 65 0.25
9 7 0.0909091
9 12 0.0714286
9 16 0.1
9 38 0.25
9 42 0.125
10 7 0.0909091
10 19 0.125
10 29 0.25
10 55 0.166667
11 6 0.0322581
11 35 0.0833333
11 56 0.125
11 149 0.0666667
12 9 0.0588235
12 13 0.1
12 16 0.1
12 26 0.25
13 12 0.0714286
13 24 0.142857
13 34 0.5
13 45 0.5
14 20 0.2
14 48 0.166667
15 8 0.0588235
15 12 0.0714286
15 17 0.125
15 31 0.25
15 41 0.0909091
16 9 0.0588235
16 12 0.0714286
17 15 0.1
17 31 0.25
17 32 0.0769231
18 7 0.0909091
19 10 0.125
19 29 0.25
19 44 0.25
19 55 0.166667
20 14 0.2
20 12 0.0714286
20 13 0.1
21 6 0.0322581
21 23 0.2
22 8 0.0588235
23 6 0.0322581
23 21 0.166667
24 13 0.1
24 25 0.25
25 24 0.142857
25 28 0.111111
26 12 0.0714286
27 6 0.0322581
27 21 0.166667
27 52 0.25
27 57 0.25
28 25 0.25
28 24 0.142857
28 48 0.166667
28 63 0.5
29 10 0.125
29 19 0.125
30 23 0.2
30 27 0.1
30 6 0.0322581
31 17 0.125
31 15 0.1
32 8 0.0588235
32 17 0.125
32 36 0.166667
32 37 0.5
32 54 0.5
33 38 0.25
33 49 0.142857
34 13 0.1
35 11 0.0909091
35 51 0.142857
35 56 0.125
35 58 0.333333
35 64 0.125
36 32 0.0769231
36 60 0.25
36 66 0.25
37 32 0.0769231
38 33 0.166667
38 9 0.0588235
39 6 0.0322581
39 35 0.0833333
39 11 0.0909091
40 7 0.0909091
40 46 0.5
41 8 0.0588235
41 15 0.1
41 39 0.2
41 47 0.166667
41 50 0.166667
41 61 0.166667
42 9 0.0588235
42 16 0.1
42 43 0.5
42 44 0.25
43 42 0.125
44 19 0.125
44 42 0.125
45 13 0.1
46 40 0.166667
47 41 0.0909091
47 50 0.166667
47 61 0.166667
48 28 0.111111
48 14 0.2
48 62 0.5
49 33 0.166667
49 52 0.25
49 53 0.5
50 41 0.0909091
50 47 0.166667
50 61 0.166667
51 35 0.0833333
51 6 0.0322581
51 11 0.0909091
52 27 0.1
52 49 0.142857
53 49 0.142857
54 32 0.0769231
55 19 0.125
55 10 0.125
55 67 0.5
56 35 0.0833333
56 11 0.0909091
56 68 0.2
57 6 0.0322581
57 27 0.1
58 35 0.0833333
58 56 0.125
59 8 0.0588235
59 69 0.2
59 149 0.0666667
60 36 0.166667
60 66 0.25
61 41 0.0909091
61 50 0.166667
61 47 0.166667
62 48 0.166667
63 28 0.111111
64 11 0.0909091
64 35 0.0833333
64 56 0.125
64 68 0.2
65 8 0.0588235
65 69 0.2
66 36 0.166667
66 60 0.25
67 55 0.166667
68 56 0.125
68 35 0.0833333
68 64 0.125
69 8 0.0588235
69 65 0.25
69 59 0.166667
70 71 0.5
71 70 0.125
72 73 0.166667
73 72 0.166667
74 75 0.5
75 74 0.1
76 74 0.1
79 80 0.0666667
79 82 0.05
79 100 0.5
79 111 0.166667
80 79 0.0909091
80 96 0.2
80 101 0.166667
80 144 0.25
81 83 0.0769231
81 90 0.1
81 109 0.125
81 113 0.5
82 79 0.0909091
82 85 0.166667
82 91 0.0909091
82 95 0.2
82 103 0.5
82 104 0.0833333
82 112 0.125
82 121 0.5
82 130 0.5
83 81 0.0833333
83 87 0.2
83 90 0.1
83 98 0.125
83 116 0.166667
83 117 0.333333
84 110 0.142857
84 114 0.5
85 82 0.05
85 92 0.111111
85 93 0.2
86 84 0.142857
86 105 0.25
86 108 0.142857
86 127 0.25
86 129 0.25
87 83 0.0769231
87 98 0.125
88 102 0.142857
88 115 0.25
89 119 0.166667
89 135 0.166667
90 83 0.0769231
90 81 0.0833333
90 125 0.5
90 133 0.5
91 82 0.05
91 94 0.166667
91 97 0.125
91 111 0.166667
92 85 0.166667
92 106 0.25
93 85 0.166667
93 92 0.111111
93 106 0.25
94 91 0.0909091
94 118 0.5
95 82 0.05
95 104 0.0833333
96 80 0.0666667
96 144 0.25
97 91 0.0909091
97 122 0.25
97 129 0.25
97 145 0.5
98 83 0.0769231
98 87 0.2
98 99 0.5
99 98 0.125
100 79 0.0909091
101 96 0.2
101 80 0.0666667
101 136 0.2
102 88 0.166667
102 107 0.25
102 120 0.5
103 82 0.05
104 82 0.05
104 95 0.2
104 126 0.2
104 139 0.25
104 141 0.333333
105 86 0.0833333
106 92 0.111111
106 93 0.2
107 91 0.0909091
107 102 0.142857
107 79 0.0909091
108 86 0.0833333
108 124 0.25
108 127 0.25
109 81 0.0833333
109 132 0.5
110 84 0.142857
110 119 0.166667
110 143 0.5
111 86 0.0833333
111 79 0.0909091
111 91 0.0909091
111 105 0.25
112 82 0.05
112 95 0.2
112 123 0.2
112 140 0.25
113 81 0.0833333
114 84 0.142857
115 88 0.166667
115 138 0.5
116 83 0.0769231
116 87 0.2
116 149 0.0666667
117 116 0.166667
117 83 0.0769231
118 94 0.166667
119 110 0.142857
119 89 0.111111
119 131 0.5
120 102 0.142857
121 82 0.05
122 97 0.125
122 135 0.166667
123 112 0.125
123 140 0.25
124 86 0.0833333
124 105 0.25
124 108 0.142857
125 90 0.1
126 104 0.0833333
126 139 0.25
127 108 0.142857
127 86 0.0833333
128 89 0.111111
129 86 0.0833333
129 97 0.125
130 82 0.05
131 119 0.166667
132 109 0.125
133 90 0.1
134 123 0.2
134 112 0.125
134 137 0.5
135 122 0.25
135 89 0.111111
135 142 0.5
136 101 0.166667
136 80 0.0666667
137 134 0.142857
138 115 0.25
139 104 0.0833333
139 126 0.2
140 112 0.125
140 123 0.2
141 104 0.0833333
141 126 0.2
142 135 0.166667
143 110 0.142857
144 80 0.0666667
144 96 0.2
145 97 0.125
147 148 0.5
148 147 0.125
149 116 0.166667
149 108 0.142857
149 11 0.0909091
149 59 0.166667
149 150 0.1
150 149 0.0666667
150 151 0.25
150 153 0.0833333
151 150 0.1
153 150 0.1
153 8 0.0588235
153 155 0.166667
153 156 0.25
155 153 0.0833333
155 156 0.25
155 157 0.5
156 153 0.0833333
156 155 0.166667
157 155 0.166667
