0 5
0 7
0 15
0 27
0 38
0 46
1 3
1 4
1 30
1 50
2 1
2 9
2 10
2 26
2 43
2 44
3 1
3 11
3 17
3 34
3 41
3 45
4 1
4 6
4 19
4 23
4 33
5 0
6 4
6 1
6 42
7 0
7 4
7 5
7 29
7 47
8 12
8 35
8 55
9 2
9 13
9 14
9 16
9 20
9 36
9 51
9 54
10 2
10 18
11 3
11 34
12 8
12 35
12 55
12 69
13 9
13 2
13 21
13 25
13 28
13 39
14 9
14 36
15 0
15 5
16 9
16 14
17 4
17 3
17 24
17 31
17 32
17 37
17 48
18 10
19 4
19 33
20 9
20 16
21 13
21 25
21 28
23 4
23 19
24 17
24 32
24 69
25 13
25 21
26 2
27 0
27 5
28 13
28 21
29 7
30 1
31 24
31 17
31 32
31 37
31 48
32 17
32 24
32 31
32 37
33 19
33 4
34 3
34 11
34 41
34 45
34 53
35 12
35 8
36 9
36 14
36 32
36 16
36 13
37 24
37 32
37 31
37 17
37 48
38 0
39 25
39 13
39 49
39 52
39 63
40 36
41 34
41 3
41 45
42 6
43 2
44 2
45 3
45 34
45 41
45 53
46 0
46 15
47 7
48 31
48 17
48 37
48 32
49 39
50 1
51 9
51 14
51 16
51 54
51 63
52 49
52 39
53 34
53 45
53 3
54 14
54 16
54 51
54 9
55 8
55 12
56 19
56 9
56 3
56 57
56 58
57 56
57 59
58 56
58 60
58 61
59 57
60 58
61 58
61 62
62 61
63 39
63 51
63 12
63 65
65 63
65 66
66 65
66 67
66 68
67 66
67 64
68 66
69 9
69 12
69 24
70 110
70 113
71 70
71 73
72 76
72 81
72 87
72 102
72 115
72 116
73 71
73 77
74 93
74 99
74 111
75 78
75 108
75 126
75 127
76 72
76 80
76 95
76 105
76 106
76 109
77 73
77 71
78 75
78 86
78 108
78 126
78 127
79 76
79 90
79 125
80 76
80 85
80 92
80 121
80 124
80 131
81 72
81 84
81 91
81 96
82 78
82 75
82 83
82 97
82 104
83 82
83 97
83 104
83 112
83 114
84 81
85 76
85 80
85 83
86 78
86 123
86 127
87 72
88 89
88 119
88 122
88 129
89 88
89 103
89 122
89 129
90 79
90 120
91 81
91 96
92 80
92 79
92 94
92 101
93 74
93 99
94 92
94 130
95 76
95 106
96 81
96 91
97 82
97 83
97 117
98 74
98 84
98 80
98 93
98 107
99 74
99 93
99 100
99 131
100 78
100 99
100 86
100 88
100 118
101 92
101 94
102 72
102 116
103 89
103 88
104 82
104 97
104 83
104 112
104 114
105 76
106 76
106 95
107 98
108 78
108 75
108 127
109 76
110 70
111 74
111 99
111 93
112 83
112 104
112 82
112 117
113 70
114 104
114 97
114 112
114 83
115 72
115 102
115 128
116 72
116 102
117 104
117 97
117 112
117 82
118 100
119 88
119 103
120 79
120 90
121 80
122 103
122 88
122 89
123 86
123 75
123 78
124 80
125 79
125 90
126 86
126 108
126 78
126 75
127 108
127 78
127 86
127 75
127 126
128 115
129 89
129 119
129 88
130 94
130 92
130 101
131 10
131 106
131 99
131 119
131 80
131 132
131 133
131 134
131 135
132 131
133 131
133 134
134 131
134 133
135 131
138 137
138 139
139 138
140 141
141 140
