142
392
0 5 0.2
0 7 0.0833333
0 15 0.25
0 27 0.333333
0 38 0.5
0 46 0.333333
1 3 0.0714286
1 4 0.0714286
1 30 0.5
1 50 0.25
2 1 0.0434783
2 9 0.04
2 10 0.142857
2 26 0.5
2 43 0.5
2 44 0.333333
3 1 0.0434783
3 11 0.2
3 17 0.0666667
3 34 0.0909091
3 41 0.166667
3 45 0.125
4 1 0.0434783
4 6 0.0909091
4 19 0.166667
4 23 0.333333
4 33 0.25
5 0 0.0526316
6 4 0.0714286
6 1 0.0434783
6 42 0.25
7 0 0.0526316
7 4 0.0714286
7 5 0.2
7 29 0.5
7 47 0.5
8 12 0.111111
8 35 0.25
8 55 0.25
9 2 0.0666667
9 13 0.0769231
9 14 0.1
9 16 0.142857
9 20 0.333333
9 36 0.125
9 51 0.125
9 54 0.166667
10 2 0.0666667
10 18 0.5
11 3 0.0714286
11 34 0.0909091
12 8 0.125
12 35 0.25
12 55 0.25
12 69 0.1
13 9 0.04
13 2 0.0666667
13 21 0.166667
13 25 0.2
13 28 0.25
13 39 0.1
14 9 0.04
14 36 0.125
15 0 0.0526316
15 5 0.2
16 9 0.04
16 14 0.1
17 4 0.0714286
17 3 0.0714286
17 24 0.125
17 31 0.111111
17 32 0.1
17 37 0.111111
17 48 0.142857
18 10 0.142857
19 4 0.0714286
19 33 0.25
20 9 0.04
20 16 0.142857
21 13 0.0769231
21 25 0.2
21 28 0.25
23 4 0.0714286
23 19 0.166667
24 17 0.0666667
24 32 0.1
24 69 0.1
25 13 0.0769231
25 21 0.166667
26 2 0.0666667
27 0 0.0526316
27 5 0.2
28 13 0.0769231
28 21 0.166667
29 7 0.0833333
30 1 0.0434783
31 24 0.125
31 17 0.0666667
31 32 0.1
31 37 0.111111
31 48 0.142857
32 17 0.0666667
32 24 0.125
32 31 0.111111
32 37 0.111111
33 19 0.166667
33 4 0.0714286
34 3 0.0714286
34 11 0.2
34 41 0.166667
34 45 0.125
34 53 0.2
35 12 0.111111
35 8 0.125
36 9 0.04
36 14 0.1
36 32 0.1
36 16 0.142857
36 13 0.0769231
37 24 0.125
37 32 0.1
37 31 0.111111
37 17 0.0666667
37 48 0.142857
38 0 0.0526316
39 25 0.2
39 13 0.0769231
39 49 0.333333
39 52 0.333333
39 63 0.0714286
40 36 0.125
41 34 0.0909091
41 3 0.0714286
41 45 0.125
42 6 0.0909091
43 2 0.0666667
44 2 0.0666667
45 3 0.0714286
45 34 0.0909091
45 41 0.166667
45 53 0.2
46 0 0.0526316
46 15 0.25
47 7 0.0833333
48 31 0.111111
48 17 0.0666667
48 37 0.111111
48 32 0.1
49 39 0.1
50 1 0.0434783
51 9 0.04
51 14 0.1
51 16 0.142857
51 54 0.166667
51 63 0.0714286
52 49 0.333333
52 39 0.1
53 34 0.0909091
53 45 0.125
53 3 0.0714286
54 14 0.1
54 16 0.142857
54 51 0.125
54 9 0.04
55 8 0.125
55 12 0.111111
56 19 0.166667
56 9 0.04
56 3 0.0714286
56 57 0.166667
56 58 0.125
57 56 0.0588235
57 59 0.5
58 56 0.0588235
58 60 0.5
58 61 0.2
59 57 0.166667
60 58 0.125
61 58 0.125
61 62 0.25
62 61 0.2
63 39 0.1
63 51 0.125
63 12 0.111111
63 65 0.166667
65 63 0.0714286
65 66 0.1
66 65 0.166667
66 67 0.333333
66 68 0.5
67 66 0.1
67 64 0.2
68 66 0.1
69 9 0.04
69 12 0.111111
69 24 0.125
70 110 0.333333
70 113 0.5
71 70 0.0666667
71 73 0.25
72 76 0.0526316
72 81 0.1
72 87 0.5
72 102 0.2
72 115 0.2
72 116 0.25
73 71 0.166667
73 77 0.2
74 93 0.166667
74 99 0.111111
74 111 0.25
75 78 0.0769231
75 108 0.142857
75 126 0.142857
75 127 0.111111
76 72 0.05
76 80 0.0625
76 95 0.25
76 105 0.5
76 106 0.2
76 109 0.5
77 73 0.25
77 71 0.166667
78 75 0.0833333
78 86 0.125
78 108 0.142857
78 126 0.142857
78 127 0.111111
79 76 0.0526316
79 90 0.2
79 125 0.333333
80 76 0.0526316
80 85 0.25
80 92 0.1
80 121 0.5
80 124 0.5
80 131 0.0434783
81 72 0.05
81 84 0.2
81 91 0.25
81 96 0.25
82 78 0.0769231
82 75 0.0833333
82 83 0.0909091
82 97 0.125
82 104 0.1
83 82 0.0769231
83 97 0.125
83 104 0.1
83 112 0.125
83 114 0.166667
84 81 0.1
85 76 0.0526316
85 80 0.0625
85 83 0.0909091
86 78 0.0769231
86 123 0.25
86 127 0.111111
87 72 0.05
88 89 0.125
88 119 0.2
88 122 0.2
88 129 0.2
89 88 0.0588235
89 103 0.2
89 122 0.2
89 129 0.2
90 79 0.0909091
90 120 0.333333
91 81 0.1
91 96 0.25
92 80 0.0625
92 79 0.0909091
92 94 0.2
92 101 0.25
93 74 0.0769231
93 99 0.111111
94 92 0.1
94 130 0.25
95 76 0.0526316
95 106 0.2
96 81 0.1
96 91 0.25
97 82 0.0769231
97 83 0.0909091
97 117 0.166667
98 74 0.0769231
98 84 0.2
98 80 0.0625
98 93 0.166667
98 107 0.5
99 74 0.0769231
99 93 0.166667
99 100 0.0909091
99 131 0.0434783
100 78 0.0769231
100 99 0.111111
100 86 0.125
100 88 0.0588235
100 118 0.5
101 92 0.1
101 94 0.2
102 72 0.05
102 116 0.25
103 89 0.125
103 88 0.0588235
104 82 0.0769231
104 97 0.125
104 83 0.0909091
104 112 0.125
104 114 0.166667
105 76 0.0526316
106 76 0.0526316
106 95 0.25
107 98 0.125
108 78 0.0769231
108 75 0.0833333
108 127 0.111111
109 76 0.0526316
110 70 0.0666667
111 74 0.0769231
111 99 0.111111
111 93 0.166667
112 83 0.0909091
112 104 0.1
112 82 0.0769231
112 117 0.166667
113 70 0.0666667
114 104 0.1
114 97 0.125
114 112 0.125
114 83 0.0909091
115 72 0.05
115 102 0.2
115 128 0.5
116 72 0.05
116 102 0.2
117 104 0.1
117 97 0.125
117 112 0.125
117 82 0.0769231
118 100 0.0909091
119 88 0.0588235
119 103 0.2
120 79 0.0909091
120 90 0.2
121 80 0.0625
122 103 0.2
122 88 0.0588235
122 89 0.125
123 86 0.125
123 75 0.0833333
123 78 0.0769231
124 80 0.0625
125 79 0.0909091
125 90 0.2
126 86 0.125
126 108 0.142857
126 78 0.0769231
126 75 0.0833333
127 108 0.142857
127 78 0.0769231
127 86 0.125
127 75 0.0833333
127 126 0.142857
128 115 0.2
129 89 0.125
129 119 0.2
129 88 0.0588235
130 94 0.2
130 92 0.1
130 101 0.25
131 10 0.142857
131 106 0.2
131 99 0.111111
131 119 0.2
131 80 0.0625
131 132 0.166667
131 133 0.125
131 134 0.125
131 135 0.5
132 131 0.0434783
133 131 0.0434783
133 134 0.125
134 131 0.0434783
134 133 0.125
135 131 0.0434783
138 137 0.333333
138 139 0.5
139 138 0.333333
140 141 0.5
141 140 0.25
