1
0.047363
1
0.00364
0.074902
0.441514
0.006826
1
0.001577
1
0.26577
0.000823
0.008998
0.17249
0.161626
0.313585
0.236905
0.001573
0.132812
0.018447
0.333902
0.069839
0
0.025066
0.002572
0.22968
0.501001
0.333233
0.056711
0.500967
0.023912
0.002031
0.014446
0.021749
0.000502
0.002513
0.1426
0.001925
0.500948
1
0
0.000764
0.001757
0.500841
0.333744
0.000564
0.3329
0.500771
0.0007
0.407101
0.012004
0.151357
0.333217
0.000214
0.18513
0.002552
0
0
0
0
0
0
0
0.081347
0.000103
0.013462
0.001391
0.000479
0.000709
0.001132
0
0
1
0
0.009987
0.000388
0.128008
0
0.001091
0.008968
1
0.101012
0.002638
0.023003
0.020107
0.250972
0.001418
0.500753
0.015094
0.007452
0.002239
0.029863
0.10058
0.020271
0.024201
0.083096
0.029804
0.004082
0
0.111708
0.010223
0.026044
0.270869
0.041289
0.003263
0.063989
0.222998
0
0.000264
0.064553
0
0.002498
0.003754
0
0.004242
0.200414
0.294066
0.001257
0.00518
0.20105
0.000738
0.500407
0.00427
0.000358
0.501102
0.003061
0.000261
0.000338
0.100452
0.004434
0.006142
1
0.166904
0.13934
0.140003
0.499957
0
0
0
0
0
0
