0 2
16 11
30 31
30 32
17 5
17 9
17 15
2 0
2 3
2 5
2 12
31 30
31 37
31 38
38 31
38 40
3 2
3 4
3 7
32 30
32 33
32 35
32 37
32 39
18 6
18 8
18 14
18 20
18 24
4 3
19 12
19 10
5 2
5 6
5 9
5 15
5 17
6 5
6 10
6 12
20 18
20 12
33 32
33 41
21 10
21 22
39 32
7 3
7 4
7 8
7 23
34 31
34 30
8 7
8 4
8 11
8 14
8 18
35 32
40 38
41 33
9 5
9 15
9 17
22 10
22 21
23 7
23 3
24 18
10 6
10 21
10 22
11 8
11 16
25 26
25 29
26 25
26 27
26 28
27 26
12 2
12 6
12 13
12 19
37 31
37 34
37 32
28 26
29 26
29 25
43 44
44 43
13 12
14 8
15 5
15 9
15 17
