0 1
0 2
0 3
1 0
1 3
1 12
2 0
3 0
3 1
3 4
3 5
3 479
4 3
4 5
5 0
5 3
5 4
5 6
5 7
5 8
6 9
6 11
6 12
6 5
7 5
8 5
9 11
9 12
9 6
10 7
11 9
11 238
11 6
12 0
12 1
12 75
12 145
12 6
12 33
12 15
12 9
12 71
12 45
12 14
12 13
12 16
12 104
12 195
12 214
12 27
12 211
13 115
13 21
13 119
13 12
13 171
13 28
14 17
14 83
14 100
14 12
14 45
14 31
15 42
15 17
15 18
15 19
15 22
15 209
15 26
15 12
15 13
16 145
16 195
16 12
16 166
17 129
17 25
17 14
17 15
18 32
18 65
18 95
18 21
18 39
18 184
18 90
18 15
18 156
18 106
18 63
19 113
19 20
19 23
19 105
19 461
19 126
19 15
20 24
20 17
20 218
20 19
21 32
21 96
21 68
21 38
21 210
21 106
21 183
21 140
21 13
21 78
21 48
21 18
21 212
21 23
21 29
22 88
22 175
22 52
22 182
22 40
22 127
22 77
22 15
23 19
23 67
23 36
23 21
23 102
23 147
23 13
23 110
24 41
24 90
24 20
24 126
25 17
25 129
26 209
26 101
26 134
26 56
26 73
26 42
26 15
27 176
27 33
27 35
27 117
27 152
27 89
27 12
28 13
28 30
28 29
29 161
29 21
29 54
29 55
29 43
29 28
29 53
30 28
30 221
31 108
31 58
31 60
31 218
31 14
32 64
32 49
32 18
32 35
32 21
32 22
32 72
32 162
32 142
32 191
33 44
33 170
33 27
33 12
33 125
34 32
34 197
34 115
34 37
34 93
34 47
35 32
35 64
35 136
35 185
35 27
35 205
36 200
36 122
36 238
36 23
37 34
37 139
38 173
38 21
38 190
38 61
39 18
40 481
40 52
40 182
40 22
40 87
40 88
40 479
40 77
40 175
41 24
41 74
41 90
41 126
42 26
42 101
42 15
43 261
43 86
43 202
43 172
43 29
43 46
44 33
44 111
44 69
44 185
44 57
45 139
45 71
45 59
45 12
45 157
45 14
46 50
46 43
46 163
46 94
46 223
47 18
47 84
47 168
47 36
47 155
47 76
47 34
48 120
48 81
48 130
48 21
49 32
49 88
50 94
50 46
51 46
52 40
52 77
52 22
52 127
53 48
53 123
53 51
53 199
53 43
53 29
54 50
54 99
54 29
54 62
54 53
55 43
55 29
55 167
56 26
56 101
56 42
56 134
56 15
57 33
57 44
57 69
57 111
58 31
59 157
59 45
59 71
60 114
60 70
60 24
60 57
60 74
60 108
60 170
60 31
61 73
61 178
61 107
61 118
61 38
62 80
62 66
62 54
62 220
62 46
62 143
63 65
63 18
63 479
63 95
64 32
64 49
64 35
64 95
65 256
65 18
65 156
65 106
65 63
66 62
66 223
67 19
67 47
67 188
67 102
67 23
68 97
68 210
68 140
68 21
68 109
69 57
69 44
69 37
70 60
71 59
71 12
71 45
72 32
72 49
73 128
73 138
73 56
73 26
73 92
73 42
73 61
74 181
74 24
74 41
74 187
74 60
74 79
75 104
75 136
75 12
75 166
76 82
76 203
76 132
76 153
76 47
76 204
76 36
77 40
77 52
77 22
77 175
78 96
78 212
78 68
78 21
78 109
79 74
79 124
79 85
80 66
80 94
80 62
81 48
82 204
82 76
83 14
84 148
84 36
84 47
85 124
85 149
85 79
86 112
86 43
86 167
87 40
87 88
87 77
87 22
87 127
88 49
88 131
88 22
88 87
88 40
88 135
89 176
89 27
90 24
90 41
90 18
90 116
91 69
92 128
92 73
92 138
93 34
93 47
94 80
94 50
94 98
94 46
94 159
95 64
95 65
95 18
95 97
95 219
95 208
95 63
96 21
96 78
96 109
97 196
97 183
97 68
97 158
97 95
98 189
98 94
98 223
99 121
99 206
99 54
99 103
100 14
101 56
101 42
101 26
101 151
102 153
102 67
102 23
103 99
104 75
104 12
104 211
105 144
105 19
106 65
106 18
106 164
106 21
106 154
106 186
106 63
107 178
107 61
108 58
108 60
108 31
109 96
109 140
109 68
109 21
109 78
110 23
111 33
111 133
111 185
111 57
111 170
111 44
111 125
112 137
112 123
112 86
113 19
114 60
115 64
115 34
115 13
115 205
116 90
117 27
118 194
118 146
118 107
118 61
118 29
119 13
120 48
121 99
121 221
122 36
123 112
123 130
123 53
123 198
123 492
123 86
124 48
124 85
124 190
124 79
125 133
125 33
125 57
125 111
126 24
126 41
126 19
126 181
127 52
127 22
127 87
128 73
128 138
128 92
129 141
129 17
129 25
129 101
129 47
130 48
130 120
130 123
130 196
131 88
132 82
132 204
132 216
132 153
132 203
132 76
133 33
133 44
133 125
133 111
134 56
134 26
135 88
136 88
136 75
136 35
136 150
137 112
137 86
137 167
138 128
138 73
138 92
139 84
139 37
139 45
140 68
140 21
140 109
141 129
141 193
142 32
142 49
143 80
143 54
143 62
144 105
145 16
145 104
145 180
145 12
146 118
147 110
147 23
148 84
148 461
149 85
150 136
151 101
152 27
153 160
153 132
153 76
153 102
154 177
154 106
154 186
154 174
155 47
156 65
156 18
157 59
157 45
158 97
159 94
160 153
161 29
162 72
162 32
162 191
163 46
164 154
164 106
164 186
165 129
165 42
165 67
165 179
165 47
166 16
166 75
167 137
167 169
167 206
167 86
167 55
168 193
168 47
169 167
170 33
170 60
170 57
170 111
171 28
171 13
172 43
173 38
174 481
174 18
174 73
174 154
174 76
174 106
175 40
175 77
175 22
176 89
176 27
177 154
177 106
178 107
178 61
179 165
180 145
181 74
181 126
181 79
182 40
182 256
182 22
183 97
183 68
183 21
184 18
184 63
185 33
185 35
185 44
185 111
186 154
186 164
186 106
187 74
188 67
189 98
189 261
190 105
190 124
190 38
191 32
191 162
192 130
193 168
193 139
193 141
193 47
194 146
194 118
195 16
195 12
196 97
196 130
196 207
196 222
196 201
197 34
198 123
199 53
200 122
200 36
200 30
200 23
201 196
202 43
203 132
203 76
203 204
204 132
204 82
204 203
204 76
205 35
205 115
206 99
206 213
206 167
207 201
207 196
208 219
208 95
209 56
209 26
209 134
209 15
210 96
210 217
210 68
210 21
210 215
211 104
211 75
211 12
212 138
212 22
212 68
212 21
212 78
213 206
214 16
214 104
214 211
214 12
215 96
215 210
215 68
215 109
215 78
216 204
216 132
216 76
217 210
217 68
217 21
218 20
218 77
218 134
218 31
219 208
219 95
220 80
220 66
220 62
221 121
221 30
222 201
222 196
222 207
223 224
223 66
223 62
223 231
223 98
223 46
224 232
224 225
224 233
224 223
225 224
225 226
225 227
225 228
225 234
226 225
226 234
226 229
227 225
227 237
228 225
228 233
229 226
229 230
230 229
231 236
231 223
232 224
232 233
232 226
233 224
233 232
233 228
234 225
234 226
234 235
235 234
236 223
236 231
237 227
238 241
238 18
238 243
238 36
238 246
238 247
238 132
238 11
238 239
239 240
239 253
239 238
240 242
240 244
240 239
241 240
241 249
241 254
241 238
242 240
242 245
243 250
243 238
244 240
245 242
246 248
246 252
246 238
246 255
247 251
247 238
248 464
248 250
248 246
249 241
249 246
250 248
250 243
250 246
251 247
252 246
253 239
254 241
255 248
255 246
256 32
256 65
256 259
256 182
256 257
256 76
257 256
257 258
257 260
258 257
259 256
260 257
261 262
261 66
261 43
261 189
261 62
262 261
263 418
263 67
263 267
263 281
263 366
263 271
263 273
263 19
263 430
263 247
263 153
263 378
263 124
263 317
264 265
264 266
264 300
264 278
264 263
265 264
265 321
265 449
265 393
266 276
266 438
266 294
266 264
266 393
266 413
267 292
267 263
267 307
267 268
267 269
267 270
267 303
267 274
267 275
267 301
267 406
267 443
267 348
267 318
268 272
268 302
268 402
268 275
268 293
268 481
268 291
268 330
268 267
268 286
268 287
269 267
269 375
270 279
270 267
270 295
270 360
270 298
270 347
271 263
272 280
272 268
273 282
273 299
273 338
273 277
273 263
274 368
274 464
274 306
274 267
274 308
274 389
274 390
274 329
274 283
274 412
274 301
275 291
275 452
275 267
275 363
275 268
275 287
276 289
276 266
277 273
277 270
277 377
278 264
278 300
279 296
279 373
279 270
279 303
280 272
280 386
280 310
280 456
280 445
280 284
280 269
280 285
281 273
281 314
281 271
281 289
281 263
282 273
282 339
282 277
282 342
282 305
282 379
282 299
283 288
283 354
283 355
283 388
283 263
283 371
283 302
283 271
283 274
283 275
283 267
283 447
283 319
284 280
284 456
284 285
284 310
284 445
285 337
285 456
285 286
285 422
285 280
285 428
285 410
285 284
285 334
285 357
286 400
286 325
286 455
286 268
286 285
286 293
287 339
287 405
287 328
287 275
287 268
287 383
288 377
288 306
288 283
288 277
288 263
289 281
289 290
289 276
289 309
289 429
290 289
290 429
291 332
291 275
291 268
291 302
291 380
292 351
292 267
292 372
292 297
292 298
292 347
292 364
292 446
292 335
293 320
293 316
293 434
293 268
293 286
294 336
294 457
294 266
294 324
295 270
296 313
296 404
296 340
296 279
297 372
297 396
297 292
297 335
298 361
298 292
298 365
298 270
298 303
299 359
299 273
299 291
299 432
299 343
299 409
299 282
299 311
300 264
300 278
301 331
301 424
301 274
301 267
301 458
302 283
302 275
302 291
302 268
302 421
303 298
303 267
303 279
304 281
305 328
305 282
305 379
305 342
306 288
306 274
307 312
307 315
307 331
307 267
307 327
308 464
308 329
308 274
308 412
308 390
309 289
309 290
309 345
310 280
310 353
310 284
310 293
310 333
311 384
311 369
311 370
311 299
311 356
312 307
312 327
313 296
313 404
313 340
314 281
315 307
316 454
316 427
316 293
316 398
316 341
317 322
317 323
317 326
317 263
317 275
317 425
317 346
317 299
318 267
318 423
319 283
319 387
319 397
320 434
320 293
320 399
321 265
322 425
322 317
322 326
323 433
323 275
323 436
323 363
323 317
323 350
324 416
324 457
324 294
325 401
325 382
325 286
325 455
326 322
326 317
327 312
327 307
328 440
328 305
328 282
328 317
328 287
329 352
329 274
329 347
329 308
329 381
330 268
330 286
331 307
331 301
331 327
332 339
332 291
333 353
333 310
334 280
334 362
334 284
334 285
335 297
335 396
335 292
336 324
336 438
336 294
337 285
338 273
338 426
339 419
339 291
339 282
339 411
339 332
339 349
339 287
340 296
340 313
340 388
340 344
340 376
341 427
341 316
341 451
342 305
342 282
343 432
343 385
343 299
343 359
344 340
345 309
346 322
346 358
346 317
346 326
347 329
347 431
347 292
347 270
347 367
348 267
349 339
349 411
349 419
350 323
351 292
351 391
352 329
352 381
352 374
353 333
353 310
353 406
354 283
355 283
356 369
356 380
356 311
357 401
357 410
357 428
357 285
357 422
358 346
358 322
358 317
359 385
359 299
359 343
360 270
361 298
361 270
362 334
363 392
363 323
363 275
363 442
363 459
364 297
364 292
364 446
364 391
365 298
366 263
367 347
367 431
368 274
368 439
369 384
369 370
369 415
369 356
369 311
370 384
370 369
370 380
370 311
371 283
371 365
372 297
372 292
372 446
373 279
374 352
374 368
374 329
375 344
375 376
375 275
375 340
375 269
376 344
376 340
376 375
377 288
377 395
377 277
378 273
378 263
378 271
379 305
379 282
380 417
380 370
380 291
380 356
380 407
380 450
381 352
381 329
382 400
382 325
382 286
383 287
384 369
384 370
384 311
385 359
385 432
385 299
385 343
386 280
386 284
386 445
387 384
387 403
387 319
388 283
388 340
388 318
389 412
389 274
389 308
390 274
390 308
391 351
391 364
391 335
392 442
392 363
392 459
393 448
393 265
393 266
393 321
394 285
395 377
396 297
396 372
396 335
397 319
398 316
399 320
399 293
400 451
400 286
400 382
400 455
401 453
401 325
401 460
401 285
401 382
401 357
402 316
402 275
402 268
402 341
403 387
404 296
404 313
404 340
404 447
405 383
405 287
406 353
406 267
406 420
406 301
406 414
407 450
407 380
408 345
408 309
409 385
409 299
410 435
410 285
410 357
411 419
411 339
411 349
412 274
412 308
412 389
413 266
413 438
414 420
414 406
415 369
415 370
415 311
416 324
416 294
417 441
417 331
417 380
417 407
418 384
418 366
418 263
419 339
419 411
419 349
420 414
420 406
421 302
422 456
422 357
422 285
423 267
423 284
423 437
423 318
424 301
425 358
425 322
425 317
425 326
425 446
426 273
426 338
426 444
426 314
427 451
427 316
427 341
427 454
428 394
428 357
428 285
429 289
429 290
430 263
431 347
431 367
432 385
432 299
432 343
433 323
433 436
434 320
434 293
435 410
435 357
435 394
435 279
436 433
436 323
437 423
438 336
438 448
438 266
438 413
439 368
440 328
441 417
442 392
442 363
443 267
444 426
445 280
445 386
445 284
446 425
446 372
446 292
446 364
446 391
447 385
447 283
447 404
448 393
448 438
449 416
449 265
449 324
449 294
450 380
450 407
451 400
451 286
451 427
451 341
451 382
452 275
453 401
453 460
454 427
454 316
454 341
455 400
455 286
455 325
455 382
456 280
456 284
456 285
456 334
456 422
457 324
457 294
458 424
458 301
459 392
459 442
459 363
460 401
460 453
461 19
461 308
461 462
461 148
461 436
461 299
461 463
462 461
463 461
464 465
464 274
464 467
464 308
464 390
464 471
464 248
464 473
464 15
465 464
465 466
465 468
465 470
465 471
465 474
465 476
465 477
466 465
467 464
467 472
467 469
467 478
468 465
468 466
469 464
469 467
470 465
470 474
471 464
471 465
471 475
471 470
472 467
473 464
473 469
474 465
474 477
474 470
475 471
476 465
476 470
476 481
477 465
477 474
477 470
478 467
479 480
479 3
479 40
479 63
479 347
479 47
480 479
481 482
481 483
481 40
481 476
481 268
481 174
481 15
482 481
482 484
482 487
483 481
484 482
485 481
485 491
485 486
485 489
486 488
486 485
487 482
487 490
488 491
488 485
488 486
489 491
489 485
489 486
490 487
491 488
491 489
491 485
492 278
492 103
492 281
492 426
492 123
492 493
492 495
493 498
493 492
493 494
494 499
494 493
495 496
495 492
495 494
496 497
496 495
497 496
498 493
499 494
