0 1
0 10
0 21
0 105
0 156
1 0
1 2
1 7
1 8
1 9
1 18
1 32
1 33
1 76
1 166
1 167
2 1
2 3
2 5
2 20
2 34
2 39
2 99
2 108
2 111
2 190
3 2
3 4
3 6
3 12
3 51
3 63
3 142
3 186
4 1
4 2
4 3
4 6
4 44
4 126
4 142
4 177
4 189
5 2
5 9
5 20
5 22
5 62
5 71
5 91
5 136
5 150
5 187
6 1
6 4
6 3
6 7
6 19
6 29
6 142
7 1
7 6
7 3
7 13
7 18
7 23
7 67
7 124
7 127
8 1
8 14
8 16
8 18
8 22
8 38
8 40
8 41
8 53
8 90
8 95
8 122
8 134
9 1
9 5
9 15
9 17
9 27
9 35
9 125
9 147
10 0
10 11
10 28
10 58
10 72
10 107
10 193
11 10
11 21
11 82
11 89
11 93
12 3
12 5
12 30
12 52
12 71
12 171
12 192
13 7
13 124
13 127
14 8
14 16
14 48
14 53
14 95
14 122
14 134
15 9
16 8
16 14
16 19
16 40
16 41
17 9
17 15
17 27
17 45
17 147
18 1
18 8
18 7
18 25
18 49
19 16
19 6
19 14
19 24
19 46
20 5
20 2
20 26
20 59
20 96
20 111
21 11
21 0
21 133
21 196
22 8
22 14
22 5
22 31
22 40
22 42
22 66
22 85
22 131
22 138
23 13
23 3
23 7
23 36
23 64
23 68
23 71
23 160
24 19
24 11
24 98
25 13
25 18
25 49
26 20
26 96
26 111
27 17
27 9
27 37
27 125
27 153
28 10
28 98
28 107
28 141
29 6
30 12
30 61
30 100
30 103
31 22
32 1
32 33
32 74
32 135
33 32
33 1
33 44
34 2
34 23
34 62
34 67
35 9
35 55
35 109
35 116
35 132
35 140
36 23
37 27
37 174
38 8
38 22
38 104
38 112
39 2
39 190
40 22
40 16
40 8
40 81
40 84
40 90
40 94
40 149
40 162
40 180
41 8
41 16
41 14
41 122
41 128
42 22
42 33
42 5
42 161
42 173
43 38
43 54
43 70
43 79
43 143
43 169
44 4
44 33
44 146
45 17
45 9
45 35
45 47
45 50
45 78
45 110
45 148
45 184
46 19
46 57
47 45
47 22
47 54
47 88
47 106
47 195
48 8
48 14
48 16
48 56
48 57
49 19
49 18
49 25
50 45
50 69
50 73
50 123
51 3
51 63
52 12
52 171
53 8
53 14
54 47
54 43
54 119
54 178
55 35
55 65
55 110
55 113
56 48
56 43
56 60
56 83
56 130
57 48
57 46
57 14
57 118
58 10
58 61
58 93
58 117
58 170
59 20
59 26
59 78
59 155
60 56
60 83
61 58
61 30
61 80
61 87
61 175
62 5
62 34
62 158
62 176
63 51
63 3
63 64
63 145
64 23
64 63
64 175
65 55
66 22
66 101
66 115
66 121
67 7
67 34
67 92
67 164
68 23
68 36
68 71
69 50
69 120
69 123
70 43
71 12
71 5
71 23
71 68
71 77
71 102
71 103
71 127
71 139
71 181
71 188
72 10
72 193
73 50
73 69
73 120
73 123
74 32
75 17
75 9
75 86
76 1
77 71
78 59
78 26
78 45
79 43
79 47
79 45
79 159
80 61
80 11
80 133
80 137
81 40
81 149
81 151
82 11
82 165
82 183
83 56
83 60
83 130
83 134
83 166
84 40
84 66
85 22
85 138
86 75
87 61
87 133
87 137
88 47
89 11
89 93
90 40
90 8
90 144
90 157
91 5
91 136
92 67
93 11
93 58
93 89
93 152
94 40
94 81
95 8
95 14
95 22
95 185
96 20
96 26
97 2
98 28
98 24
98 90
98 107
99 2
99 39
99 108
100 30
101 66
101 121
102 71
102 77
102 129
102 188
103 30
103 71
103 77
103 100
104 38
104 112
105 0
105 156
106 47
106 88
106 114
107 28
107 10
107 98
107 156
108 2
108 39
108 99
109 35
110 55
110 65
110 67
110 45
111 2
111 26
111 20
112 104
112 38
113 79
113 55
113 67
113 65
114 47
114 106
115 101
115 66
115 121
116 35
116 182
117 58
117 170
118 57
119 54
120 69
120 50
120 73
120 191
120 194
121 101
121 115
121 66
122 14
122 53
122 41
122 8
123 73
123 50
123 69
124 7
124 13
125 27
125 9
126 4
126 177
127 13
127 71
127 7
127 163
128 8
128 41
128 14
128 173
129 102
129 71
129 77
130 83
130 60
130 56
131 22
131 31
132 35
132 109
132 140
133 21
133 80
133 87
133 175
134 14
134 83
134 8
134 154
135 32
136 5
136 91
136 187
137 87
137 80
138 22
138 85
139 71
139 77
139 129
139 102
139 181
140 35
140 132
140 59
140 168
141 28
142 3
142 6
142 4
142 161
143 43
143 70
143 166
144 90
144 157
145 63
146 44
147 17
147 9
148 45
148 184
149 40
149 81
149 94
149 180
150 136
150 5
150 187
151 81
151 40
151 162
151 180
152 93
153 27
153 37
153 174
154 134
155 59
156 107
156 0
156 105
157 90
157 144
158 62
159 79
160 23
160 68
160 36
161 142
161 42
161 2
162 40
162 151
162 180
163 127
163 67
163 158
163 116
164 67
165 82
166 56
166 83
166 143
166 7
166 1
166 172
167 1
168 140
169 43
169 67
169 143
169 70
170 117
170 58
171 12
171 52
171 192
172 166
173 42
173 128
173 122
173 1
174 33
174 37
174 27
174 153
175 133
175 61
175 64
175 196
176 62
176 158
177 126
177 4
178 54
178 119
179 107
180 162
180 40
180 149
180 151
181 139
181 71
181 188
182 116
183 82
184 148
184 45
185 95
186 3
186 51
187 150
187 5
187 136
188 102
188 71
188 139
188 181
188 129
189 4
189 126
190 2
190 39
191 120
191 195
192 12
192 52
192 171
193 72
193 10
194 120
194 191
195 47
195 20
195 191
196 21
196 175
197 181
197 188
197 71
197 102
