0.123294
1
1
0.126579
1
0.143335
0.103265
0.092338
1
0.128317
1
0.087597
0.087535
0.047384
0.150615
0.077041
0.195534
0.114729
0.19823
0.034603
0.106128
0.026468
1
0.09481
0.014293
0.046054
0.065808
0.024206
0.140475
0.05162
0.038809
0.407851
0.143646
0.172265
0.150256
0.08796
0.069973
0.005707
0.234964
0.201292
1
0.145048
0.130193
1
0.18786
1
0.00933
0.095887
0.020928
0.045957
0.111655
0.025566
0.02335
0.246794
0.135677
0.036008
0.017673
0.004235
0.102182
0.039594
0.010101
0.014423
0.037043
0.020253
0.019486
0.049303
0.145826
0.052364
0.180544
0.020861
0.324838
1
0.298264
0.018741
0.071988
0
0.500327
0.238488
0.202841
0.143513
0.002776
0.201521
0.014571
0.027823
0.333924
0.297496
0
0.00313
0.036339
0.026922
0.213992
0.041202
0.026382
0.025886
0.284253
0.160779
0.040998
0
0.038322
0.232524
0.064574
0.03828
0.144216
0.168322
0.070101
0.03973
0.01922
0.128612
0.233053
0.033841
0.168067
0.185543
0.069661
0.00713
0.006504
0.03375
0.023028
0.030369
0.002115
0.055628
0.004719
0.032751
0.158546
0.023257
0.033211
0.036557
0.284091
0.138097
0.02757
0.0701
0.008846
0.333896
0.019875
0.004448
0.143553
0.071596
0.031977
0.001402
0.297085
0.157442
0.01461
0.070288
0.152075
0.208286
0.063894
0.010313
0.093787
0.057974
0.297052
0.182424
0.033218
0.074711
0.01296
0.004956
0.071626
0.009981
0.04474
0.063988
0.014675
0.07175
0.023788
0.054556
0.192547
0.027619
0.026105
0.007257
0.120158
0.499541
0.007234
0.201062
0.030714
0.019802
0.060275
0.025621
0.001652
0.00551
0.012394
0.241135
0.045553
0
0.166899
0.174342
0.01161
0.007306
0.297689
0.080444
0.042158
0.031587
0.139615
0.333938
0.283164
0.004932
0.020353
0.29753
0.00155
0.019376
0.00778
0
