0 1
0 3
0 5
0 7
0 9
0 15
0 50
0 54
0 90
0 93
0 110
0 146
1 0
1 2
1 4
1 13
1 14
1 15
1 38
1 131
1 141
2 1
2 4
2 11
2 21
2 70
2 72
2 168
2 169
2 197
3 0
3 6
3 95
4 1
4 2
4 16
4 19
4 43
5 0
5 31
5 34
5 49
5 82
5 193
6 3
6 10
6 135
6 136
7 5
7 0
7 8
7 18
7 86
7 88
7 126
8 7
8 20
8 24
8 27
8 113
8 125
8 130
9 0
9 5
9 23
9 87
9 149
10 6
10 3
10 12
10 26
10 45
10 165
11 2
11 17
11 22
11 29
11 30
11 60
11 96
12 10
12 23
12 25
12 26
12 39
12 42
12 45
12 51
12 121
12 204
13 1
14 1
14 36
14 55
15 0
15 1
15 43
15 53
15 58
15 81
15 108
15 118
16 4
16 61
16 174
17 11
17 57
17 134
17 206
18 7
18 66
18 186
19 4
19 31
19 61
19 166
20 8
20 40
20 50
20 64
20 89
20 126
20 132
21 2
22 11
22 29
22 32
22 77
22 171
23 3
23 9
23 12
23 25
23 28
23 35
23 37
23 79
23 129
23 196
24 8
24 41
24 44
24 52
24 75
24 107
24 187
24 191
24 205
25 23
25 12
25 59
25 67
25 163
26 10
26 12
26 39
27 8
27 83
28 23
28 46
28 79
28 196
29 22
29 11
29 53
29 96
30 11
30 56
30 57
30 116
30 164
30 189
30 198
30 208
31 5
31 19
31 48
32 22
32 103
32 159
32 167
33 5
33 8
33 73
34 5
34 0
34 92
35 25
35 23
35 110
35 181
36 14
36 2
36 17
37 23
37 28
37 65
37 87
37 99
37 155
38 1
38 61
38 133
39 12
39 26
39 128
39 177
39 210
40 20
40 132
41 20
41 40
41 24
41 47
41 52
41 71
41 91
41 98
42 12
42 62
42 121
43 15
43 4
43 105
43 122
43 147
44 12
44 24
44 74
44 94
44 138
44 184
45 12
45 10
46 23
46 28
46 129
47 41
47 71
47 119
47 139
48 31
49 5
49 82
49 193
50 0
50 20
50 69
50 76
50 90
50 180
51 12
52 41
52 47
52 24
52 68
52 74
52 89
52 115
52 157
53 29
53 15
53 114
54 0
55 14
55 60
56 30
56 116
56 164
56 185
56 189
56 198
56 208
57 22
57 30
57 17
57 18
57 97
57 134
57 203
58 15
58 108
58 118
58 180
59 25
59 109
60 17
60 55
60 2
60 11
60 36
60 120
61 16
61 19
61 38
61 127
61 139
61 175
62 12
62 42
62 26
62 52
62 63
62 85
63 62
63 85
64 20
64 40
64 132
65 35
65 37
66 18
66 186
67 25
67 117
67 136
68 52
68 153
69 50
69 76
69 180
70 2
70 84
70 101
71 47
71 41
71 98
71 119
72 2
72 174
72 188
73 33
73 68
73 139
73 145
73 201
74 44
74 52
74 68
74 78
74 112
74 148
75 24
76 69
76 50
76 79
76 170
76 202
77 22
77 171
78 74
79 28
79 23
79 76
79 117
80 79
80 3
80 33
81 15
82 5
82 49
83 27
83 8
83 113
84 70
84 101
85 63
85 62
85 111
86 7
87 37
87 9
88 24
88 7
88 86
88 91
88 102
89 52
89 20
89 106
89 113
90 0
90 50
90 118
90 155
90 178
91 41
91 71
91 47
91 88
91 100
92 34
93 0
94 44
94 184
95 3
96 29
96 11
97 18
97 57
97 123
97 126
98 71
98 47
98 41
98 119
99 37
100 91
101 70
101 84
101 207
102 88
103 32
103 44
103 24
103 150
103 152
103 160
104 74
105 43
105 122
106 89
107 24
107 187
108 15
108 58
109 59
110 35
110 0
110 140
111 12
111 85
111 42
111 194
111 210
112 78
112 74
112 104
113 89
113 83
113 8
113 124
113 144
113 151
113 182
114 53
115 52
115 157
116 22
116 56
116 57
116 30
116 173
116 192
117 35
117 67
117 79
118 15
118 58
118 81
118 90
119 98
119 71
119 47
119 148
119 158
119 162
120 60
120 15
120 36
120 147
121 42
121 12
122 43
122 105
123 97
124 113
124 144
124 151
125 8
126 20
126 7
126 97
126 190
127 61
128 39
128 177
129 25
129 46
129 23
130 8
131 1
132 20
132 64
132 40
133 38
133 103
134 17
134 57
134 56
134 156
134 161
134 195
135 6
136 67
136 135
136 6
137 73
137 37
138 94
138 44
139 92
139 61
139 47
139 73
139 142
139 149
140 110
141 1
142 139
143 57
143 203
144 113
144 124
144 182
144 183
145 73
146 0
146 93
147 97
147 120
147 43
147 4
147 179
148 74
148 98
148 119
149 9
149 139
149 47
150 103
151 124
151 113
152 103
152 150
152 160
153 68
154 0
155 37
155 90
155 1
155 99
155 200
156 134
156 161
157 52
157 115
158 119
158 41
159 32
159 167
160 152
160 103
161 134
161 156
162 41
162 158
162 119
163 25
164 56
164 30
165 10
165 109
165 59
166 19
167 32
167 159
168 2
169 2
169 168
170 76
170 202
171 22
171 77
172 13
173 116
174 16
174 72
174 56
175 127
175 61
176 74
176 112
177 39
177 128
177 210
178 90
179 147
179 149
179 209
180 58
180 69
180 50
180 118
181 35
182 144
182 113
182 124
182 183
183 9
183 182
183 124
183 144
184 44
184 94
185 30
185 56
185 189
185 198
186 18
186 66
187 24
187 107
187 205
188 72
189 30
189 185
189 56
189 198
190 126
191 24
191 187
192 116
193 5
193 49
194 111
195 134
195 156
196 28
196 76
196 110
196 37
196 23
197 2
198 189
198 56
198 185
198 30
198 208
199 32
199 167
199 116
200 155
201 73
201 145
202 76
202 170
203 57
203 143
204 12
204 42
204 121
205 187
205 24
205 191
206 17
207 101
208 30
208 198
208 56
208 185
209 179
210 111
210 194
210 128
210 39
210 177
