1
1
1
0.223667
0.177282
0.095591
0.043759
0.158663
1
0.208511
0.122971
0.07868
1
0.333304
0.167385
0.117307
0.050442
0.119191
0.156254
0.036226
0.08235
0.500755
0.091456
1
1
0.185662
0.170195
0.253766
0.157188
0.025316
0.0573
0.021414
0.008797
0.020218
0.08421
0.136595
0.030317
0.182858
0.17895
0.115213
0.031078
0.078987
0.179539
0.029037
0.160472
0.218188
0.05012
0.108955
0.010717
0.01704
0.098712
0.500731
0.124028
0.023253
0.501237
0.044121
0.013297
1
0.021902
0.044976
0.013615
0.101077
0.02021
0.005892
0.019415
0.061065
0.046399
0.036311
0.196823
0.024273
0.167229
0.024646
0.168169
0.100658
1
0.500371
0.035952
0.0273
0.365378
0.129716
0
0.051063
0.02675
0.064726
0.047648
0.004616
0.057637
0.093582
0.02109
0.034724
0.199687
0.012419
0.337561
0.406528
0.046847
0.112001
0.024881
0.130034
0.032305
0.368471
0.006316
0.03391
0.010639
0.00518
0.071347
0.008618
0.017246
0.28854
0.033312
0.024005
0.177091
0.003299
0.142803
0.077272
0.007769
0.036837
0.005862
0.032162
0.043049
0.025221
0.002908
0.264821
0.008625
0.065066
0.014651
0.500398
0.045246
0.041266
0.029268
0.204103
0.501081
0.501322
0.020173
0.059849
0.099946
0.01863
0.015332
0
0.053661
1
0.088587
0.501338
0.4996
0.063001
0.01254
0.040914
0.332965
0.003902
0.201927
0.194684
0.001022
0.022029
0.00125
0.049112
0
1
0.029337
0.036949
0.007552
0.001599
0.00152
0.029852
0.006294
0.092846
0.017077
0.030662
0.018232
0.001453
0.40724
0.33344
0.010766
0.027217
0
0.002929
0.042273
0.034066
0
0.025
0.1002
0.000798
0.019728
0.06857
0.012619
0.004052
0.047945
0.004849
0.046511
0.230369
0.083932
0.009906
0.022754
0.293386
0.001969
0.026762
0.006425
0.033165
0.16007
0.500709
0.008776
0
0.500769
0.033731
0.010683
0.251254
0.250993
0.233279
0.059808
0.016928
0.009589
0.000399
0.017172
