211
677
0 1 0.0526316
0 3 0.111111
0 5 0.0666667
0 7 0.0769231
0 9 0.1
0 15 0.0588235
0 50 0.0769231
0 54 0.5
0 90 0.1
0 93 0.333333
0 110 0.142857
0 146 0.333333
1 0 0.0285714
1 2 0.05
1 4 0.0909091
1 13 0.333333
1 14 0.166667
1 15 0.0588235
1 38 0.166667
1 131 0.5
1 141 0.5
2 1 0.0526316
2 4 0.0909091
2 11 0.0625
2 21 0.5
2 70 0.166667
2 72 0.166667
2 168 0.333333
2 169 0.333333
2 197 0.5
3 0 0.0285714
3 6 0.125
3 95 0.5
4 1 0.0526316
4 2 0.05
4 16 0.166667
4 19 0.125
4 43 0.1
5 0 0.0285714
5 31 0.166667
5 34 0.2
5 49 0.125
5 82 0.25
5 193 0.25
6 3 0.111111
6 10 0.0909091
6 135 0.333333
6 136 0.2
7 5 0.0666667
7 0 0.0285714
7 8 0.0625
7 18 0.125
7 86 0.333333
7 88 0.125
7 126 0.125
8 7 0.0769231
8 20 0.0666667
8 24 0.05
8 27 0.25
8 113 0.0714286
8 125 0.5
8 130 0.5
9 0 0.0285714
9 5 0.0666667
9 23 0.05
9 87 0.25
9 149 0.166667
10 6 0.125
10 3 0.111111
10 12 0.0434783
10 26 0.142857
10 45 0.2
10 165 0.25
11 2 0.05
11 17 0.1
11 22 0.0833333
11 29 0.125
11 30 0.0526316
11 60 0.111111
11 96 0.25
12 10 0.0909091
12 23 0.05
12 25 0.0833333
12 26 0.142857
12 39 0.1
12 42 0.125
12 45 0.2
12 51 0.5
12 121 0.2
12 204 0.25
13 1 0.0526316
14 1 0.0526316
14 36 0.166667
14 55 0.25
15 0 0.0285714
15 1 0.0526316
15 43 0.1
15 53 0.166667
15 58 0.111111
15 81 0.333333
15 108 0.25
15 118 0.125
16 4 0.0909091
16 61 0.0833333
16 174 0.2
17 11 0.0625
17 57 0.0714286
17 134 0.0909091
17 206 0.5
18 7 0.0769231
18 66 0.25
18 186 0.25
19 4 0.0909091
19 31 0.166667
19 61 0.0833333
19 166 0.5
20 8 0.0625
20 40 0.166667
20 50 0.0769231
20 64 0.2
20 89 0.125
20 126 0.125
20 132 0.166667
21 2 0.05
22 11 0.0625
22 29 0.125
22 32 0.0909091
22 77 0.25
22 171 0.25
23 3 0.111111
23 9 0.1
23 12 0.0434783
23 25 0.0833333
23 28 0.111111
23 35 0.111111
23 37 0.0769231
23 79 0.111111
23 129 0.2
23 196 0.142857
24 8 0.0625
24 41 0.0625
24 44 0.0833333
24 52 0.0555556
24 75 0.5
24 107 0.25
24 187 0.142857
24 191 0.25
24 205 0.2
25 23 0.05
25 12 0.0434783
25 59 0.2
25 67 0.166667
25 163 0.5
26 10 0.0909091
26 12 0.0434783
26 39 0.1
27 8 0.0625
27 83 0.2
28 23 0.05
28 46 0.142857
28 79 0.111111
28 196 0.142857
29 22 0.0833333
29 11 0.0625
29 53 0.166667
29 96 0.25
30 11 0.0625
30 56 0.0555556
30 57 0.0714286
30 116 0.0833333
30 164 0.25
30 189 0.125
30 198 0.1
30 208 0.125
31 5 0.0666667
31 19 0.125
31 48 0.5
32 22 0.0833333
32 103 0.0769231
32 159 0.166667
32 167 0.142857
33 5 0.0666667
33 8 0.0625
33 73 0.1
34 5 0.0666667
34 0 0.0285714
34 92 0.333333
35 25 0.0833333
35 23 0.05
35 110 0.142857
35 181 0.5
36 14 0.166667
36 2 0.05
36 17 0.1
37 23 0.05
37 28 0.111111
37 65 0.333333
37 87 0.25
37 99 0.333333
37 155 0.125
38 1 0.0526316
38 61 0.0833333
38 133 0.333333
39 12 0.0434783
39 26 0.142857
39 128 0.2
39 177 0.166667
39 210 0.125
40 20 0.0666667
40 132 0.166667
41 20 0.0666667
41 40 0.166667
41 24 0.05
41 47 0.0769231
41 52 0.0555556
41 71 0.1
41 91 0.125
41 98 0.1
42 12 0.0434783
42 62 0.111111
42 121 0.2
43 15 0.0588235
43 4 0.0909091
43 105 0.25
43 122 0.25
43 147 0.125
44 12 0.0434783
44 24 0.05
44 74 0.0769231
44 94 0.2
44 138 0.333333
44 184 0.25
45 12 0.0434783
45 10 0.0909091
46 23 0.05
46 28 0.111111
46 129 0.2
47 41 0.0625
47 71 0.1
47 119 0.0714286
47 139 0.0909091
48 31 0.166667
49 5 0.0666667
49 82 0.25
49 193 0.25
50 0 0.0285714
50 20 0.0666667
50 69 0.166667
50 76 0.0909091
50 90 0.1
50 180 0.142857
51 12 0.0434783
52 41 0.0625
52 47 0.0769231
52 24 0.05
52 68 0.166667
52 74 0.0769231
52 89 0.125
52 115 0.25
52 157 0.25
53 29 0.125
53 15 0.0588235
53 114 0.333333
54 0 0.0285714
55 14 0.166667
55 60 0.111111
56 30 0.0526316
56 116 0.0833333
56 164 0.25
56 185 0.125
56 189 0.125
56 198 0.1
56 208 0.125
57 22 0.0833333
57 30 0.0526316
57 17 0.1
57 18 0.125
57 97 0.125
57 134 0.0909091
57 203 0.25
58 15 0.0588235
58 108 0.25
58 118 0.125
58 180 0.142857
59 25 0.0833333
59 109 0.333333
60 17 0.1
60 55 0.25
60 2 0.05
60 11 0.0625
60 36 0.166667
60 120 0.166667
61 16 0.166667
61 19 0.125
61 38 0.166667
61 127 0.333333
61 139 0.0909091
61 175 0.333333
62 12 0.0434783
62 42 0.125
62 26 0.142857
62 52 0.0555556
62 63 0.25
62 85 0.166667
63 62 0.111111
63 85 0.166667
64 20 0.0666667
64 40 0.166667
64 132 0.166667
65 35 0.111111
65 37 0.0769231
66 18 0.125
66 186 0.25
67 25 0.0833333
67 117 0.2
67 136 0.2
68 52 0.0555556
68 153 0.25
69 50 0.0769231
69 76 0.0909091
69 180 0.142857
70 2 0.05
70 84 0.25
70 101 0.166667
71 47 0.0769231
71 41 0.0625
71 98 0.1
71 119 0.0714286
72 2 0.05
72 174 0.2
72 188 0.5
73 33 0.2
73 68 0.166667
73 139 0.0909091
73 145 0.333333
73 201 0.333333
74 44 0.0833333
74 52 0.0555556
74 68 0.166667
74 78 0.333333
74 112 0.142857
74 148 0.2
75 24 0.05
76 69 0.166667
76 50 0.0769231
76 79 0.111111
76 170 0.25
76 202 0.25
77 22 0.0833333
77 171 0.25
78 74 0.0769231
79 28 0.111111
79 23 0.05
79 76 0.0909091
79 117 0.2
80 79 0.111111
80 3 0.111111
80 33 0.2
81 15 0.0588235
82 5 0.0666667
82 49 0.125
83 27 0.25
83 8 0.0625
83 113 0.0714286
84 70 0.166667
84 101 0.166667
85 63 0.25
85 62 0.111111
85 111 0.125
86 7 0.0769231
87 37 0.0769231
87 9 0.1
88 24 0.05
88 7 0.0769231
88 86 0.333333
88 91 0.125
88 102 0.5
89 52 0.0555556
89 20 0.0666667
89 106 0.5
89 113 0.0714286
90 0 0.0285714
90 50 0.0769231
90 118 0.125
90 155 0.125
90 178 0.5
91 41 0.0625
91 71 0.1
91 47 0.0769231
91 88 0.125
91 100 0.5
92 34 0.2
93 0 0.0285714
94 44 0.0833333
94 184 0.25
95 3 0.111111
96 29 0.125
96 11 0.0625
97 18 0.125
97 57 0.0714286
97 123 0.5
97 126 0.125
98 71 0.1
98 47 0.0769231
98 41 0.0625
98 119 0.0714286
99 37 0.0769231
100 91 0.125
101 70 0.166667
101 84 0.25
101 207 0.5
102 88 0.125
103 32 0.0909091
103 44 0.0833333
103 24 0.05
103 150 0.166667
103 152 0.2
103 160 0.25
104 74 0.0769231
105 43 0.1
105 122 0.25
106 89 0.125
107 24 0.05
107 187 0.142857
108 15 0.0588235
108 58 0.111111
109 59 0.2
110 35 0.111111
110 0 0.0285714
110 140 0.5
111 12 0.0434783
111 85 0.166667
111 42 0.125
111 194 0.333333
111 210 0.125
112 78 0.333333
112 74 0.0769231
112 104 0.5
113 89 0.125
113 83 0.2
113 8 0.0625
113 124 0.125
113 144 0.125
113 151 0.25
113 182 0.142857
114 53 0.166667
115 52 0.0555556
115 157 0.25
116 22 0.0833333
116 56 0.0555556
116 57 0.0714286
116 30 0.0526316
116 173 0.5
116 192 0.333333
117 35 0.111111
117 67 0.166667
117 79 0.111111
118 15 0.0588235
118 58 0.111111
118 81 0.333333
118 90 0.1
119 98 0.1
119 71 0.1
119 47 0.0769231
119 148 0.2
119 158 0.25
119 162 0.25
120 60 0.111111
120 15 0.0588235
120 36 0.166667
120 147 0.125
121 42 0.125
121 12 0.0434783
122 43 0.1
122 105 0.25
123 97 0.125
124 113 0.0714286
124 144 0.125
124 151 0.25
125 8 0.0625
126 20 0.0666667
126 7 0.0769231
126 97 0.125
126 190 0.5
127 61 0.0833333
128 39 0.1
128 177 0.166667
129 25 0.0833333
129 46 0.142857
129 23 0.05
130 8 0.0625
131 1 0.0526316
132 20 0.0666667
132 64 0.2
132 40 0.166667
133 38 0.166667
133 103 0.0769231
134 17 0.1
134 57 0.0714286
134 56 0.0555556
134 156 0.2
134 161 0.25
134 195 0.333333
135 6 0.125
136 67 0.166667
136 135 0.333333
136 6 0.125
137 73 0.1
137 37 0.0769231
138 94 0.2
138 44 0.0833333
139 92 0.333333
139 61 0.0833333
139 47 0.0769231
139 73 0.1
139 142 0.5
139 149 0.166667
140 110 0.142857
141 1 0.0526316
142 139 0.0909091
143 57 0.0714286
143 203 0.25
144 113 0.0714286
144 124 0.125
144 182 0.142857
144 183 0.166667
145 73 0.1
146 0 0.0285714
146 93 0.333333
147 97 0.125
147 120 0.166667
147 43 0.1
147 4 0.0909091
147 179 0.2
148 74 0.0769231
148 98 0.1
148 119 0.0714286
149 9 0.1
149 139 0.0909091
149 47 0.0769231
150 103 0.0769231
151 124 0.125
151 113 0.0714286
152 103 0.0769231
152 150 0.166667
152 160 0.25
153 68 0.166667
154 0 0.0285714
155 37 0.0769231
155 90 0.1
155 1 0.0526316
155 99 0.333333
155 200 0.5
156 134 0.0909091
156 161 0.25
157 52 0.0555556
157 115 0.25
158 119 0.0714286
158 41 0.0625
159 32 0.0909091
159 167 0.142857
160 152 0.2
160 103 0.0769231
161 134 0.0909091
161 156 0.2
162 41 0.0625
162 158 0.25
162 119 0.0714286
163 25 0.0833333
164 56 0.0555556
164 30 0.0526316
165 10 0.0909091
165 109 0.333333
165 59 0.2
166 19 0.125
167 32 0.0909091
167 159 0.166667
168 2 0.05
169 2 0.05
169 168 0.333333
170 76 0.0909091
170 202 0.25
171 22 0.0833333
171 77 0.25
172 13 0.333333
173 116 0.0833333
174 16 0.166667
174 72 0.166667
174 56 0.0555556
175 127 0.333333
175 61 0.0833333
176 74 0.0769231
176 112 0.142857
177 39 0.1
177 128 0.2
177 210 0.125
178 90 0.1
179 147 0.125
179 149 0.166667
179 209 0.5
180 58 0.111111
180 69 0.166667
180 50 0.0769231
180 118 0.125
181 35 0.111111
182 144 0.125
182 113 0.0714286
182 124 0.125
182 183 0.166667
183 9 0.1
183 182 0.142857
183 124 0.125
183 144 0.125
184 44 0.0833333
184 94 0.2
185 30 0.0526316
185 56 0.0555556
185 189 0.125
185 198 0.1
186 18 0.125
186 66 0.25
187 24 0.05
187 107 0.25
187 205 0.2
188 72 0.166667
189 30 0.0526316
189 185 0.125
189 56 0.0555556
189 198 0.1
190 126 0.125
191 24 0.05
191 187 0.142857
192 116 0.0833333
193 5 0.0666667
193 49 0.125
194 111 0.125
195 134 0.0909091
195 156 0.2
196 28 0.111111
196 76 0.0909091
196 110 0.142857
196 37 0.0769231
196 23 0.05
197 2 0.05
198 189 0.125
198 56 0.0555556
198 185 0.125
198 30 0.0526316
198 208 0.125
199 32 0.0909091
199 167 0.142857
199 116 0.0833333
200 155 0.125
201 73 0.1
201 145 0.333333
202 76 0.0909091
202 170 0.25
203 57 0.0714286
203 143 0.25
204 12 0.0434783
204 42 0.125
204 121 0.2
205 187 0.142857
205 24 0.05
205 191 0.25
206 17 0.1
207 101 0.166667
208 30 0.0526316
208 198 0.1
208 56 0.0555556
208 185 0.125
209 179 0.2
210 111 0.125
210 194 0.333333
210 128 0.2
210 39 0.1
210 177 0.166667
