1 8
1 11
1 30
1 38
2 4
2 5
2 16
2 29
2 39
3 1
3 13
3 23
3 27
3 28
4 2
4 10
4 12
4 24
4 33
4 36
4 39
5 2
6 7
7 6
8 1
8 14
8 18
8 22
8 25
8 28
8 34
9 1
10 4
11 1
12 4
12 17
13 3
13 15
14 8
14 25
14 34
15 13
15 7
15 6
15 19
16 2
17 4
17 12
17 10
18 8
18 20
18 21
19 15
19 26
20 18
21 18
22 8
22 3
22 31
22 32
22 35
23 3
24 4
24 10
24 37
25 8
25 14
26 7
26 19
27 3
27 28
28 3
28 27
28 8
28 41
29 2
29 5
30 28
30 1
31 22
32 22
32 35
32 42
32 45
33 9
33 10
33 2
33 4
34 8
34 14
34 25
35 31
35 32
35 22
36 22
36 4
36 43
36 45
37 24
37 16
37 2
38 9
38 1
39 4
39 2
39 46
40 33
41 28
42 32
42 1
42 22
42 35
43 36
44 10
44 4
45 36
45 18
45 32
46 39
47 48
48 47
50 51
50 54
50 55
50 56
50 57
51 50
51 54
51 56
52 49
54 51
54 50
54 55
55 54
55 50
56 51
56 50
57 51
57 50
58 60
58 61
58 62
58 65
58 67
58 72
58 76
58 78
58 88
58 96
58 108
59 74
59 93
59 101
59 102
59 118
60 58
60 66
60 72
60 85
60 115
60 119
61 58
61 65
61 67
61 69
61 70
61 71
61 72
61 73
61 88
61 90
62 58
62 61
62 65
62 76
63 59
63 80
63 86
63 97
64 68
64 105
65 62
65 58
65 61
65 67
65 69
65 70
65 71
65 76
65 90
65 96
66 60
66 77
66 81
66 94
66 109
67 65
67 60
67 61
67 58
67 63
67 73
67 75
67 80
67 89
67 99
68 64
68 79
68 113
68 114
68 125
69 61
69 65
69 58
69 88
69 96
70 67
70 65
70 58
70 61
70 71
70 110
71 61
71 70
71 65
71 87
72 58
72 68
72 61
72 65
72 60
72 82
72 122
73 58
73 65
73 67
73 64
73 61
73 83
73 111
74 59
74 91
74 105
74 106
75 67
75 80
75 99
75 117
76 69
76 58
76 62
76 65
77 71
77 66
77 58
77 65
77 87
77 95
77 100
77 121
78 58
78 90
79 68
79 123
80 75
80 67
80 63
80 74
80 84
81 66
82 72
83 73
83 84
84 73
84 80
84 64
84 83
84 105
85 60
86 63
86 97
87 71
87 61
87 77
87 76
87 127
88 58
88 87
88 60
88 61
88 69
88 98
88 103
88 121
88 126
89 67
89 75
90 58
90 78
90 65
90 61
91 74
93 59
93 112
93 118
94 66
94 95
94 104
95 77
95 94
96 65
96 58
96 69
97 86
97 63
98 88
99 67
99 75
100 77
100 124
101 59
101 86
102 59
103 88
104 94
104 107
105 74
105 84
105 64
105 116
106 91
106 74
107 104
108 58
108 61
108 76
108 120
109 66
109 92
110 70
111 73
111 83
112 59
112 93
112 118
113 68
113 79
113 114
113 123
113 125
114 68
114 113
115 60
115 117
116 105
117 60
117 75
117 79
117 115
118 59
118 112
118 93
119 60
120 108
121 77
121 88
121 98
122 72
122 82
123 113
123 79
123 68
123 125
124 77
124 100
125 68
125 113
125 123
125 79
126 88
127 87
128 100
128 52
128 95
128 129
129 128
130 131
130 132
130 134
130 135
131 130
131 132
131 134
131 135
131 136
132 131
132 130
132 133
132 137
133 132
134 130
134 131
135 131
135 130
136 131
137 132
