0
0.094515
0.081363
1
1
0.033125
0.005987
0.00833
1
0.032879
0.193109
0.047094
0.200362
0.250656
0.22021
0.035898
0.032164
0.050161
0.146215
0.005138
0.072954
0.073132
0.099386
0.500582
0.200644
0.258958
0.001652
0.292035
0.23695
0.027061
0.031701
0.037571
0.016632
0.167184
0.193749
0.019177
0.100947
0.05033
0.031409
0.177337
0
0.11858
0.003366
0.050764
0
0.023153
0.044474
0
0
0
0
0
0
0
0
0
0
0
0.113397
1
1
0.106974
0.030225
0.084252
0.010507
0.071852
0.068224
1
0.007618
0.121887
0.020822
0.036125
0.099746
0.085839
0.095002
0.184509
0.03738
0.027512
0.022877
0.011537
0.136671
0.011476
0.04081
0.025034
0.021206
0.500994
0.068631
0.115846
1
0.333768
0.027557
0.039102
0.003303
0.193982
0.012103
0.007603
0.048959
0.036123
0.378809
0.281274
0.005445
0.251312
0.499985
0.50016
0.002059
0.013548
0.031833
0.001045
0.018819
0.02274
0.010319
0.028584
0.073156
0.001399
0.002186
0.256333
0.006803
0.070667
0.193491
0.500968
0.009357
0.203053
0.03321
0.001955
0.001836
0.001464
0.500298
0.057736
0
0
0.133486
1
0.11258
0.028111
0.182895
0.272006
0.500697
0.056279
0
0
