0 1
0 4
0 16
0 18
0 52
0 83
0 105
0 128
0 165
1 0
1 2
1 7
1 18
1 66
1 68
1 79
1 181
2 1
2 0
2 3
2 5
2 10
2 12
2 15
2 26
2 33
2 54
2 56
2 114
2 164
2 206
3 2
3 26
3 32
3 64
3 94
3 122
4 0
4 6
4 8
4 14
4 25
4 38
4 48
4 59
4 82
4 155
5 2
5 9
5 54
5 80
5 95
5 156
5 210
6 4
6 19
6 23
6 35
6 87
6 88
6 139
7 1
7 11
7 13
7 107
7 137
7 159
8 4
9 5
9 22
9 26
9 32
9 45
9 72
10 2
10 20
10 31
10 41
10 44
10 78
10 119
10 131
11 7
11 28
11 37
11 62
11 89
11 107
11 160
12 2
12 15
12 30
13 7
13 29
13 90
14 4
14 8
14 55
14 91
14 177
15 2
15 12
15 30
15 31
15 88
15 118
16 0
16 17
16 36
16 68
16 205
17 16
17 36
17 205
18 1
18 0
18 37
18 79
19 6
19 21
19 24
19 46
19 57
19 76
19 109
19 134
19 179
20 5
20 10
20 61
20 144
21 19
21 71
21 148
21 174
21 184
21 188
22 9
22 27
22 32
22 34
22 42
23 6
23 139
24 19
24 15
24 31
24 39
24 40
24 46
24 47
24 113
24 187
25 8
25 4
25 38
25 59
25 82
26 9
26 3
26 2
26 94
26 126
26 127
27 5
27 22
28 11
28 62
28 69
28 89
28 104
28 107
28 203
29 13
29 90
30 15
30 12
30 32
30 43
31 15
31 24
31 10
31 58
31 65
32 30
32 22
32 3
32 9
32 54
32 133
33 2
34 22
34 42
35 6
35 49
35 50
35 98
35 173
36 16
36 17
36 38
36 69
37 18
37 11
38 28
38 4
38 25
38 36
38 116
39 24
39 40
39 47
39 101
39 113
39 187
40 24
40 39
40 10
40 44
40 77
40 171
41 10
41 40
41 39
42 34
42 22
42 92
42 166
42 176
43 30
44 10
44 40
45 5
45 9
45 61
45 132
45 153
45 163
45 191
45 196
46 24
46 19
46 74
46 150
46 183
46 192
47 39
47 40
47 24
47 49
47 93
47 141
47 152
47 154
48 4
48 19
48 8
48 53
48 63
48 81
48 85
48 100
48 145
48 197
48 202
48 204
49 48
49 35
49 47
49 51
49 63
49 84
49 129
49 136
49 142
49 157
49 161
50 35
50 98
50 173
51 49
51 136
51 157
52 0
52 75
52 97
53 48
53 60
53 176
54 5
54 32
54 2
54 150
54 192
55 14
55 21
55 91
55 108
55 182
56 2
57 19
57 76
58 31
58 65
59 4
59 48
59 25
59 70
59 178
60 53
60 73
60 86
60 99
61 45
61 20
61 198
62 28
62 11
62 89
62 102
62 107
63 49
63 48
63 51
63 158
63 186
64 3
64 94
64 167
65 31
65 58
66 1
67 25
67 4
67 8
68 16
68 1
68 18
68 143
69 36
69 28
69 68
69 79
69 117
69 160
69 200
70 59
70 146
70 204
71 21
71 184
71 188
72 9
73 60
73 86
74 46
74 19
74 151
75 52
75 83
75 130
75 138
75 160
76 19
76 57
77 40
77 49
77 123
77 175
78 10
79 1
79 69
79 18
79 68
79 149
80 5
80 110
80 199
81 48
82 8
82 25
82 4
82 155
83 0
83 75
83 185
84 49
84 51
84 102
84 129
84 136
84 208
85 48
85 112
86 60
86 73
87 6
88 39
88 6
88 15
88 96
88 111
88 125
88 140
89 7
89 11
89 62
89 28
90 29
90 13
91 55
91 14
91 106
92 42
92 125
92 176
93 47
93 101
93 141
93 209
94 3
94 26
94 64
94 147
95 5
96 88
96 111
96 115
97 52
98 35
98 50
99 60
99 73
100 48
100 197
100 204
101 47
101 93
101 14
101 39
101 121
101 201
102 62
102 51
102 11
102 84
102 123
102 137
103 39
103 24
103 180
104 28
104 11
105 0
105 165
106 91
107 11
107 62
107 28
107 7
107 120
107 124
107 189
108 55
109 19
110 80
111 88
111 96
112 48
112 85
112 202
113 24
113 39
113 180
114 2
114 164
115 111
115 96
115 88
116 38
116 128
117 69
118 15
119 10
120 107
120 189
121 101
122 3
122 64
122 169
122 195
123 28
123 102
123 77
124 107
125 101
125 91
125 92
125 88
125 122
125 140
126 26
126 2
127 26
128 116
128 0
128 135
128 190
129 49
129 84
130 75
131 10
131 119
132 45
132 153
132 163
132 196
133 32
134 19
134 57
134 76
135 128
135 190
136 51
136 49
136 84
136 161
136 207
137 91
137 7
137 37
137 102
137 162
138 75
139 6
139 23
139 87
140 125
140 88
140 42
140 186
140 195
141 47
141 93
142 49
142 51
143 68
144 20
145 48
145 112
146 70
147 94
148 71
148 21
149 79
150 46
150 54
151 74
151 102
151 193
152 47
152 154
153 132
153 45
153 191
154 47
154 93
154 152
154 209
155 25
155 4
155 8
155 82
156 5
156 45
157 51
157 136
157 49
158 63
159 7
160 75
160 11
160 69
160 89
161 136
161 49
161 208
162 137
162 172
163 45
163 132
163 153
163 191
164 2
164 114
165 0
165 105
166 92
166 42
166 170
167 64
167 3
168 30
169 122
170 166
171 40
172 162
173 35
173 50
173 98
174 21
174 71
174 184
175 77
176 53
176 48
176 42
176 92
177 14
177 101
178 59
178 8
178 53
179 19
179 109
180 39
180 103
180 113
180 24
181 1
182 55
183 46
184 21
184 174
184 71
184 188
185 130
185 83
185 79
186 140
186 63
187 24
187 39
187 113
187 180
188 21
188 184
188 71
189 107
189 120
190 128
190 135
191 163
191 45
191 153
192 122
192 46
192 54
192 195
193 151
194 9
194 72
195 192
195 27
195 140
195 122
196 132
196 45
196 191
197 145
197 48
197 100
198 61
199 80
199 110
200 69
201 101
202 48
202 197
202 112
203 28
203 11
204 48
204 100
204 70
205 16
205 17
206 2
206 114
207 136
207 49
207 51
208 161
208 84
208 49
208 51
209 154
209 47
209 93
210 5
210 27
