1
0.147371
1
0.085894
0.103121
0.132662
0.085797
0.096756
0.146795
0.094342
1
0.08252
0.180847
0.016149
0.209862
0.101907
0.127111
0.04762
0.153026
1
0.162853
0.147915
0.013344
0.024713
0.074769
0.015985
0.097314
0.010556
0.135855
0.004915
0.033628
0.096595
0.027613
0.500144
0.004225
0.10801
0.142332
0.048782
0.031612
0.079137
0.057566
0.251083
0.004394
0.016685
0.258788
1
0.09298
0.117107
1
1
0.024151
0.165062
0.171469
0.142952
0.116995
1
0.500848
0.269629
0.027859
0.016671
0.018061
0.186461
0.124166
0.21137
0.01713
0.023309
0.07358
0
0.149075
1
0.034092
0.032696
0.031416
0.005283
0.018711
0.049281
0.232062
0.009052
0.499671
0.130094
0.016776
0.501071
0.018699
0.171129
0.125936
0.265253
0.005418
0.033396
0.01397
0.05953
0.00485
0.149951
0.003905
0.126609
0.024226
0.026723
0.002807
0.085899
0.028653
0.006074
0.186091
1
0.023871
0.001319
0.045247
0.288058
0.074899
1
0.500361
0.408021
0.006656
0.003325
0.119235
0.018934
0.291948
0.000682
0.038338
0.500467
0.050874
0.407465
0.297339
0.500238
0.013759
0.006523
0.50116
0.002824
0.03243
0.048641
0.126694
0.270558
0.029807
0.334418
0.144737
0.013729
0.250525
0.038019
0.144036
0.015026
0.024703
0.02044
0.008448
0.03925
0.333363
0.074579
0.081304
0.291481
0.016995
0.011882
0.049569
0.065114
0.050817
0.003711
0.022883
0.158049
0.022651
0.019524
0.04436
0.224429
0.10609
0.024205
0.155618
0.187488
0.003798
0.159953
0.298517
0.241572
0.000923
0.005696
0
0.006913
0.000456
0.028875
0.001911
0.025299
0.03364
0.004449
0.020643
0.069755
0.004213
0.333578
0.005326
0.073744
0.50096
0.046773
0.027931
0.042843
0.054136
0.018946
0.031895
0.297533
0.038018
0.202039
0.029928
0.001872
0
0.007137
0.220998
0.21855
0.093629
0.004282
0.500886
0.500369
0.215319
0.045288
0.190715
0.040924
0.333445
0.036122
0.050476
0.028501
0.044451
