211
701
0 1 0.0625
0 4 0.0434783
0 16 0.1
0 18 0.111111
0 52 0.166667
0 83 0.166667
0 105 0.25
0 128 0.125
0 165 0.2
1 0 0.04
1 2 0.03125
1 7 0.0769231
1 18 0.111111
1 66 0.5
1 68 0.111111
1 79 0.1
1 181 0.5
2 1 0.0625
2 0 0.04
2 3 0.0769231
2 5 0.0588235
2 10 0.0588235
2 12 0.166667
2 15 0.0769231
2 26 0.0833333
2 33 0.5
2 54 0.1
2 56 0.5
2 114 0.2
2 164 0.25
2 206 0.333333
3 2 0.03125
3 26 0.0833333
3 32 0.0833333
3 64 0.142857
3 94 0.125
3 122 0.111111
4 0 0.04
4 6 0.0714286
4 8 0.111111
4 14 0.1
4 25 0.0909091
4 38 0.111111
4 48 0.0357143
4 59 0.111111
4 82 0.142857
4 155 0.166667
5 2 0.03125
5 9 0.0769231
5 54 0.1
5 80 0.125
5 95 0.2
5 156 0.333333
5 210 0.333333
6 4 0.0434783
6 19 0.0434783
6 23 0.25
6 35 0.1
6 87 0.333333
6 88 0.0714286
6 139 0.2
7 1 0.0625
7 11 0.05
7 13 0.166667
7 107 0.0625
7 137 0.125
7 159 0.25
8 4 0.0434783
9 5 0.0588235
9 22 0.1
9 26 0.0833333
9 32 0.0833333
9 45 0.0625
9 72 0.333333
10 2 0.03125
10 20 0.142857
10 31 0.0833333
10 41 0.25
10 44 0.25
10 78 0.5
10 119 0.333333
10 131 0.333333
11 7 0.0769231
11 28 0.0625
11 37 0.2
11 62 0.1
11 89 0.125
11 107 0.0625
11 160 0.142857
12 2 0.03125
12 15 0.0769231
12 30 0.111111
13 7 0.0769231
13 29 0.25
13 90 0.25
14 4 0.0434783
14 8 0.111111
14 55 0.111111
14 91 0.125
14 177 0.333333
15 2 0.03125
15 12 0.166667
15 30 0.111111
15 31 0.0833333
15 88 0.0714286
15 118 0.5
16 0 0.04
16 17 0.166667
16 36 0.125
16 68 0.111111
16 205 0.25
17 16 0.1
17 36 0.125
17 205 0.25
18 1 0.0625
18 0 0.04
18 37 0.2
18 79 0.1
19 6 0.0714286
19 21 0.0769231
19 24 0.0526316
19 46 0.0833333
19 57 0.2
19 76 0.166667
19 109 0.333333
19 134 0.25
19 179 0.333333
20 5 0.0588235
20 10 0.0588235
20 61 0.166667
20 144 0.5
21 19 0.0434783
21 71 0.125
21 148 0.333333
21 174 0.2
21 184 0.125
21 188 0.166667
22 9 0.0769231
22 27 0.166667
22 32 0.0833333
22 34 0.25
22 42 0.0909091
23 6 0.0714286
23 139 0.2
24 19 0.0434783
24 15 0.0769231
24 31 0.0833333
24 39 0.0526316
24 40 0.0769231
24 46 0.0833333
24 47 0.0526316
24 113 0.111111
24 187 0.125
25 8 0.111111
25 4 0.0434783
25 38 0.111111
25 59 0.111111
25 82 0.142857
26 9 0.0769231
26 3 0.0769231
26 2 0.03125
26 94 0.125
26 126 0.333333
26 127 0.5
27 5 0.0588235
27 22 0.1
28 11 0.05
28 62 0.1
28 69 0.0769231
28 89 0.125
28 104 0.333333
28 107 0.0625
28 203 0.333333
29 13 0.166667
29 90 0.25
30 15 0.0769231
30 12 0.166667
30 32 0.0833333
30 43 0.5
31 15 0.0769231
31 24 0.0526316
31 10 0.0588235
31 58 0.25
31 65 0.2
32 30 0.111111
32 22 0.1
32 3 0.0769231
32 9 0.0769231
32 54 0.1
32 133 0.5
33 2 0.03125
34 22 0.1
34 42 0.0909091
35 6 0.0714286
35 49 0.0416667
35 50 0.166667
35 98 0.2
35 173 0.2
36 16 0.1
36 17 0.166667
36 38 0.111111
36 69 0.0769231
37 18 0.111111
37 11 0.05
38 28 0.0625
38 4 0.0434783
38 25 0.0909091
38 36 0.125
38 116 0.25
39 24 0.0526316
39 40 0.0769231
39 47 0.0526316
39 101 0.0833333
39 113 0.111111
39 187 0.125
40 24 0.0526316
40 39 0.0526316
40 10 0.0588235
40 44 0.25
40 77 0.142857
40 171 0.5
41 10 0.0588235
41 40 0.0769231
41 39 0.0526316
42 34 0.25
42 22 0.1
42 92 0.142857
42 166 0.2
42 176 0.142857
43 30 0.111111
44 10 0.0588235
44 40 0.0769231
45 5 0.0588235
45 9 0.0769231
45 61 0.166667
45 132 0.1
45 153 0.111111
45 163 0.125
45 191 0.142857
45 196 0.2
46 24 0.0526316
46 19 0.0434783
46 74 0.2
46 150 0.25
46 183 0.5
46 192 0.142857
47 39 0.0526316
47 40 0.0769231
47 24 0.0526316
47 49 0.0416667
47 93 0.111111
47 141 0.166667
47 152 0.166667
47 154 0.142857
48 4 0.0434783
48 19 0.0434783
48 8 0.111111
48 53 0.142857
48 63 0.111111
48 81 0.5
48 85 0.25
48 100 0.142857
48 145 0.25
48 197 0.166667
48 202 0.2
48 204 0.166667
49 48 0.0357143
49 35 0.1
49 47 0.0526316
49 51 0.0833333
49 63 0.111111
49 84 0.0909091
49 129 0.25
49 136 0.0909091
49 142 0.333333
49 157 0.2
49 161 0.166667
50 35 0.1
50 98 0.2
50 173 0.2
51 49 0.0416667
51 136 0.0909091
51 157 0.2
52 0 0.04
52 75 0.1
52 97 0.5
53 48 0.0357143
53 60 0.125
53 176 0.142857
54 5 0.0588235
54 32 0.0833333
54 2 0.03125
54 150 0.25
54 192 0.142857
55 14 0.1
55 21 0.0769231
55 91 0.125
55 108 0.5
55 182 0.5
56 2 0.03125
57 19 0.0434783
57 76 0.166667
58 31 0.0833333
58 65 0.2
59 4 0.0434783
59 48 0.0357143
59 25 0.0909091
59 70 0.166667
59 178 0.25
60 53 0.142857
60 73 0.2
60 86 0.25
60 99 0.333333
61 45 0.0625
61 20 0.142857
61 198 0.5
62 28 0.0625
62 11 0.05
62 89 0.125
62 102 0.0909091
62 107 0.0625
63 49 0.0416667
63 48 0.0357143
63 51 0.0833333
63 158 0.5
63 186 0.25
64 3 0.0769231
64 94 0.125
64 167 0.333333
65 31 0.0833333
65 58 0.25
66 1 0.0625
67 25 0.0909091
67 4 0.0434783
67 8 0.111111
68 16 0.1
68 1 0.0625
68 18 0.111111
68 143 0.5
69 36 0.125
69 28 0.0625
69 68 0.111111
69 79 0.1
69 117 0.5
69 160 0.142857
69 200 0.5
70 59 0.111111
70 146 0.5
70 204 0.166667
71 21 0.0769231
71 184 0.125
71 188 0.166667
72 9 0.0769231
73 60 0.125
73 86 0.25
74 46 0.0833333
74 19 0.0434783
74 151 0.2
75 52 0.166667
75 83 0.166667
75 130 0.333333
75 138 0.5
75 160 0.142857
76 19 0.0434783
76 57 0.2
77 40 0.0769231
77 49 0.0416667
77 123 0.2
77 175 0.5
78 10 0.0588235
79 1 0.0625
79 69 0.0769231
79 18 0.111111
79 68 0.111111
79 149 0.5
80 5 0.0588235
80 110 0.333333
80 199 0.25
81 48 0.0357143
82 8 0.111111
82 25 0.0909091
82 4 0.0434783
82 155 0.166667
83 0 0.04
83 75 0.1
83 185 0.25
84 49 0.0416667
84 51 0.0833333
84 102 0.0909091
84 129 0.25
84 136 0.0909091
84 208 0.166667
85 48 0.0357143
85 112 0.166667
86 60 0.125
86 73 0.2
87 6 0.0714286
88 39 0.0526316
88 6 0.0714286
88 15 0.0769231
88 96 0.166667
88 111 0.2
88 125 0.111111
88 140 0.111111
89 7 0.0769231
89 11 0.05
89 62 0.1
89 28 0.0625
90 29 0.25
90 13 0.166667
91 55 0.111111
91 14 0.1
91 106 0.5
92 42 0.0909091
92 125 0.111111
92 176 0.142857
93 47 0.0526316
93 101 0.0833333
93 141 0.166667
93 209 0.2
94 3 0.0769231
94 26 0.0833333
94 64 0.142857
94 147 0.5
95 5 0.0588235
96 88 0.0714286
96 111 0.2
96 115 0.25
97 52 0.166667
98 35 0.1
98 50 0.166667
99 60 0.125
99 73 0.2
100 48 0.0357143
100 197 0.166667
100 204 0.166667
101 47 0.0526316
101 93 0.111111
101 14 0.1
101 39 0.0526316
101 121 0.5
101 201 0.5
102 62 0.1
102 51 0.0833333
102 11 0.05
102 84 0.0909091
102 123 0.2
102 137 0.125
103 39 0.0526316
103 24 0.0526316
103 180 0.142857
104 28 0.0625
104 11 0.05
105 0 0.04
105 165 0.2
106 91 0.125
107 11 0.05
107 62 0.1
107 28 0.0625
107 7 0.0769231
107 120 0.25
107 124 0.5
107 189 0.25
108 55 0.111111
109 19 0.0434783
110 80 0.125
111 88 0.0714286
111 96 0.166667
112 48 0.0357143
112 85 0.25
112 202 0.2
113 24 0.0526316
113 39 0.0526316
113 180 0.142857
114 2 0.03125
114 164 0.25
115 111 0.2
115 96 0.166667
115 88 0.0714286
116 38 0.111111
116 128 0.125
117 69 0.0769231
118 15 0.0769231
119 10 0.0588235
120 107 0.0625
120 189 0.25
121 101 0.0833333
122 3 0.0769231
122 64 0.142857
122 169 0.5
122 195 0.142857
123 28 0.0625
123 102 0.0909091
123 77 0.142857
124 107 0.0625
125 101 0.0833333
125 91 0.125
125 92 0.142857
125 88 0.0714286
125 122 0.111111
125 140 0.111111
126 26 0.0833333
126 2 0.03125
127 26 0.0833333
128 116 0.25
128 0 0.04
128 135 0.25
128 190 0.25
129 49 0.0416667
129 84 0.0909091
130 75 0.1
131 10 0.0588235
131 119 0.333333
132 45 0.0625
132 153 0.111111
132 163 0.125
132 196 0.2
133 32 0.0833333
134 19 0.0434783
134 57 0.2
134 76 0.166667
135 128 0.125
135 190 0.25
136 51 0.0833333
136 49 0.0416667
136 84 0.0909091
136 161 0.166667
136 207 0.25
137 91 0.125
137 7 0.0769231
137 37 0.2
137 102 0.0909091
137 162 0.25
138 75 0.1
139 6 0.0714286
139 23 0.25
139 87 0.333333
140 125 0.111111
140 88 0.0714286
140 42 0.0909091
140 186 0.25
140 195 0.142857
141 47 0.0526316
141 93 0.111111
142 49 0.0416667
142 51 0.0833333
143 68 0.111111
144 20 0.142857
145 48 0.0357143
145 112 0.166667
146 70 0.166667
147 94 0.125
148 71 0.125
148 21 0.0769231
149 79 0.1
150 46 0.0833333
150 54 0.1
151 74 0.2
151 102 0.0909091
151 193 0.5
152 47 0.0526316
152 154 0.142857
153 132 0.1
153 45 0.0625
153 191 0.142857
154 47 0.0526316
154 93 0.111111
154 152 0.166667
154 209 0.2
155 25 0.0909091
155 4 0.0434783
155 8 0.111111
155 82 0.142857
156 5 0.0588235
156 45 0.0625
157 51 0.0833333
157 136 0.0909091
157 49 0.0416667
158 63 0.111111
159 7 0.0769231
160 75 0.1
160 11 0.05
160 69 0.0769231
160 89 0.125
161 136 0.0909091
161 49 0.0416667
161 208 0.166667
162 137 0.125
162 172 0.5
163 45 0.0625
163 132 0.1
163 153 0.111111
163 191 0.142857
164 2 0.03125
164 114 0.2
165 0 0.04
165 105 0.25
166 92 0.142857
166 42 0.0909091
166 170 0.5
167 64 0.142857
167 3 0.0769231
168 30 0.111111
169 122 0.111111
170 166 0.2
171 40 0.0769231
172 162 0.25
173 35 0.1
173 50 0.166667
173 98 0.2
174 21 0.0769231
174 71 0.125
174 184 0.125
175 77 0.142857
176 53 0.142857
176 48 0.0357143
176 42 0.0909091
176 92 0.142857
177 14 0.1
177 101 0.0833333
178 59 0.111111
178 8 0.111111
178 53 0.142857
179 19 0.0434783
179 109 0.333333
180 39 0.0526316
180 103 0.25
180 113 0.111111
180 24 0.0526316
181 1 0.0625
182 55 0.111111
183 46 0.0833333
184 21 0.0769231
184 174 0.2
184 71 0.125
184 188 0.166667
185 130 0.333333
185 83 0.166667
185 79 0.1
186 140 0.111111
186 63 0.111111
187 24 0.0526316
187 39 0.0526316
187 113 0.111111
187 180 0.142857
188 21 0.0769231
188 184 0.125
188 71 0.125
189 107 0.0625
189 120 0.25
190 128 0.125
190 135 0.25
191 163 0.125
191 45 0.0625
191 153 0.111111
192 122 0.111111
192 46 0.0833333
192 54 0.1
192 195 0.142857
193 151 0.2
194 9 0.0769231
194 72 0.333333
195 192 0.142857
195 27 0.166667
195 140 0.111111
195 122 0.111111
196 132 0.1
196 45 0.0625
196 191 0.142857
197 145 0.25
197 48 0.0357143
197 100 0.142857
198 61 0.166667
199 80 0.125
199 110 0.333333
200 69 0.0769231
201 101 0.0833333
202 48 0.0357143
202 197 0.166667
202 112 0.166667
203 28 0.0625
203 11 0.05
204 48 0.0357143
204 100 0.142857
204 70 0.166667
205 16 0.1
205 17 0.166667
206 2 0.03125
206 114 0.2
207 136 0.0909091
207 49 0.0416667
207 51 0.0833333
208 161 0.166667
208 84 0.0909091
208 49 0.0416667
208 51 0.0833333
209 154 0.142857
209 47 0.0526316
209 93 0.111111
210 5 0.0588235
210 27 0.166667
