0 1
0 2
0 3
1 0
1 3
2 0
2 1
2 5
3 1
3 0
3 4
4 3
5 2
5 6
5 8
5 11
5 151
6 5
6 8
6 10
8 5
8 6
8 9
8 10
9 8
10 6
10 8
10 9
11 5
11 8
11 12
11 14
11 15
11 16
11 19
11 28
11 34
11 52
11 54
11 57
11 60
11 64
11 72
12 11
12 13
12 18
12 33
12 37
12 88
13 12
13 32
13 40
13 42
13 46
13 67
13 88
13 93
13 108
14 11
14 17
14 53
14 60
14 66
14 109
14 243
15 11
15 20
15 24
15 34
15 58
15 102
16 11
16 22
16 23
16 31
16 73
17 14
17 31
17 36
17 38
17 49
17 51
17 77
17 119
17 151
18 12
18 84
18 124
19 11
19 39
19 45
19 52
19 65
19 73
19 78
19 95
19 97
19 122
19 123
20 15
20 25
20 26
20 30
20 43
20 74
20 83
20 90
20 112
21 11
21 27
21 44
21 103
22 16
23 16
24 15
25 20
25 74
25 83
25 90
25 112
25 125
26 20
27 21
27 29
27 30
27 34
27 63
27 111
28 22
28 11
29 27
29 34
29 55
30 25
30 27
30 20
30 15
30 43
30 79
31 23
31 17
31 16
31 86
31 87
31 105
31 118
32 13
32 12
32 48
33 12
33 39
33 56
33 91
33 106
33 107
33 244
34 15
34 11
34 30
34 27
34 29
34 47
34 61
35 12
36 17
36 52
36 77
37 12
37 41
37 94
38 17
38 36
38 51
38 77
39 33
39 19
39 110
39 113
40 13
41 37
41 99
42 13
42 46
42 88
43 30
43 20
44 21
45 19
45 65
45 95
45 97
45 122
46 42
46 13
46 71
46 116
47 34
47 61
47 81
48 32
49 17
49 38
49 52
50 20
50 25
50 26
50 112
51 38
51 17
51 59
51 62
51 101
52 17
52 19
52 36
52 11
52 49
52 68
52 82
52 151
53 14
53 109
54 11
54 57
54 96
54 149
55 29
55 27
55 111
56 33
57 54
57 11
57 64
57 96
58 20
58 15
58 14
58 69
59 51
60 14
60 11
60 76
60 104
61 47
61 34
61 70
62 18
62 51
62 100
62 114
62 253
63 27
63 111
64 11
64 57
65 45
65 19
65 92
65 95
66 14
67 13
68 52
68 59
68 80
69 58
70 61
70 34
71 46
71 116
72 11
72 57
73 19
73 16
73 45
73 65
73 89
73 113
73 117
74 20
74 25
74 85
75 46
75 16
75 101
75 121
76 60
76 104
77 36
77 17
77 38
77 119
78 19
78 45
78 97
79 30
80 68
81 47
81 34
82 52
83 20
83 25
83 74
84 18
85 20
85 74
85 83
86 31
87 31
87 86
88 13
88 12
88 42
88 98
88 106
89 73
90 20
90 25
91 33
91 106
91 107
91 244
92 19
92 45
92 65
92 97
92 122
93 42
93 13
93 67
93 108
94 41
94 37
95 65
95 19
95 45
96 57
96 11
96 54
97 78
97 19
97 45
97 92
98 88
99 37
99 41
100 62
101 51
101 31
101 75
102 15
102 24
102 139
103 21
103 44
104 76
104 60
105 86
105 31
106 33
106 91
106 88
106 120
107 33
107 91
108 13
108 93
109 14
109 53
110 39
111 27
111 63
111 55
112 26
112 25
112 20
112 50
113 39
113 23
113 106
113 73
114 62
114 100
115 51
116 46
116 71
117 73
117 89
118 31
118 86
119 17
119 77
119 36
120 106
121 75
122 45
122 78
122 19
122 92
122 65
122 123
123 65
123 19
123 122
124 84
124 18
125 11
125 58
125 25
125 126
125 127
125 128
126 125
126 129
126 138
127 125
127 132
128 125
129 126
129 130
129 131
129 135
129 136
130 129
130 133
130 134
130 136
130 137
131 129
131 135
132 127
133 130
133 138
134 130
135 129
135 131
136 130
136 129
137 130
138 126
138 133
139 90
139 102
139 15
139 145
140 141
140 144
141 140
141 142
142 140
142 141
143 139
144 140
145 139
146 147
146 233
147 146
147 148
148 147
149 54
149 104
149 34
149 58
149 150
150 149
151 17
151 5
151 51
151 52
151 152
151 153
151 154
151 164
151 172
151 173
151 178
151 190
151 194
151 230
152 151
152 153
152 176
152 214
152 221
153 152
153 151
153 177
153 183
153 187
153 218
153 243
154 151
154 156
154 161
154 171
154 191
154 193
154 198
154 210
154 211
154 226
155 158
155 174
155 186
155 197
155 222
156 154
156 157
156 160
156 169
156 170
156 178
156 195
156 208
156 214
157 153
157 156
157 165
157 168
157 181
157 204
157 217
157 219
158 155
158 159
158 184
158 215
159 158
159 174
159 191
159 225
159 227
160 156
160 200
160 208
161 154
161 179
161 192
161 212
162 163
162 167
163 162
163 166
163 185
163 188
163 199
163 233
164 151
165 157
165 168
165 204
165 217
165 219
166 163
166 185
166 188
166 199
166 233
167 162
167 153
168 153
168 165
168 157
169 156
169 160
169 181
169 195
169 201
169 203
170 156
170 169
170 201
170 207
171 154
171 202
171 223
172 151
172 190
172 194
173 151
173 230
174 159
174 155
174 175
174 182
174 189
175 174
176 152
177 153
178 161
178 151
178 156
178 214
179 161
180 179
180 161
181 157
181 165
181 169
181 196
181 231
182 174
183 153
184 158
184 215
185 163
185 166
185 205
185 218
186 174
186 155
186 202
186 206
186 212
186 228
187 153
188 166
188 163
189 174
189 213
190 172
190 179
190 151
190 161
191 154
191 159
191 216
192 161
193 154
193 198
193 226
194 151
194 172
195 156
195 169
195 201
196 181
196 231
197 155
198 154
198 193
198 210
198 226
199 166
199 163
199 233
200 160
200 156
200 169
201 156
201 169
201 170
201 195
201 208
201 209
202 174
202 186
202 171
203 169
203 200
203 170
204 165
204 157
205 185
205 224
205 229
206 186
207 169
207 170
207 204
207 156
207 201
207 220
207 232
208 203
208 156
208 201
208 160
209 201
209 169
209 156
210 154
210 198
211 196
211 154
211 181
212 161
212 186
212 179
212 158
213 189
214 152
214 178
214 156
215 158
215 184
216 191
217 189
217 157
217 171
217 165
218 153
218 185
219 157
219 165
220 207
220 232
221 152
221 176
222 155
223 171
224 205
225 159
226 198
226 154
226 193
227 159
227 225
228 186
229 205
230 151
230 173
231 196
231 181
232 207
232 220
233 163
233 146
233 166
233 199
233 244
234 237
235 236
235 241
236 235
236 238
236 240
236 242
237 234
237 239
238 236
239 237
240 236
240 238
241 235
242 236
243 14
243 153
243 109
244 12
244 18
244 233
244 91
244 33
244 245
245 244
245 246
245 247
245 248
246 245
246 251
247 245
247 252
248 245
248 249
248 250
249 245
249 248
250 248
250 245
250 249
251 246
252 247
253 62
253 6
253 153
253 82
253 254
253 255
253 256
254 253
254 257
255 253
255 258
256 253
256 259
257 254
258 255
259 256
