0.006166
0.007263
0.031263
0.002088
0.001041
0.155954
0.177619
0
0.145279
0.064329
0.061751
1
0.169515
1
0.078337
0.138721
0.151095
0.113405
0.03168
1
1
0.00143
0.117315
0.23224
0.039693
0.094593
0.282733
0.014235
0.333647
0.014175
0.102545
1
0.167392
1
0.072158
0
0.047193
0.024131
0.034312
0.237184
0.499674
0.006235
0.155008
0.179497
0.000592
0.141068
0.126211
0.01037
0.083803
0.062502
0.022175
0.093454
0.208313
0.018088
0.147648
0.003362
0.500836
0.183536
0.020486
0.044363
0.107744
0.013476
0.097921
0.004193
0.280332
0.154279
0.019646
0.378546
0.041631
0.010242
0.004528
0.037527
0.3342
0.098015
0.174355
0.002753
0.031652
0.0207
0.204194
0.025697
0.021052
0.003481
0.375981
0.183637
0.012978
0.04366
0.351053
0.333617
0.14055
0.039804
0.153492
0.177744
0.054154
0.202138
0.008039
0.202514
0.063304
0.162901
0.070438
0.002032
0.040007
0.018695
0.027951
0.000501
0.028947
0.333188
0.145729
0.279159
0.281984
0.035658
0.118263
0.003309
0.153659
0.054476
0.032501
0
0.037197
0.032828
0.333319
0.025942
0.072857
0.001337
0.133916
0.219137
0.01048
0.009003
0.02177
0.001516
0.004543
0.123956
1
0.037072
0.000381
0.251634
0.500171
0.036991
0.26961
0.500753
0.044329
0.001897
0
0
0
0
0
0.000943
0.00148
0.000358
0.000187
0.016745
0.008353
1
0.195886
1
1
0.064933
0.115925
0.025914
0.024542
0.028023
0.03383
0.137981
0.000385
0.003907
0.500322
0.0249
0.004606
0.000107
0.00976
0.094568
0.1502
0.168253
0.223886
0.298681
0.092225
0.046178
0.080102
0.499814
0.162208
0.097138
0
0.042131
0.046468
0.501053
0.007304
0.031867
1
0.499544
0.001989
0.016781
0.194841
0.168001
0.069159
0.215684
0.285883
0.049879
0.058166
0.032615
0.192783
0.002791
0.01173
0.105073
0.224181
0.025485
0.203143
0.005215
0.500239
1
0.034548
0.026286
0.281884
0.250845
0.184083
0.008463
0.075028
0.00742
0.084161
0.008123
0.250083
0.012156
0.298081
0.065165
0.032573
0.083837
0.002582
0.011518
0.215263
0.009477
0.501479
0.002666
0.298374
0.023489
0.298066
0.008925
0
0
0
0
0
0
0
0
0
0.096176
0.115703
0.011814
0.002965
0.002947
0.002009
0.000376
0.000333
0.0015
0.001412
1
0.251299
0.250995
0.250439
0.126085
0.125439
0.125568
