260
788
0 1 0.2
0 2 0.2
0 3 0.166667
1 0 0.166667
1 3 0.166667
2 0 0.166667
2 1 0.2
2 5 0.0714286
3 1 0.2
3 0 0.166667
3 4 0.5
4 3 0.166667
5 2 0.2
5 6 0.142857
5 8 0.111111
5 11 0.0243902
5 151 0.0277778
6 5 0.0714286
6 8 0.111111
6 10 0.2
8 5 0.0714286
8 6 0.142857
8 9 0.333333
8 10 0.2
9 8 0.111111
10 6 0.142857
10 8 0.111111
10 9 0.333333
11 5 0.0714286
11 8 0.111111
11 12 0.0526316
11 14 0.0588235
11 15 0.0666667
11 16 0.0666667
11 19 0.04
11 28 0.333333
11 34 0.0625
11 52 0.0666667
11 54 0.125
11 57 0.111111
11 60 0.1
11 64 0.25
11 72 0.333333
12 11 0.0243902
12 13 0.0454545
12 18 0.0833333
12 33 0.0555556
12 37 0.142857
12 88 0.1
13 12 0.0526316
13 32 0.166667
13 40 0.5
13 42 0.111111
13 46 0.111111
13 67 0.333333
13 88 0.1
13 93 0.166667
13 108 0.25
14 11 0.0243902
14 17 0.047619
14 53 0.166667
14 60 0.1
14 66 0.25
14 109 0.2
14 243 0.0909091
15 11 0.0243902
15 20 0.0384615
15 24 0.25
15 34 0.0625
15 58 0.125
15 102 0.2
16 11 0.0243902
16 22 0.25
16 23 0.2
16 31 0.0714286
16 73 0.0833333
17 14 0.0588235
17 31 0.0714286
17 36 0.125
17 38 0.125
17 49 0.2
17 51 0.0769231
17 77 0.1
17 119 0.2
17 151 0.0277778
18 12 0.0526316
18 84 0.333333
18 124 0.333333
19 11 0.0243902
19 39 0.125
19 45 0.0769231
19 52 0.0666667
19 65 0.0909091
19 73 0.0833333
19 78 0.166667
19 95 0.166667
19 97 0.125
19 122 0.1
19 123 0.2
20 15 0.0666667
20 25 0.0555556
20 26 0.25
20 30 0.0833333
20 43 0.166667
20 74 0.142857
20 83 0.166667
20 90 0.142857
20 112 0.142857
21 11 0.0243902
21 27 0.0769231
21 44 0.333333
21 103 0.333333
22 16 0.0666667
23 16 0.0666667
24 15 0.0666667
25 20 0.0384615
25 74 0.142857
25 83 0.166667
25 90 0.142857
25 112 0.142857
25 125 0.0769231
26 20 0.0384615
27 21 0.1
27 29 0.166667
27 30 0.0833333
27 34 0.0625
27 63 0.25
27 111 0.166667
28 22 0.25
28 11 0.0243902
29 27 0.0769231
29 34 0.0625
29 55 0.2
30 25 0.0555556
30 27 0.0769231
30 20 0.0384615
30 15 0.0666667
30 43 0.166667
30 79 0.25
31 23 0.2
31 17 0.047619
31 16 0.0666667
31 86 0.2
31 87 0.333333
31 105 0.333333
31 118 0.333333
32 13 0.0454545
32 12 0.0526316
32 48 0.5
33 12 0.0526316
33 39 0.125
33 56 0.5
33 91 0.125
33 106 0.111111
33 107 0.25
33 244 0.1
34 15 0.0666667
34 11 0.0243902
34 30 0.0833333
34 27 0.0769231
34 29 0.166667
34 47 0.125
34 61 0.166667
35 12 0.0526316
36 17 0.047619
36 52 0.0666667
36 77 0.1
37 12 0.0526316
37 41 0.2
37 94 0.333333
38 17 0.047619
38 36 0.125
38 51 0.0769231
38 77 0.1
39 33 0.0555556
39 19 0.04
39 110 0.5
39 113 0.166667
40 13 0.0454545
41 37 0.142857
41 99 0.333333
42 13 0.0454545
42 46 0.111111
42 88 0.1
43 30 0.0833333
43 20 0.0384615
44 21 0.1
45 19 0.04
45 65 0.0909091
45 95 0.166667
45 97 0.125
45 122 0.1
46 42 0.111111
46 13 0.0454545
46 71 0.25
46 116 0.25
47 34 0.0625
47 61 0.166667
47 81 0.333333
48 32 0.166667
49 17 0.047619
49 38 0.125
49 52 0.0666667
50 20 0.0384615
50 25 0.0555556
50 26 0.25
50 112 0.142857
51 38 0.125
51 17 0.047619
51 59 0.333333
51 62 0.0909091
51 101 0.2
52 17 0.047619
52 19 0.04
52 36 0.125
52 11 0.0243902
52 49 0.2
52 68 0.2
52 82 0.333333
52 151 0.0277778
53 14 0.0588235
53 109 0.2
54 11 0.0243902
54 57 0.111111
54 96 0.2
54 149 0.111111
55 29 0.166667
55 27 0.0769231
55 111 0.166667
56 33 0.0555556
57 54 0.125
57 11 0.0243902
57 64 0.25
57 96 0.2
58 20 0.0384615
58 15 0.0666667
58 14 0.0588235
58 69 0.5
59 51 0.0769231
60 14 0.0588235
60 11 0.0243902
60 76 0.25
60 104 0.2
61 47 0.125
61 34 0.0625
61 70 0.333333
62 18 0.0833333
62 51 0.0769231
62 100 0.333333
62 114 0.333333
62 253 0.0666667
63 27 0.0769231
63 111 0.166667
64 11 0.0243902
64 57 0.111111
65 45 0.0769231
65 19 0.04
65 92 0.125
65 95 0.166667
66 14 0.0588235
67 13 0.0454545
68 52 0.0666667
68 59 0.333333
68 80 0.5
69 58 0.125
70 61 0.166667
70 34 0.0625
71 46 0.111111
71 116 0.25
72 11 0.0243902
72 57 0.111111
73 19 0.04
73 16 0.0666667
73 45 0.0769231
73 65 0.0909091
73 89 0.333333
73 113 0.166667
73 117 0.333333
74 20 0.0384615
74 25 0.0555556
74 85 0.25
75 46 0.111111
75 16 0.0666667
75 101 0.2
75 121 0.5
76 60 0.1
76 104 0.2
77 36 0.125
77 17 0.047619
77 38 0.125
77 119 0.2
78 19 0.04
78 45 0.0769231
78 97 0.125
79 30 0.0833333
80 68 0.2
81 47 0.125
81 34 0.0625
82 52 0.0666667
83 20 0.0384615
83 25 0.0555556
83 74 0.142857
84 18 0.0833333
85 20 0.0384615
85 74 0.142857
85 83 0.166667
86 31 0.0714286
87 31 0.0714286
87 86 0.2
88 13 0.0454545
88 12 0.0526316
88 42 0.111111
88 98 0.5
88 106 0.111111
89 73 0.0833333
90 20 0.0384615
90 25 0.0555556
91 33 0.0555556
91 106 0.111111
91 107 0.25
91 244 0.1
92 19 0.04
92 45 0.0769231
92 65 0.0909091
92 97 0.125
92 122 0.1
93 42 0.111111
93 13 0.0454545
93 67 0.333333
93 108 0.25
94 41 0.2
94 37 0.142857
95 65 0.0909091
95 19 0.04
95 45 0.0769231
96 57 0.111111
96 11 0.0243902
96 54 0.125
97 78 0.166667
97 19 0.04
97 45 0.0769231
97 92 0.125
98 88 0.1
99 37 0.142857
99 41 0.2
100 62 0.0909091
101 51 0.0769231
101 31 0.0714286
101 75 0.142857
102 15 0.0666667
102 24 0.25
102 139 0.0714286
103 21 0.1
103 44 0.333333
104 76 0.25
104 60 0.1
105 86 0.2
105 31 0.0714286
106 33 0.0555556
106 91 0.125
106 88 0.1
106 120 0.5
107 33 0.0555556
107 91 0.125
108 13 0.0454545
108 93 0.166667
109 14 0.0588235
109 53 0.166667
110 39 0.125
111 27 0.0769231
111 63 0.25
111 55 0.2
112 26 0.25
112 25 0.0555556
112 20 0.0384615
112 50 0.142857
113 39 0.125
113 23 0.2
113 106 0.111111
113 73 0.0833333
114 62 0.0909091
114 100 0.333333
115 51 0.0769231
116 46 0.111111
116 71 0.25
117 73 0.0833333
117 89 0.333333
118 31 0.0714286
118 86 0.2
119 17 0.047619
119 77 0.1
119 36 0.125
120 106 0.111111
121 75 0.142857
122 45 0.0769231
122 78 0.166667
122 19 0.04
122 92 0.125
122 65 0.0909091
122 123 0.2
123 65 0.0909091
123 19 0.04
123 122 0.1
124 84 0.333333
124 18 0.0833333
125 11 0.0243902
125 58 0.125
125 25 0.0555556
125 126 0.125
125 127 0.166667
125 128 0.5
126 125 0.0769231
126 129 0.1
126 138 0.166667
127 125 0.0769231
127 132 0.25
128 125 0.0769231
129 126 0.125
129 130 0.1
129 131 0.25
129 135 0.25
129 136 0.25
130 129 0.1
130 133 0.25
130 134 0.5
130 136 0.25
130 137 0.5
131 129 0.1
131 135 0.25
132 127 0.166667
133 130 0.1
133 138 0.166667
134 130 0.1
135 129 0.1
135 131 0.25
136 130 0.1
136 129 0.1
137 130 0.1
138 126 0.125
138 133 0.25
139 90 0.142857
139 102 0.2
139 15 0.0666667
139 145 0.5
140 141 0.166667
140 144 0.5
141 140 0.142857
141 142 0.333333
142 140 0.142857
142 141 0.166667
143 139 0.0714286
144 140 0.142857
145 139 0.0714286
146 147 0.25
146 233 0.0714286
147 146 0.166667
147 148 0.5
148 147 0.25
149 54 0.125
149 104 0.2
149 34 0.0625
149 58 0.125
149 150 0.5
150 149 0.111111
151 17 0.047619
151 5 0.0714286
151 51 0.0769231
151 52 0.0666667
151 152 0.1
151 153 0.05
151 154 0.0384615
151 164 0.5
151 172 0.166667
151 173 0.25
151 178 0.142857
151 190 0.166667
151 194 0.25
151 230 0.25
152 151 0.0277778
152 153 0.05
152 176 0.333333
152 214 0.166667
152 221 0.333333
153 152 0.1
153 151 0.0277778
153 177 0.5
153 183 0.5
153 187 0.5
153 218 0.25
153 243 0.0909091
154 151 0.0277778
154 156 0.0454545
154 161 0.0909091
154 171 0.142857
154 191 0.166667
154 193 0.166667
154 198 0.125
154 210 0.25
154 211 0.25
154 226 0.166667
155 158 0.0909091
155 174 0.0714286
155 186 0.0909091
155 197 0.5
155 222 0.5
156 154 0.0384615
156 157 0.0666667
156 160 0.142857
156 169 0.0666667
156 170 0.125
156 178 0.142857
156 195 0.166667
156 208 0.142857
156 214 0.166667
157 153 0.05
157 156 0.0454545
157 165 0.0909091
157 168 0.2
157 181 0.1
157 204 0.2
157 217 0.166667
157 219 0.25
158 155 0.0588235
158 159 0.1
158 184 0.25
158 215 0.25
159 158 0.0909091
159 174 0.0714286
159 191 0.166667
159 225 0.333333
159 227 0.333333
160 156 0.0454545
160 200 0.2
160 208 0.142857
161 154 0.0384615
161 179 0.2
161 192 0.5
161 212 0.166667
162 163 0.0833333
162 167 0.25
163 162 0.1
163 166 0.1
163 185 0.125
163 188 0.25
163 199 0.166667
163 233 0.0714286
164 151 0.0277778
165 157 0.0666667
165 168 0.2
165 204 0.2
165 217 0.166667
165 219 0.25
166 163 0.0833333
166 185 0.125
166 188 0.25
166 199 0.166667
166 233 0.0714286
167 162 0.1
167 153 0.05
168 153 0.05
168 165 0.0909091
168 157 0.0666667
169 156 0.0454545
169 160 0.142857
169 181 0.1
169 195 0.166667
169 201 0.0833333
169 203 0.2
170 156 0.0454545
170 169 0.0666667
170 201 0.0833333
170 207 0.1
171 154 0.0384615
171 202 0.2
171 223 0.5
172 151 0.0277778
172 190 0.166667
172 194 0.25
173 151 0.0277778
173 230 0.25
174 159 0.1
174 155 0.0588235
174 175 0.5
174 182 0.5
174 189 0.166667
175 174 0.0714286
176 152 0.1
177 153 0.05
178 161 0.0909091
178 151 0.0277778
178 156 0.0454545
178 214 0.166667
179 161 0.0909091
180 179 0.2
180 161 0.0909091
181 157 0.0666667
181 165 0.0909091
181 169 0.0666667
181 196 0.2
181 231 0.25
182 174 0.0714286
183 153 0.05
184 158 0.0909091
184 215 0.25
185 163 0.0833333
185 166 0.1
185 205 0.166667
185 218 0.25
186 174 0.0714286
186 155 0.0588235
186 202 0.2
186 206 0.5
186 212 0.166667
186 228 0.5
187 153 0.05
188 166 0.1
188 163 0.0833333
189 174 0.0714286
189 213 0.5
190 172 0.166667
190 179 0.2
190 151 0.0277778
190 161 0.0909091
191 154 0.0384615
191 159 0.1
191 216 0.5
192 161 0.0909091
193 154 0.0384615
193 198 0.125
193 226 0.166667
194 151 0.0277778
194 172 0.166667
195 156 0.0454545
195 169 0.0666667
195 201 0.0833333
196 181 0.1
196 231 0.25
197 155 0.0588235
198 154 0.0384615
198 193 0.166667
198 210 0.25
198 226 0.166667
199 166 0.1
199 163 0.0833333
199 233 0.0714286
200 160 0.142857
200 156 0.0454545
200 169 0.0666667
201 156 0.0454545
201 169 0.0666667
201 170 0.125
201 195 0.166667
201 208 0.142857
201 209 0.25
202 174 0.0714286
202 186 0.0909091
202 171 0.142857
203 169 0.0666667
203 200 0.2
203 170 0.125
204 165 0.0909091
204 157 0.0666667
205 185 0.125
205 224 0.5
205 229 0.5
206 186 0.0909091
207 169 0.0666667
207 170 0.125
207 204 0.2
207 156 0.0454545
207 201 0.0833333
207 220 0.25
207 232 0.25
208 203 0.2
208 156 0.0454545
208 201 0.0833333
208 160 0.142857
209 201 0.0833333
209 169 0.0666667
209 156 0.0454545
210 154 0.0384615
210 198 0.125
211 196 0.2
211 154 0.0384615
211 181 0.1
212 161 0.0909091
212 186 0.0909091
212 179 0.2
212 158 0.0909091
213 189 0.166667
214 152 0.1
214 178 0.142857
214 156 0.0454545
215 158 0.0909091
215 184 0.25
216 191 0.166667
217 189 0.166667
217 157 0.0666667
217 171 0.142857
217 165 0.0909091
218 153 0.05
218 185 0.125
219 157 0.0666667
219 165 0.0909091
220 207 0.1
220 232 0.25
221 152 0.1
221 176 0.333333
222 155 0.0588235
223 171 0.142857
224 205 0.166667
225 159 0.1
226 198 0.125
226 154 0.0384615
226 193 0.166667
227 159 0.1
227 225 0.333333
228 186 0.0909091
229 205 0.166667
230 151 0.0277778
230 173 0.25
231 196 0.2
231 181 0.1
232 207 0.1
232 220 0.25
233 163 0.0833333
233 146 0.166667
233 166 0.1
233 199 0.166667
233 244 0.1
234 237 0.25
235 236 0.1
235 241 0.5
236 235 0.166667
236 238 0.2
236 240 0.333333
236 242 0.5
237 234 0.111111
237 239 0.5
238 236 0.1
239 237 0.25
240 236 0.1
240 238 0.2
241 235 0.166667
242 236 0.1
243 14 0.0588235
243 153 0.05
243 109 0.2
244 12 0.0526316
244 18 0.0833333
244 233 0.0714286
244 91 0.125
244 33 0.0555556
244 245 0.1
245 244 0.1
245 246 0.25
245 247 0.25
245 248 0.166667
246 245 0.1
246 251 0.5
247 245 0.1
247 252 0.5
248 245 0.1
248 249 0.166667
248 250 0.166667
249 245 0.1
249 248 0.166667
250 248 0.166667
250 245 0.1
250 249 0.166667
251 246 0.25
252 247 0.25
253 62 0.0909091
253 6 0.142857
253 153 0.05
253 82 0.333333
253 254 0.25
253 255 0.25
253 256 0.25
254 253 0.0666667
254 257 0.5
255 253 0.0666667
255 258 0.5
256 253 0.0666667
256 259 0.5
257 254 0.25
258 255 0.25
259 256 0.25
