0 2
2 0
2 3
2 4
2 7
3 2
3 6
4 2
4 8
5 2
5 4
6 3
7 2
8 2
8 4
8 9
8 10
8 18
8 19
8 72
9 8
9 11
9 20
9 29
10 8
10 12
10 14
10 17
10 27
10 28
10 39
10 117
11 9
11 15
11 89
11 118
11 119
11 222
12 10
12 14
12 16
12 43
12 75
12 105
12 115
13 12
13 10
13 69
13 94
13 95
14 12
14 10
14 16
14 17
14 21
14 23
14 24
14 36
14 72
14 77
14 78
14 79
14 239
15 11
16 12
16 14
16 23
16 48
16 64
16 81
17 10
17 14
17 26
17 68
17 78
17 109
18 8
18 19
18 33
18 41
18 59
18 101
19 18
19 8
19 49
19 96
19 111
20 9
20 42
20 86
21 14
21 24
21 31
21 43
22 19
22 46
22 50
22 67
23 16
23 12
23 14
23 91
23 98
24 21
24 14
24 36
24 77
25 16
25 74
25 77
25 86
25 97
26 17
26 30
26 82
26 114
27 10
27 39
27 117
28 10
28 44
29 9
29 35
29 47
30 26
30 82
30 114
31 14
31 21
31 40
31 76
33 22
33 18
33 52
33 116
34 27
34 13
34 60
34 66
34 73
34 85
35 29
35 47
35 222
36 24
36 14
36 54
36 96
37 38
37 45
37 51
37 57
38 37
38 44
38 45
39 27
39 10
40 28
40 31
40 90
41 18
41 101
41 102
42 20
42 63
42 232
43 21
43 12
43 14
43 72
43 96
43 106
43 112
44 39
44 38
44 28
44 83
45 37
45 38
46 22
46 37
46 58
46 65
46 101
47 35
47 29
47 87
47 92
48 16
48 81
49 46
49 19
49 62
50 22
50 67
51 37
51 55
52 33
53 12
53 56
53 61
54 36
55 22
55 51
55 33
55 52
56 53
57 38
57 37
58 46
59 18
59 45
59 58
59 70
59 102
59 108
60 34
60 66
60 73
61 53
62 49
63 42
64 16
64 48
65 46
66 34
66 60
67 22
67 50
68 17
68 102
69 13
70 59
70 108
71 28
72 12
72 14
72 8
72 43
73 34
73 60
74 25
75 12
76 31
77 25
77 24
77 39
77 31
77 14
77 84
78 14
78 17
78 80
78 88
78 99
79 21
79 14
80 78
80 99
81 48
81 16
82 30
82 26
83 44
84 77
85 66
85 34
85 11
85 104
85 110
86 25
86 20
86 107
87 29
87 47
87 35
88 78
88 80
89 11
89 93
90 40
91 23
91 98
92 47
92 35
92 29
93 89
94 13
95 13
96 19
96 36
96 43
96 100
97 25
98 23
98 91
99 88
99 78
99 80
100 96
101 41
101 46
101 18
102 59
102 41
102 68
103 28
103 71
104 85
105 12
105 115
106 43
107 86
108 59
108 70
109 17
110 104
110 85
111 19
112 43
112 106
113 20
114 26
114 30
115 105
115 12
116 33
116 52
117 10
117 27
118 11
119 48
119 11
119 120
119 121
119 122
120 119
120 123
121 119
121 124
122 119
123 120
124 121
125 126
126 125
126 128
127 129
128 126
129 127
130 145
130 147
130 163
131 134
132 130
132 155
132 157
132 158
132 197
133 137
133 138
133 139
133 143
133 170
133 179
133 185
134 131
135 141
135 146
135 161
135 168
135 181
136 156
137 133
137 140
137 176
137 211
137 212
138 133
138 139
138 170
139 138
139 133
139 160
139 185
140 137
140 153
140 176
140 211
140 212
141 135
141 184
141 188
142 154
142 174
142 202
143 133
143 164
143 201
143 216
143 219
144 142
144 152
144 159
144 195
144 204
144 205
145 130
145 194
146 135
146 182
146 193
146 196
146 218
147 145
147 130
147 163
147 194
147 217
148 159
148 173
148 185
148 190
148 215
149 150
150 149
150 166
152 144
153 140
153 203
153 212
154 142
154 174
154 189
154 214
155 132
155 158
155 220
156 136
156 172
156 180
157 132
158 132
158 155
158 166
159 144
159 148
159 162
159 171
160 139
161 135
161 168
162 159
162 221
163 130
163 147
164 143
164 219
165 135
165 149
165 144
165 161
165 175
165 196
166 150
166 158
166 208
167 147
167 130
168 135
168 161
168 169
169 143
169 140
169 168
169 153
169 192
169 208
170 133
170 138
171 159
171 162
172 156
172 200
172 205
173 148
173 190
174 154
174 142
174 198
175 165
176 140
176 137
176 212
177 151
178 136
179 133
179 170
180 156
181 135
181 168
181 161
182 146
182 199
182 207
184 141
185 148
185 133
185 139
187 141
187 184
188 187
188 141
189 142
189 154
189 206
189 214
190 148
190 173
191 213
192 169
193 146
193 218
194 130
194 147
194 145
194 163
195 144
196 165
196 146
197 132
197 174
198 174
199 182
200 172
201 143
202 154
202 142
202 189
202 209
202 214
203 153
203 137
203 140
204 144
205 144
205 172
205 180
206 189
206 202
206 142
206 154
206 210
207 199
207 182
208 150
208 166
208 169
209 154
209 202
209 142
209 214
210 206
211 153
211 176
211 140
211 137
212 176
212 140
212 153
212 137
212 211
213 191
214 202
214 154
214 209
214 189
215 148
215 190
215 174
216 143
216 167
217 130
217 147
217 220
218 193
218 146
218 169
219 143
219 164
220 217
220 155
221 162
221 159
221 171
222 146
222 35
222 11
222 121
222 223
223 222
225 226
225 229
226 225
227 228
227 231
228 227
229 225
229 226
231 227
232 42
232 233
232 236
233 232
233 234
233 235
234 233
235 233
235 237
236 232
237 235
237 238
238 237
239 14
239 240
240 239
