0.166685
0
1
0.250681
0.146224
0
0.125625
0.500621
0.036063
0.08807
0.106878
1
0.147724
1
1
0.4994
0.153993
0.092153
0.066974
0.01506
0.026593
0.181409
0.002219
0.10353
0.178009
1
0.011612
0.024524
0.016516
0.008652
0.001919
0.034436
0
0.006862
0
0.01509
0.1271
0.015658
0.014622
0.04682
0.006994
0.030789
0.003375
1
0.004451
0.142538
0.016831
0.002616
0.047164
0.002113
0.000621
0.003885
0.00238
0
0.063724
0.000757
0
0.00317
0.201166
1
0
0
0.001007
0.00168
0.051411
0.004227
0
0.000633
0.042885
0.499477
0.241415
0
0.213869
0
0.499577
0.073537
0.01144
0.205021
0.098369
0.33351
0.013733
0.046706
0.003202
0.002199
0.102547
0
0.127395
0.00042
0.023128
0.201398
0.00345
0.029247
0.000601
0.100876
0.500718
0.332977
0.138848
0.500341
0.020661
0.021605
0.069609
0.018439
0.169813
0
0
0.042603
0.408087
0.063574
0.288308
0.046075
0
0.007594
0.33387
0
0.003234
0.035628
0.002297
0.030886
0.500439
0.059725
0.007545
0.01531
0.019813
0.003795
0.007686
0
0
0
0
0
0.069742
0
1
1
0
0.100587
0.00206
0.097342
0.218798
0.144336
0.09746
0.010155
0.086483
1
1
0.017675
0.034915
0.017472
0.018592
0.206763
0.074072
0
0.251489
0.140213
0.010459
0.145455
0.014002
0.251788
0.190052
0.10154
0.072009
0.198013
0.024542
0.017614
0.29822
1
0.0631
0.084048
0.140271
1
0.282577
0.026366
0.034813
0.005497
0.038661
0.500372
0.035224
0
0
0.333774
0.067738
0.025186
0.004311
0
0.003634
0.14107
0
0.001081
0.003295
0.002792
0.005148
0
0.500608
0.009849
0.005571
0.50063
0.254312
0.333381
0.019322
0.001697
0.017432
0.500234
0.009888
0.035064
0.500717
0.199934
0.000384
0.001446
0.205918
0.002022
0.000193
0.031564
0.03864
0
0.00292
0.004591
0.334137
0.010487
0.006065
0.298361
0.037024
0.006308
0.111953
0.028004
0
0
0
0
0
0
0
0
0.000321
6.4e-05
3.1e-05
8e-06
0.00016
3e-06
1e-06
0.10085
0.050457
