0 1
1 0
2 3
2 4
3 2
4 2
5 7
5 9
5 12
5 13
5 34
5 35
5 46
6 8
6 16
6 17
7 5
7 37
7 59
7 65
8 6
8 14
8 16
8 45
9 5
9 13
9 34
9 46
10 56
10 66
11 19
11 25
11 38
11 50
11 61
12 5
12 9
12 18
12 28
13 5
13 9
13 21
14 8
15 6
15 22
16 6
16 10
16 8
16 29
17 6
17 19
17 60
18 12
18 5
18 20
19 11
19 17
19 31
19 33
20 18
21 13
21 42
22 15
23 26
23 27
24 7
24 30
24 37
25 13
25 11
25 31
25 36
25 41
25 62
26 23
27 23
28 5
28 12
28 37
29 16
30 24
31 19
31 25
31 40
31 43
31 51
31 54
31 57
32 14
32 8
32 49
33 19
34 5
34 9
35 5
35 46
36 25
36 48
36 53
36 62
37 7
37 24
37 28
38 11
39 9
39 5
39 18
40 31
40 17
40 52
41 25
41 36
41 48
42 13
42 21
43 31
43 57
44 6
45 8
46 5
46 9
46 35
46 143
48 41
48 36
48 53
49 32
49 63
49 64
50 11
50 61
51 31
52 40
52 55
53 48
53 36
53 25
54 31
54 51
55 52
56 10
56 66
57 31
57 54
57 43
58 11
58 12
59 7
60 47
60 17
61 11
61 50
62 25
62 36
63 49
64 49
64 23
65 7
66 10
66 56
68 71
69 70
69 143
70 69
71 68
71 72
72 71
72 73
73 72
74 75
75 74
75 76
76 75
79 80
79 81
79 84
79 88
79 91
79 97
79 101
79 103
79 113
79 128
79 131
80 79
80 84
80 92
80 96
80 100
80 104
80 114
80 130
81 79
81 82
81 95
81 105
81 125
81 129
82 81
82 83
82 93
82 123
83 81
83 82
83 85
83 86
83 89
83 90
83 109
83 112
83 143
84 80
84 79
84 87
84 110
85 83
85 89
85 109
86 83
86 89
86 90
86 109
86 112
87 84
87 92
87 99
87 120
87 124
87 128
87 136
88 79
88 98
88 106
88 107
88 111
88 119
88 126
88 133
89 86
89 83
89 85
90 86
90 83
90 108
90 132
91 79
92 87
92 82
92 80
92 79
92 93
92 110
92 118
92 123
93 92
93 82
93 94
93 117
94 93
95 87
95 81
95 102
95 134
96 80
96 103
96 104
96 122
97 79
97 113
98 88
98 103
98 106
98 111
98 119
99 87
99 135
100 80
100 96
100 137
101 79
102 95
103 96
103 98
103 79
103 116
104 80
104 96
105 81
106 88
106 98
106 121
107 88
107 98
108 90
108 132
109 83
109 85
109 86
110 84
110 92
111 88
111 98
112 83
112 86
113 79
113 97
114 96
114 80
114 122
115 109
116 103
117 82
117 93
118 92
119 88
119 98
119 126
120 87
120 99
120 124
120 135
120 136
121 106
122 114
122 96
122 80
123 92
123 82
124 87
124 120
125 81
125 127
126 88
126 119
126 111
127 81
127 99
127 125
128 87
128 79
129 81
130 80
130 114
130 104
131 79
132 90
132 108
133 111
133 88
133 119
133 98
134 95
134 102
135 120
135 99
135 87
135 136
136 87
136 120
136 135
136 99
137 100
139 141
141 139
143 83
143 69
143 46
143 144
144 143
