0
0
0
0
0
1
0.004943
0.101314
0.00054
0.155281
7.1e-05
1
0.126222
0.114929
0.000179
0
0.000775
0.044568
0.015865
0.237766
0.007895
0.028953
0
0
0.002264
0.148231
0
0
0.02801
0.000393
0.000754
1
0
0.119195
0.275697
0.186068
0.023533
0.016069
0.501407
0
0.167511
0.030585
0.009589
0.287858
0
0.000154
0.148682
0.00181
0.009312
0
0.298436
0.398963
0.021031
0.006247
0.295698
0.003559
2.1e-05
0.240954
0
0.050739
0.008909
0.298451
0.040917
0
0
0.050943
2.3e-05
0
0
0.013674
0.003285
0
0
0
0
0
0
0
0
1
0.108856
1
0.299427
1
0.116969
0.179886
0.157618
0.089231
1
0.159606
0.09538
0.500495
1
0.114958
0.028872
0.084052
0.024477
0.297558
0.154195
0.02282
0.015535
0.499913
0.034363
0.127808
0.029983
0.500352
0.141794
0.332865
0.028449
0.179704
0.268813
0.186863
0.275781
0.297252
0.02267
0
0.063487
0.023242
0.500055
0.207276
0.014151
0.028402
0.007709
0.303658
0.024673
0.250354
0.229197
0.042
0.264296
0.500454
0.027265
0.500283
0.028568
0.200426
0.028108
0.00692
0.014813
0.007807
0
0
0
0
0
0.081205
0.040529
0
