0 1
0 6
1 0
1 6
2 3
2 5
3 2
5 2
5 100
6 1
6 0
6 7
6 8
6 9
6 10
6 11
6 12
6 13
6 15
6 17
6 27
6 47
6 61
6 73
6 97
7 6
7 19
7 38
7 64
8 6
8 14
8 18
8 21
8 30
8 63
8 69
8 78
8 79
8 86
9 6
9 70
9 73
10 6
10 32
10 47
10 73
11 6
11 15
11 16
11 17
11 47
12 6
12 10
12 18
12 20
12 24
12 25
12 28
12 34
12 39
12 67
12 74
12 190
13 6
13 26
13 84
14 8
14 21
14 23
14 36
14 52
15 6
15 11
15 10
15 16
15 70
16 15
16 11
16 10
16 42
17 6
17 11
17 52
18 8
18 12
18 19
18 22
18 23
18 29
18 48
18 51
18 55
19 7
19 18
20 12
20 46
20 74
21 18
21 8
21 14
21 29
21 37
21 41
21 54
21 58
21 60
21 65
22 18
22 51
23 18
23 14
24 12
24 20
24 25
25 12
25 24
25 14
25 40
25 59
26 13
27 6
27 66
28 12
28 24
28 31
28 38
29 18
29 21
29 33
29 35
29 43
29 45
29 62
30 8
31 28
31 183
32 6
32 10
32 81
33 29
33 43
33 45
34 12
34 20
34 39
34 100
35 27
35 29
35 33
35 77
36 14
37 21
37 58
38 7
38 28
39 34
39 20
39 12
39 46
39 67
40 25
40 53
41 21
42 16
43 29
43 33
43 45
43 62
44 11
44 10
44 15
44 61
44 70
45 33
45 29
45 43
46 39
46 20
46 29
46 24
46 83
47 6
47 11
47 10
47 61
48 18
49 13
49 50
49 72
49 76
49 80
50 49
50 72
50 97
51 22
51 18
51 56
51 57
52 23
52 17
52 14
53 40
54 21
54 58
54 65
55 18
56 51
56 57
57 51
57 22
57 56
57 82
58 37
58 54
58 21
59 25
60 21
60 54
61 10
61 6
61 47
61 44
61 68
61 71
61 75
62 43
62 29
63 8
64 7
65 21
65 58
65 54
66 27
66 85
67 12
67 39
68 61
69 8
69 86
70 6
70 15
70 44
70 9
71 61
72 49
72 50
73 10
73 9
73 6
74 12
74 20
74 67
75 61
76 72
76 49
76 50
76 80
77 35
78 8
78 30
78 79
79 8
79 78
80 49
80 76
81 32
82 57
83 46
84 13
84 26
85 66
86 79
86 8
86 69
87 89
88 90
88 91
88 94
89 87
90 88
90 91
90 94
91 88
91 90
91 94
92 93
93 92
93 88
94 91
94 90
94 88
97 6
97 50
97 98
98 97
98 99
99 98
100 5
100 34
100 101
101 100
102 103
102 105
102 106
102 107
102 123
103 102
103 108
103 109
103 114
103 121
103 134
103 141
103 147
103 174
104 110
104 133
104 139
104 152
104 155
104 158
104 159
105 102
105 103
105 109
105 121
106 102
106 145
106 173
107 106
107 102
107 111
107 122
108 103
108 118
108 132
108 135
108 148
108 151
109 105
109 103
109 124
109 125
109 128
109 137
110 104
110 113
110 152
110 155
111 107
111 144
111 176
112 115
112 160
112 172
113 104
113 110
113 159
114 103
114 131
114 134
114 153
115 112
115 129
117 116
117 130
117 157
117 163
118 108
118 119
118 120
118 127
118 138
118 146
119 118
119 120
119 127
119 146
119 171
120 119
120 118
120 116
120 150
120 162
121 105
121 103
121 136
121 165
122 107
122 176
123 102
124 109
124 125
124 128
125 124
125 109
125 128
126 149
126 164
126 167
127 119
127 118
127 138
127 140
127 170
128 125
128 124
128 109
128 137
129 115
130 117
131 103
131 114
131 147
132 108
133 104
133 159
133 168
134 103
134 114
134 131
134 147
135 108
135 148
136 121
136 165
137 109
137 128
137 124
138 127
138 118
138 119
138 140
138 171
139 104
140 119
140 127
140 138
140 175
140 176
141 103
141 142
142 106
142 127
142 141
143 108
143 126
143 161
143 166
144 141
144 111
144 169
145 106
146 127
146 138
146 119
146 118
147 131
147 114
147 134
147 103
148 108
148 135
149 126
150 120
151 135
151 108
152 104
152 110
152 168
153 114
153 103
154 112
155 110
155 104
157 130
157 117
157 163
158 113
158 110
158 104
159 104
159 133
159 113
159 110
160 112
161 143
162 120
162 150
163 157
163 117
164 126
165 136
165 121
166 143
167 126
167 133
167 168
168 152
168 133
168 167
168 169
169 144
169 168
169 147
170 119
170 118
170 127
171 138
171 127
171 119
172 112
173 106
174 103
175 140
176 111
176 122
176 140
176 173
177 179
179 177
180 181
180 182
181 180
182 180
183 31
183 40
183 12
183 184
184 183
185 186
186 185
186 187
186 188
187 186
188 186
188 189
189 188
190 20
190 86
190 12
190 191
190 194
191 190
194 190
