0.111509
0.267814
0.000679
9.5e-05
0
0.003969
1
0.096132
1
0.171026
0.213734
0.140341
1
0.084158
0.121281
0.130582
0.02065
0.087193
1
0.265511
0.112518
1
0.100673
0.160048
0.169767
0.10411
0.034196
0.077722
0.101842
0.110202
0.386311
0.020518
0.030381
0.018864
0.158576
0.009353
0.060865
0.28618
0.032545
0.136685
0.017768
0.500488
0.01033
0.017008
0.147737
0.022556
0.030686
0.265921
0.500964
0.001143
0.014403
0.109337
0.023031
0.008851
0.213807
0.250293
0.020494
0.017935
0.221094
0.052147
0.200505
1
0.030385
0.500146
0.048504
0.230247
0.009828
0.252774
0.499466
0.283659
0.061179
0.501535
0.00255
0.213967
0.216685
0.499957
0.000237
0.004688
0.238578
0.265674
0.000354
0.015184
0.009017
0.005117
0.027962
0.004881
0.211532
0
0
0
0
0
0
0
0
0
0
0.100797
0.012742
0.004291
0.015985
0.008158
0.049055
1
1
0.014972
0.009273
0.015209
0.110107
0.063314
0.117192
0.025511
0
0.084134
0.129703
0
0.002629
0
0.03002
0.088358
0.012974
0.072595
0.038116
0.024654
0.010179
0.012888
0.090777
0.083881
0.009323
0
0
0.067088
0.036869
0.129923
0.169803
0.026006
0.017409
0.014049
0.112545
0.501316
1
0.112561
0.018648
1
0.004489
0.001605
0.01929
0.131648
0.031848
0.04524
0.005227
0.027539
0.157644
0.043222
0
0.218338
0
0
0.25124
0.163896
0
0.500117
0.004334
0
0.045302
0.020958
0.501849
0.016984
0.0296
0.006588
0.021126
0.038846
0
0.049629
0.501027
0.500453
0.143185
0
0
0
0
0
0
0.00235
0.001184
0
0
0
0
0
0.07673
0.015621
0
0
0.038374
