31 25
44 37
33 34
33 38
33 40
34 33
34 35
34 37
34 43
35 34
35 36
17 12
17 24
1 2
1 3
1 4
1 5
1 6
18 2
18 8
18 20
36 35
2 1
2 3
2 7
2 8
2 13
2 18
37 34
37 39
37 43
37 44
3 2
3 1
3 19
19 3
38 33
38 40
45 39
45 41
45 42
4 1
4 10
20 18
39 37
39 40
39 41
39 42
39 45
5 1
5 23
21 12
6 1
7 2
7 13
7 14
22 14
22 15
8 2
8 13
23 5
23 9
23 11
9 11
9 23
24 17
10 4
40 33
40 39
40 38
11 9
11 23
41 39
41 42
42 41
42 39
42 45
29 27
29 25
12 4
12 10
12 17
12 21
43 34
43 37
13 2
13 7
13 8
25 26
25 31
26 25
14 7
14 2
14 15
14 16
14 22
27 28
27 29
27 30
28 27
15 14
15 22
30 27
16 14
