18
44
0 1 0.0625
0 17 0.333333
1 0 0.0833333
1 2 0.142857
1 4 0.25
1 5 0.333333
1 6 0.5
1 8 0.125
2 1 0.0625
2 3 0.333333
2 9 0.125
3 2 0.142857
4 1 0.0625
4 0 0.0833333
5 4 0.25
5 1 0.0625
6 1 0.0625
7 3 0.333333
8 1 0.0625
8 9 0.125
8 10 0.125
8 12 0.142857
9 8 0.125
9 2 0.142857
9 13 0.166667
10 8 0.125
10 12 0.142857
10 13 0.166667
10 15 0.333333
11 1 0.0625
12 8 0.125
12 9 0.125
12 10 0.125
12 16 0.5
13 10 0.125
13 9 0.125
13 14 0.25
14 2 0.142857
14 13 0.166667
15 9 0.125
15 10 0.125
16 12 0.142857
17 1 0.0625
17 0 0.0833333
