0 1
1 0
3 0
3 4
3 5
3 14
3 24
3 31
3 35
3 92
4 3
4 7
4 10
4 13
4 16
4 18
4 27
4 107
5 3
6 8
6 25
6 41
7 4
7 11
8 6
9 11
9 12
9 19
10 4
10 30
10 45
10 95
10 102
11 7
11 9
11 58
11 64
11 75
12 9
12 20
12 38
13 10
13 4
13 33
13 37
13 46
13 77
13 79
14 3
14 5
14 49
15 32
15 47
15 72
16 4
16 27
16 129
17 40
17 54
18 4
18 23
18 26
18 29
18 42
18 51
18 63
18 66
18 86
19 9
20 12
20 38
20 71
21 17
21 22
21 48
21 67
21 91
22 21
22 11
22 75
22 91
23 18
23 55
23 66
23 82
24 3
24 31
25 6
25 17
25 28
25 56
26 18
26 6
26 57
26 69
26 84
26 85
27 4
27 16
27 44
27 107
28 25
28 67
28 74
29 18
29 42
29 51
29 62
29 66
30 10
31 3
31 24
32 15
32 34
32 61
33 13
33 18
33 37
33 60
34 32
34 36
35 3
35 24
35 87
35 92
35 130
36 34
36 32
36 83
36 101
37 13
37 33
37 105
38 12
38 20
39 31
39 35
39 3
40 17
40 54
41 6
42 29
42 18
42 23
42 55
43 15
43 94
43 106
44 18
44 43
44 27
44 61
44 68
44 98
45 10
45 50
45 52
45 53
45 89
46 13
46 58
46 81
47 15
48 21
49 14
50 45
50 97
50 103
51 18
51 29
51 63
52 45
53 45
53 59
53 70
53 88
53 90
54 40
54 17
55 18
55 42
55 51
55 23
55 86
56 40
56 25
56 17
57 26
57 73
58 46
58 11
59 53
59 88
59 90
60 33
61 32
61 44
61 76
61 80
62 29
62 18
62 42
62 23
63 18
63 51
64 11
64 22
64 65
64 71
65 64
66 18
66 23
66 29
66 99
67 21
67 28
68 44
69 57
69 26
69 84
70 53
71 20
71 64
72 15
73 57
73 69
73 26
73 85
74 28
75 11
75 22
76 61
76 83
77 13
78 44
78 68
79 13
80 61
81 46
81 79
81 87
82 29
82 23
82 42
83 80
83 76
83 36
83 61
83 96
83 100
84 26
84 69
84 57
84 73
84 93
85 73
85 26
86 18
86 29
86 55
87 35
87 81
88 53
88 59
89 45
90 70
90 59
90 53
91 21
91 22
92 3
92 35
93 57
93 69
93 84
94 43
95 10
95 108
96 83
97 50
97 103
98 44
99 66
99 79
99 18
100 83
100 44
101 36
102 10
102 108
103 50
103 97
104 75
105 37
106 43
107 4
107 27
107 16
108 10
108 102
108 95
110 111
111 110
111 114
112 113
112 115
113 112
114 111
115 112
116 9
116 112
116 25
116 115
116 122
117 119
117 125
118 121
118 123
119 117
119 120
119 126
120 119
120 123
120 126
121 118
122 116
123 118
123 121
123 120
123 124
124 123
125 117
126 120
126 119
127 123
129 16
129 63
129 23
130 55
130 82
130 35
130 44
130 141
130 162
130 179
131 132
131 133
131 154
131 173
132 131
132 139
132 148
132 156
132 157
132 223
133 131
133 134
133 143
133 147
133 160
133 161
133 174
133 193
133 211
134 133
134 135
134 144
134 149
134 167
134 186
135 134
135 149
135 170
135 185
135 186
136 145
136 166
136 172
137 130
137 219
138 130
138 163
138 169
138 204
138 208
139 132
140 135
140 136
140 134
140 153
140 183
140 189
141 130
141 146
141 214
142 180
142 200
142 212
143 133
143 150
143 173
143 197
144 130
144 136
144 134
144 158
145 136
145 153
145 178
145 216
146 130
146 141
146 196
147 133
147 161
148 132
148 223
149 134
149 135
149 170
149 185
150 143
150 195
150 208
150 224
151 152
151 176
152 151
153 145
153 140
153 183
154 131
155 140
155 165
155 202
155 209
156 148
156 132
156 215
157 132
157 139
157 156
157 175
158 144
159 155
159 164
159 191
160 133
161 133
161 147
161 201
161 218
161 222
162 130
163 138
164 143
164 159
164 131
165 155
165 202
165 209
166 136
167 134
167 135
167 168
168 167
169 138
169 199
169 204
170 134
170 149
170 135
171 181
171 194
171 213
172 166
172 136
172 181
172 188
172 220
173 138
173 131
173 143
173 163
174 133
174 147
174 198
174 221
175 157
175 155
175 215
176 151
176 137
176 205
177 166
177 136
178 145
179 130
180 137
180 142
180 207
181 172
181 166
181 171
181 190
181 192
182 134
182 171
182 161
182 149
183 153
183 140
184 187
184 209
184 210
184 217
185 149
185 135
186 135
186 134
186 149
187 184
188 172
189 140
190 181
191 159
192 181
193 133
194 171
194 213
195 150
195 214
196 146
196 219
197 143
198 174
198 221
199 138
199 163
199 169
200 142
201 161
201 218
202 155
202 165
203 172
203 188
204 169
204 138
205 176
206 141
207 180
208 138
208 150
209 184
209 155
209 165
210 184
210 187
211 133
212 142
213 171
213 194
214 195
214 141
215 175
215 156
215 132
216 145
216 178
217 184
217 187
217 210
218 161
218 201
219 137
219 196
220 172
221 174
221 198
222 161
222 201
223 132
223 148
224 150
225 226
226 225
230 227
232 233
233 232
233 237
234 235
234 236
235 234
235 236
236 234
236 235
237 233
238 239
239 238
239 243
240 239
241 242
241 244
242 241
243 239
244 241
