0.111838
0.028033
0
1
0.136921
0.366632
0.014627
0.019107
0.004859
0.091507
0.122141
0.016138
0.011709
1
0.143086
0.104592
0.026368
0.102237
1
0.045748
0.00192
1
0.111942
0.14523
0.222826
0.105347
0.083965
0.025992
0.057684
0.140469
0.061198
0.231775
0.051874
0.157969
0.038984
0.212443
0.112915
0.141342
0.00322
0
0.029611
0.007297
0.161613
1
0.080839
1
0.168289
0.052419
0.500501
0.071831
0.166642
0.201143
0.501771
0.063307
0.030628
0.158674
0.026265
0.015676
0.045398
0.014335
0.079333
0.136566
0.028043
0.229526
0.002155
0.001097
0.154285
0.254031
0.027072
0.014104
0.024202
0.001014
0.052372
0.006549
0.028907
0.021047
0.272909
0.500429
0
0.26358
0.219745
0.031422
0.221456
1
0.010694
0.02172
0.223505
0.05883
0.018178
0.500243
0.014715
0.268424
0.286269
0.002734
0.500228
0.020973
0.500645
0.049651
0.040685
0.038621
0.332927
0.056348
0.03145
0.04965
0
0.070563
0.500106
0.031528
0.010052
0
0
0
0.183998
0.09222
0
0.364353
1
0.004206
0.109411
0.025633
0.126222
0.352345
0.500812
1
0.501019
0.00214
0.035557
0
0
0.003777
1
0.174721
1
1
0.053062
0.004944
0.087087
9.2e-05
0.004754
0.189605
0.00029
0.111551
0
0.093476
0.006045
0.010879
0.022338
0.234298
0.270302
0.005868
0.01233
0
0
0.001595
0.087558
0.001454
0.189848
0.166944
0.001965
0
0.499927
0.100462
0.251406
0.011703
0
0.000269
0.227005
0.010578
0.005357
0.000823
0.00208
0.011662
1
0.043398
0.126084
0.022756
0
0
0.00447
0.501203
0
0.091052
0
0.000242
3.4e-05
0.002627
0.011347
1.3e-05
0.333544
0.000137
0.023117
0
0.045554
0.500259
0.003436
0.007662
0.005573
0.023401
0.030412
0.000199
0
0.029347
0.000436
0
0.00132
0
0
0
0.00412
0.000287
8e-06
0.501158
0
0.00342
0.019238
0.041226
0.003663
1.4e-05
0.029959
0.000777
0.500313
0.036518
0.033619
0.294506
0.006099
0
0
0
0
0
0
0
0
0
0
0
0
0
0
0
0
0
0
0
0
