245
607
0 1 0.25
1 0 0.111111
3 0 0.111111
3 4 0.0454545
3 5 0.333333
3 14 0.142857
3 24 0.166667
3 31 0.2
3 35 0.1
3 92 0.25
4 3 0.0322581
4 7 0.125
4 10 0.0588235
4 13 0.0714286
4 16 0.142857
4 18 0.0384615
4 27 0.1
4 107 0.2
5 3 0.0322581
6 8 0.333333
6 25 0.1
6 41 0.5
7 4 0.0454545
7 11 0.0588235
8 6 0.0769231
9 11 0.0588235
9 12 0.125
9 19 0.5
10 4 0.0454545
10 30 0.5
10 45 0.0769231
10 95 0.166667
10 102 0.25
11 7 0.125
11 9 0.0909091
11 58 0.25
11 64 0.125
11 75 0.166667
12 9 0.0909091
12 20 0.125
12 38 0.25
13 10 0.0588235
13 4 0.0454545
13 33 0.142857
13 37 0.125
13 46 0.166667
13 77 0.5
13 79 0.25
14 3 0.0322581
14 5 0.333333
14 49 0.5
15 32 0.142857
15 47 0.5
15 72 0.5
16 4 0.0454545
16 27 0.1
16 129 0.142857
17 40 0.2
17 54 0.25
18 4 0.0454545
18 23 0.0909091
18 26 0.0833333
18 29 0.0769231
18 42 0.111111
18 51 0.142857
18 63 0.2
18 66 0.125
18 86 0.2
19 9 0.0909091
20 12 0.125
20 38 0.25
20 71 0.25
21 17 0.0909091
21 22 0.0909091
21 48 0.5
21 67 0.25
21 91 0.25
22 21 0.0625
22 11 0.0588235
22 75 0.166667
22 91 0.25
23 18 0.0384615
23 55 0.111111
23 66 0.125
23 82 0.2
24 3 0.0322581
24 31 0.2
25 6 0.0769231
25 17 0.0909091
25 28 0.166667
25 56 0.25
26 18 0.0384615
26 6 0.0769231
26 57 0.142857
26 69 0.142857
26 84 0.111111
26 85 0.25
27 4 0.0454545
27 16 0.142857
27 44 0.0555556
27 107 0.2
28 25 0.1
28 67 0.25
28 74 0.5
29 18 0.0384615
29 42 0.111111
29 51 0.142857
29 62 0.2
29 66 0.125
30 10 0.0588235
31 3 0.0322581
31 24 0.166667
32 15 0.1
32 34 0.25
32 61 0.0909091
33 13 0.0714286
33 18 0.0384615
33 37 0.125
33 60 0.5
34 32 0.142857
34 36 0.111111
35 3 0.0322581
35 24 0.166667
35 87 0.25
35 92 0.25
35 130 0.04
36 34 0.25
36 32 0.142857
36 83 0.1
36 101 0.5
37 13 0.0714286
37 33 0.142857
37 105 0.5
38 12 0.125
38 20 0.125
39 31 0.2
39 35 0.1
39 3 0.0322581
40 17 0.0909091
40 54 0.25
41 6 0.0769231
42 29 0.0769231
42 18 0.0384615
42 23 0.0909091
42 55 0.111111
43 15 0.1
43 94 0.5
43 106 0.5
44 18 0.0384615
44 43 0.1
44 27 0.1
44 61 0.0909091
44 68 0.333333
44 98 0.5
45 10 0.0588235
45 50 0.166667
45 52 0.5
45 53 0.0625
45 89 0.5
46 13 0.0714286
46 58 0.25
46 81 0.142857
47 15 0.1
48 21 0.0625
49 14 0.142857
50 45 0.0769231
50 97 0.25
50 103 0.25
51 18 0.0384615
51 29 0.0769231
51 63 0.2
52 45 0.0769231
53 45 0.0769231
53 59 0.166667
53 70 0.333333
53 88 0.25
53 90 0.2
54 40 0.2
54 17 0.0909091
55 18 0.0384615
55 42 0.111111
55 51 0.142857
55 23 0.0909091
55 86 0.2
56 40 0.2
56 25 0.1
56 17 0.0909091
57 26 0.0833333
57 73 0.142857
58 46 0.166667
58 11 0.0588235
59 53 0.0625
59 88 0.25
59 90 0.2
60 33 0.142857
61 32 0.142857
61 44 0.0555556
61 76 0.25
61 80 0.2
62 29 0.0769231
62 18 0.0384615
62 42 0.111111
62 23 0.0909091
63 18 0.0384615
63 51 0.142857
64 11 0.0588235
64 22 0.0909091
64 65 0.5
64 71 0.25
65 64 0.125
66 18 0.0384615
66 23 0.0909091
66 29 0.0769231
66 99 0.25
67 21 0.0625
67 28 0.166667
68 44 0.0555556
69 57 0.142857
69 26 0.0833333
69 84 0.111111
70 53 0.0625
71 20 0.125
71 64 0.125
72 15 0.1
73 57 0.142857
73 69 0.142857
73 26 0.0833333
73 85 0.25
74 28 0.166667
75 11 0.0588235
75 22 0.0909091
76 61 0.0909091
76 83 0.1
77 13 0.0714286
78 44 0.0555556
78 68 0.333333
79 13 0.0714286
80 61 0.0909091
81 46 0.166667
81 79 0.25
81 87 0.25
82 29 0.0769231
82 23 0.0909091
82 42 0.111111
83 80 0.2
83 76 0.25
83 36 0.111111
83 61 0.0909091
83 96 0.5
83 100 0.333333
84 26 0.0833333
84 69 0.142857
84 57 0.142857
84 73 0.142857
84 93 0.25
85 73 0.142857
85 26 0.0833333
86 18 0.0384615
86 29 0.0769231
86 55 0.111111
87 35 0.1
87 81 0.142857
88 53 0.0625
88 59 0.166667
89 45 0.0769231
90 70 0.333333
90 59 0.166667
90 53 0.0625
91 21 0.0625
91 22 0.0909091
92 3 0.0322581
92 35 0.1
93 57 0.142857
93 69 0.142857
93 84 0.111111
94 43 0.1
95 10 0.0588235
95 108 0.2
96 83 0.1
97 50 0.166667
97 103 0.25
98 44 0.0555556
99 66 0.125
99 79 0.25
99 18 0.0384615
100 83 0.1
100 44 0.0555556
101 36 0.111111
102 10 0.0588235
102 108 0.2
103 50 0.166667
103 97 0.25
104 75 0.166667
105 37 0.125
106 43 0.1
107 4 0.0454545
107 27 0.1
107 16 0.142857
108 10 0.0588235
108 102 0.25
108 95 0.166667
110 111 0.125
111 110 0.333333
111 114 0.5
112 113 0.5
112 115 0.333333
113 112 0.142857
114 111 0.125
115 112 0.142857
116 9 0.0909091
116 112 0.142857
116 25 0.1
116 115 0.333333
116 122 0.5
117 119 0.166667
117 125 0.5
118 121 0.333333
118 123 0.1
119 117 0.166667
119 120 0.125
119 126 0.25
120 119 0.166667
120 123 0.1
120 126 0.25
121 118 0.0833333
122 116 0.0909091
123 118 0.0833333
123 121 0.333333
123 120 0.125
123 124 0.5
124 123 0.1
125 117 0.166667
126 120 0.125
126 119 0.166667
127 123 0.1
129 16 0.142857
129 63 0.2
129 23 0.0909091
130 55 0.111111
130 82 0.2
130 35 0.1
130 44 0.0555556
130 141 0.111111
130 162 0.25
130 179 0.5
131 132 0.0666667
131 133 0.05
131 154 0.5
131 173 0.166667
132 131 0.0909091
132 139 0.166667
132 148 0.2
132 156 0.166667
132 157 0.166667
132 223 0.25
133 131 0.0909091
133 134 0.0526316
133 143 0.0909091
133 147 0.2
133 160 0.5
133 161 0.0833333
133 174 0.125
133 193 0.5
133 211 0.5
134 133 0.05
134 135 0.0625
134 144 0.111111
134 149 0.0833333
134 167 0.2
134 186 0.2
135 134 0.0526316
135 149 0.0833333
135 170 0.2
135 185 0.25
135 186 0.2
136 145 0.125
136 166 0.2
136 172 0.0833333
137 130 0.04
137 219 0.142857
138 130 0.04
138 163 0.25
138 169 0.142857
138 204 0.25
138 208 0.25
139 132 0.0666667
140 135 0.0625
140 136 0.0714286
140 134 0.0526316
140 153 0.142857
140 183 0.125
140 189 0.5
141 130 0.04
141 146 0.2
141 214 0.166667
142 180 0.142857
142 200 0.5
142 212 0.5
143 133 0.05
143 150 0.125
143 173 0.166667
143 197 0.25
144 130 0.04
144 136 0.0714286
144 134 0.0526316
144 158 0.333333
145 136 0.0714286
145 153 0.142857
145 178 0.333333
145 216 0.333333
146 130 0.04
146 141 0.111111
146 196 0.25
147 133 0.05
147 161 0.0833333
148 132 0.0666667
148 223 0.25
149 134 0.0526316
149 135 0.0625
149 170 0.2
149 185 0.25
150 143 0.0909091
150 195 0.25
150 208 0.25
150 224 0.5
151 152 0.5
151 176 0.166667
152 151 0.125
153 145 0.125
153 140 0.0833333
153 183 0.125
154 131 0.0909091
155 140 0.0833333
155 165 0.125
155 202 0.25
155 209 0.166667
156 148 0.2
156 132 0.0666667
156 215 0.2
157 132 0.0666667
157 139 0.166667
157 156 0.166667
157 175 0.111111
158 144 0.111111
159 155 0.0666667
159 164 0.25
159 191 0.5
160 133 0.05
161 133 0.05
161 147 0.2
161 201 0.2
161 218 0.25
161 222 0.333333
162 130 0.04
163 138 0.0833333
164 143 0.0909091
164 159 0.142857
164 131 0.0909091
165 155 0.0666667
165 202 0.25
165 209 0.166667
166 136 0.0714286
167 134 0.0526316
167 135 0.0625
167 168 0.5
168 167 0.2
169 138 0.0833333
169 199 0.25
169 204 0.25
170 134 0.0526316
170 149 0.0833333
170 135 0.0625
171 181 0.0909091
171 194 0.25
171 213 0.25
172 166 0.2
172 136 0.0714286
172 181 0.0909091
172 188 0.333333
172 220 0.5
173 138 0.0833333
173 131 0.0909091
173 143 0.0909091
173 163 0.25
174 133 0.05
174 147 0.2
174 198 0.2
174 221 0.25
175 157 0.166667
175 155 0.0666667
175 215 0.2
176 151 0.125
176 137 0.111111
176 205 0.333333
177 166 0.2
177 136 0.0714286
178 145 0.125
179 130 0.04
180 137 0.111111
180 142 0.1
180 207 0.5
181 172 0.0833333
181 166 0.2
181 171 0.125
181 190 0.25
181 192 0.5
182 134 0.0526316
182 171 0.125
182 161 0.0833333
182 149 0.0833333
183 153 0.142857
183 140 0.0833333
184 187 0.25
184 209 0.166667
184 210 0.25
184 217 0.25
185 149 0.0833333
185 135 0.0625
186 135 0.0625
186 134 0.0526316
186 149 0.0833333
187 184 0.1
188 172 0.0833333
189 140 0.0833333
190 181 0.0909091
191 159 0.142857
192 181 0.0909091
193 133 0.05
194 171 0.125
194 213 0.25
195 150 0.125
195 214 0.166667
196 146 0.2
196 219 0.142857
197 143 0.0909091
198 174 0.125
198 221 0.25
199 138 0.0833333
199 163 0.25
199 169 0.142857
200 142 0.1
201 161 0.0833333
201 218 0.25
202 155 0.0666667
202 165 0.125
203 172 0.0833333
203 188 0.333333
204 169 0.142857
204 138 0.0833333
205 176 0.166667
206 141 0.111111
207 180 0.142857
208 138 0.0833333
208 150 0.125
209 184 0.1
209 155 0.0666667
209 165 0.125
210 184 0.1
210 187 0.25
211 133 0.05
212 142 0.1
213 171 0.125
213 194 0.25
214 195 0.25
214 141 0.111111
215 175 0.111111
215 156 0.166667
215 132 0.0666667
216 145 0.125
216 178 0.333333
217 184 0.1
217 187 0.25
217 210 0.25
218 161 0.0833333
218 201 0.2
219 137 0.111111
219 196 0.25
220 172 0.0833333
221 174 0.125
221 198 0.2
222 161 0.0833333
222 201 0.2
223 132 0.0666667
223 148 0.2
224 150 0.125
225 226 0.5
226 225 0.25
230 227 0.166667
232 233 0.2
233 232 0.166667
233 237 0.5
234 235 0.25
234 236 0.2
235 234 0.1
235 236 0.2
236 234 0.1
236 235 0.25
237 233 0.2
238 239 0.2
239 238 0.25
239 243 0.5
240 239 0.2
241 242 0.25
241 244 0.5
242 241 0.166667
243 239 0.2
244 241 0.166667
