0 66
1 9
1 57
1 70
2 3
2 4
2 11
2 14
2 19
3 2
3 13
3 14
4 2
4 5
4 23
5 4
5 6
5 8
5 16
5 17
5 33
5 50
5 52
6 5
6 32
6 35
7 38
7 44
8 5
8 17
8 18
8 22
8 28
8 59
9 1
9 10
10 9
10 1
10 57
11 2
12 45
13 3
13 20
13 31
14 2
14 3
14 24
14 42
15 26
15 30
15 36
15 39
15 42
16 5
16 52
17 8
17 5
17 43
17 58
18 8
19 2
19 25
19 40
20 13
20 33
20 51
21 13
22 8
22 28
22 34
22 49
22 59
22 66
23 11
23 4
24 14
25 19
25 54
26 15
26 30
28 8
28 22
28 49
29 55
30 15
30 26
30 39
30 42
31 13
32 6
32 35
33 20
33 2
33 5
34 8
34 22
34 28
34 49
35 6
35 32
35 37
36 5
36 15
36 41
36 46
37 27
37 35
37 6
37 48
38 7
39 15
39 30
39 26
40 19
40 25
40 54
41 36
42 15
42 30
42 14
43 17
43 58
44 7
45 12
45 29
45 47
46 36
47 45
48 37
49 34
49 22
49 28
49 8
49 59
50 5
51 20
52 5
52 16
53 30
53 34
53 22
53 56
54 40
54 19
54 25
54 134
55 29
56 7
56 53
57 1
57 10
57 9
58 43
58 17
59 49
59 8
59 22
59 28
59 34
60 61
60 63
61 60
61 62
61 65
61 134
62 61
62 65
63 60
63 64
64 63
65 62
65 61
66 40
66 22
66 0
66 68
66 69
67 66
68 66
69 68
69 66
70 1
70 9
71 72
71 77
71 81
71 106
72 71
72 77
73 74
73 82
73 95
74 73
74 87
74 90
74 91
74 108
75 78
75 80
75 96
75 112
76 73
76 75
76 85
76 109
77 71
77 72
77 106
78 75
78 80
78 90
79 86
79 100
79 113
79 114
79 134
80 75
80 78
81 71
81 77
81 83
81 100
81 106
82 73
82 91
82 93
82 101
82 102
82 110
83 81
83 98
83 106
84 79
84 124
85 76
85 109
85 112
86 79
87 74
87 103
87 108
88 73
89 84
89 90
89 101
89 104
90 74
90 89
90 82
90 78
90 119
91 74
91 82
91 101
93 82
94 97
94 105
94 116
94 125
95 73
96 75
96 80
96 78
97 94
97 105
97 125
98 83
98 81
98 77
98 126
99 123
100 79
100 81
101 89
101 91
101 82
101 122
102 82
102 89
102 107
102 111
102 121
102 127
103 87
104 89
105 94
105 97
105 116
106 77
106 71
106 81
106 83
107 102
107 111
107 115
107 127
108 74
108 87
109 76
109 85
109 112
110 82
111 102
111 107
111 121
112 109
112 75
112 85
112 117
113 79
113 114
114 79
114 113
115 107
115 111
115 102
116 108
116 94
116 105
116 87
117 112
119 90
120 82
121 102
121 111
122 101
123 99
124 84
125 97
125 91
125 105
125 94
126 98
127 115
127 111
127 102
127 107
130 131
130 132
131 130
131 133
132 130
133 131
134 79
134 61
134 54
134 49
134 136
134 138
135 134
136 134
136 137
137 136
138 134
138 135
