0.16659
0
0.01945
0.003466
0.090909
1
0.188971
0
0.071557
0
0
0.012294
0
0.004466
0.004168
0.084001
0.297905
0.107064
0.035922
0.027973
0.02816
0
0.083138
0.030314
0.0021
0.04317
0.02165
0.334601
0.021881
0
0.014183
0.002275
0.090506
0.166739
0.014805
0.19649
1
1
0
0.018892
0.168807
0.501247
0.016031
0.031707
0
0
0.500847
0
0.500398
0.019418
0.499757
0.014128
0.297585
0
0.036925
0
0
0
0.031791
0.020788
0.000766
0.005961
0.001744
0.000132
3.8e-05
0.001766
1
0
0.407009
0.332917
0
0.001349
0.000686
0.069922
0.016618
0.080121
0.041232
0.002091
0.016429
1
0.021379
0.016804
1
0.003086
0.002411
0.191541
0.499369
0.001569
0
0.01808
0.005499
0.158854
0
0.500673
0
0.034849
0.020145
0
0.000513
0
0.1672
0.1418
0.071858
0.00078
0.009016
0
0.002198
0.011957
0.003611
0.191758
0.49981
0.013767
1
0.29802
0.297097
0.004936
0
0.500281
0
0.002712
0
0.020007
0.071188
0
0.00122
0
0.000251
0.013332
0
0
0
0
0
0
0.064822
0.00659
0.016344
0.005437
0.01314
