0 1
0 2
0 3
1 0
1 5
2 0
2 4
3 0
3 12
4 2
5 1
5 10
5 6
6 8
6 12
6 5
6 7
7 8
7 9
7 6
8 11
8 6
8 7
9 7
10 5
11 8
12 0
12 66
12 3
12 102
12 6
12 8
12 9
12 13
12 158
12 15
12 17
12 19
12 21
12 105
12 122
12 27
12 62
13 16
13 50
13 153
13 25
13 26
13 27
13 12
13 14
13 143
14 16
14 33
14 82
14 84
14 181
14 23
14 180
14 209
14 13
15 18
15 107
15 12
16 55
16 28
16 13
16 14
16 31
17 46
17 43
17 12
17 61
17 94
17 205
18 147
18 148
18 22
18 15
19 17
19 98
19 20
19 100
19 138
19 12
19 30
20 32
20 19
20 36
20 39
20 137
20 125
20 142
21 99
21 17
21 35
21 12
21 161
22 177
22 18
22 38
22 24
22 57
22 15
23 34
23 238
23 72
23 41
23 42
23 108
23 29
23 14
24 133
24 35
24 51
24 37
24 38
24 216
24 57
24 22
24 54
24 63
25 13
26 48
26 67
26 13
27 65
27 130
27 70
27 55
27 120
27 12
27 13
27 93
28 16
28 73
28 186
29 218
29 146
29 69
29 23
30 19
30 198
30 78
31 16
31 73
31 178
31 43
32 144
32 52
32 101
32 20
32 138
32 76
32 62
33 14
34 41
34 183
34 44
34 89
34 23
35 208
35 40
35 91
35 37
35 49
35 24
35 47
35 15
35 141
35 21
36 64
36 203
36 20
36 53
36 87
36 56
36 217
36 119
36 199
37 24
37 79
37 35
37 175
37 71
38 24
38 51
38 22
39 20
39 95
40 91
40 208
40 58
40 35
41 65
41 34
41 108
41 23
42 128
42 176
42 210
42 68
42 69
42 23
42 201
42 220
42 238
43 17
43 60
43 31
44 179
44 34
44 115
44 171
44 261
45 17
45 20
45 85
46 104
46 17
46 12
47 193
47 122
47 35
47 37
48 26
48 29
48 14
49 35
49 99
49 167
49 40
49 77
49 111
50 73
50 13
50 145
51 24
51 222
51 140
51 189
51 38
52 32
52 144
53 32
53 64
53 83
53 36
53 103
53 52
53 59
53 110
54 24
54 74
54 133
55 16
55 27
55 117
55 134
55 159
56 36
56 86
56 150
56 24
56 196
56 106
57 24
57 22
58 40
58 481
58 35
58 141
59 83
59 131
59 53
59 151
60 43
61 17
61 205
61 94
61 263
62 32
62 81
62 102
62 88
62 12
62 192
63 24
64 80
64 36
64 53
64 86
64 127
64 169
64 59
64 101
65 41
65 27
65 126
66 12
67 72
67 26
68 128
68 176
68 210
68 197
68 201
68 42
68 220
68 238
69 34
69 146
69 215
69 42
69 109
69 30
69 29
70 120
70 192
70 130
70 27
71 121
71 37
72 48
72 67
72 132
72 23
72 29
72 14
73 50
73 187
73 151
73 139
73 28
73 31
74 64
74 97
74 54
74 38
74 24
74 75
75 97
75 74
76 32
76 144
76 52
77 49
77 47
78 198
78 30
79 129
79 148
79 37
80 64
80 165
81 88
81 192
81 62
82 96
82 113
82 14
83 59
83 131
83 53
83 110
84 200
84 186
84 14
85 80
85 157
85 213
85 45
85 151
86 64
86 80
86 56
86 90
86 160
86 124
87 36
88 214
88 81
88 91
88 182
88 62
89 34
89 183
90 86
91 40
91 88
91 35
91 129
92 91
92 45
92 15
93 27
94 17
94 61
95 20
95 125
95 39
96 113
96 82
97 123
97 74
97 75
98 19
99 49
99 21
100 98
100 19
100 36
100 114
100 103
101 64
101 32
101 125
101 118
102 130
102 12
102 190
102 62
102 167
103 112
103 59
103 83
103 100
103 53
104 46
105 12
106 56
106 196
107 15
108 41
108 23
109 138
109 69
109 30
109 135
110 59
110 83
110 131
110 53
110 223
111 49
112 103
113 96
113 82
113 219
114 100
115 162
115 172
115 36
115 261
115 56
115 164
115 44
116 86
117 134
117 55
118 101
119 36
119 199
120 27
120 70
121 71
122 152
122 12
122 47
123 24
123 97
123 206
123 54
123 222
124 90
124 116
124 461
124 86
125 194
125 163
125 20
125 101
125 136
125 156
125 95
126 65
127 64
127 169
128 34
128 68
128 69
128 185
128 42
128 204
129 91
129 79
129 47
130 102
130 27
130 93
130 70
131 160
131 83
131 174
131 263
131 170
131 59
131 110
132 72
132 48
132 27
132 159
133 24
133 54
134 117
134 55
135 109
136 163
136 156
136 125
137 20
138 32
138 202
138 19
138 109
139 73
140 51
140 189
141 58
141 35
141 37
142 20
143 13
144 32
144 52
144 76
145 50
145 115
146 68
146 69
146 168
146 207
146 173
146 29
147 18
148 18
148 147
148 79
149 49
149 85
150 56
150 106
151 161
151 85
151 104
151 73
151 154
151 59
152 122
153 13
154 151
155 69
155 215
156 136
156 194
156 195
156 125
157 85
158 105
158 12
159 16
159 191
159 132
159 109
159 55
160 131
160 110
160 86
161 59
161 21
161 151
162 115
162 461
163 136
163 125
164 162
164 115
164 172
165 80
165 223
166 12
167 49
167 212
167 13
167 102
167 111
168 146
168 173
169 64
169 127
170 131
170 53
171 179
171 44
171 461
172 115
172 164
173 168
173 146
174 170
174 131
174 53
175 37
176 42
176 68
177 121
177 22
177 71
178 31
179 171
179 44
179 261
180 14
181 180
181 14
182 88
182 214
183 89
183 34
184 25
185 128
186 68
186 84
186 28
187 73
187 139
188 124
188 86
189 51
189 140
189 222
190 102
191 161
191 221
191 159
192 81
192 130
192 62
192 70
193 47
194 136
194 195
194 156
194 125
195 136
195 194
195 156
195 21
196 56
196 106
197 201
197 42
197 68
197 210
198 78
198 30
199 217
199 36
199 119
200 84
201 210
201 42
201 68
201 197
202 138
203 36
203 199
204 128
205 17
205 61
206 123
207 168
207 146
208 40
208 88
208 122
208 35
208 49
209 14
210 201
210 42
210 220
210 68
210 197
211 128
211 179
211 44
212 167
213 85
213 157
214 88
214 182
215 155
215 69
216 24
216 133
216 54
217 203
217 36
217 199
218 29
219 113
220 42
220 68
220 210
220 197
221 191
222 51
222 123
222 140
222 189
222 206
223 64
223 224
223 227
223 228
223 165
223 225
223 57
223 234
223 59
223 237
223 110
224 226
224 227
224 223
225 232
225 223
226 224
226 235
227 224
227 230
227 223
228 225
228 223
229 227
230 227
230 231
231 230
232 225
232 233
233 232
233 236
233 223
234 223
235 226
235 223
236 233
237 224
237 223
238 240
238 68
238 252
238 23
238 204
238 42
238 220
238 254
238 239
239 240
239 241
239 244
239 464
239 248
239 238
240 243
240 255
240 238
240 239
241 256
241 242
241 243
241 244
241 247
241 239
242 241
242 243
242 244
243 240
243 241
243 242
244 241
244 242
244 245
244 246
244 239
245 251
245 244
246 250
246 244
246 245
246 253
247 241
247 242
248 249
248 239
249 248
250 253
250 246
251 245
252 238
253 250
253 246
254 252
254 238
255 240
256 128
256 241
256 211
256 257
256 259
256 155
256 223
257 256
257 258
258 257
258 260
259 256
260 258
261 162
261 115
261 179
261 262
261 12
261 44
262 261
263 131
263 264
263 265
263 12
263 269
263 271
263 401
263 280
263 282
263 284
263 285
263 410
263 352
263 61
263 292
263 273
263 423
263 301
263 367
263 305
263 373
263 317
263 62
264 263
264 322
264 267
264 407
264 277
264 454
264 279
264 295
265 352
265 464
265 324
265 270
265 263
265 424
265 266
265 318
266 272
266 290
266 275
266 310
266 294
266 263
266 265
266 303
266 301
266 271
267 288
267 321
267 300
267 264
267 281
267 315
267 268
268 385
268 274
268 307
268 276
268 279
268 264
268 343
268 267
269 353
269 410
269 275
269 357
269 263
270 265
270 364
270 263
271 393
271 273
271 355
271 276
271 309
271 263
271 340
271 266
271 429
272 425
272 266
273 304
273 289
273 430
273 382
273 333
273 263
273 265
273 461
273 301
273 286
273 271
274 347
274 267
274 268
274 397
274 343
275 420
275 278
275 406
275 311
275 266
275 269
275 479
276 330
276 268
276 413
276 271
277 264
277 278
278 314
278 275
278 387
278 277
278 381
279 296
279 291
279 293
279 385
279 264
279 380
279 268
280 328
280 370
280 323
280 263
280 296
280 298
280 299
280 314
281 336
281 315
281 267
281 332
281 372
282 401
282 292
282 305
282 263
282 492
282 317
283 364
283 270
284 337
284 266
284 263
285 378
285 263
285 313
285 298
285 284
285 301
286 440
286 273
286 297
286 302
286 287
287 286
288 267
288 319
289 273
289 443
289 302
290 266
290 386
291 385
291 380
291 293
291 433
291 279
292 435
292 308
292 263
292 312
292 297
292 282
292 316
292 377
292 361
293 291
293 279
294 272
294 310
294 360
294 425
294 266
294 412
295 264
295 322
296 264
296 322
296 277
296 279
296 280
296 299
297 338
297 292
297 359
297 287
297 286
297 351
298 337
298 388
298 405
298 449
298 280
298 444
298 285
299 280
299 296
299 342
300 288
300 267
301 273
301 426
301 309
301 326
301 263
301 344
301 266
301 349
301 285
301 334
301 271
302 289
302 306
302 286
303 358
303 266
303 290
303 301
303 294
304 273
304 333
304 430
305 481
305 373
305 439
305 282
305 263
305 317
306 386
306 292
306 302
307 451
307 268
308 312
308 316
308 292
308 361
309 383
309 315
309 325
309 331
309 301
309 271
310 266
310 340
310 294
311 275
311 420
312 308
312 292
312 366
312 391
313 285
314 416
314 417
314 456
314 341
314 278
314 280
314 348
315 368
315 369
315 309
315 441
315 375
315 281
315 267
316 308
316 292
316 327
317 401
317 305
317 282
317 263
318 424
318 265
318 432
318 356
319 288
319 339
319 267
319 447
319 415
320 265
321 267
321 300
322 264
322 277
322 342
322 295
322 296
322 376
323 280
323 370
324 265
324 335
324 395
324 305
324 263
325 383
325 331
325 309
325 333
326 457
326 375
326 411
326 301
326 271
327 316
328 280
328 341
329 273
329 310
329 294
329 345
329 266
329 363
329 301
330 340
330 458
330 276
331 309
331 325
332 281
332 371
332 319
333 304
333 273
333 460
333 325
333 271
334 301
335 324
336 281
337 298
337 284
338 297
338 359
338 438
338 351
339 375
339 319
339 271
340 452
340 294
340 310
340 408
340 437
340 266
340 346
340 330
340 271
341 328
341 337
341 314
341 278
342 322
342 299
343 274
343 268
344 273
344 301
344 350
344 365
345 329
346 452
346 340
347 384
347 274
348 314
349 400
349 354
349 436
349 453
349 303
349 301
349 399
350 344
351 338
351 297
351 434
351 402
351 398
351 418
352 265
352 324
352 366
352 278
352 263
353 275
353 269
354 400
354 436
354 349
354 453
355 429
355 271
356 424
356 265
356 318
357 409
357 269
358 303
359 297
359 338
360 290
360 358
360 294
360 266
360 396
360 389
361 308
361 403
361 292
362 404
362 310
362 294
362 422
362 408
362 266
362 455
363 392
363 329
364 283
364 270
365 344
365 350
366 352
366 312
367 263
368 315
369 315
370 280
370 323
371 332
372 336
372 281
372 394
373 305
373 374
373 263
374 373
375 339
375 315
375 326
376 322
377 308
377 379
377 292
378 448
378 285
379 377
379 292
379 318
379 265
380 385
380 291
380 279
381 387
381 278
382 273
382 430
383 331
383 309
383 325
384 322
384 347
385 291
385 405
385 268
385 279
385 332
385 428
385 380
386 290
386 306
387 381
387 278
387 414
388 298
389 360
390 264
391 312
392 329
392 363
393 429
393 271
394 336
394 281
394 372
395 324
395 335
396 360
396 366
397 274
398 351
399 436
399 349
400 354
400 349
400 402
401 282
401 317
401 263
402 400
402 421
402 351
403 312
403 361
404 362
405 337
405 298
405 385
406 275
406 311
406 427
406 396
406 419
406 445
407 264
408 276
408 362
408 340
408 446
409 357
410 269
410 263
411 457
411 326
412 352
412 283
412 270
412 294
413 276
414 387
414 381
414 278
415 447
415 319
416 456
416 314
417 416
417 314
418 361
418 442
418 403
418 351
419 353
419 410
419 406
420 450
420 275
420 269
420 311
421 402
422 362
422 404
423 263
424 265
424 356
424 318
425 272
425 266
425 310
425 294
426 301
427 406
428 385
429 393
429 355
429 492
429 271
430 304
430 273
430 382
431 368
431 369
431 315
432 265
432 318
433 291
433 380
433 279
434 398
434 351
435 308
435 292
436 354
436 453
436 349
436 399
437 346
437 340
438 297
438 338
439 305
439 282
439 367
439 263
440 286
440 287
441 368
441 315
441 268
442 418
443 289
444 298
445 443
445 420
445 427
445 406
446 408
447 330
447 319
447 415
448 378
449 298
450 384
450 420
451 307
452 346
452 340
452 437
453 354
453 436
453 349
454 264
454 390
455 362
455 404
455 422
456 416
456 314
457 411
457 326
458 330
459 331
459 309
459 383
460 333
461 273
461 162
461 241
461 492
461 171
461 124
461 462
462 461
463 461
464 465
464 466
464 83
464 468
464 70
464 265
464 474
464 239
464 467
464 271
465 464
465 474
465 469
466 464
467 464
467 472
467 477
467 470
468 464
468 469
469 465
469 468
469 471
470 472
470 466
470 467
470 475
471 469
471 478
472 467
472 470
473 464
473 465
474 464
474 465
475 476
475 470
476 475
477 467
478 471
479 480
479 275
479 340
479 263
479 126
479 223
480 479
481 240
481 305
481 482
481 484
481 453
481 489
481 58
481 490
481 366
482 481
482 483
483 488
483 482
484 481
484 491
484 485
484 489
485 481
485 484
485 486
485 487
486 485
487 485
488 490
488 483
489 481
489 484
490 488
490 481
491 484
492 64
492 496
492 461
492 282
492 493
492 301
492 494
492 429
493 498
493 499
493 492
493 495
494 497
494 492
495 493
496 492
497 494
498 499
498 493
499 498
499 493
