0 1
0 2
0 220
1 0
2 0
3 4
3 5
3 6
3 8
4 3
5 3
6 3
8 0
8 3
8 9
8 14
8 37
9 8
9 12
9 17
9 23
9 28
9 86
9 95
10 11
10 18
10 21
10 43
11 10
11 15
11 18
11 29
11 43
11 49
11 84
12 9
12 13
12 35
12 48
12 51
12 57
12 92
13 12
13 57
13 66
13 73
14 8
14 19
14 22
14 27
14 32
14 36
14 39
14 94
15 11
15 10
15 49
15 50
15 55
15 74
15 90
16 20
16 41
16 45
16 52
16 67
17 9
17 23
18 10
18 11
18 78
18 88
19 14
19 22
19 27
19 39
20 16
20 44
20 91
20 117
20 219
21 11
21 10
21 29
21 84
22 14
22 19
22 32
22 36
22 220
23 17
23 9
23 28
24 10
24 21
24 11
24 40
24 54
24 61
24 82
25 38
25 53
25 62
25 83
25 96
26 8
26 22
26 14
26 47
26 58
26 71
27 22
27 14
27 19
27 81
27 103
28 9
28 17
28 23
28 48
28 95
29 21
29 11
29 33
30 9
30 17
30 23
30 219
31 26
31 63
32 14
32 22
32 19
32 42
32 64
32 65
33 29
33 89
34 41
34 53
34 77
35 12
35 13
35 51
36 14
36 19
36 22
37 8
38 25
38 46
38 80
39 14
39 19
39 22
40 24
40 82
41 16
41 34
42 13
42 19
42 14
42 32
43 11
43 10
43 49
43 60
44 20
44 56
44 68
45 16
45 72
45 110
46 38
47 26
47 99
48 12
48 28
48 63
48 70
48 85
49 11
49 21
49 43
49 15
49 60
50 15
50 97
51 12
51 35
51 59
52 16
53 34
53 25
53 41
54 24
54 40
55 48
55 15
55 75
56 44
57 35
57 12
57 13
57 66
57 73
58 26
58 31
58 93
59 29
59 51
59 69
60 49
60 43
61 24
61 82
62 25
62 76
63 48
63 31
64 32
65 32
66 12
66 13
66 57
67 16
68 56
68 44
69 59
70 48
70 31
70 100
71 26
72 45
73 35
73 57
73 66
73 13
74 15
74 90
75 55
75 51
75 33
76 62
76 83
77 34
78 18
79 27
80 38
80 62
81 27
82 40
82 61
82 24
82 121
83 25
83 76
84 11
84 21
84 10
84 101
85 48
86 9
86 17
86 23
87 70
87 55
88 18
88 78
88 220
89 33
90 15
90 74
91 20
92 57
92 73
92 12
92 13
93 58
94 22
94 14
95 9
95 28
96 25
97 50
98 63
99 47
100 70
101 84
102 79
102 27
102 103
103 102
103 27
104 105
104 106
104 107
105 104
106 104
107 104
108 106
108 104
109 105
110 45
110 111
110 112
111 110
111 115
112 110
112 114
113 114
114 113
114 112
115 111
115 116
116 115
117 20
117 113
117 27
117 118
117 119
118 117
119 117
121 43
121 82
121 122
122 121
123 124
123 131
123 137
123 139
123 170
123 173
123 175
123 211
124 123
124 125
124 126
124 145
124 151
124 186
124 209
125 123
125 124
125 126
125 141
125 182
125 186
125 204
125 210
126 125
126 124
126 127
126 130
126 186
127 126
127 124
127 129
127 133
127 155
127 181
128 132
128 161
128 165
128 167
129 127
129 181
130 126
130 134
130 143
131 123
131 136
131 149
131 168
131 175
132 128
132 184
132 213
133 129
133 124
133 127
133 138
133 152
133 156
133 196
134 130
134 128
135 129
136 131
136 168
136 175
137 123
137 133
137 155
138 133
139 123
139 211
140 146
140 157
140 159
140 187
140 201
141 125
141 189
142 144
142 158
142 174
142 191
142 208
143 130
144 142
144 146
144 164
144 172
144 212
145 124
145 151
146 144
146 140
146 179
146 205
147 153
147 174
147 176
148 140
148 150
148 162
148 183
149 131
149 136
149 158
149 194
150 148
150 162
151 145
151 124
151 152
151 188
152 133
152 151
152 203
153 147
154 171
154 178
154 180
155 127
155 137
155 166
155 198
156 133
156 138
157 140
158 149
158 136
158 142
159 140
159 144
159 142
159 195
160 128
160 184
161 128
161 199
161 207
162 148
162 150
162 183
162 185
162 200
163 154
164 144
165 128
165 167
166 155
167 128
167 165
167 192
168 131
168 136
169 123
170 123
170 139
170 173
171 154
171 180
172 144
172 164
172 177
173 123
173 139
173 170
174 147
174 153
174 155
174 142
175 123
175 136
175 131
176 159
176 147
176 155
176 153
177 144
177 172
178 171
178 154
178 180
179 146
180 171
180 178
180 154
181 127
181 129
182 125
182 204
183 162
183 150
183 148
184 132
184 160
184 203
185 162
185 193
186 124
186 126
186 125
186 197
187 140
187 157
187 200
188 151
189 141
191 142
191 208
192 167
193 185
194 149
195 159
196 133
196 156
196 138
197 186
197 123
198 155
199 161
200 148
200 162
200 187
200 127
200 202
201 140
201 155
201 187
201 157
202 200
203 184
203 152
203 213
204 182
204 125
205 146
205 179
207 161
208 191
208 142
209 124
209 145
210 125
210 182
211 123
211 139
212 144
212 131
213 132
213 203
216 217
216 218
217 216
218 216
219 20
219 142
219 30
220 88
220 0
220 22
220 18
220 204
220 221
220 222
221 220
222 220
222 223
222 224
222 225
223 222
223 225
224 222
225 222
225 223
