0.095987
0.048055
0.048177
0.005688
0.00142
0.0029
0.00189
0
0.05707
0.003185
0.163362
0.150751
0.002589
0.016873
0.128061
1
1
0.000678
0.096815
0.119515
0.083459
0.141407
0.219128
0.00082
1
1
1
0.018099
0.00188
0.02979
0.001522
0.029033
1
0.010206
0.03908
0.001688
0.066907
0.028395
0.166156
0.047728
0.277581
0.19699
0.200663
0.05033
0.010549
0.111819
0.055361
0.250511
0.012616
0.117127
0.251313
0.005069
0.500509
0.203004
0.333936
0.166697
0.004367
0.0025
0.201167
0.001053
0.032301
0.279219
0.155576
0.006816
0.500374
0.500157
0.003482
0.500679
0.003577
0.00051
0.00153
0.500557
0.05601
0.002643
0.201405
0.041729
0.078666
0.019549
0.079156
0.000586
0.055784
0.004422
0.180632
0.256221
0.031717
0.006276
0.000779
0
0.153858
0.0013
0.281901
0.041659
0.00054
0.100553
0.043082
0.001231
0.500043
0.125944
0
0.12539
0.000768
0.015884
0.001174
0.00448
0
0
0
0
0
0
0.009422
0.001278
0.002408
0.001312
0.000536
0.000208
0.000102
0.007604
0.001921
0.003747
0
0.020177
0.010054
1
0.16545
1
0.102778
0.072336
0.000274
0.134233
0.01032
0.096079
0.001004
1
0.002048
0
0.06406
0.147716
0.332105
0.201489
1
0.167006
1
0.002587
0.095834
0.035776
0.134642
0.025676
0.002237
0.036695
0.000986
0.044586
0.171004
0.046667
0
0.048502
0.202006
0.322039
0.20228
0.143297
0.000384
4.6e-05
0.002261
0
0.03621
8.8e-05
0.02431
3.5e-05
0.037801
0
0.232812
0
0.019207
0.233226
0.167441
0.183618
0.005224
0.006443
0
0.054889
0
0.049604
0.307808
0.000868
0.002687
0.000286
0.152684
0.194467
0.022214
0.083583
0
0.297668
1.8e-05
0.000152
0.009305
0.071634
0.251091
0.030897
0.024226
2.6e-05
0.019754
0.200468
0.009834
0.021366
0.394213
0.044865
0
2.9e-05
0.29712
0.055292
0.332918
0.282994
0.019236
0.005455
0
0
0
0
0
0.007564
1
0.333967
0.101025
0.029891
0.016874
0.029987
0
0
0
