20 15
20 7
21 2
21 23
55 45
55 60
56 43
22 3
57 39
57 53
57 54
58 43
23 21
38 44
38 66
38 70
59 54
59 43
59 52
59 58
39 53
39 57
40 41
40 42
40 45
41 40
41 42
41 43
0 1
0 5
0 11
0 17
60 45
60 55
24 17
1 0
1 9
1 17
1 25
25 9
25 1
2 3
2 4
2 21
3 2
3 6
3 18
4 2
4 10
42 40
42 41
42 65
5 0
5 28
26 10
26 33
43 41
43 46
43 49
43 50
43 56
43 58
43 59
44 38
61 52
61 46
62 49
62 51
63 53
27 19
27 7
6 3
28 5
28 14
64 48
7 8
7 15
7 19
7 20
8 7
8 15
65 42
45 40
45 41
45 48
45 55
45 60
9 1
9 25
29 0
29 11
29 17
29 25
29 30
10 4
10 12
10 26
10 31
46 41
46 43
46 50
46 61
66 38
66 70
67 50
68 49
68 51
30 29
69 40
31 10
31 33
32 19
48 45
48 49
48 64
70 66
70 38
49 48
49 43
49 51
49 68
33 10
33 31
33 26
34 13
35 11
35 25
35 16
50 43
50 46
50 41
50 52
50 67
11 0
11 29
51 49
51 68
12 10
12 14
52 50
52 54
52 59
52 61
13 6
13 5
13 34
14 12
14 28
53 39
53 63
15 7
15 8
15 19
16 0
16 9
16 35
17 1
17 0
17 9
17 24
17 29
18 3
54 53
54 52
19 15
19 7
19 27
19 32
