0.078191
0.049961
0.017952
0.001809
0.251097
0.017805
0.000484
0.122304
0.066969
0.053884
1
0.211518
0.250036
0
0.042291
0.163089
0
0.122037
0.000918
1
0.040674
0.002962
0
0.001535
0.060818
0.174111
0.259288
0.333695
0.014321
1
0.500587
0.259622
0.500541
0.097936
0
0
0
0
0
0.000461
0.009854
0.136622
0.018123
1
0
0.003186
0.123843
0
0.018845
0.111391
0.125461
0.019271
0.041531
0.003624
0.029558
0.000943
0.499991
0.000112
0.371614
0.170171
0.000986
0.026982
0
0.001816
0.009514
0.00908
0
0.06262
0.031084
0
0
0
0
