2 9
2 15
2 18
2 20
2 23
2 47
3 4
3 48
4 3
4 33
4 35
4 40
5 6
5 11
5 13
6 5
6 2
6 10
6 14
6 22
6 27
6 45
6 54
6 65
7 9
7 12
7 16
7 28
7 31
7 32
7 44
8 10
8 41
9 7
9 2
9 16
9 23
9 34
9 39
9 69
10 8
10 6
11 5
11 14
11 20
11 25
12 7
12 46
13 5
13 81
14 6
14 11
14 5
14 9
14 63
15 2
15 8
15 36
16 9
16 7
16 24
16 26
16 29
16 37
16 51
16 80
17 5
18 7
18 2
18 74
19 21
19 38
19 50
20 2
20 11
20 18
20 25
20 61
20 70
20 73
21 19
21 38
22 6
22 45
22 54
22 65
23 2
23 9
23 42
23 49
24 16
24 26
24 37
24 71
24 80
25 11
25 20
25 61
26 24
26 16
26 51
26 80
27 6
27 22
27 30
28 7
28 44
29 26
29 16
29 46
30 27
31 7
32 7
33 4
34 9
34 39
35 4
35 3
35 56
35 68
36 15
36 64
37 26
37 24
37 16
37 29
37 46
38 19
38 21
38 50
38 89
39 9
39 34
39 69
40 4
40 52
40 57
40 58
40 75
41 8
41 155
42 23
43 33
43 40
44 7
44 28
44 46
45 6
45 22
46 29
46 12
46 37
46 44
46 58
46 59
46 72
46 76
46 89
47 2
47 53
47 62
48 3
48 43
49 23
49 42
49 55
49 60
50 19
50 38
51 16
51 26
52 40
52 58
53 47
53 67
54 6
54 22
54 45
55 49
56 35
57 40
57 52
57 58
57 66
57 75
58 40
58 46
58 52
58 57
59 46
60 49
61 25
61 20
61 73
61 77
62 47
62 53
62 67
62 155
63 14
63 64
63 151
64 36
64 63
65 6
65 45
65 22
66 52
66 40
66 57
67 47
67 62
67 53
68 35
68 79
69 9
69 39
70 20
71 24
71 16
71 51
72 46
72 59
73 61
73 20
73 47
74 18
75 57
75 52
75 40
76 46
77 61
78 7
78 28
78 32
79 68
80 16
80 26
80 37
80 24
81 13
83 84
84 83
86 88
88 86
89 46
89 38
89 58
89 90
89 91
90 89
91 89
91 90
92 93
92 97
92 101
92 106
92 113
93 92
93 132
93 138
93 147
94 102
94 108
94 145
95 98
95 100
95 107
95 118
95 123
95 124
95 146
96 119
96 137
97 92
98 95
98 126
98 129
99 94
99 105
99 114
99 144
100 95
100 101
100 103
100 104
100 111
100 116
101 92
101 100
101 109
101 140
101 141
101 143
101 150
102 94
103 100
103 130
104 100
104 101
104 130
104 139
105 99
105 106
105 112
105 121
106 105
106 93
106 92
106 131
107 95
108 94
108 92
108 133
109 101
109 136
110 125
111 100
112 105
113 92
113 127
113 142
114 99
114 128
115 120
116 100
117 95
117 110
118 95
118 123
118 124
118 146
119 96
120 115
121 105
122 99
122 144
123 95
123 118
123 146
124 95
124 118
124 123
124 126
124 129
124 146
125 110
126 98
126 124
127 113
127 142
128 114
128 141
129 98
129 95
129 104
129 124
130 104
130 103
130 135
131 106
132 93
132 134
132 147
133 108
134 132
134 93
134 145
134 147
135 130
136 101
136 109
136 140
137 96
138 93
138 132
138 147
139 104
139 101
140 101
140 136
140 109
141 101
141 128
141 92
142 127
142 113
143 136
143 109
143 101
144 99
144 122
145 94
145 93
145 134
145 132
146 95
146 124
146 123
146 118
147 138
147 134
147 93
147 132
149 94
150 101
151 34
151 85
151 63
155 41
155 62
155 10
155 8
156 52
156 117
156 159
157 158
158 157
158 160
159 156
160 158
