162
421
2 9 0.0555556
2 15 0.2
2 18 0.125
2 20 0.0666667
2 23 0.125
2 47 0.125
3 4 0.1
3 48 0.166667
4 3 0.142857
4 33 0.2
4 35 0.0909091
4 40 0.0666667
5 6 0.0416667
5 11 0.125
5 13 0.166667
6 5 0.0833333
6 2 0.0434783
6 10 0.2
6 14 0.1
6 22 0.0909091
6 27 0.166667
6 45 0.166667
6 54 0.2
6 65 0.2
7 9 0.0555556
7 12 0.166667
7 16 0.0588235
7 28 0.2
7 31 0.5
7 32 0.333333
7 44 0.166667
8 10 0.2
8 41 0.166667
9 7 0.0555556
9 2 0.0434783
9 16 0.0588235
9 23 0.125
9 34 0.2
9 39 0.142857
9 69 0.25
10 8 0.111111
10 6 0.0416667
11 5 0.0833333
11 14 0.1
11 20 0.0666667
11 25 0.125
12 7 0.0555556
12 46 0.0555556
13 5 0.0833333
13 81 0.5
14 6 0.0416667
14 11 0.125
14 5 0.0833333
14 9 0.0555556
14 63 0.125
15 2 0.0434783
15 8 0.111111
15 36 0.25
16 9 0.0555556
16 7 0.0555556
16 24 0.1
16 26 0.1
16 29 0.166667
16 37 0.111111
16 51 0.2
16 80 0.142857
17 5 0.0833333
18 7 0.0555556
18 2 0.0434783
18 74 0.5
19 21 0.166667
19 38 0.111111
19 50 0.2
20 2 0.0434783
20 11 0.125
20 18 0.125
20 25 0.125
20 61 0.111111
20 70 0.5
20 73 0.2
21 19 0.125
21 38 0.111111
22 6 0.0416667
22 45 0.166667
22 54 0.2
22 65 0.2
23 2 0.0434783
23 9 0.0555556
23 42 0.333333
23 49 0.125
24 16 0.0588235
24 26 0.1
24 37 0.111111
24 71 0.25
24 80 0.142857
25 11 0.125
25 20 0.0666667
25 61 0.111111
26 24 0.1
26 16 0.0588235
26 51 0.2
26 80 0.142857
27 6 0.0416667
27 22 0.0909091
27 30 0.5
28 7 0.0555556
28 44 0.166667
29 26 0.1
29 16 0.0588235
29 46 0.0555556
30 27 0.166667
31 7 0.0555556
32 7 0.0555556
33 4 0.1
34 9 0.0555556
34 39 0.142857
35 4 0.1
35 3 0.142857
35 56 0.166667
35 68 0.166667
36 15 0.2
36 64 0.25
37 26 0.1
37 24 0.1
37 16 0.0588235
37 29 0.166667
37 46 0.0555556
38 19 0.125
38 21 0.166667
38 50 0.2
38 89 0.0625
39 9 0.0555556
39 34 0.2
39 69 0.25
40 4 0.1
40 52 0.125
40 57 0.111111
40 58 0.0833333
40 75 0.2
41 8 0.111111
41 155 0.1
42 23 0.125
43 33 0.2
43 40 0.0666667
44 7 0.0555556
44 28 0.2
44 46 0.0555556
45 6 0.0416667
45 22 0.0909091
46 29 0.166667
46 12 0.166667
46 37 0.111111
46 44 0.166667
46 58 0.0833333
46 59 0.333333
46 72 0.333333
46 76 0.5
46 89 0.0625
47 2 0.0434783
47 53 0.2
47 62 0.142857
48 3 0.142857
48 43 0.166667
49 23 0.125
49 42 0.333333
49 55 0.5
49 60 0.5
50 19 0.125
50 38 0.111111
51 16 0.0588235
51 26 0.1
52 40 0.0666667
52 58 0.0833333
53 47 0.125
53 67 0.2
54 6 0.0416667
54 22 0.0909091
54 45 0.166667
55 49 0.125
56 35 0.0909091
57 40 0.0666667
57 52 0.125
57 58 0.0833333
57 66 0.25
57 75 0.2
58 40 0.0666667
58 46 0.0555556
58 52 0.125
58 57 0.111111
59 46 0.0555556
60 49 0.125
61 25 0.125
61 20 0.0666667
61 73 0.2
61 77 0.5
62 47 0.125
62 53 0.2
62 67 0.2
62 155 0.1
63 14 0.1
63 64 0.25
63 151 0.0625
64 36 0.25
64 63 0.125
65 6 0.0416667
65 45 0.166667
65 22 0.0909091
66 52 0.125
66 40 0.0666667
66 57 0.111111
67 47 0.125
67 62 0.142857
67 53 0.2
68 35 0.0909091
68 79 0.5
69 9 0.0555556
69 39 0.142857
70 20 0.0666667
71 24 0.1
71 16 0.0588235
71 51 0.2
72 46 0.0555556
72 59 0.333333
73 61 0.111111
73 20 0.0666667
73 47 0.125
74 18 0.125
75 57 0.111111
75 52 0.125
75 40 0.0666667
76 46 0.0555556
77 61 0.111111
78 7 0.0555556
78 28 0.2
78 32 0.333333
79 68 0.166667
80 16 0.0588235
80 26 0.1
80 37 0.111111
80 24 0.1
81 13 0.166667
83 84 0.5
84 83 0.25
86 88 0.5
88 86 0.25
89 46 0.0555556
89 38 0.111111
89 58 0.0833333
89 90 0.333333
89 91 0.333333
90 89 0.0625
91 89 0.0625
91 90 0.333333
92 93 0.0666667
92 97 0.5
92 101 0.0526316
92 106 0.142857
92 113 0.166667
93 92 0.0666667
93 132 0.125
93 138 0.2
93 147 0.125
94 102 0.5
94 108 0.166667
94 145 0.166667
95 98 0.142857
95 100 0.0666667
95 107 0.25
95 118 0.125
95 123 0.142857
95 124 0.0909091
95 146 0.125
96 119 0.5
96 137 0.5
97 92 0.0666667
98 95 0.05
98 126 0.2
98 129 0.111111
99 94 0.0769231
99 105 0.1
99 114 0.0833333
99 144 0.25
100 95 0.05
100 101 0.0526316
100 103 0.166667
100 104 0.1
100 111 0.5
100 116 0.5
101 92 0.0666667
101 100 0.0666667
101 109 0.166667
101 140 0.2
101 141 0.166667
101 143 0.25
101 150 0.142857
102 94 0.0769231
103 100 0.0666667
103 130 0.125
104 100 0.0666667
104 101 0.0526316
104 130 0.125
104 139 0.2
105 99 0.111111
105 106 0.142857
105 112 0.5
105 121 0.5
106 105 0.1
106 93 0.0666667
106 92 0.0666667
106 131 0.5
107 95 0.05
108 94 0.0769231
108 92 0.0666667
108 133 0.5
109 101 0.0526316
109 136 0.166667
110 125 0.166667
111 100 0.0666667
112 105 0.1
113 92 0.0666667
113 127 0.25
113 142 0.25
114 99 0.111111
114 128 0.25
115 120 0.5
116 100 0.0666667
117 95 0.05
117 110 0.2
118 95 0.05
118 123 0.142857
118 124 0.0909091
118 146 0.125
119 96 0.166667
120 115 0.25
121 105 0.1
122 99 0.111111
122 144 0.25
123 95 0.05
123 118 0.125
123 146 0.125
124 95 0.05
124 118 0.125
124 123 0.142857
124 126 0.2
124 129 0.111111
124 146 0.125
125 110 0.2
126 98 0.142857
126 124 0.0909091
127 113 0.166667
127 142 0.25
128 114 0.0833333
128 141 0.166667
129 98 0.142857
129 95 0.05
129 104 0.1
129 124 0.0909091
130 104 0.1
130 103 0.166667
130 135 0.5
131 106 0.142857
132 93 0.0666667
132 134 0.142857
132 147 0.125
133 108 0.166667
134 132 0.125
134 93 0.0666667
134 145 0.166667
134 147 0.125
135 130 0.125
136 101 0.0526316
136 109 0.166667
136 140 0.2
137 96 0.166667
138 93 0.0666667
138 132 0.125
138 147 0.125
139 104 0.1
139 101 0.0526316
140 101 0.0526316
140 136 0.166667
140 109 0.166667
141 101 0.0526316
141 128 0.25
141 92 0.0666667
142 127 0.25
142 113 0.166667
143 136 0.166667
143 109 0.166667
143 101 0.0526316
144 99 0.111111
144 122 0.333333
145 94 0.0769231
145 93 0.0666667
145 134 0.142857
145 132 0.125
146 95 0.05
146 124 0.0909091
146 123 0.142857
146 118 0.125
147 138 0.2
147 134 0.142857
147 93 0.0666667
147 132 0.125
149 94 0.0769231
150 101 0.0526316
151 34 0.2
151 85 0.2
151 63 0.125
155 41 0.166667
155 62 0.142857
155 10 0.2
155 8 0.111111
156 52 0.125
156 117 0.2
156 159 0.333333
157 158 0.25
158 157 0.25
158 160 0.5
159 156 0.0769231
160 158 0.25
