0
0
0.10195
0.000105
0.000767
0.104204
1
1
0.024589
0.080589
0.201271
0.161833
0.306446
0.01726
0.115247
0.020929
0.082522
0
0.136836
0.001137
1
0.001284
0.15417
0.180504
0.025281
0.156417
0.042864
0.166861
0.250161
0.192687
0.083278
0.500918
0.332775
0.000166
0.018604
8e-05
0.006186
0.12126
0.00708
0.015907
0.007567
0.004084
0.366174
4e-06
0.329034
0.243506
1
0.04017
1.9e-05
1
0.001641
0.025053
0.013513
0.009073
0.22234
0.500301
9e-06
0.010821
0.088161
0.407957
0.499863
0.145479
0.005877
0.014766
0.004819
0.22299
0.002718
0.002835
1.3e-05
0.022742
0.501003
0.006397
0.334134
0.221079
0.068055
0.003594
0.50082
0.072577
0
7e-06
0.02026
0.008543
0
0
0
0.000177
0
0
0
0.063101
0.025946
0.020938
0.098195
0.031354
1
0.050863
0
0.04927
0.007385
0.112522
1
1
0.499309
0.169115
0.102682
1
0.153314
0.012815
0.166822
0.237142
0
0.500082
0.499492
0.016502
0.012879
0
0.500802
0
0.00865
0
0
0.499914
0.009365
0.009664
0.006163
0
0.002674
0.004978
0.044129
0.001397
0.033501
0.076522
0.028568
0.083377
0.027983
0.016658
0.107834
0
0.008247
0.020649
0.21172
0.167453
0.00493
0.251774
0.028004
0.166551
0.008743
0.01122
0
0
0.142429
0.000905
0
0
0
0.000954
0
0
0
0
0
0
