0 1
0 2
1 0
1 6
2 0
2 1
3 4
4 3
6 0
6 1
6 7
6 9
6 13
6 32
6 65
6 75
6 79
7 6
7 8
7 25
8 7
8 11
8 16
8 28
8 43
8 50
8 59
8 68
8 69
8 74
8 101
9 6
9 10
9 11
9 13
9 14
9 35
9 36
9 45
9 48
9 96
9 98
10 9
10 14
11 9
11 8
11 18
11 22
11 30
11 70
11 74
11 78
11 91
12 17
13 9
13 6
13 23
13 26
13 29
13 30
13 33
13 56
13 67
13 72
13 83
14 9
14 10
14 15
15 14
15 19
15 20
15 21
15 63
16 8
16 24
16 39
16 66
17 12
18 11
18 55
18 80
19 15
20 15
20 31
20 34
20 47
20 53
20 76
21 14
21 15
21 31
22 11
23 13
23 37
23 40
23 46
23 108
24 16
25 7
26 13
26 32
26 64
26 66
27 20
27 49
27 61
28 8
28 38
28 51
28 54
28 81
29 13
29 86
30 11
30 13
30 9
30 41
30 92
31 20
31 21
31 42
32 26
32 6
33 13
34 20
35 9
35 48
35 65
35 93
35 98
36 9
36 93
37 23
37 40
37 46
37 108
38 28
38 51
38 104
39 16
39 24
39 94
40 23
40 37
40 52
40 71
41 30
41 92
42 31
43 8
44 30
44 41
45 9
46 37
46 23
46 88
46 107
47 20
48 31
48 9
48 35
48 57
48 95
49 27
50 8
51 38
51 28
51 54
51 81
51 123
52 40
53 20
53 34
54 28
54 51
54 38
55 18
56 13
56 67
56 238
57 48
57 6
57 110
58 10
58 18
59 8
59 74
59 101
60 12
60 13
61 27
61 49
62 58
63 15
64 26
65 6
65 35
66 26
66 16
66 24
66 105
67 29
67 13
67 56
68 8
68 43
68 50
69 8
69 68
69 97
69 123
70 11
71 40
71 52
71 82
71 240
72 13
72 86
73 25
73 16
73 106
74 8
74 11
74 59
74 9
74 22
74 90
75 6
75 79
76 34
76 53
76 20
76 47
77 87
77 99
77 109
78 11
78 70
78 22
78 91
79 75
79 6
80 18
80 55
81 51
81 28
81 38
82 71
83 29
83 13
84 30
84 41
84 72
85 89
86 13
86 72
86 56
86 29
86 102
87 77
87 99
87 109
88 46
89 85
90 74
91 11
91 78
91 36
91 9
92 30
92 41
93 9
93 36
93 45
93 35
94 39
95 48
96 9
96 98
97 69
98 9
98 96
98 35
99 87
99 77
101 59
101 8
101 11
102 86
103 27
104 38
104 51
104 54
104 81
105 66
106 73
107 88
107 46
108 23
108 37
109 87
109 77
110 57
111 95
111 112
111 113
112 111
113 111
113 114
113 115
114 113
115 113
115 117
116 112
117 113
117 115
117 114
118 119
119 118
119 120
120 119
121 119
121 122
122 121
123 69
123 8
123 51
123 124
124 123
125 123
127 128
127 129
127 143
127 151
127 160
127 173
127 223
128 127
128 129
128 130
128 131
128 136
128 147
128 159
128 169
128 176
128 195
128 210
128 219
128 226
128 231
128 235
129 128
129 127
129 140
129 180
129 206
130 128
130 132
130 135
130 139
130 141
130 145
130 152
130 159
130 160
130 170
130 178
130 182
130 183
130 189
130 204
131 128
131 134
131 137
131 158
131 224
132 130
132 185
133 138
133 166
133 168
133 172
133 193
133 203
133 209
134 131
134 128
134 237
135 130
135 139
136 128
136 144
136 148
136 157
136 207
136 220
137 131
137 216
138 133
138 150
138 162
138 166
138 171
139 130
139 135
139 146
139 152
139 159
139 160
139 167
139 170
139 182
139 183
139 189
139 204
140 129
140 142
140 149
140 154
140 155
140 190
140 232
141 130
141 135
141 139
141 146
142 140
142 190
143 127
144 136
144 157
144 197
144 207
144 214
145 130
145 139
145 170
145 234
146 141
146 139
146 156
146 181
146 198
146 215
147 128
147 134
147 165
147 205
148 136
148 144
148 150
148 161
148 194
148 199
149 140
149 145
149 153
149 222
149 232
150 138
150 148
150 197
151 127
152 130
152 135
152 139
152 189
153 149
153 175
153 206
154 140
154 142
154 190
155 154
155 140
155 142
155 232
156 146
157 144
157 136
157 207
157 220
158 137
158 127
158 131
158 177
158 188
159 139
159 128
159 130
159 163
159 212
159 230
159 240
160 152
160 127
160 128
160 130
160 139
160 191
160 219
161 148
161 194
161 199
162 138
162 166
163 159
163 218
165 147
166 162
166 138
166 133
167 152
167 139
167 130
168 133
168 174
168 184
168 192
169 128
170 145
170 130
170 139
171 138
171 187
171 202
172 133
172 227
172 236
173 127
174 168
174 184
174 233
175 153
176 128
176 210
177 158
178 130
179 208
180 129
181 156
181 146
182 167
182 139
182 135
182 130
182 240
183 169
183 139
183 130
183 229
184 168
184 174
184 192
184 233
185 132
187 171
187 202
188 158
189 135
189 130
189 146
189 139
189 152
189 192
189 200
190 154
190 142
190 140
191 160
192 189
192 168
192 184
192 198
193 133
193 225
194 148
194 161
195 128
196 127
196 143
196 157
196 221
197 150
197 136
197 144
198 192
198 146
198 181
199 161
199 148
200 189
202 171
202 187
203 133
204 139
204 130
205 165
205 147
206 129
206 153
207 144
207 136
207 157
207 214
208 179
209 133
209 236
210 128
210 176
210 169
210 231
211 171
211 187
211 202
212 159
213 136
213 144
214 144
214 207
215 146
215 181
216 131
216 137
217 149
218 163
219 160
219 191
219 128
220 144
220 136
220 157
220 207
221 196
222 149
223 173
223 127
224 137
224 177
224 131
224 216
225 193
226 128
226 169
227 133
227 172
228 197
229 183
230 159
231 128
231 210
232 142
232 155
232 140
232 149
233 168
233 184
233 174
234 145
235 226
235 128
235 169
236 133
236 209
236 172
237 134
237 229
238 56
238 223
238 239
239 238
240 71
240 159
240 182
240 241
240 243
240 244
241 240
241 246
242 245
243 240
244 240
245 242
246 242
246 241
247 87
247 133
247 248
248 247
250 251
251 250
253 254
254 253
255 256
255 257
256 255
257 255
257 256
