0.167265
0.229748
0.055792
0
0
0
1
0.306453
1
1
0.122272
1
0
1
0.118992
0.062719
0.078527
0
0.111617
0.020987
1
0.036629
0.323527
0.092093
0.025994
0.043676
0.112503
0
0.101519
0.24614
0.138952
0.125322
0.267992
0.500074
0.337437
0.144765
0.23424
0.016129
0.01811
0.013358
0.024017
0.027125
0.031715
0.380886
0
0.346808
0.01318
0.379161
0.124934
0
0.381323
0.014412
0.047858
0.289077
0.019129
0.045658
0.172996
0.017717
0
0.212167
0
0
0
0.031397
0.056238
0.184874
0.019076
0.223727
0.215182
0.091149
0.375951
0.127009
0.205936
0
0.206603
0.297596
0.200976
0
0.189833
0.297743
0.037277
0.019338
0.063231
0.334363
0
0
0.055144
0
0.005392
0
0.103483
0.190262
0.031376
0.061365
0.006642
0.041894
0.280932
0.045627
0.189194
0
0
0.166332
0.013865
0
0.003633
0.009563
0
0.004471
0.025793
0
0.008985
0
0
0
0
0
0
0
0
0
0
0
0
0.007521
0.001922
0
0
1
1
0.230534
1
0.077669
0.126054
1
0.022026
0.160443
0.063162
0.016735
0.083997
0.140034
1
0.235912
0.152303
0.334299
0.007635
0.109969
1
0.142771
0.006705
0.083602
0.011582
0.500696
0.156552
0.014154
0.217937
0.188277
0.394309
0.009535
0.010186
0.194701
0.163038
0.001639
0.056618
0.03215
0
0.058405
0.153954
0.075594
0.093042
0.280337
0.151503
0.009376
0.131215
0.389165
0.013769
0.007162
0.28423
0.007366
0.500398
0
0.115189
0.274766
0.248669
0.113332
0.017362
0.063037
0
0.001755
0.005129
0.10744
0.212542
0.120484
0.034875
0.200419
0.001968
0.500574
0
0.0032
0.145006
0.001967
0.05379
0
0.001543
0.500263
0.275051
0.047466
0.059678
0.009885
0
0.254694
0.203569
0
0.048755
0
0.004198
0.334328
0.006978
0
0.016022
0.223887
0.01173
0
0.042079
0.253664
0.01299
0.100129
0.297819
0.043597
0
0.039628
0.097283
0.283831
0.171914
0.005899
0.054796
0.250829
0.074435
0.005623
0.013412
0.006713
1
0.125412
0.008436
0.500331
0.501412
0.004219
0.04183
0
0
0
0
0
0
0
0
0
0
0
