0 1
1 0
31 32
31 33
31 36
31 42
2 7
2 14
2 20
2 23
39 37
19 4
20 16
20 8
20 2
40 31
40 33
40 32
40 36
3 4
3 8
3 10
3 17
4 3
4 19
4 21
4 24
32 31
32 40
33 32
33 31
33 36
33 40
33 43
21 4
21 19
21 24
5 3
5 9
5 12
5 26
22 9
42 31
6 7
6 11
23 2
34 35
43 31
43 33
43 44
44 43
35 34
7 6
7 2
8 3
8 2
8 6
8 14
8 16
8 20
24 4
24 21
9 5
9 22
25 15
25 18
36 31
36 33
45 46
46 45
10 3
10 17
11 6
11 13
12 5
26 5
26 12
13 3
13 11
13 5
13 12
14 8
14 2
15 7
15 14
15 18
15 25
37 39
16 8
28 29
17 3
17 10
29 28
18 15
18 25
