51 41
11 6
11 1
11 16
12 14
12 21
27 28
27 32
27 33
27 36
27 38
27 41
27 49
13 18
13 19
52 35
53 29
53 54
53 59
28 27
28 29
28 30
28 41
28 42
28 43
28 56
14 12
14 22
29 28
29 37
29 53
29 55
29 59
30 28
30 43
54 53
54 29
54 59
15 1
16 11
17 2
1 2
1 3
1 5
1 11
1 15
18 13
31 27
31 34
31 41
31 58
32 27
2 1
2 17
55 29
55 53
55 59
56 28
3 2
3 1
3 10
33 27
19 13
20 2
20 23
20 24
21 12
21 14
21 22
21 60
57 50
57 40
34 31
34 32
34 35
34 39
34 45
35 34
35 29
35 52
36 27
36 34
36 48
58 31
58 46
4 3
4 7
37 29
37 38
37 43
22 12
22 21
22 14
38 27
38 37
38 28
59 55
59 54
59 29
59 53
23 20
23 12
39 34
40 50
40 57
41 28
41 31
41 27
41 47
41 51
42 28
42 44
24 20
43 37
43 28
43 30
5 1
5 6
48 36
60 10
60 21
60 3
44 42
25 26
26 25
6 5
6 8
6 11
45 34
46 31
46 58
47 41
7 4
8 6
9 10
10 9
10 3
10 60
49 27
50 40
50 57
