0 3
0 4
0 5
0 12
0 13
0 18
0 24
0 26
0 31
0 44
0 87
0 109
1 0
1 2
1 17
1 27
1 28
1 41
1 43
1 52
1 53
1 58
1 147
2 1
2 27
2 81
2 125
3 0
3 8
3 22
3 23
3 69
3 79
3 104
3 160
3 162
4 0
4 7
4 9
4 180
5 2
5 0
5 6
5 9
5 11
5 25
5 71
5 102
5 165
6 5
6 7
6 23
6 116
6 185
6 197
7 6
7 4
7 32
8 3
8 15
8 23
8 63
8 69
8 104
8 160
8 162
9 4
9 5
9 10
9 34
9 77
9 90
10 9
10 11
10 34
10 46
10 72
10 170
11 10
11 5
11 21
11 71
11 140
12 0
12 2
12 14
12 36
12 93
12 117
12 143
13 0
13 22
13 31
13 84
13 124
14 12
14 7
14 38
14 50
14 95
14 132
15 8
15 3
15 23
15 26
15 69
16 10
16 9
16 19
16 20
16 98
16 99
16 157
17 1
17 53
17 133
17 154
17 181
18 0
18 91
19 16
19 21
19 29
19 47
19 97
20 16
20 48
20 72
20 167
21 4
21 11
21 19
21 39
21 56
22 8
22 13
22 3
22 124
22 158
22 177
22 181
23 3
23 6
23 8
23 15
24 0
24 42
24 55
24 74
24 114
24 117
25 5
25 10
25 64
25 96
25 108
25 123
25 126
25 168
25 173
26 0
26 15
26 30
26 36
26 82
26 117
26 134
26 161
27 2
27 1
27 102
27 196
28 1
28 115
28 166
29 19
29 65
29 66
29 141
30 26
30 60
30 131
30 179
31 13
31 0
31 27
31 2
31 37
31 62
31 112
31 143
32 7
33 2
33 25
33 6
33 75
33 121
34 10
34 9
34 72
35 4
36 12
36 26
36 44
36 83
36 119
37 31
37 92
38 14
38 45
38 48
39 21
39 40
39 70
40 39
40 49
41 2
41 1
42 24
42 55
42 74
43 1
43 58
43 61
43 73
43 139
43 154
44 0
44 36
44 87
44 88
44 138
44 187
45 38
45 150
46 10
46 34
46 72
46 170
47 19
47 51
48 20
48 38
49 40
49 51
49 118
50 14
50 95
51 19
51 47
51 49
51 67
51 169
52 1
53 17
53 1
53 54
53 58
53 59
54 53
54 89
55 24
55 42
55 80
56 21
56 57
56 63
56 86
56 107
56 183
57 56
57 63
57 107
57 183
58 43
58 1
58 53
58 59
58 76
59 53
59 55
59 58
59 103
60 30
60 131
60 179
60 189
61 41
61 43
61 101
62 4
62 31
63 8
63 3
63 56
63 57
63 135
64 25
65 29
65 66
65 141
66 65
66 29
66 85
66 99
66 106
66 141
67 51
67 48
67 188
68 28
68 55
68 130
68 195
69 8
69 3
69 15
69 79
70 39
70 136
71 11
71 5
71 78
71 129
71 159
72 46
72 10
72 34
72 20
72 113
72 164
73 61
73 43
73 100
73 175
74 24
74 42
75 33
75 121
76 58
77 10
77 34
77 9
77 90
77 193
78 71
78 129
79 3
79 69
79 0
79 149
79 152
79 155
79 191
80 55
80 94
81 2
81 125
82 26
82 134
83 36
83 30
83 44
83 145
84 13
84 184
85 66
85 29
85 88
85 99
85 137
86 56
86 142
87 0
87 30
87 44
87 122
87 155
87 172
87 190
88 44
88 85
89 54
90 9
90 33
90 77
90 10
90 105
90 116
90 128
90 193
91 18
92 37
92 62
92 83
92 14
92 156
93 12
94 55
94 80
95 50
95 14
95 110
95 184
96 25
96 108
96 126
96 168
96 173
97 19
97 47
97 146
98 16
99 66
99 16
99 67
99 85
100 73
101 61
101 73
102 27
102 5
102 151
102 176
103 59
103 130
104 3
104 8
104 69
105 90
105 128
105 193
106 66
106 29
107 56
107 57
107 183
108 96
108 25
108 126
109 0
109 148
110 13
110 95
110 111
110 143
110 144
111 110
112 31
113 72
114 24
114 79
114 120
114 194
115 28
116 6
116 90
116 5
116 174
116 178
117 26
117 12
117 24
118 49
118 156
119 36
120 114
120 194
121 33
121 75
121 192
122 87
122 86
122 88
122 127
123 25
123 182
124 13
124 22
124 159
124 163
125 81
125 2
125 33
126 96
126 123
126 25
126 108
127 122
128 90
128 105
129 71
129 78
130 103
130 68
130 55
131 30
131 60
132 14
132 110
132 150
133 17
134 26
134 82
134 161
135 63
136 70
136 39
137 85
138 44
139 43
140 11
141 66
141 29
141 65
142 86
143 110
143 31
143 12
144 110
145 83
146 47
146 19
146 97
147 1
147 102
147 153
148 109
148 0
149 79
149 191
150 48
150 45
150 132
150 129
151 102
151 176
152 79
153 41
153 147
154 17
154 111
154 68
154 58
154 43
155 86
155 79
155 87
155 186
156 118
156 92
157 16
158 3
158 22
158 71
159 158
159 124
159 71
160 104
160 3
160 114
160 8
160 171
161 134
161 26
162 8
162 3
162 69
163 124
164 72
165 5
166 28
167 20
168 25
168 96
169 51
170 10
170 9
170 46
171 160
172 87
172 190
173 25
173 96
173 123
173 126
173 108
174 116
174 178
175 73
176 151
176 102
177 22
178 116
178 174
179 30
179 60
179 131
179 189
180 4
180 35
180 156
181 22
181 17
182 25
182 123
182 126
183 56
183 57
183 107
184 22
184 84
184 177
184 95
185 6
185 197
186 155
187 44
188 67
189 179
189 60
189 131
189 30
190 87
190 172
191 79
191 149
192 125
192 7
192 33
192 64
192 121
193 90
193 105
193 77
194 114
194 120
195 68
196 27
197 6
197 185
