1
1
0.202609
0.101075
0.136907
0.128353
0.037923
0.143425
0.018434
0.17101
0.260506
0.040762
0.161841
0.178843
1
0.019456
1
0.113914
0.250992
0.084984
0.239953
0.011577
0.026649
0.021368
0.087411
1
0.068196
0.230514
0.143805
0.012635
0.015376
1
0.071696
0.104489
0.204254
0.017192
0.031333
0.25104
0.174786
0.001791
0.000758
0.241732
0.016719
0.181026
0.085368
0.051717
0.179244
0.017498
0.076199
0.00141
0.275775
0.004707
0.501201
0.121454
0.030096
0.014275
0.002914
0.000778
0.118385
0.033266
0.002534
0.190112
0.257305
0.002353
0.334649
0.004873
0.014582
0.024323
0.006089
0.113889
0.000427
0.017112
1
1
0.024389
0.024076
0.059358
0.164586
0.006845
1
0.003501
0.057637
0.019647
0.009517
0.050842
0.019465
0.028098
0.091976
0.023469
0.015234
1
0.125958
0.036904
0.080886
0.001195
0.158798
0.163105
0.017104
0.49959
0.14314
0.499624
0.063654
0.060655
0.008653
0.021225
0.22689
0.004904
0.000677
0.195502
0.250924
0.0554
0.031674
0.499709
0.500183
0.012762
0.071835
0.115088
0.051068
0.003754
0.015612
0.003867
0.020353
0.015325
0.209899
0.025527
0.041824
0.163299
0.007697
0.28719
0.012058
0.002846
0.003294
0.201579
0.056715
0.015408
0.001184
0.00013
0.009649
0.04266
0.090945
0.020529
0.0049
0.014133
0.19377
0.027566
0.00475
0.004281
0.200747
0.083573
0.29776
0.040557
0.017543
0.500289
0.067123
0.041049
0.153462
0.013972
0.500236
0.005878
0.008357
0.014691
0.013246
0.023398
0.012841
0.500032
0.064283
0.071756
0.119907
0.277682
0.002355
0.083989
0.007294
0.027516
0.160503
0.034315
0.500504
0.014613
0.019482
0.034305
0.002481
0.034352
0.034518
0.052308
0.000663
0.033485
0.011161
0.076817
0.042785
0.012355
0.000821
0.027424
0.298015
0.003384
0.214551
0.003819
0.003052
0.0579
0.011246
