198
641
0 3 0.047619
0 4 0.0909091
0 5 0.0555556
0 12 0.0769231
0 13 0.0909091
0 18 0.25
0 24 0.0833333
0 26 0.0625
0 31 0.0714286
0 44 0.0769231
0 87 0.0769231
0 109 0.25
1 0 0.030303
1 2 0.0769231
1 17 0.1
1 27 0.111111
1 28 0.142857
1 41 0.2
1 43 0.0833333
1 52 0.5
1 53 0.1
1 58 0.0909091
1 147 0.2
2 1 0.047619
2 27 0.111111
2 81 0.25
2 125 0.166667
3 0 0.030303
3 8 0.0588235
3 22 0.0714286
3 23 0.125
3 69 0.1
3 79 0.0714286
3 104 0.166667
3 160 0.125
3 162 0.2
4 0 0.030303
4 7 0.125
4 9 0.0625
4 180 0.25
5 2 0.0769231
5 0 0.030303
5 6 0.0769231
5 9 0.0625
5 11 0.1
5 25 0.0526316
5 71 0.0909091
5 102 0.111111
5 165 0.5
6 5 0.0555556
6 7 0.125
6 23 0.125
6 116 0.111111
6 185 0.25
6 197 0.25
7 6 0.0769231
7 4 0.0909091
7 32 0.5
8 3 0.047619
8 15 0.0909091
8 23 0.125
8 63 0.111111
8 69 0.1
8 104 0.166667
8 160 0.125
8 162 0.2
9 4 0.0909091
9 5 0.0555556
9 10 0.0625
9 34 0.125
9 77 0.125
9 90 0.0714286
10 9 0.0625
10 11 0.1
10 34 0.125
10 46 0.142857
10 72 0.0833333
10 170 0.2
11 10 0.0625
11 5 0.0555556
11 21 0.0909091
11 71 0.0909091
11 140 0.5
12 0 0.030303
12 2 0.0769231
12 14 0.0833333
12 36 0.1
12 93 0.5
12 117 0.166667
12 143 0.166667
13 0 0.030303
13 22 0.0714286
13 31 0.0714286
13 84 0.25
13 124 0.125
14 12 0.0769231
14 7 0.125
14 38 0.166667
14 50 0.25
14 95 0.125
14 132 0.2
15 8 0.0588235
15 3 0.047619
15 23 0.125
15 26 0.0625
15 69 0.1
16 10 0.0625
16 9 0.0625
16 19 0.0833333
16 20 0.125
16 98 0.5
16 99 0.142857
16 157 0.5
17 1 0.047619
17 53 0.1
17 133 0.5
17 154 0.142857
17 181 0.25
18 0 0.030303
18 91 0.5
19 16 0.0833333
19 21 0.0909091
19 29 0.1
19 47 0.166667
19 97 0.2
20 16 0.0833333
20 48 0.166667
20 72 0.0833333
20 167 0.5
21 4 0.0909091
21 11 0.1
21 19 0.0833333
21 39 0.142857
21 56 0.0714286
22 8 0.0588235
22 13 0.0909091
22 3 0.047619
22 124 0.125
22 158 0.166667
22 177 0.333333
22 181 0.25
23 3 0.047619
23 6 0.0769231
23 8 0.0588235
23 15 0.0909091
24 0 0.030303
24 42 0.142857
24 55 0.1
24 74 0.25
24 114 0.125
24 117 0.166667
25 5 0.0555556
25 10 0.0625
25 64 0.333333
25 96 0.1
25 108 0.142857
25 123 0.166667
25 126 0.111111
25 168 0.25
25 173 0.142857
26 0 0.030303
26 15 0.0909091
26 30 0.0909091
26 36 0.1
26 82 0.25
26 117 0.166667
26 134 0.166667
26 161 0.166667
27 2 0.0769231
27 1 0.047619
27 102 0.111111
27 196 0.25
28 1 0.047619
28 115 0.5
28 166 0.5
29 19 0.0833333
29 65 0.166667
29 66 0.0833333
29 141 0.166667
30 26 0.0625
30 60 0.125
30 131 0.166667
30 179 0.142857
31 13 0.0909091
31 0 0.030303
31 27 0.111111
31 2 0.0769231
31 37 0.25
31 62 0.25
31 112 0.5
31 143 0.166667
32 7 0.125
33 2 0.0769231
33 25 0.0526316
33 6 0.0769231
33 75 0.2
33 121 0.166667
34 10 0.0625
34 9 0.0625
34 72 0.0833333
35 4 0.0909091
36 12 0.0769231
36 26 0.0625
36 44 0.0769231
36 83 0.142857
36 119 0.5
37 31 0.0714286
37 92 0.142857
38 14 0.0833333
38 45 0.25
38 48 0.166667
39 21 0.0909091
39 40 0.25
39 70 0.25
40 39 0.142857
40 49 0.166667
41 2 0.0769231
41 1 0.047619
42 24 0.0833333
42 55 0.1
42 74 0.25
43 1 0.047619
43 58 0.0909091
43 61 0.166667
43 73 0.125
43 139 0.5
43 154 0.142857
44 0 0.030303
44 36 0.1
44 87 0.0769231
44 88 0.2
44 138 0.5
44 187 0.5
45 38 0.166667
45 150 0.166667
46 10 0.0625
46 34 0.125
46 72 0.0833333
46 170 0.2
47 19 0.0833333
47 51 0.111111
48 20 0.125
48 38 0.166667
49 40 0.25
49 51 0.111111
49 118 0.25
50 14 0.0833333
50 95 0.125
51 19 0.0833333
51 47 0.166667
51 49 0.166667
51 67 0.166667
51 169 0.5
52 1 0.047619
53 17 0.1
53 1 0.047619
53 54 0.25
53 58 0.0909091
53 59 0.142857
54 53 0.1
54 89 0.5
55 24 0.0833333
55 42 0.142857
55 80 0.25
56 21 0.0909091
56 57 0.125
56 63 0.111111
56 86 0.166667
56 107 0.166667
56 183 0.166667
57 56 0.0714286
57 63 0.111111
57 107 0.166667
57 183 0.166667
58 43 0.0833333
58 1 0.047619
58 53 0.1
58 59 0.142857
58 76 0.5
59 53 0.1
59 55 0.1
59 58 0.0909091
59 103 0.25
60 30 0.0909091
60 131 0.166667
60 179 0.142857
60 189 0.166667
61 41 0.2
61 43 0.0833333
61 101 0.333333
62 4 0.0909091
62 31 0.0714286
63 8 0.0588235
63 3 0.047619
63 56 0.0714286
63 57 0.125
63 135 0.5
64 25 0.0526316
65 29 0.1
65 66 0.0833333
65 141 0.166667
66 65 0.166667
66 29 0.1
66 85 0.111111
66 99 0.142857
66 106 0.333333
66 141 0.166667
67 51 0.111111
67 48 0.166667
67 188 0.5
68 28 0.142857
68 55 0.1
68 130 0.2
68 195 0.5
69 8 0.0588235
69 3 0.047619
69 15 0.0909091
69 79 0.0714286
70 39 0.142857
70 136 0.333333
71 11 0.1
71 5 0.0555556
71 78 0.25
71 129 0.2
71 159 0.2
72 46 0.142857
72 10 0.0625
72 34 0.125
72 20 0.125
72 113 0.5
72 164 0.5
73 61 0.166667
73 43 0.0833333
73 100 0.5
73 175 0.5
74 24 0.0833333
74 42 0.142857
75 33 0.1
75 121 0.166667
76 58 0.0909091
77 10 0.0625
77 34 0.125
77 9 0.0625
77 90 0.0714286
77 193 0.166667
78 71 0.0909091
78 129 0.2
79 3 0.047619
79 69 0.1
79 0 0.030303
79 149 0.25
79 152 0.5
79 155 0.142857
79 191 0.25
80 55 0.1
80 94 0.333333
81 2 0.0769231
81 125 0.166667
82 26 0.0625
82 134 0.166667
83 36 0.1
83 30 0.0909091
83 44 0.0769231
83 145 0.5
84 13 0.0909091
84 184 0.166667
85 66 0.0833333
85 29 0.1
85 88 0.2
85 99 0.142857
85 137 0.5
86 56 0.0714286
86 142 0.5
87 0 0.030303
87 30 0.0909091
87 44 0.0769231
87 122 0.166667
87 155 0.142857
87 172 0.25
87 190 0.25
88 44 0.0769231
88 85 0.111111
89 54 0.25
90 9 0.0625
90 33 0.1
90 77 0.125
90 10 0.0625
90 105 0.166667
90 116 0.111111
90 128 0.25
90 193 0.166667
91 18 0.25
92 37 0.25
92 62 0.25
92 83 0.142857
92 14 0.0833333
92 156 0.2
93 12 0.0769231
94 55 0.1
94 80 0.25
95 50 0.25
95 14 0.0833333
95 110 0.1
95 184 0.166667
96 25 0.0526316
96 108 0.142857
96 126 0.111111
96 168 0.25
96 173 0.142857
97 19 0.0833333
97 47 0.166667
97 146 0.25
98 16 0.0833333
99 66 0.0833333
99 16 0.0833333
99 67 0.166667
99 85 0.111111
100 73 0.125
101 61 0.166667
101 73 0.125
102 27 0.111111
102 5 0.0555556
102 151 0.25
102 176 0.2
103 59 0.142857
103 130 0.2
104 3 0.047619
104 8 0.0588235
104 69 0.1
105 90 0.0714286
105 128 0.25
105 193 0.166667
106 66 0.0833333
106 29 0.1
107 56 0.0714286
107 57 0.125
107 183 0.166667
108 96 0.1
108 25 0.0526316
108 126 0.111111
109 0 0.030303
109 148 0.333333
110 13 0.0909091
110 95 0.125
110 111 0.333333
110 143 0.166667
110 144 0.5
111 110 0.1
112 31 0.0714286
113 72 0.0833333
114 24 0.0833333
114 79 0.0714286
114 120 0.25
114 194 0.25
115 28 0.142857
116 6 0.0769231
116 90 0.0714286
116 5 0.0555556
116 174 0.25
116 178 0.25
117 26 0.0625
117 12 0.0769231
117 24 0.0833333
118 49 0.166667
118 156 0.2
119 36 0.1
120 114 0.125
120 194 0.25
121 33 0.1
121 75 0.2
121 192 0.166667
122 87 0.0769231
122 86 0.166667
122 88 0.2
122 127 0.5
123 25 0.0526316
123 182 0.25
124 13 0.0909091
124 22 0.0714286
124 159 0.2
124 163 0.5
125 81 0.25
125 2 0.0769231
125 33 0.1
126 96 0.1
126 123 0.166667
126 25 0.0526316
126 108 0.142857
127 122 0.166667
128 90 0.0714286
128 105 0.166667
129 71 0.0909091
129 78 0.25
130 103 0.25
130 68 0.142857
130 55 0.1
131 30 0.0909091
131 60 0.125
132 14 0.0833333
132 110 0.1
132 150 0.166667
133 17 0.1
134 26 0.0625
134 82 0.25
134 161 0.166667
135 63 0.111111
136 70 0.25
136 39 0.142857
137 85 0.111111
138 44 0.0769231
139 43 0.0833333
140 11 0.1
141 66 0.0833333
141 29 0.1
141 65 0.166667
142 86 0.166667
143 110 0.1
143 31 0.0714286
143 12 0.0769231
144 110 0.1
145 83 0.142857
146 47 0.166667
146 19 0.0833333
146 97 0.2
147 1 0.047619
147 102 0.111111
147 153 0.333333
148 109 0.25
148 0 0.030303
149 79 0.0714286
149 191 0.25
150 48 0.166667
150 45 0.25
150 132 0.2
150 129 0.2
151 102 0.111111
151 176 0.2
152 79 0.0714286
153 41 0.2
153 147 0.2
154 17 0.1
154 111 0.333333
154 68 0.142857
154 58 0.0909091
154 43 0.0833333
155 86 0.166667
155 79 0.0714286
155 87 0.0769231
155 186 0.5
156 118 0.25
156 92 0.142857
157 16 0.0833333
158 3 0.047619
158 22 0.0714286
158 71 0.0909091
159 158 0.166667
159 124 0.125
159 71 0.0909091
160 104 0.166667
160 3 0.047619
160 114 0.125
160 8 0.0588235
160 171 0.5
161 134 0.166667
161 26 0.0625
162 8 0.0588235
162 3 0.047619
162 69 0.1
163 124 0.125
164 72 0.0833333
165 5 0.0555556
166 28 0.142857
167 20 0.125
168 25 0.0526316
168 96 0.1
169 51 0.111111
170 10 0.0625
170 9 0.0625
170 46 0.142857
171 160 0.125
172 87 0.0769231
172 190 0.25
173 25 0.0526316
173 96 0.1
173 123 0.166667
173 126 0.111111
173 108 0.142857
174 116 0.111111
174 178 0.25
175 73 0.125
176 151 0.25
176 102 0.111111
177 22 0.0714286
178 116 0.111111
178 174 0.25
179 30 0.0909091
179 60 0.125
179 131 0.166667
179 189 0.166667
180 4 0.0909091
180 35 0.5
180 156 0.2
181 22 0.0714286
181 17 0.1
182 25 0.0526316
182 123 0.166667
182 126 0.111111
183 56 0.0714286
183 57 0.125
183 107 0.166667
184 22 0.0714286
184 84 0.25
184 177 0.333333
184 95 0.125
185 6 0.0769231
185 197 0.25
186 155 0.142857
187 44 0.0769231
188 67 0.166667
189 179 0.142857
189 60 0.125
189 131 0.166667
189 30 0.0909091
190 87 0.0769231
190 172 0.25
191 79 0.0714286
191 149 0.25
192 125 0.166667
192 7 0.125
192 33 0.1
192 64 0.333333
192 121 0.166667
193 90 0.0714286
193 105 0.166667
193 77 0.125
194 114 0.125
194 120 0.25
195 68 0.142857
196 27 0.111111
197 6 0.0769231
197 185 0.25
