51 43
51 55
52 44
52 39
53 43
2 3
2 8
2 15
2 19
26 20
3 2
3 7
54 59
54 60
4 5
4 20
4 22
4 25
5 3
5 4
5 6
5 35
27 16
55 51
6 5
6 9
6 25
7 3
56 44
56 42
56 40
56 58
39 41
39 43
39 46
39 47
39 48
39 52
39 58
8 2
8 10
8 11
8 21
8 35
28 17
57 41
40 42
40 44
40 56
9 6
9 13
9 25
41 39
41 57
29 13
29 25
29 14
42 40
42 44
42 56
10 8
30 13
11 6
11 8
11 12
11 13
11 21
11 23
31 18
32 24
32 20
43 39
43 51
43 53
58 56
58 39
59 54
59 60
12 11
13 9
13 11
13 6
13 14
13 29
13 30
60 59
60 54
33 34
14 13
14 16
14 24
15 2
44 42
44 40
44 45
44 50
44 52
16 14
16 24
16 27
34 33
45 44
35 5
35 8
17 18
17 28
18 17
18 31
46 39
19 2
47 39
20 4
20 26
21 11
21 8
21 10
22 4
23 11
36 37
48 39
37 36
49 45
49 44
49 50
50 44
50 45
50 49
24 16
24 14
24 32
25 4
25 6
25 9
25 29
