0 2
0 3
0 7
1 0
2 0
2 7
3 0
4 5
4 6
5 4
5 148
6 4
6 147
7 2
7 0
7 8
7 9
7 10
7 11
7 12
7 13
7 14
7 15
7 17
7 18
7 21
7 34
7 62
7 85
7 102
8 7
8 22
8 52
8 90
8 148
9 7
9 96
9 102
10 7
10 72
11 7
11 21
11 62
11 102
12 7
12 17
12 18
12 62
13 7
13 11
13 20
13 23
13 24
13 26
13 28
13 29
13 35
13 43
13 53
13 94
13 103
14 9
14 11
14 7
14 40
14 121
15 7
15 16
15 30
15 117
16 15
16 93
16 97
16 101
16 119
17 7
17 12
17 11
17 96
18 7
18 12
18 33
18 50
18 71
19 8
19 45
19 51
19 108
20 13
20 22
20 25
20 27
20 36
20 63
20 68
20 74
20 76
20 257
21 11
21 7
21 46
21 79
21 92
21 110
22 8
22 20
23 13
23 41
23 61
23 103
24 23
24 13
24 20
24 32
24 35
24 81
25 20
25 67
26 7
26 13
26 21
26 31
26 47
26 64
26 70
26 111
27 20
27 33
28 13
28 23
28 29
29 13
29 28
29 54
29 84
30 15
31 26
32 24
33 27
33 25
33 18
33 37
34 7
34 65
34 86
34 91
35 13
35 24
35 28
35 38
35 52
36 20
36 25
36 42
36 44
36 56
36 59
36 66
36 87
37 33
37 78
38 35
38 267
39 18
39 106
39 123
40 16
40 14
40 82
40 98
41 35
41 23
41 26
41 45
42 36
42 56
42 59
43 13
43 23
43 53
43 147
44 34
44 36
44 42
44 57
44 107
44 124
45 41
45 19
45 38
46 21
46 48
46 79
46 92
47 26
47 88
47 105
47 111
48 21
48 46
48 55
48 114
49 19
50 18
50 37
50 33
50 60
50 109
51 19
52 8
52 35
52 81
53 43
53 23
53 13
53 61
53 94
54 29
54 75
55 48
56 36
56 42
56 59
56 66
56 87
57 44
57 73
58 12
58 11
58 17
58 85
58 96
59 42
59 36
59 56
60 50
60 80
61 53
61 23
61 36
61 28
62 7
62 12
62 11
62 85
63 20
64 26
65 34
65 86
66 42
66 56
66 36
66 74
67 25
68 20
68 77
68 83
69 39
70 26
71 37
71 27
71 18
71 106
72 10
73 57
74 20
74 66
74 257
75 54
76 20
77 68
77 83
77 148
78 37
78 33
79 21
79 46
79 92
79 110
79 112
80 60
80 89
81 24
81 52
82 40
83 68
83 77
83 116
84 29
85 11
85 7
85 62
85 58
85 95
85 100
85 104
86 34
86 65
86 91
86 93
87 56
87 36
88 26
88 47
88 64
88 105
89 80
89 93
90 8
91 34
91 86
91 120
91 122
92 46
92 79
92 21
92 112
93 16
93 86
93 89
93 80
94 13
94 53
95 85
96 7
96 17
96 58
96 9
97 16
97 101
98 82
98 40
99 74
100 85
101 16
101 97
102 11
102 9
102 7
103 13
103 23
103 94
104 85
105 26
105 47
105 88
105 111
106 39
106 71
107 44
108 19
109 50
110 79
110 21
111 47
111 26
111 105
112 79
112 57
112 92
113 23
113 24
113 53
113 13
113 118
114 48
114 55
115 15
115 48
116 83
117 15
117 30
118 113
119 16
119 101
120 91
121 14
122 91
123 39
124 71
124 21
124 44
124 125
124 126
125 124
125 127
125 254
126 124
126 128
126 129
126 132
127 125
128 126
128 129
128 131
128 132
129 126
129 128
129 131
129 132
130 126
131 128
131 129
131 257
132 129
132 128
132 126
133 136
133 141
134 135
134 139
134 144
135 134
135 140
136 133
137 138
138 137
139 134
140 135
140 143
141 133
143 140
144 139
144 134
146 145
147 92
147 6
147 43
147 110
148 77
148 5
148 8
148 150
149 152
149 155
149 156
149 158
149 169
149 182
149 188
149 197
149 206
149 216
149 247
150 148
150 157
150 180
150 186
150 204
150 222
150 229
150 232
150 257
151 154
151 170
151 181
151 201
151 253
152 149
152 179
153 160
154 151
154 167
154 170
154 201
154 224
154 253
155 149
155 175
155 196
155 199
155 218
155 221
156 149
156 173
156 184
156 185
156 191
156 202
156 213
157 150
157 168
157 180
157 186
157 222
158 155
158 149
158 163
158 166
158 172
158 206
159 155
159 162
159 165
159 210
159 239
160 153
160 211
161 178
161 198
161 211
161 227
161 248
162 159
162 189
162 225
163 158
163 206
164 187
164 192
164 209
164 254
165 159
165 251
166 155
166 158
167 154
167 151
167 170
168 150
168 157
168 232
169 149
169 195
169 197
169 223
170 151
170 154
170 167
170 253
172 158
173 156
174 161
174 183
174 207
174 219
174 246
175 155
175 164
175 176
175 177
175 190
175 203
175 215
176 175
176 177
176 190
176 215
176 245
177 176
177 175
177 171
177 220
177 237
178 161
178 200
178 227
179 152
180 150
180 157
180 212
181 151
181 167
181 154
181 226
181 250
182 149
182 194
182 228
183 174
184 156
184 185
184 191
184 213
185 184
185 156
185 191
186 150
186 157
186 236
186 242
187 164
187 209
188 149
188 169
188 205
188 208
189 162
189 180
189 249
190 176
190 175
190 203
190 241
191 185
191 184
191 156
191 202
191 213
192 163
192 190
192 164
194 182
194 228
194 243
195 149
195 169
195 216
196 155
197 149
197 169
197 195
197 216
198 161
199 155
199 218
200 178
200 176
200 190
200 231
200 252
201 151
201 154
201 170
201 233
201 253
202 156
202 191
202 184
203 190
203 175
203 176
203 245
204 150
205 188
206 149
206 163
206 158
206 207
207 190
207 174
207 206
208 188
209 187
209 164
210 155
210 166
210 159
210 234
210 238
211 206
211 160
211 161
211 240
212 180
213 156
213 184
213 191
213 214
213 217
214 213
214 217
215 190
215 203
215 176
215 175
216 195
216 169
216 197
216 149
217 213
217 214
218 155
218 199
219 174
220 177
221 199
221 155
222 150
222 157
223 169
223 149
224 154
224 170
224 151
225 162
225 158
226 181
227 161
227 178
227 230
228 194
228 182
229 168
229 157
229 150
230 178
230 161
230 227
231 200
231 252
232 150
232 168
232 157
233 170
233 151
233 201
234 210
235 199
235 164
235 221
235 196
235 209
235 244
236 186
237 177
237 220
238 210
239 159
240 211
240 216
241 176
241 175
241 190
242 186
242 236
243 216
243 194
244 235
245 203
245 190
245 176
246 183
246 174
247 149
248 227
248 161
249 189
250 226
250 181
251 165
252 200
252 231
253 201
253 151
253 233
253 170
253 154
254 151
254 164
254 125
254 255
255 254
255 256
256 255
257 150
257 68
257 20
257 74
257 131
257 258
257 259
257 260
258 257
258 261
259 257
259 262
260 257
260 262
260 264
261 258
262 260
262 259
262 263
262 264
263 262
263 265
263 266
264 260
264 262
265 263
266 263
267 38
267 262
267 54
267 13
267 268
268 267
269 270
270 269
271 272
272 271
274 275
275 274
275 276
275 277
276 275
276 274
276 277
277 275
277 276
