0.111148
0
0.267866
0.055211
0.002047
0.008345
0.004318
1
0.10056
0.180205
0.250885
0.221961
0.139487
1
0.0766
0.160787
1
0.129785
0.087927
0.000177
1
0.117691
0.26644
0.114174
0.099692
0.126287
1
0.146046
0.170587
0.10443
0.065699
0.501419
0.049965
0.020529
0.148763
0.112636
0.119968
0.005624
0.02312
0.000605
0.010923
0.019
0.145574
0.157662
1
0.002071
0.018225
0.146445
0.001839
0
0.01028
4.1e-05
0.037693
0.136028
0.017806
0.00077
0.035939
0.201507
0.14752
0.046834
0.005786
0.030629
0.267374
0.501819
0.341672
0.022529
0.043082
0.063118
0.112991
0
0.501337
0.019967
0.125272
0.067179
0.159498
0.008939
0.250277
0.03156
0.001925
0.017346
0.025156
0.0222
0.004494
0.019859
0.052377
1
0.035828
0.037019
0.03141
0.040135
0.05019
0.02258
0.018056
0.145132
0.2534
0.500745
0.061922
0.298426
0.003585
0
0.500377
0.292099
0.217475
0.216315
0.5
0.048624
0.004963
0.50039
8.4e-05
0.005172
0.02921
0.186215
0.004911
0
0.000623
0
0.009887
0.053639
0
0.333379
0.011383
0.038429
0.011234
0.000317
0.091077
0.01299
0.006852
0.006526
0.002335
0.002304
0
0.015397
0.00183
0
0
0
0
0
0
0
0
0
0
0
0
0
0
0.015964
0.065566
1
1
0.000699
0.166342
0.003485
6e-05
0.170836
0.062776
0.116355
0.079428
0.077101
0.023763
1
0.012785
0.035923
0.110126
0.012986
0.212235
3.8e-05
0.081709
0.143386
7.8e-05
0.200355
0.026419
0.015828
1
0.090943
0.082439
1
0.170425
0.055328
0.122678
6.8e-05
0.125667
0.313755
0.010993
0.012978
0.110555
0.077568
0.14247
0.002599
0.02964
0.009985
0.027442
0
0.019323
0.070144
0.367769
0.172466
0.499288
0.230697
0.01571
7.8e-05
0.014113
0.016108
0.499696
0.071549
0.149455
0.1852
0.047532
0.218145
1
0.14233
0.061349
0.008107
0.002403
0.028283
0.135211
0.002366
0.094879
0.500709
0.408672
0.281076
0.156459
0.047946
1.8e-05
0.004253
2.5e-05
0.200347
0.034482
0.250339
0.050273
0.004667
0.149291
4.1e-05
0.501159
1
0.04482
0.334144
0.500588
0.038507
0.028404
0.007593
0.036771
0.006606
0.500874
0.019117
0.334158
0.500907
0.33337
0.001275
2.1e-05
0.003245
0.004698
0.000105
0.013809
0.003522
0.001739
0.121553
0.030258
0.024732
0.015451
0.015248
0.004008
0.000497
0.003186
0.000222
0.000229
0.002533
0.001296
0
0
0
0
0
0
0
0
0
