43 40
44 37
19 12
32 34
32 41
32 42
32 49
46 33
0 3
0 18
1 4
1 5
2 6
2 8
2 11
2 16
2 30
3 0
3 21
20 9
21 3
22 14
33 39
33 40
33 46
23 17
23 12
23 14
23 24
34 32
34 38
34 47
34 51
47 34
47 45
47 38
47 50
47 52
47 54
24 23
48 42
4 1
4 12
4 27
25 14
49 32
5 1
5 6
5 12
5 26
35 36
35 53
50 47
50 49
50 41
51 38
51 34
51 32
51 55
6 2
6 5
6 10
52 47
7 2
7 14
8 2
8 17
36 35
36 37
9 12
9 20
26 5
37 36
37 44
38 34
38 51
27 4
27 13
28 19
28 12
10 6
11 2
11 16
11 30
53 35
54 53
54 47
54 51
54 52
55 51
55 43
29 13
12 4
12 5
12 9
12 19
12 23
12 28
30 2
30 11
57 58
57 59
13 27
13 29
14 7
14 23
14 25
14 31
31 14
31 25
39 33
58 57
40 33
40 43
15 0
15 7
59 57
16 2
16 11
41 32
41 34
42 32
42 48
17 8
18 0
