0 1
0 3
1 0
1 2
2 1
2 4
2 5
3 0
4 2
5 4
5 2
5 6
5 7
5 9
6 5
6 8
7 5
8 6
9 5
9 10
9 14
9 18
9 20
9 29
9 36
9 57
9 83
9 91
9 104
10 9
10 13
10 15
10 31
10 34
10 44
10 49
10 58
10 69
10 70
11 17
11 25
11 26
11 42
11 87
11 110
12 19
12 40
12 50
12 61
12 78
12 81
12 93
12 117
12 124
13 10
13 21
13 32
13 62
13 69
14 9
14 24
14 25
14 36
14 37
14 38
15 10
15 13
15 16
15 22
15 74
15 99
15 144
16 15
16 27
16 86
16 122
17 11
17 38
17 119
18 9
18 23
18 30
18 34
18 59
18 67
19 12
19 40
19 50
19 53
19 61
19 81
19 93
19 103
20 9
20 43
20 54
20 83
20 91
21 13
21 56
21 77
22 15
22 74
22 229
23 18
24 14
24 25
24 36
25 14
25 11
25 24
25 46
25 230
26 11
26 39
26 47
26 48
26 105
27 16
28 27
28 16
28 86
28 96
28 122
28 144
29 9
29 24
29 33
29 46
29 52
29 64
29 85
30 18
30 52
30 59
30 67
30 72
31 10
31 34
31 45
31 60
31 115
31 144
32 13
32 41
32 73
32 80
32 92
32 100
33 29
33 46
33 85
34 31
34 10
34 18
34 35
34 89
34 106
34 114
35 34
36 14
36 24
36 9
36 63
36 66
36 71
36 72
36 102
37 14
37 24
37 51
37 52
37 79
37 108
38 17
38 24
38 14
38 55
38 66
38 101
39 26
39 47
39 48
39 105
40 12
40 19
40 56
41 32
41 66
41 75
41 80
41 89
41 92
41 238
42 11
42 87
42 110
43 9
43 20
44 10
45 31
45 229
46 33
46 29
46 24
46 25
47 26
47 39
47 48
48 39
48 26
48 47
49 10
49 69
49 70
49 125
50 19
50 12
50 65
51 37
51 230
52 37
52 29
52 30
53 19
53 111
54 20
54 9
54 104
55 38
55 101
56 21
56 40
56 112
56 149
57 9
58 10
58 49
59 30
59 18
59 67
60 31
61 19
61 12
61 78
62 34
62 13
62 16
62 68
62 76
62 94
62 95
63 36
64 29
64 33
65 50
66 36
66 38
66 41
66 98
66 133
67 30
67 59
67 18
68 62
68 76
68 94
68 95
69 49
69 10
69 13
69 34
69 97
69 107
70 49
70 10
71 36
71 102
72 30
72 36
72 34
72 59
72 84
72 116
72 118
72 125
73 41
73 32
73 92
73 100
74 15
74 22
75 41
75 73
75 32
76 62
76 68
76 94
77 21
78 12
78 61
79 37
79 51
79 108
80 41
80 73
80 32
81 12
81 19
81 103
82 39
82 26
83 9
83 57
83 20
83 230
84 72
84 90
85 29
85 64
85 33
86 28
86 16
86 88
86 96
87 11
87 42
87 110
88 28
88 86
89 80
89 41
89 32
89 34
90 84
90 72
90 116
90 118
91 9
91 20
92 41
92 75
92 32
92 73
93 19
93 81
93 12
93 103
93 117
94 62
94 76
94 68
95 62
95 68
96 78
96 86
96 16
96 28
96 144
97 69
97 107
98 66
99 15
100 32
100 92
100 73
101 55
101 38
102 36
102 71
103 61
103 93
103 81
103 19
103 124
103 149
104 9
104 57
104 54
105 26
105 48
105 47
105 39
106 34
107 69
107 97
108 37
108 51
108 79
109 64
109 29
109 33
110 11
110 42
110 87
111 53
111 149
112 56
113 69
113 97
114 34
115 31
115 120
116 72
116 90
116 118
117 19
117 12
117 93
118 72
118 116
118 90
119 17
120 31
120 115
121 55
121 38
122 16
122 28
122 86
123 34
123 106
123 114
124 93
124 12
124 103
125 52
125 18
125 72
125 49
125 126
125 129
126 125
126 127
126 128
126 129
126 132
127 126
127 130
127 132
128 126
128 125
129 125
129 126
130 127
130 128
130 131
130 133
131 130
132 127
132 126
133 130
133 66
133 41
133 134
133 135
133 136
133 137
133 139
134 133
134 141
135 133
135 138
135 140
135 142
135 143
136 133
136 137
137 136
137 133
137 140
138 135
139 133
140 135
140 137
141 134
141 138
142 135
143 135
143 142
144 96
144 15
144 31
144 28
144 145
144 146
144 147
144 229
145 144
146 144
147 144
149 111
149 56
149 103
149 185
150 153
150 154
150 163
150 183
150 210
150 224
151 152
151 153
151 162
151 165
151 175
151 201
151 211
151 213
151 238
152 151
152 155
152 156
152 159
152 161
152 169
152 171
152 173
153 150
153 151
153 154
153 157
153 184
154 153
154 150
154 172
154 228
155 152
155 168
155 176
155 186
155 196
155 215
155 217
156 152
157 153
157 158
157 160
157 164
157 166
158 157
158 178
158 221
159 152
159 161
159 169
159 177
159 179
159 203
159 226
160 157
160 164
160 197
160 204
161 152
161 156
161 159
161 200
161 201
162 151
162 155
162 174
162 209
163 150
163 211
164 157
164 160
164 225
165 151
165 167
165 190
165 208
166 157
167 165
167 170
167 184
167 187
167 192
167 193
167 202
168 155
168 186
168 196
168 215
168 216
168 217
169 152
169 159
169 182
170 167
170 202
170 214
171 156
171 152
172 154
172 163
172 185
173 152
173 156
173 181
174 162
174 209
175 151
176 173
176 155
176 192
176 227
177 159
177 203
177 222
178 158
178 187
178 221
179 159
179 204
179 222
180 161
180 192
180 200
180 201
181 173
182 169
183 150
184 167
184 150
184 153
184 188
184 195
184 199
184 205
184 206
185 149
185 172
186 168
186 155
186 215
187 167
187 178
187 189
187 191
187 194
187 198
188 184
188 199
188 206
189 187
189 191
190 165
190 208
191 187
191 189
191 198
191 204
191 226
192 170
192 167
192 176
192 180
192 218
193 167
193 170
194 189
194 187
195 184
196 155
196 186
196 168
196 216
197 160
197 157
198 189
198 191
198 187
199 184
199 195
199 188
199 205
199 206
200 161
200 180
201 161
201 167
201 151
201 180
201 223
202 170
202 167
203 159
203 177
203 222
204 191
204 179
204 187
204 197
204 160
205 199
205 195
205 184
205 221
206 188
206 190
206 199
206 165
206 184
207 212
208 190
208 165
209 162
209 174
210 150
210 183
211 163
211 151
211 206
211 219
211 220
211 238
212 207
213 151
214 193
214 167
214 202
214 170
215 168
215 196
215 186
215 155
216 168
216 196
216 186
217 168
217 186
217 155
218 192
219 211
220 219
220 211
221 178
221 158
221 205
222 159
222 179
222 203
222 177
222 226
223 201
224 150
225 164
226 203
226 191
226 179
226 159
226 222
227 176
228 154
229 144
229 45
229 22
229 128
230 51
230 30
230 83
230 25
230 231
230 233
231 230
231 232
231 236
231 237
232 231
233 230
233 237
234 235
235 234
236 231
237 231
237 233
237 236
237 232
238 92
238 211
238 41
238 151
238 239
238 240
239 238
239 241
239 242
239 244
240 238
241 239
242 239
242 238
242 243
243 242
244 239
244 241
245 94
245 199
245 150
245 34
245 246
245 248
246 245
246 249
246 251
247 250
248 245
249 246
250 247
251 246
