252
811
0 1 0.25
0 3 0.5
1 0 0.25
1 2 0.166667
2 1 0.25
2 4 0.333333
2 5 0.0769231
3 0 0.25
4 2 0.166667
5 4 0.333333
5 2 0.166667
5 6 0.166667
5 7 0.25
5 9 0.0294118
6 5 0.0769231
6 8 0.5
7 5 0.0769231
8 6 0.166667
9 5 0.0769231
9 10 0.0454545
9 14 0.0666667
9 18 0.0769231
9 20 0.1
9 29 0.0666667
9 36 0.0555556
9 57 0.25
9 83 0.125
9 91 0.25
9 104 0.2
10 9 0.0294118
10 13 0.0909091
10 15 0.0666667
10 31 0.0769231
10 34 0.05
10 44 0.5
10 49 0.111111
10 58 0.333333
10 69 0.0833333
10 70 0.25
11 17 0.166667
11 25 0.0833333
11 26 0.0666667
11 42 0.125
11 87 0.166667
11 110 0.166667
12 19 0.0434783
12 40 0.166667
12 50 0.166667
12 61 0.142857
12 78 0.2
12 81 0.142857
12 93 0.1
12 117 0.2
12 124 0.2
13 10 0.0454545
13 21 0.166667
13 32 0.0588235
13 62 0.0833333
13 69 0.0833333
14 9 0.0294118
14 24 0.1
14 25 0.0833333
14 36 0.0555556
14 37 0.0909091
14 38 0.0833333
15 10 0.0454545
15 13 0.0909091
15 16 0.0909091
15 22 0.166667
15 74 0.25
15 99 0.5
15 144 0.0555556
16 15 0.0666667
16 27 0.333333
16 86 0.111111
16 122 0.2
17 11 0.0714286
17 38 0.0833333
17 119 0.5
18 9 0.0294118
18 23 0.5
18 30 0.0909091
18 34 0.05
18 59 0.142857
18 67 0.166667
19 12 0.0434783
19 40 0.166667
19 50 0.166667
19 53 0.2
19 61 0.142857
19 81 0.142857
19 93 0.1
19 103 0.0909091
20 9 0.0294118
20 43 0.333333
20 54 0.2
20 83 0.125
20 91 0.25
21 13 0.0909091
21 56 0.1
21 77 0.5
22 15 0.0666667
22 74 0.25
22 229 0.111111
23 18 0.0769231
24 14 0.0666667
24 25 0.0833333
24 36 0.0555556
25 14 0.0666667
25 11 0.0714286
25 24 0.1
25 46 0.142857
25 230 0.0588235
26 11 0.0714286
26 39 0.1
26 47 0.125
26 48 0.111111
26 105 0.166667
27 16 0.0909091
28 27 0.333333
28 16 0.0909091
28 86 0.111111
28 96 0.111111
28 122 0.2
28 144 0.0555556
29 9 0.0294118
29 24 0.1
29 33 0.1
29 46 0.142857
29 52 0.142857
29 64 0.2
29 85 0.2
30 18 0.0769231
30 52 0.142857
30 59 0.142857
30 67 0.166667
30 72 0.0666667
31 10 0.0454545
31 34 0.05
31 45 0.25
31 60 0.5
31 115 0.25
31 144 0.0555556
32 13 0.0909091
32 41 0.0625
32 73 0.111111
32 80 0.166667
32 92 0.111111
32 100 0.2
33 29 0.0666667
33 46 0.142857
33 85 0.2
34 31 0.0769231
34 10 0.0454545
34 18 0.0769231
34 35 0.5
34 89 0.166667
34 106 0.333333
34 114 0.333333
35 34 0.05
36 14 0.0666667
36 24 0.1
36 9 0.0294118
36 63 0.5
36 66 0.1
36 71 0.25
36 72 0.0666667
36 102 0.166667
37 14 0.0666667
37 24 0.1
37 51 0.166667
37 52 0.142857
37 79 0.2
37 108 0.2
38 17 0.166667
38 24 0.1
38 14 0.0666667
38 55 0.2
38 66 0.1
38 101 0.25
39 26 0.0666667
39 47 0.125
39 48 0.111111
39 105 0.166667
40 12 0.0434783
40 19 0.0434783
40 56 0.1
41 32 0.0588235
41 66 0.1
41 75 0.2
41 80 0.166667
41 89 0.166667
41 92 0.111111
41 238 0.0714286
42 11 0.0714286
42 87 0.166667
42 110 0.166667
43 9 0.0294118
43 20 0.1
44 10 0.0454545
45 31 0.0769231
45 229 0.111111
46 33 0.1
46 29 0.0666667
46 24 0.1
46 25 0.0833333
47 26 0.0666667
47 39 0.1
47 48 0.111111
48 39 0.1
48 26 0.0666667
48 47 0.125
49 10 0.0454545
49 69 0.0833333
49 70 0.25
49 125 0.0666667
50 19 0.0434783
50 12 0.0434783
50 65 0.5
51 37 0.0909091
51 230 0.0588235
52 37 0.0909091
52 29 0.0666667
52 30 0.0909091
53 19 0.0434783
53 111 0.142857
54 20 0.1
54 9 0.0294118
54 104 0.2
55 38 0.0833333
55 101 0.25
56 21 0.166667
56 40 0.166667
56 112 0.5
56 149 0.0769231
57 9 0.0294118
58 10 0.0454545
58 49 0.111111
59 30 0.0909091
59 18 0.0769231
59 67 0.166667
60 31 0.0769231
61 19 0.0434783
61 12 0.0434783
61 78 0.2
62 34 0.05
62 13 0.0909091
62 16 0.0909091
62 68 0.125
62 76 0.166667
62 94 0.142857
62 95 0.25
63 36 0.0555556
64 29 0.0666667
64 33 0.1
65 50 0.166667
66 36 0.0555556
66 38 0.0833333
66 41 0.0625
66 98 0.333333
66 133 0.0454545
67 30 0.0909091
67 59 0.142857
67 18 0.0769231
68 62 0.0833333
68 76 0.166667
68 94 0.142857
68 95 0.25
69 49 0.111111
69 10 0.0454545
69 13 0.0909091
69 34 0.05
69 97 0.2
69 107 0.25
70 49 0.111111
70 10 0.0454545
71 36 0.0555556
71 102 0.166667
72 30 0.0909091
72 36 0.0555556
72 34 0.05
72 59 0.142857
72 84 0.25
72 116 0.166667
72 118 0.166667
72 125 0.0666667
73 41 0.0625
73 32 0.0588235
73 92 0.111111
73 100 0.2
74 15 0.0666667
74 22 0.166667
75 41 0.0625
75 73 0.111111
75 32 0.0588235
76 62 0.0833333
76 68 0.125
76 94 0.142857
77 21 0.166667
78 12 0.0434783
78 61 0.142857
79 37 0.0909091
79 51 0.166667
79 108 0.2
80 41 0.0625
80 73 0.111111
80 32 0.0588235
81 12 0.0434783
81 19 0.0434783
81 103 0.0909091
82 39 0.1
82 26 0.0666667
83 9 0.0294118
83 57 0.25
83 20 0.1
83 230 0.0588235
84 72 0.0666667
84 90 0.142857
85 29 0.0666667
85 64 0.2
85 33 0.1
86 28 0.0909091
86 16 0.0909091
86 88 0.333333
86 96 0.111111
87 11 0.0714286
87 42 0.125
87 110 0.166667
88 28 0.0909091
88 86 0.111111
89 80 0.166667
89 41 0.0625
89 32 0.0588235
89 34 0.05
90 84 0.25
90 72 0.0666667
90 116 0.166667
90 118 0.166667
91 9 0.0294118
91 20 0.1
92 41 0.0625
92 75 0.2
92 32 0.0588235
92 73 0.111111
93 19 0.0434783
93 81 0.142857
93 12 0.0434783
93 103 0.0909091
93 117 0.2
94 62 0.0833333
94 76 0.166667
94 68 0.125
95 62 0.0833333
95 68 0.125
96 78 0.2
96 86 0.111111
96 16 0.0909091
96 28 0.0909091
96 144 0.0555556
97 69 0.0833333
97 107 0.25
98 66 0.1
99 15 0.0666667
100 32 0.0588235
100 92 0.111111
100 73 0.111111
101 55 0.2
101 38 0.0833333
102 36 0.0555556
102 71 0.25
103 61 0.142857
103 93 0.1
103 81 0.142857
103 19 0.0434783
103 124 0.2
103 149 0.0769231
104 9 0.0294118
104 57 0.25
104 54 0.2
105 26 0.0666667
105 48 0.111111
105 47 0.125
105 39 0.1
106 34 0.05
107 69 0.0833333
107 97 0.2
108 37 0.0909091
108 51 0.166667
108 79 0.2
109 64 0.2
109 29 0.0666667
109 33 0.1
110 11 0.0714286
110 42 0.125
110 87 0.166667
111 53 0.2
111 149 0.0769231
112 56 0.1
113 69 0.0833333
113 97 0.2
114 34 0.05
115 31 0.0769231
115 120 0.333333
116 72 0.0666667
116 90 0.142857
116 118 0.166667
117 19 0.0434783
117 12 0.0434783
117 93 0.1
118 72 0.0666667
118 116 0.166667
118 90 0.142857
119 17 0.166667
120 31 0.0769231
120 115 0.25
121 55 0.2
121 38 0.0833333
122 16 0.0909091
122 28 0.0909091
122 86 0.111111
123 34 0.05
123 106 0.333333
123 114 0.333333
124 93 0.1
124 12 0.0434783
124 103 0.0909091
125 52 0.142857
125 18 0.0769231
125 72 0.0666667
125 49 0.111111
125 126 0.0833333
125 129 0.25
126 125 0.0666667
126 127 0.166667
126 128 0.125
126 129 0.25
126 132 0.25
127 126 0.0833333
127 130 0.142857
127 132 0.25
128 126 0.0833333
128 125 0.0666667
129 125 0.0666667
129 126 0.0833333
130 127 0.166667
130 128 0.125
130 131 0.5
130 133 0.0454545
131 130 0.142857
132 127 0.166667
132 126 0.0833333
133 130 0.142857
133 66 0.1
133 41 0.0625
133 134 0.25
133 135 0.0714286
133 136 0.166667
133 137 0.142857
133 139 0.5
134 133 0.0454545
134 141 0.333333
135 133 0.0454545
135 138 0.2
135 140 0.166667
135 142 0.333333
135 143 0.333333
136 133 0.0454545
136 137 0.142857
137 136 0.166667
137 133 0.0454545
137 140 0.166667
138 135 0.0714286
139 133 0.0454545
140 135 0.0714286
140 137 0.142857
141 134 0.25
141 138 0.2
142 135 0.0714286
143 135 0.0714286
143 142 0.333333
144 96 0.111111
144 15 0.0666667
144 31 0.0769231
144 28 0.0909091
144 145 0.5
144 146 0.5
144 147 0.333333
144 229 0.111111
145 144 0.0555556
146 144 0.0555556
147 144 0.0555556
149 111 0.142857
149 56 0.1
149 103 0.0909091
149 185 0.25
150 153 0.0714286
150 154 0.125
150 163 0.2
150 183 0.333333
150 210 0.333333
150 224 0.5
151 152 0.0454545
151 153 0.0714286
151 162 0.142857
151 165 0.111111
151 175 0.5
151 201 0.111111
151 211 0.0769231
151 213 0.5
151 238 0.0714286
152 151 0.0416667
152 155 0.0588235
152 156 0.2
152 159 0.0666667
152 161 0.1
152 169 0.142857
152 171 0.333333
152 173 0.166667
153 150 0.0526316
153 151 0.0416667
153 154 0.125
153 157 0.0588235
153 184 0.0666667
154 153 0.0714286
154 150 0.0526316
154 172 0.2
154 228 0.5
155 152 0.0454545
155 168 0.0769231
155 176 0.142857
155 186 0.111111
155 196 0.125
155 215 0.142857
155 217 0.2
156 152 0.0454545
157 153 0.0714286
157 158 0.166667
157 160 0.0909091
157 164 0.166667
157 166 0.5
158 157 0.0588235
158 178 0.166667
158 221 0.166667
159 152 0.0454545
159 161 0.1
159 169 0.142857
159 177 0.166667
159 179 0.142857
159 203 0.142857
159 226 0.125
160 157 0.0588235
160 164 0.166667
160 197 0.25
160 204 0.125
161 152 0.0454545
161 156 0.2
161 159 0.0666667
161 200 0.25
161 201 0.111111
162 151 0.0416667
162 155 0.0588235
162 174 0.25
162 209 0.25
163 150 0.0526316
163 211 0.0769231
164 157 0.0588235
164 160 0.0909091
164 225 0.5
165 151 0.0416667
165 167 0.05
165 190 0.2
165 208 0.25
166 157 0.0588235
167 165 0.111111
167 170 0.125
167 184 0.0666667
167 187 0.0769231
167 192 0.111111
167 193 0.25
167 202 0.2
168 155 0.0588235
168 186 0.111111
168 196 0.125
168 215 0.142857
168 216 0.2
168 217 0.2
169 152 0.0454545
169 159 0.0666667
169 182 0.5
170 167 0.05
170 202 0.2
170 214 0.2
171 156 0.2
171 152 0.0454545
172 154 0.125
172 163 0.2
172 185 0.25
173 152 0.0454545
173 156 0.2
173 181 0.5
174 162 0.142857
174 209 0.25
175 151 0.0416667
176 173 0.166667
176 155 0.0588235
176 192 0.111111
176 227 0.5
177 159 0.0666667
177 203 0.142857
177 222 0.111111
178 158 0.166667
178 187 0.0769231
178 221 0.166667
179 159 0.0666667
179 204 0.125
179 222 0.111111
180 161 0.1
180 192 0.111111
180 200 0.25
180 201 0.111111
181 173 0.166667
182 169 0.142857
183 150 0.0526316
184 167 0.05
184 150 0.0526316
184 153 0.0714286
184 188 0.166667
184 195 0.25
184 199 0.1
184 205 0.142857
184 206 0.111111
185 149 0.0769231
185 172 0.2
186 168 0.0769231
186 155 0.0588235
186 215 0.142857
187 167 0.05
187 178 0.166667
187 189 0.166667
187 191 0.1
187 194 0.333333
187 198 0.2
188 184 0.0666667
188 199 0.1
188 206 0.111111
189 187 0.0769231
189 191 0.1
190 165 0.111111
190 208 0.25
191 187 0.0769231
191 189 0.166667
191 198 0.2
191 204 0.125
191 226 0.125
192 170 0.125
192 167 0.05
192 176 0.142857
192 180 0.142857
192 218 0.5
193 167 0.05
193 170 0.125
194 189 0.166667
194 187 0.0769231
195 184 0.0666667
196 155 0.0588235
196 186 0.111111
196 168 0.0769231
196 216 0.2
197 160 0.0909091
197 157 0.0588235
198 189 0.166667
198 191 0.1
198 187 0.0769231
199 184 0.0666667
199 195 0.25
199 188 0.166667
199 205 0.142857
199 206 0.111111
200 161 0.1
200 180 0.142857
201 161 0.1
201 167 0.05
201 151 0.0416667
201 180 0.142857
201 223 0.5
202 170 0.125
202 167 0.05
203 159 0.0666667
203 177 0.166667
203 222 0.111111
204 191 0.1
204 179 0.142857
204 187 0.0769231
204 197 0.25
204 160 0.0909091
205 199 0.1
205 195 0.25
205 184 0.0666667
205 221 0.166667
206 188 0.166667
206 190 0.2
206 199 0.1
206 165 0.111111
206 184 0.0666667
207 212 0.5
208 190 0.2
208 165 0.111111
209 162 0.142857
209 174 0.25
210 150 0.0526316
210 183 0.333333
211 163 0.2
211 151 0.0416667
211 206 0.111111
211 219 0.333333
211 220 0.333333
211 238 0.0714286
212 207 0.142857
213 151 0.0416667
214 193 0.25
214 167 0.05
214 202 0.2
214 170 0.125
215 168 0.0769231
215 196 0.125
215 186 0.111111
215 155 0.0588235
216 168 0.0769231
216 196 0.125
216 186 0.111111
217 168 0.0769231
217 186 0.111111
217 155 0.0588235
218 192 0.111111
219 211 0.0769231
220 219 0.333333
220 211 0.0769231
221 178 0.166667
221 158 0.166667
221 205 0.142857
222 159 0.0666667
222 179 0.142857
222 203 0.142857
222 177 0.166667
222 226 0.125
223 201 0.111111
224 150 0.0526316
225 164 0.166667
226 203 0.142857
226 191 0.1
226 179 0.142857
226 159 0.0666667
226 222 0.111111
227 176 0.142857
228 154 0.125
229 144 0.0555556
229 45 0.25
229 22 0.166667
229 128 0.125
230 51 0.166667
230 30 0.0909091
230 83 0.125
230 25 0.0833333
230 231 0.0833333
230 233 0.25
231 230 0.0588235
231 232 0.333333
231 236 0.111111
231 237 0.166667
232 231 0.0833333
233 230 0.0588235
233 237 0.166667
234 235 0.5
235 234 0.25
236 231 0.0833333
237 231 0.0833333
237 233 0.25
237 236 0.111111
237 232 0.333333
238 92 0.111111
238 211 0.0769231
238 41 0.0625
238 151 0.0416667
238 239 0.1
238 240 0.25
239 238 0.0714286
239 241 0.333333
239 242 0.2
239 244 0.333333
240 238 0.0714286
241 239 0.1
242 239 0.1
242 238 0.0714286
242 243 0.25
243 242 0.2
244 239 0.1
244 241 0.333333
245 94 0.142857
245 199 0.1
245 150 0.0526316
245 34 0.05
245 246 0.125
245 248 0.5
246 245 0.1
246 249 0.5
246 251 0.5
247 250 0.5
248 245 0.1
249 246 0.125
250 247 0.25
251 246 0.125
