0.001059
0.004082
0.016272
0.000532
0.028234
0.076609
0.012808
0.019213
0.006547
1
1
0.000924
1
0.111821
0.076035
0.131917
0.038944
0.00284
0.172537
0.088359
0.138332
0.021563
0.045128
0.08634
0.029998
0.010447
5.2e-05
0.044177
0.101868
0.068733
0.123485
0.215205
0.027009
0.010639
1
0.500301
0.117999
0.010375
0.016209
8e-06
0.178225
0.087168
0.000126
0.046144
0.499954
0.080612
0.012281
7e-06
1.1e-05
0.184247
0.178476
0.004002
0.038751
0.017862
0.066056
0.003897
0.020216
0.313826
0.334078
0.179787
0.107565
0.185473
0.011024
0.058801
0.016184
0.089431
0.119121
0.073706
0.004077
0.105501
0.281093
0.033446
1
0.012857
0.041964
0.021487
0.004819
0.010771
0.245093
0.002431
0.046173
0.174118
0
0.140273
0.261317
0.015336
0.030308
0.00019
0.010085
0.178434
0.086974
0.272538
0.023121
0.147749
0.016151
0.003612
0.122435
0.025348
0.039913
0.065657
0.00761
0.004668
0.02372
0.053156
0.205307
1.2e-05
0.333485
0.030391
0.00242
0
0.00019
0.00344
0.010103
0
0.334117
0.053912
0.197858
0.222542
0.198118
0.001447
0.017958
0
0.027284
0
0.206192
0.080727
0.013518
0.025873
0.033828
0.022785
0.142423
0.071212
0.009283
1
0.250644
0.075042
0.186629
0.165277
0.03158
0.500099
0.039446
0.083753
0.030609
0.025257
1
0.499884
0.50062
0.334171
0
0.006217
1
1
1
0.147042
0.141163
0.074778
0.302389
0.011029
0.033203
0.085414
0.003349
0.136267
0.143005
0.218425
0.002303
0.124772
0.005573
0.12001
0.009172
0.152363
0.142869
0.333452
0.028681
0.188007
0.042392
0.500572
0.151277
0.017406
0.166718
0.019193
0.161913
0.093819
0.075924
0.408014
0.020089
0.008539
0.013177
1
0.007773
0.256572
0.032844
0.141204
1
0.036828
0.334198
0.01019
0.011937
0.005668
0.220084
0.014399
0.070853
0.138576
0.054842
0.018438
0.01994
0.009214
0.014685
0
0.036427
0.042733
0.333667
0.096615
0
0.499934
0.028568
0.012997
0.003974
0.016115
0.500328
0.039486
0.032271
0.032713
0.008639
0.069244
0.500492
0.001123
0.028355
0.075946
0.070541
0.119994
0.00898
0.000761
0.000387
0.00221
0
0
0.00012
0.000457
0.083362
0.008437
0.020864
0.0035
0.00173
0.000417
0.002805
0.100671
1
0
0.050526
0.500593
0
0.500499
