1 3
1 4
1 7
1 18
1 22
1 25
1 28
1 134
2 1
2 3
2 7
2 10
2 12
2 13
2 27
2 30
2 32
2 33
2 37
3 1
3 2
3 21
4 1
4 11
4 22
4 34
5 6
6 5
6 19
6 35
6 38
6 51
7 1
7 3
7 2
7 8
7 9
7 15
7 17
7 20
7 36
8 7
8 15
8 17
9 6
9 7
9 8
9 16
9 41
10 2
11 4
12 2
12 32
13 2
14 26
14 39
15 7
15 8
15 17
15 20
15 36
16 9
16 24
17 8
17 7
17 15
18 1
19 6
19 23
19 35
19 51
20 8
20 15
20 7
20 25
21 3
22 4
22 1
22 29
22 31
23 19
23 14
23 42
24 16
25 1
25 20
25 134
26 14
26 39
27 2
27 32
27 37
28 1
28 30
29 22
29 31
30 22
30 28
30 2
30 3
31 22
31 4
31 29
31 43
32 12
32 27
32 2
33 2
33 27
34 4
35 14
35 6
35 19
35 38
36 15
36 7
37 2
37 32
37 27
38 6
38 35
38 45
38 46
39 14
39 26
40 25
41 9
42 33
42 23
42 47
43 31
44 5
44 33
44 24
45 38
46 38
47 42
48 49
49 48
51 6
51 19
51 39
51 52
51 54
52 51
52 53
52 55
53 52
53 55
54 51
54 57
54 59
55 52
55 53
55 56
56 55
56 60
57 54
59 57
59 54
60 56
61 67
61 75
61 78
61 83
61 88
61 94
61 110
61 131
62 68
62 70
62 80
62 87
62 91
62 93
62 100
62 116
62 118
62 119
62 134
63 61
63 66
63 67
63 69
63 78
64 65
64 72
64 76
64 96
64 112
64 133
65 64
65 71
65 72
65 76
65 96
65 115
65 133
66 63
66 79
66 81
66 97
66 104
67 63
67 61
67 77
67 84
67 85
67 89
67 99
67 108
68 62
68 74
68 80
68 87
68 116
69 63
69 77
70 68
70 62
70 73
70 87
71 65
71 64
71 76
72 64
72 65
72 71
72 112
72 120
72 129
73 70
73 82
73 93
74 62
74 68
74 119
75 61
75 92
75 94
75 114
76 64
76 65
76 71
76 133
77 67
77 69
78 63
78 61
78 86
78 95
78 98
78 125
79 66
79 97
79 104
80 62
80 68
80 91
80 106
81 65
81 66
81 79
81 105
81 107
82 78
82 73
83 61
83 90
83 95
83 117
84 67
84 85
84 89
84 108
85 84
85 67
85 89
86 78
86 113
87 62
87 70
87 68
87 122
87 126
88 61
88 75
88 101
88 102
89 85
89 84
89 67
89 99
89 108
90 83
90 95
90 117
90 127
91 80
91 62
92 61
92 75
92 110
93 73
93 62
93 119
94 61
94 75
94 92
94 110
95 90
95 83
95 78
95 103
95 128
96 64
96 65
96 76
96 112
96 121
96 133
97 66
97 79
98 78
98 125
99 67
99 89
99 84
100 62
101 88
102 82
102 88
103 95
104 98
104 78
104 66
104 79
104 123
105 81
106 80
107 105
107 81
107 142
108 67
108 84
108 89
108 109
108 111
109 108
109 111
110 92
110 75
110 94
110 61
111 108
111 109
112 96
112 81
112 72
112 105
112 64
112 124
112 130
112 132
113 86
114 75
114 61
115 72
115 65
115 76
115 64
116 68
116 62
116 91
117 90
117 83
118 74
118 68
118 62
119 62
119 93
119 74
119 68
120 72
121 76
121 64
121 96
122 87
123 104
124 112
124 130
124 132
125 98
125 78
126 87
126 122
127 110
127 90
128 95
128 103
129 72
130 124
130 112
131 61
132 112
132 124
132 130
133 96
133 64
133 121
133 76
133 65
134 62
134 22
134 1
134 25
134 135
134 136
135 134
135 137
136 134
136 138
136 140
137 135
138 136
138 139
138 140
139 138
140 138
140 136
142 107
142 143
143 142
143 145
145 144
145 143
