0
1
1
0.234435
0.102538
0.014389
0.086393
0.110005
0.023575
0.009178
0.501231
0.020599
0.286765
0.501288
0.01599
0.020659
0.001777
0.023764
0.50063
0.026129
0.039537
0.117282
0.133526
0.005258
0.000569
0.158916
0.005015
0.213705
0.2744
0.024835
0.153562
0.021854
0.221343
0.201015
0.025581
0.120449
0.031197
0.23131
1
0.005464
0
0.004604
0.00103
0.010885
0
0.499617
0.499795
0.000503
0
0
0
0.008536
0.001063
0.00028
0.001069
0.000242
5.1e-05
0.000395
0
0.000341
9e-06
1
1
0.108896
0.062654
0.024866
0.114779
1
0.129764
0.087318
0.125331
0.01683
0.076885
0.042952
0.086063
0.143075
0.021324
0.255384
0.162422
0.171886
0.143475
0.120203
0.022272
0.128228
0.174281
0.206248
0.032516
0.122907
0.143089
0.159201
0.022958
0.213962
0.069622
0.128839
0.171578
0.030518
0.097975
0.068257
0.229252
0.223125
0.500003
0.071414
0.047816
0.012294
1
0.272808
0.071815
0.024189
0.128559
0.038451
0.132171
0.038013
1
0.016379
0.047531
0.004948
0.219468
0.035533
0.250793
0.163169
0.038957
0.023454
0.050337
0.500617
0.225081
0.092229
0.041249
0.007621
0.010069
0.038205
0.26546
0.500855
0.231605
0.021911
0.121993
0.030651
0.015425
0.01524
0.002268
0.000569
0.002811
0
0.001901
0.000313
3.2e-05
0.000113
0
