0 1
0 9
0 18
0 32
0 33
0 38
0 58
0 70
0 77
0 96
0 126
0 173
1 0
1 2
1 3
1 10
1 62
1 81
1 110
1 113
1 177
1 193
2 1
2 4
2 5
2 7
2 12
2 13
2 27
2 74
2 139
2 165
2 176
2 194
2 198
2 208
3 1
3 5
3 51
3 80
3 82
3 87
3 129
4 2
4 12
4 14
4 36
4 39
4 165
4 194
4 208
5 2
5 3
5 6
5 8
5 14
5 26
5 29
5 135
6 5
6 8
6 15
6 19
6 25
6 49
6 57
6 142
7 2
7 12
7 64
7 76
8 5
8 6
8 19
8 26
8 40
8 89
8 94
8 98
8 135
8 164
9 1
9 0
9 11
9 78
9 106
9 114
9 139
10 1
10 22
10 58
10 83
10 155
10 207
11 9
11 56
11 66
11 127
12 4
12 7
12 2
12 24
12 30
12 85
12 90
12 105
12 145
13 2
13 4
13 14
13 29
13 47
13 139
13 182
14 5
14 4
14 13
14 17
14 23
14 86
14 104
15 6
15 16
15 19
15 54
15 73
15 174
15 175
15 195
16 15
16 42
16 44
16 49
16 157
17 14
17 41
17 104
17 146
18 0
18 24
18 32
18 34
18 60
18 66
18 67
18 117
19 15
19 8
19 6
19 20
19 21
19 98
19 119
20 19
20 31
20 79
20 108
21 19
21 43
22 10
22 147
23 14
23 159
24 12
24 18
24 50
24 85
24 117
24 120
25 6
25 57
26 8
26 5
26 28
26 45
26 99
27 2
27 13
27 7
27 38
27 59
27 61
27 69
27 70
28 26
29 5
29 13
29 141
29 182
30 12
30 99
30 105
30 115
30 136
31 20
31 6
32 18
32 0
32 9
32 46
33 0
34 11
34 18
34 35
34 102
34 112
34 118
35 34
35 102
36 4
36 13
36 2
37 10
37 83
38 27
38 0
39 2
39 14
39 13
39 4
39 47
39 130
39 131
39 140
39 154
39 192
40 8
41 17
41 146
42 16
42 142
42 157
42 179
42 195
43 21
43 88
43 152
43 183
44 42
44 16
44 22
44 123
44 128
45 8
45 26
45 16
45 5
45 55
45 129
45 168
46 32
46 52
47 39
47 13
48 4
48 13
48 2
48 198
49 6
49 16
49 22
49 161
49 187
50 24
50 85
50 120
51 3
51 53
51 63
51 91
52 46
53 51
53 4
53 138
54 15
54 107
54 142
54 150
54 171
55 45
55 135
55 137
56 11
56 92
57 6
57 25
57 71
58 0
58 10
58 1
58 126
58 162
59 27
60 18
60 32
60 38
60 9
60 72
60 84
60 100
61 27
61 70
62 1
63 51
64 7
64 68
64 170
65 0
66 18
66 11
66 60
66 72
66 210
67 66
67 18
67 160
68 6
68 64
68 47
68 7
68 111
68 166
68 209
69 27
69 61
70 0
70 61
70 27
70 153
70 199
71 57
71 79
71 132
72 60
72 66
72 75
73 15
74 2
74 4
74 204
75 72
75 117
76 7
77 0
78 9
78 139
79 20
79 57
79 71
80 3
80 202
81 62
81 1
82 5
82 3
82 116
82 206
83 10
83 37
83 95
84 60
84 100
85 12
85 24
85 50
85 90
85 145
85 149
86 14
86 169
87 3
88 43
88 95
89 8
89 40
89 164
90 12
90 72
90 85
90 97
91 63
91 51
92 56
92 32
92 12
92 134
93 79
94 31
94 8
94 23
94 197
95 88
95 83
95 159
96 0
97 90
97 201
98 8
98 19
98 168
99 28
99 26
99 30
99 109
99 156
99 200
100 60
100 84
101 26
101 82
102 34
102 35
102 112
103 14
103 4
103 41
103 205
104 17
104 14
104 41
104 144
104 169
105 12
105 30
105 186
106 9
106 114
107 54
107 150
108 20
109 99
109 26
109 53
109 148
109 163
110 1
110 81
110 62
111 68
111 166
111 209
112 102
112 34
112 158
112 184
113 83
113 10
113 1
113 37
113 121
113 122
114 9
114 106
115 30
115 151
116 82
116 206
117 24
117 18
117 75
117 72
118 102
118 34
119 19
119 133
119 190
120 24
120 50
120 124
121 113
121 122
122 113
122 121
123 44
124 120
124 24
124 32
124 50
125 20
126 0
126 58
127 11
128 44
129 3
129 45
129 178
130 39
131 39
132 79
132 20
132 57
132 71
132 190
133 119
134 92
135 5
135 8
135 55
135 45
135 167
136 30
137 55
137 45
138 53
139 9
139 78
139 2
139 13
140 139
140 39
141 29
141 143
141 176
142 42
142 107
142 54
142 6
143 141
143 80
144 104
145 12
145 85
146 41
146 17
147 22
147 15
148 109
148 163
149 85
150 107
150 54
150 171
151 115
152 43
152 196
153 70
153 188
154 39
154 192
155 10
155 207
156 99
157 16
157 42
158 112
158 34
159 23
159 95
160 67
161 49
161 187
162 58
163 3
163 109
163 148
163 91
164 98
164 8
164 89
165 2
165 4
166 111
166 68
167 164
167 135
168 45
168 167
168 98
168 172
169 14
169 86
169 104
169 146
169 181
170 64
170 76
170 7
171 54
171 107
171 150
172 168
173 0
174 15
175 15
175 195
176 141
176 2
176 182
177 1
177 62
177 81
178 129
179 42
179 16
179 157
180 123
180 44
181 169
182 29
182 176
182 13
182 185
183 43
183 196
184 112
185 182
186 105
187 49
187 161
188 70
188 153
188 199
189 59
189 27
189 69
189 61
190 132
190 119
190 174
190 15
191 141
192 154
192 39
193 1
193 62
194 4
194 2
194 198
195 175
195 42
195 71
195 15
196 43
196 183
196 152
197 94
198 4
198 2
198 48
198 194
199 188
199 70
200 99
201 97
201 12
201 139
202 80
203 77
203 0
204 74
205 86
205 146
205 103
206 116
206 82
207 10
207 83
207 155
208 2
208 4
208 47
208 198
209 68
209 111
210 66
