1
1
1
1
0.132676
0.188842
0.129758
0.108198
1
0.092183
0.101899
0.122092
0.136879
0.144671
0.085727
1
0.15052
0.011884
0.13433
0.15657
0.020837
0.039263
0.184387
0.050148
0.107904
0.035887
0.204996
0.081061
0.373427
0.048431
0.087377
0.045944
0.114976
0.501486
1
0.287415
0.033325
0.034327
0.214959
1
0.384557
0.004051
0.11217
0.004645
1
0.039554
0.028833
0.210877
0.026745
0.030857
0.156363
0.128373
0.014374
0.037607
0.104039
0.023717
0.030984
0.020023
0.13731
0.026958
0.015823
0.02735
0.290064
0.051504
0.015546
0
0.03027
0.026967
0.001413
0.020302
0.097618
0.029386
0.029727
0.501053
0.20158
0.015418
0.02253
0.333122
0.039605
0.007596
0.202463
0.192974
0.111606
0.032151
0.003799
1
0.01735
0.499926
0.003016
0.229263
0.159023
0.036958
0.005134
0
0.166807
0.007509
0.500478
0.040079
0.184329
1
0.00454
0
0.227124
0
0.010887
0.036445
0.02746
0.030153
0.010379
0.101154
0.251055
0.000297
0.148971
0.111681
0.027572
0.021932
0.033243
0.034933
0.333664
0.026135
0.042519
0.032312
0.027129
0.333618
0.008426
0
0.18467
0.061224
0.500619
0.17083
0.5001
0.500095
0.004848
0.012937
0.002582
0.106764
0.043795
0.007936
0.018876
0.15223
0.333916
0.030441
0.047348
0.010137
0.005442
0.274246
0.00312
0.061472
0.028586
0.500784
0.023948
0.010898
0.001229
0.025554
0.297781
0.029354
0.500165
0.055017
0.050006
0.013958
0.013381
0.009247
0.069185
0.020282
0.19994
0.273798
0.000345
0.032515
0.024689
0.003413
0.003931
0.024304
0.012409
0.499737
0.335262
0.279904
0.170623
0.166746
0.085607
0.028012
0
0.001728
0.043533
0.001177
0.074651
0.021808
0.018242
0.009223
0.009603
0
0.005038
0
0.297921
0.333684
0.200084
0.185039
0.000422
0.083496
0.133317
0.025493
0.500148
0.010012
0.101422
0
0.10085
0
0.033255
0.02455
0.18413
0.000285
0.015106
