1 0
1 2
2 1
4 13
4 16
4 23
5 24
6 10
6 12
7 14
7 19
7 22
7 30
7 33
7 38
8 4
8 49
9 8
9 6
10 6
11 8
11 13
12 6
12 18
13 4
13 8
13 11
14 7
14 30
15 19
15 21
16 4
17 5
17 7
17 39
18 12
19 7
19 15
19 27
19 29
19 32
19 35
20 10
20 6
20 28
21 15
22 7
22 33
23 4
23 22
23 26
24 5
26 16
26 23
26 36
27 19
27 35
28 20
28 37
29 19
30 7
30 14
30 22
30 33
30 38
31 11
32 19
32 29
33 22
33 7
33 30
35 19
35 32
35 27
36 26
37 28
38 14
38 33
38 30
38 7
38 22
39 17
41 42
42 41
42 43
43 42
44 46
45 47
46 44
46 48
47 45
48 46
49 8
49 1
51 52
51 55
51 60
51 65
51 68
51 80
51 94
51 97
52 51
52 61
52 63
52 71
52 72
52 81
52 95
53 57
53 93
54 98
54 100
55 51
55 70
56 64
56 66
56 75
56 76
57 53
58 54
58 72
58 74
58 77
58 90
59 61
59 67
59 86
59 89
59 94
59 101
60 51
61 59
61 52
61 51
61 85
61 88
62 56
62 83
63 52
63 71
63 72
63 87
64 56
64 69
64 84
65 51
65 80
66 56
66 76
66 92
67 59
67 99
68 51
69 64
70 55
71 52
71 63
72 58
72 63
72 52
72 73
72 78
72 91
72 96
73 72
73 78
74 58
75 56
75 66
76 56
76 66
77 74
77 58
78 72
78 73
79 102
80 51
80 65
81 63
81 52
81 87
82 102
83 62
84 64
84 69
85 61
86 59
86 67
86 89
86 99
86 101
87 81
87 63
87 52
88 61
89 59
89 86
90 77
90 58
91 72
92 66
92 67
93 53
94 59
94 51
95 52
95 81
95 71
96 72
96 78
97 51
98 54
98 100
99 86
99 67
99 59
99 101
100 54
100 98
101 59
101 86
101 99
101 67
102 79
102 82
104 105
104 107
105 104
105 106
105 107
105 108
106 105
107 105
107 104
108 105
110 111
111 110
