112
238
1 0 0.333333
1 2 0.2
2 1 0.0909091
4 13 0.166667
4 16 0.333333
4 23 0.166667
5 24 0.2
6 10 0.333333
6 12 0.142857
7 14 0.166667
7 19 0.0555556
7 22 0.142857
7 30 0.0909091
7 33 0.125
7 38 0.142857
8 4 0.0769231
8 49 0.125
9 8 0.125
9 6 0.1
10 6 0.1
11 8 0.125
11 13 0.166667
12 6 0.1
12 18 0.5
13 4 0.0769231
13 8 0.125
13 11 0.166667
14 7 0.0526316
14 30 0.0909091
15 19 0.0555556
15 21 0.5
16 4 0.0769231
17 5 0.125
17 7 0.0526316
17 39 0.5
18 12 0.142857
19 7 0.0526316
19 15 0.125
19 27 0.25
19 29 0.333333
19 32 0.25
19 35 0.2
20 10 0.333333
20 6 0.1
20 28 0.1
21 15 0.125
22 7 0.0526316
22 33 0.125
23 4 0.0769231
23 22 0.142857
23 26 0.142857
24 5 0.125
26 16 0.333333
26 23 0.166667
26 36 0.2
27 19 0.0555556
27 35 0.2
28 20 0.25
28 37 0.5
29 19 0.0555556
30 7 0.0526316
30 14 0.166667
30 22 0.142857
30 33 0.125
30 38 0.142857
31 11 0.166667
32 19 0.0555556
32 29 0.333333
33 22 0.142857
33 7 0.0526316
33 30 0.0909091
35 19 0.0555556
35 32 0.25
35 27 0.25
36 26 0.142857
37 28 0.1
38 14 0.166667
38 33 0.125
38 30 0.0909091
38 7 0.0526316
38 22 0.142857
39 17 0.166667
41 42 0.25
42 41 0.25
42 43 0.5
43 42 0.25
44 46 0.125
45 47 0.5
46 44 0.125
46 48 0.25
47 45 0.166667
48 46 0.125
49 8 0.125
49 1 0.0909091
51 52 0.0526316
51 55 0.25
51 60 0.5
51 65 0.25
51 68 0.5
51 80 0.25
51 94 0.25
51 97 0.5
52 51 0.0357143
52 61 0.0714286
52 63 0.0833333
52 71 0.2
52 72 0.0625
52 81 0.166667
52 95 0.25
53 57 0.2
53 93 0.5
54 98 0.25
54 100 0.25
55 51 0.0357143
55 70 0.5
56 64 0.0769231
56 66 0.111111
56 75 0.333333
56 76 0.25
57 53 0.125
58 54 0.125
58 72 0.0625
58 74 0.333333
58 77 0.25
58 90 0.333333
59 61 0.0714286
59 67 0.142857
59 86 0.111111
59 89 0.25
59 94 0.25
59 101 0.142857
60 51 0.0357143
61 59 0.0625
61 52 0.0526316
61 51 0.0357143
61 85 0.5
61 88 0.25
62 56 0.0526316
62 83 0.5
63 52 0.0526316
63 71 0.2
63 72 0.0625
63 87 0.166667
64 56 0.0526316
64 69 0.2
64 84 0.333333
65 51 0.0357143
65 80 0.25
66 56 0.0526316
66 76 0.25
66 92 0.166667
67 59 0.0625
67 99 0.142857
68 51 0.0357143
69 64 0.0769231
70 55 0.25
71 52 0.0526316
71 63 0.0833333
72 58 0.0769231
72 63 0.0833333
72 52 0.0526316
72 73 0.166667
72 78 0.2
72 91 0.5
72 96 0.333333
73 72 0.0625
73 78 0.2
74 58 0.0769231
75 56 0.0526316
75 66 0.111111
76 56 0.0526316
76 66 0.111111
77 74 0.333333
77 58 0.0769231
78 72 0.0625
78 73 0.166667
79 102 0.25
80 51 0.0357143
80 65 0.25
81 63 0.0833333
81 52 0.0526316
81 87 0.166667
82 102 0.25
83 62 0.1
84 64 0.0769231
84 69 0.2
85 61 0.0714286
86 59 0.0625
86 67 0.142857
86 89 0.25
86 99 0.142857
86 101 0.142857
87 81 0.166667
87 63 0.0833333
87 52 0.0526316
88 61 0.0714286
89 59 0.0625
89 86 0.111111
90 77 0.25
90 58 0.0769231
91 72 0.0625
92 66 0.111111
92 67 0.142857
93 53 0.125
94 59 0.0625
94 51 0.0357143
95 52 0.0526316
95 81 0.166667
95 71 0.2
96 72 0.0625
96 78 0.2
97 51 0.0357143
98 54 0.125
98 100 0.25
99 86 0.111111
99 67 0.142857
99 59 0.0625
99 101 0.142857
100 54 0.125
100 98 0.25
101 59 0.0625
101 86 0.111111
101 99 0.142857
101 67 0.142857
102 79 0.25
102 82 0.25
104 105 0.0833333
104 107 0.25
105 104 0.0909091
105 106 0.2
105 107 0.25
105 108 0.5
106 105 0.0833333
107 105 0.0833333
107 104 0.0909091
108 105 0.0833333
110 111 0.333333
111 110 0.166667
