0
0
0
0
0
0
0
0.052969
0
0
0
0
0
0
0.010859
0.125526
0
0
0
1
0
0.063097
0.01018
0
0
0
0
0.288219
0
0.399002
0.006914
0
0.295662
0.00922
0
0.24105
0
0
0.008391
0
0
0
0
0
0
0
0
0
0
0
0
1
0.112048
0
0.125379
0.251035
0
0
1
1
0.500155
0.079324
0
0.09624
0
0.298467
0
0.184709
0.500415
0
0.125936
0.044601
1
0.202043
0.403462
0
0
0.313665
0.280273
0
0.297611
0.025131
0
0
0
0.039742
0.15415
0.019539
0.019932
0.275005
0.334108
0.500878
0
0
0.4385
0.028098
0.333488
0.500342
0.037004
0.067223
0.037127
0.164115
0
0
0.111274
1
0.20061
0.267226
0.50104
0
0
0
