1 3
2 1
2 3
3 1
3 2
3 4
3 6
3 9
3 12
3 13
3 15
3 23
3 35
3 39
3 40
3 47
3 57
3 86
3 87
3 88
4 3
4 5
4 6
4 9
4 10
4 34
4 48
4 79
5 4
5 17
5 20
5 36
5 37
5 44
5 61
5 74
6 3
6 4
6 30
6 83
7 8
7 22
7 33
7 78
8 7
8 33
9 4
9 3
9 28
9 29
9 77
10 4
10 11
10 59
10 76
10 82
11 10
11 14
11 18
12 3
12 38
12 42
12 50
13 3
13 64
14 11
15 3
15 13
15 16
15 26
15 43
15 56
15 80
16 15
16 4
16 21
16 24
16 39
16 53
16 75
17 5
17 11
18 11
20 5
20 85
21 16
21 53
21 54
21 75
22 7
22 84
23 3
23 13
23 32
23 52
23 63
24 16
24 75
25 23
25 63
26 15
27 13
27 45
28 9
29 9
30 6
30 34
30 65
31 28
31 58
32 25
32 23
32 52
33 8
33 7
33 41
33 46
34 4
34 30
34 69
34 72
34 81
34 83
35 3
35 40
35 57
35 87
36 17
36 5
36 51
36 67
37 5
38 12
38 42
39 3
39 16
39 49
39 68
40 3
40 35
40 47
40 86
41 33
42 12
42 38
42 51
42 55
43 15
43 26
43 56
43 80
44 5
45 27
46 33
47 3
47 40
47 86
48 4
48 20
49 39
49 62
49 66
50 12
51 42
51 36
52 25
52 23
52 32
52 63
53 16
53 21
53 54
54 53
54 16
54 21
55 42
56 15
56 43
56 80
57 3
57 35
58 47
58 28
58 31
58 3
59 10
60 18
61 5
62 49
62 39
62 66
63 25
63 23
63 52
64 13
64 70
64 84
65 30
65 6
66 49
66 39
66 62
66 68
67 36
68 66
68 39
68 62
69 34
69 81
70 64
71 15
71 43
72 34
72 69
73 18
74 37
74 5
75 16
75 21
75 53
75 24
76 10
76 59
77 9
77 29
78 7
79 4
80 43
80 56
80 15
81 34
81 69
81 104
82 10
83 34
83 30
83 6
83 65
84 7
84 64
84 22
84 78
85 20
86 3
86 47
86 40
87 3
87 35
87 40
88 3
88 57
93 94
93 95
93 96
93 99
94 93
94 99
95 93
95 94
96 93
96 102
97 96
99 93
99 94
100 101
101 100
102 96
104 81
104 30
104 19
104 105
104 107
104 108
104 112
104 114
104 128
104 129
104 131
104 143
104 176
105 104
105 107
105 113
105 121
106 110
106 120
106 134
106 150
107 105
107 104
107 121
108 104
108 147
109 117
109 120
109 126
109 136
109 146
110 106
110 119
110 123
110 135
110 153
111 112
111 132
111 140
112 104
112 111
113 107
113 105
114 104
116 125
116 127
116 137
116 157
117 109
118 111
118 132
118 144
118 152
119 110
119 106
119 122
119 124
119 132
119 139
119 144
120 109
120 106
120 123
120 154
121 105
121 107
121 142
122 119
123 120
123 110
123 130
123 186
124 119
124 139
125 116
126 109
126 123
126 161
127 116
127 125
127 137
127 173
128 104
128 129
128 131
128 147
128 176
129 104
129 128
130 123
131 114
131 128
131 104
131 145
131 155
131 159
131 162
132 118
132 111
132 119
132 133
133 132
134 106
134 144
135 110
136 109
136 146
137 127
137 116
137 170
139 124
139 119
139 144
140 111
140 158
140 164
140 177
141 169
142 121
143 104
143 147
144 139
144 119
144 118
144 134
144 156
144 165
144 167
145 131
145 160
145 166
146 109
146 136
146 117
147 143
147 128
147 108
147 174
148 131
149 168
149 171
150 106
150 134
151 172
152 118
153 110
154 120
155 148
155 131
155 159
156 144
156 167
157 127
157 116
158 118
158 111
158 140
158 163
159 131
159 155
159 162
160 145
160 166
161 126
162 131
162 159
163 158
164 140
165 144
165 156
166 145
166 160
167 144
167 156
168 149
169 141
170 137
170 127
170 116
171 149
171 168
172 151
173 137
173 127
173 170
174 147
175 108
176 104
176 128
177 140
178 34
178 137
178 179
178 181
178 182
178 183
178 185
179 178
179 184
180 178
180 182
181 178
181 185
182 180
182 178
183 178
184 179
185 178
185 181
186 161
186 123
188 189
189 188
