0
0.147889
0.200624
1
0.153242
1
0.128456
4.8e-05
3e-06
0.114538
1
0.133562
0.091189
0.057151
0.06706
0.108522
1
0.21908
0.016837
0.200793
0.17358
0.165293
0.000163
0.091127
0.2807
0.010481
0.039765
0
0.028957
0.046568
0.122468
0
0.020891
1e-06
0.096161
0.191608
0.112288
0.407396
0.024474
0.160552
0.180866
1e-06
0.009414
0.014488
0.250804
0
1e-06
0.181715
0.050958
0.028083
0.045711
0.020028
0.017402
0.185505
0.066428
0.004689
0.022331
0.27955
0
0.378296
0
0.500264
0.010988
0.018323
0.005797
0.038811
0.009635
0.037574
0.033084
0.057942
0.001934
0
0.03218
0
0.334316
0.190469
0.201016
0.038165
0.0002
0.076833
0.022351
0.18094
0.501112
0.036612
0.000595
0.086934
0.181176
0.22781
0.333561
0
0
0
0
0
0
0
0
0
0
0
0
0
0
0
1
0.067541
0.092183
0.068231
0.147825
1
0.079627
0.097742
0.214433
0.013658
0.5567
0
0.012849
0.295892
0.0355
1
0.136396
0.018994
0.500016
0.025348
0.284149
0.009709
0.14293
0.017738
0.213302
0.28827
0.012731
1
0.111001
0.018765
0.032572
0.039798
0.288444
0.125551
0
0.211064
1
0
0.00942
0.172262
0.082477
0.14183
0.241647
0.056862
0.116475
0
0.030778
0
0.01772
0.039994
0.068472
0.23257
0.024158
0.004333
0.167098
0.22784
0.042229
0.048018
0.286861
0.083531
0.500226
0.027609
0.042145
0.024651
0
0
0.025651
0
0
0.004477
0.028448
0
0.287097
0.500079
1
0.166827
0.035604
0.297138
0.25068
0.500688
0.027749
0.297853
0.00214
0
0
0
0
