20 11
20 22
36 2
36 11
36 24
36 19
36 37
37 36
21 2
21 13
21 27
38 19
38 26
38 33
38 39
38 41
38 42
38 43
49 40
49 50
22 11
22 20
2 4
2 6
2 13
2 18
2 19
2 21
2 27
2 36
23 3
50 49
50 47
50 54
50 56
24 18
25 19
3 2
3 5
3 8
3 11
3 15
3 23
3 26
3 29
4 2
4 6
4 12
4 14
4 16
4 18
4 32
26 3
26 38
51 48
51 52
52 48
52 51
5 3
5 7
5 8
5 9
5 10
5 15
5 17
6 3
6 4
6 2
6 31
7 5
27 2
27 21
39 38
39 44
39 45
39 46
39 47
39 53
8 5
8 3
8 30
28 7
40 49
53 39
53 46
53 44
53 55
54 50
54 56
55 38
55 53
9 5
29 3
29 26
56 50
56 54
30 8
41 38
42 38
31 6
10 5
10 4
43 38
11 3
11 20
11 22
32 16
32 4
12 4
44 39
44 45
44 46
13 2
13 21
14 4
14 16
15 5
15 7
15 3
45 44
45 39
33 34
34 33
57 58
46 39
46 44
46 47
58 57
16 4
16 14
16 32
17 5
17 9
47 39
47 44
47 46
47 50
18 2
18 4
18 24
19 2
19 10
19 25
19 36
48 42
48 51
48 52
