59
147
20 11 0.111111
20 22 0.25
36 2 0.04
36 11 0.111111
36 24 0.2
36 19 0.111111
36 37 0.5
37 36 0.1
21 2 0.04
21 13 0.25
21 27 0.25
38 19 0.111111
38 26 0.2
38 33 0.2
38 39 0.0833333
38 41 0.5
38 42 0.333333
38 43 0.25
49 40 0.2
49 50 0.1
22 11 0.111111
22 20 0.25
2 4 0.0666667
2 6 0.142857
2 13 0.25
2 18 0.142857
2 19 0.111111
2 21 0.166667
2 27 0.25
2 36 0.1
23 3 0.0526316
50 49 0.25
50 47 0.142857
50 54 0.25
50 56 0.25
24 18 0.142857
25 19 0.111111
3 2 0.04
3 5 0.0625
3 8 0.142857
3 11 0.111111
3 15 0.142857
3 23 0.5
3 26 0.2
3 29 0.333333
4 2 0.04
4 6 0.142857
4 12 0.5
4 14 0.25
4 16 0.166667
4 18 0.142857
4 32 0.25
26 3 0.0526316
26 38 0.047619
51 48 0.166667
51 52 0.25
52 48 0.166667
52 51 0.25
5 3 0.0526316
5 7 0.166667
5 8 0.142857
5 9 0.25
5 10 0.25
5 15 0.142857
5 17 0.333333
6 3 0.0526316
6 4 0.0666667
6 2 0.04
6 31 0.5
7 5 0.0625
27 2 0.04
27 21 0.166667
39 38 0.047619
39 44 0.125
39 45 0.25
39 46 0.142857
39 47 0.142857
39 53 0.166667
8 5 0.0625
8 3 0.0526316
8 30 0.5
28 7 0.166667
40 49 0.25
53 39 0.0833333
53 46 0.142857
53 44 0.125
53 55 0.333333
54 50 0.1
54 56 0.25
55 38 0.047619
55 53 0.166667
9 5 0.0625
29 3 0.0526316
29 26 0.2
56 50 0.1
56 54 0.25
30 8 0.142857
41 38 0.047619
42 38 0.047619
31 6 0.142857
10 5 0.0625
10 4 0.0666667
43 38 0.047619
11 3 0.0526316
11 20 0.25
11 22 0.25
32 16 0.166667
32 4 0.0666667
12 4 0.0666667
44 39 0.0833333
44 45 0.25
44 46 0.142857
13 2 0.04
13 21 0.166667
14 4 0.0666667
14 16 0.166667
15 5 0.0625
15 7 0.166667
15 3 0.0526316
45 44 0.125
45 39 0.0833333
33 34 0.5
34 33 0.2
57 58 0.5
46 39 0.0833333
46 44 0.125
46 47 0.142857
58 57 0.25
16 4 0.0666667
16 14 0.25
16 32 0.25
17 5 0.0625
17 9 0.25
47 39 0.0833333
47 44 0.125
47 46 0.142857
47 50 0.1
18 2 0.04
18 4 0.0666667
18 24 0.2
19 2 0.04
19 10 0.25
19 25 0.5
19 36 0.1
48 42 0.333333
48 51 0.25
48 52 0.25
