0 1
0 2
0 237
1 0
1 2
1 5
2 0
2 1
2 3
2 4
2 9
3 2
4 2
5 1
5 6
5 7
5 8
6 5
7 5
8 5
9 0
9 2
9 7
9 6
9 10
9 15
9 20
9 25
9 28
9 48
9 54
9 59
9 90
9 110
10 9
10 11
10 16
10 41
10 56
10 63
10 65
10 93
10 100
11 10
11 12
11 14
11 17
11 24
11 75
11 86
11 101
11 103
11 107
12 11
12 26
12 29
12 86
12 101
12 107
13 18
13 23
13 34
13 37
13 77
14 11
14 42
14 53
15 10
15 9
15 55
15 61
15 66
15 75
16 10
16 21
16 57
16 82
16 106
17 11
17 12
17 32
17 75
18 13
18 19
18 36
18 51
18 91
18 92
18 102
18 226
19 18
19 30
19 31
19 34
19 83
19 226
20 9
20 22
20 39
20 44
20 45
20 67
21 16
21 78
22 20
22 35
22 67
22 68
23 13
23 37
24 11
24 17
24 14
24 28
24 38
24 40
24 47
24 48
25 9
26 12
26 17
26 11
27 16
27 57
28 24
28 9
29 11
29 17
29 12
29 32
29 73
29 74
29 76
29 81
29 99
30 19
30 77
30 83
30 94
30 102
31 30
31 19
31 21
31 71
31 72
32 29
32 17
33 12
33 17
33 11
33 103
34 13
34 19
34 21
34 85
34 96
35 22
35 68
36 18
36 62
36 77
36 79
36 89
37 13
37 23
37 49
38 24
39 20
39 28
39 15
39 50
39 58
39 60
40 24
40 48
41 10
42 14
42 46
42 88
43 9
44 20
44 39
44 50
44 109
45 44
45 20
45 84
46 13
46 42
46 32
46 14
46 64
46 87
46 108
47 24
47 40
48 9
48 40
48 24
48 80
48 104
49 37
50 39
50 44
50 52
51 18
52 50
52 67
53 14
54 9
55 15
55 75
56 41
56 10
56 110
57 16
57 27
58 39
58 60
59 9
60 39
60 58
61 15
61 66
62 36
62 79
63 10
63 56
63 41
64 46
64 87
64 108
65 57
65 16
65 10
65 27
65 69
65 70
66 15
66 61
67 22
67 20
67 52
67 50
68 22
68 35
69 65
69 70
70 65
70 69
71 31
72 31
73 29
74 29
75 15
75 55
75 11
75 17
76 75
76 29
77 30
77 62
77 36
77 13
78 21
78 18
79 62
79 36
79 89
80 48
80 97
81 29
81 99
82 16
82 106
83 19
83 30
84 45
85 34
85 96
86 11
86 12
87 64
87 46
88 42
88 53
88 14
89 36
89 62
89 79
90 9
91 18
92 18
92 102
93 10
93 41
93 56
94 30
94 19
94 83
95 71
95 31
96 34
96 85
97 48
97 80
97 104
98 38
98 24
98 47
98 40
99 81
99 29
100 10
100 41
101 12
101 11
101 103
102 92
102 30
102 49
102 18
103 12
103 11
103 33
103 101
103 110
104 97
104 48
105 54
105 9
106 16
106 57
106 82
107 11
107 12
107 32
107 103
108 46
108 64
108 130
109 44
110 103
110 58
110 9
110 56
110 111
110 112
111 110
111 113
111 114
111 116
112 110
112 115
112 117
113 111
113 114
114 113
114 111
114 118
115 112
116 111
117 112
118 114
120 121
120 123
121 120
123 120
123 124
123 126
123 127
124 123
124 125
125 124
125 127
126 123
127 123
127 125
128 127
129 123
129 120
130 108
130 30
130 11
130 131
130 132
130 133
130 134
131 130
131 132
131 133
131 134
132 130
132 131
133 130
133 131
134 70
134 87
134 131
134 130
134 135
135 134
136 139
136 150
136 157
136 162
136 184
136 210
137 138
137 196
138 137
138 162
138 206
139 136
139 140
139 142
139 153
139 154
139 198
139 211
139 226
140 139
140 142
140 196
140 226
141 137
141 146
141 158
141 159
141 181
141 193
142 139
142 140
142 144
142 145
142 155
142 185
142 189
143 136
143 156
143 176
143 194
144 142
144 145
144 149
144 185
144 189
145 142
145 144
145 147
145 148
145 152
145 154
145 170
146 141
146 181
147 145
147 148
147 154
147 172
147 197
148 147
148 145
148 152
148 170
149 144
149 142
149 151
149 168
149 207
149 212
150 136
150 162
150 163
151 149
151 170
151 207
152 145
152 148
152 170
152 197
153 139
153 188
153 191
153 203
154 139
154 152
154 147
154 145
154 164
154 165
154 182
154 190
154 195
155 142
155 144
155 189
156 143
156 167
157 136
157 184
158 141
158 138
158 161
158 171
159 141
159 146
159 193
160 166
160 174
160 179
161 158
162 139
162 136
162 150
162 138
162 153
162 178
162 187
162 192
163 150
164 154
164 182
164 190
165 164
165 154
165 167
165 177
165 182
165 190
165 195
166 160
167 156
167 165
167 154
167 150
167 200
168 149
168 151
168 212
169 156
169 143
169 180
170 152
170 145
170 151
170 148
170 186
170 205
170 237
171 137
171 158
172 152
172 145
172 147
173 170
173 186
174 160
174 166
174 176
175 165
175 164
175 154
176 143
176 156
176 174
176 183
176 201
177 165
177 175
177 164
177 154
177 182
178 162
178 187
178 192
179 160
180 174
180 169
180 215
181 146
181 141
182 165
182 177
182 164
182 154
182 195
183 176
183 201
183 204
183 213
184 136
184 157
184 211
185 142
185 144
186 170
186 173
186 202
187 178
187 162
188 153
188 208
189 142
189 155
189 144
190 156
190 154
190 177
190 165
190 164
190 209
191 188
191 153
191 203
192 162
192 178
193 141
193 159
193 146
194 150
194 143
194 156
194 163
194 204
194 210
195 154
195 182
195 165
195 177
196 140
196 137
196 144
196 139
196 214
197 152
197 147
197 145
197 172
197 199
198 139
198 140
199 197
200 167
201 183
201 176
202 170
202 186
203 153
203 191
203 208
204 183
204 166
204 160
204 194
205 170
205 202
206 138
207 168
207 151
207 149
207 212
208 188
208 153
208 203
209 190
210 136
210 194
211 136
211 139
211 184
211 162
212 207
212 168
212 149
213 176
213 183
214 196
214 226
215 180
217 219
218 220
218 221
218 224
219 217
220 218
220 223
221 218
221 222
221 224
222 221
223 220
224 218
224 221
226 139
226 19
226 18
226 214
226 140
226 227
226 234
227 226
227 228
228 227
228 229
228 230
228 231
228 232
228 234
229 228
229 233
230 228
230 236
231 228
231 230
231 233
231 235
231 237
232 228
233 231
233 229
234 226
234 228
234 235
235 231
235 234
236 230
237 170
237 231
237 24
237 0
237 232
237 238
237 239
237 242
238 237
239 237
239 240
239 241
239 243
240 239
240 244
241 239
241 242
242 241
242 237
242 239
243 241
243 239
243 244
244 240
244 243
