0.277851
0.071884
0.129084
0.064688
0.064531
0.047242
0.205369
0.20539
0.02331
1
1
0.132329
0.056842
0.06021
0.103461
0.071615
0.093607
0.133547
1
0.161543
0.063395
0.181862
0.005498
0.016995
1
0.500115
0.014345
0.034858
0.362391
1
0.185986
1
0.191071
0.00516
0.02442
0.000879
0.10415
0.010163
0.334109
0.007729
0.193952
0.291888
0.017509
0
0.007744
0.012846
0.021519
0.251004
0.186595
0.028789
0.003307
0.499808
0.003061
0.021397
0.33347
0.022708
0.200493
0.03131
0.016491
0.500905
0.005628
0.021197
0.030585
0.251106
0.034208
0.115164
0.021268
0.00978
0.00105
0.03869
0.049966
0.333529
0.500163
0.500486
0.499972
0.066542
0.33353
0.048612
0.060707
0.024003
0.048572
0.297364
0.027009
0.073886
0.006363
0.007346
0.045714
0.03276
0.004339
0.024252
0.500036
0.334108
0.281005
0.166925
0.046485
0
0.007296
0.018289
0
0.297717
0.334158
0.034101
0.194492
0.026039
0.04889
0
0.022632
0.030991
0.167473
0.003929
0.074954
0.007517
0.008355
0.001359
0.001082
0.004186
0.003774
0.004155
0.000528
0
0
0
0
0
0
0
0
0
0
0
1
0.189973
0.281608
0.28127
0.117293
0.058739
0.071969
0.108689
0.17248
0.092547
0.022354
1
0.012343
0.125939
0.010266
0.084499
0.261652
0.111696
0.045941
0.002027
0.275721
0.010407
0.11943
0.10931
1
0.003083
0.153644
0.020962
0.143137
0.233167
0.023275
0.071419
1
0.387756
0.136356
0.101894
0.046704
0.031688
0.000711
0
0.071466
0.047804
0.027275
0.004333
0.006225
0.013996
0.015503
0.055749
0.23516
0.00776
0
0.293414
0.135914
0.018391
0.017061
0.00537
0.012743
0.28925
0.026653
0.003958
0.120639
0.024996
0.289363
0.233448
1
0.167876
0.019843
0.028254
0.018517
0.014093
0.015812
0.008079
0.008706
0.022146
0.166947
0.023764
0.086374
0.001772
0.0094
0.060687
0.262128
0.017962
0.000707
0.00608
0.033008
0
0
0
0
0
0
0
0
0
0
0
0.117074
0.270027
1
0.260511
0.235835
0.221306
0.555722
0.113344
0.189179
0.098091
0.118213
1
0.500141
0.135394
0.035286
0.069031
0.205001
0.028668
0.015072
