245
752
0 1 0.166667
0 2 0.1
0 237 0.0714286
1 0 0.142857
1 2 0.1
1 5 0.1
2 0 0.142857
2 1 0.166667
2 3 0.5
2 4 0.5
2 9 0.030303
3 2 0.1
4 2 0.1
5 1 0.166667
5 6 0.2
5 7 0.2
5 8 0.5
6 5 0.1
7 5 0.1
8 5 0.1
9 0 0.142857
9 2 0.1
9 7 0.2
9 6 0.2
9 10 0.0454545
9 15 0.0666667
9 20 0.0625
9 25 0.5
9 28 0.2
9 48 0.0909091
9 54 0.333333
9 59 0.5
9 90 0.5
9 110 0.0625
10 9 0.030303
10 11 0.03125
10 16 0.0714286
10 41 0.166667
10 56 0.142857
10 63 0.25
10 65 0.111111
10 93 0.166667
10 100 0.333333
11 10 0.0454545
11 12 0.0416667
11 14 0.0909091
11 17 0.0588235
11 24 0.0625
11 75 0.1
11 86 0.25
11 101 0.166667
11 103 0.1
11 107 0.166667
12 11 0.03125
12 26 0.25
12 29 0.0526316
12 86 0.25
12 101 0.166667
12 107 0.166667
13 18 0.05
13 23 0.25
13 34 0.111111
13 37 0.1
13 77 0.142857
14 11 0.03125
14 42 0.142857
14 53 0.2
15 10 0.0454545
15 9 0.030303
15 55 0.166667
15 61 0.25
15 66 0.25
15 75 0.1
16 10 0.0454545
16 21 0.166667
16 57 0.125
16 82 0.25
16 106 0.2
17 11 0.03125
17 12 0.0416667
17 32 0.166667
17 75 0.1
18 13 0.0555556
18 19 0.0714286
18 36 0.1
18 51 0.5
18 91 0.333333
18 92 0.25
18 102 0.142857
18 226 0.0714286
19 18 0.05
19 30 0.0833333
19 31 0.111111
19 34 0.111111
19 83 0.2
19 226 0.0714286
20 9 0.030303
20 22 0.0769231
20 39 0.0833333
20 44 0.1
20 45 0.2
20 67 0.142857
21 16 0.0714286
21 78 0.333333
22 20 0.0625
22 35 0.142857
22 67 0.142857
22 68 0.166667
23 13 0.0555556
23 37 0.1
24 11 0.03125
24 17 0.0588235
24 14 0.0909091
24 28 0.2
24 38 0.333333
24 40 0.142857
24 47 0.25
24 48 0.0909091
25 9 0.030303
26 12 0.0416667
26 17 0.0588235
26 11 0.03125
27 16 0.0714286
27 57 0.125
28 24 0.0625
28 9 0.030303
29 11 0.03125
29 17 0.0588235
29 12 0.0416667
29 32 0.166667
29 73 0.5
29 74 0.5
29 76 0.333333
29 81 0.25
29 99 0.25
30 19 0.0714286
30 77 0.142857
30 83 0.2
30 94 0.25
30 102 0.142857
31 30 0.0833333
31 19 0.0714286
31 21 0.166667
31 71 0.333333
31 72 0.5
32 29 0.0526316
32 17 0.0588235
33 12 0.0416667
33 17 0.0588235
33 11 0.03125
33 103 0.1
34 13 0.0555556
34 19 0.0714286
34 21 0.166667
34 85 0.25
34 96 0.25
35 22 0.0769231
35 68 0.166667
36 18 0.05
36 62 0.166667
36 77 0.142857
36 79 0.166667
36 89 0.2
37 13 0.0555556
37 23 0.25
37 49 0.142857
38 24 0.0625
39 20 0.0625
39 28 0.2
39 15 0.0666667
39 50 0.125
39 58 0.2
39 60 0.25
40 24 0.0625
40 48 0.0909091
41 10 0.0454545
42 14 0.0909091
42 46 0.0909091
42 88 0.25
43 9 0.030303
44 20 0.0625
44 39 0.0833333
44 50 0.125
44 109 0.5
45 44 0.1
45 20 0.0625
45 84 0.5
46 13 0.0555556
46 42 0.142857
46 32 0.166667
46 14 0.0909091
46 64 0.166667
46 87 0.2
46 108 0.166667
47 24 0.0625
47 40 0.142857
48 9 0.030303
48 40 0.142857
48 24 0.0625
48 80 0.25
48 104 0.25
49 37 0.1
50 39 0.0833333
50 44 0.1
50 52 0.25
51 18 0.05
52 50 0.125
52 67 0.142857
53 14 0.0909091
54 9 0.030303
55 15 0.0666667
55 75 0.1
56 41 0.166667
56 10 0.0454545
56 110 0.0625
57 16 0.0714286
57 27 0.25
58 39 0.0833333
58 60 0.25
59 9 0.030303
60 39 0.0833333
60 58 0.2
61 15 0.0666667
61 66 0.25
62 36 0.1
62 79 0.166667
63 10 0.0454545
63 56 0.142857
63 41 0.166667
64 46 0.0909091
64 87 0.2
64 108 0.166667
65 57 0.125
65 16 0.0714286
65 10 0.0454545
65 27 0.25
65 69 0.25
65 70 0.2
66 15 0.0666667
66 61 0.25
67 22 0.0769231
67 20 0.0625
67 52 0.25
67 50 0.125
68 22 0.0769231
68 35 0.142857
69 65 0.111111
69 70 0.2
70 65 0.111111
70 69 0.25
71 31 0.111111
72 31 0.111111
73 29 0.0526316
74 29 0.0526316
75 15 0.0666667
75 55 0.166667
75 11 0.03125
75 17 0.0588235
76 75 0.1
76 29 0.0526316
77 30 0.0833333
77 62 0.166667
77 36 0.1
77 13 0.0555556
78 21 0.166667
78 18 0.05
79 62 0.166667
79 36 0.1
79 89 0.2
80 48 0.0909091
80 97 0.2
81 29 0.0526316
81 99 0.25
82 16 0.0714286
82 106 0.2
83 19 0.0714286
83 30 0.0833333
84 45 0.2
85 34 0.111111
85 96 0.25
86 11 0.03125
86 12 0.0416667
87 64 0.166667
87 46 0.0909091
88 42 0.142857
88 53 0.2
88 14 0.0909091
89 36 0.1
89 62 0.166667
89 79 0.166667
90 9 0.030303
91 18 0.05
92 18 0.05
92 102 0.142857
93 10 0.0454545
93 41 0.166667
93 56 0.142857
94 30 0.0833333
94 19 0.0714286
94 83 0.2
95 71 0.333333
95 31 0.111111
96 34 0.111111
96 85 0.25
97 48 0.0909091
97 80 0.25
97 104 0.25
98 38 0.333333
98 24 0.0625
98 47 0.25
98 40 0.142857
99 81 0.25
99 29 0.0526316
100 10 0.0454545
100 41 0.166667
101 12 0.0416667
101 11 0.03125
101 103 0.1
102 92 0.25
102 30 0.0833333
102 49 0.142857
102 18 0.05
103 12 0.0416667
103 11 0.03125
103 33 0.2
103 101 0.166667
103 110 0.0625
104 97 0.2
104 48 0.0909091
105 54 0.333333
105 9 0.030303
106 16 0.0714286
106 57 0.125
106 82 0.25
107 11 0.03125
107 12 0.0416667
107 32 0.166667
107 103 0.1
108 46 0.0909091
108 64 0.166667
108 130 0.0588235
109 44 0.1
110 103 0.1
110 58 0.2
110 9 0.030303
110 56 0.142857
110 111 0.1
110 112 0.111111
111 110 0.0625
111 113 0.166667
111 114 0.125
111 116 0.5
112 110 0.0625
112 115 0.5
112 117 0.5
113 111 0.1
113 114 0.125
114 113 0.166667
114 111 0.1
114 118 0.5
115 112 0.111111
116 111 0.1
117 112 0.111111
118 114 0.125
120 121 0.5
120 123 0.111111
121 120 0.0909091
123 120 0.0909091
123 124 0.166667
123 126 0.5
123 127 0.2
124 123 0.111111
124 125 0.25
125 124 0.166667
125 127 0.2
126 123 0.111111
127 123 0.111111
127 125 0.25
128 127 0.2
129 123 0.111111
129 120 0.0909091
130 108 0.166667
130 30 0.0833333
130 11 0.03125
130 131 0.125
130 132 0.25
130 133 0.25
130 134 0.1
131 130 0.0588235
131 132 0.25
131 133 0.25
131 134 0.1
132 130 0.0588235
132 131 0.125
133 130 0.0588235
133 131 0.125
134 70 0.2
134 87 0.2
134 131 0.125
134 130 0.0588235
134 135 0.5
135 134 0.1
136 139 0.04
136 150 0.125
136 157 0.25
136 162 0.0666667
136 184 0.166667
136 210 0.25
137 138 0.142857
137 196 0.125
138 137 0.0909091
138 162 0.0666667
138 206 0.5
139 136 0.0416667
139 140 0.0909091
139 142 0.0588235
139 153 0.1
139 154 0.0454545
139 198 0.2
139 211 0.166667
139 226 0.0714286
140 139 0.04
140 142 0.0588235
140 196 0.125
140 226 0.0714286
141 137 0.0909091
141 146 0.166667
141 158 0.142857
141 159 0.2
141 181 0.25
141 193 0.2
142 139 0.04
142 140 0.0909091
142 144 0.0833333
142 145 0.0625
142 155 0.2
142 185 0.25
142 189 0.166667
143 136 0.0416667
143 156 0.125
143 176 0.1
143 194 0.0769231
144 142 0.0588235
144 145 0.0625
144 149 0.0909091
144 185 0.25
144 189 0.166667
145 142 0.0588235
145 144 0.0833333
145 147 0.1
145 148 0.125
145 152 0.1
145 154 0.0454545
145 170 0.0588235
146 141 0.0666667
146 181 0.25
147 145 0.0625
147 148 0.125
147 154 0.0454545
147 172 0.2
147 197 0.125
148 147 0.1
148 145 0.0625
148 152 0.1
148 170 0.0588235
149 144 0.0833333
149 142 0.0588235
149 151 0.142857
149 168 0.166667
149 207 0.142857
149 212 0.166667
150 136 0.0416667
150 162 0.0666667
150 163 0.333333
151 149 0.0909091
151 170 0.0588235
151 207 0.142857
152 145 0.0625
152 148 0.125
152 170 0.0588235
152 197 0.125
153 139 0.04
153 188 0.2
153 191 0.2
153 203 0.166667
154 139 0.04
154 152 0.1
154 147 0.1
154 145 0.0625
154 164 0.1
154 165 0.0714286
154 182 0.1
154 190 0.1
154 195 0.142857
155 142 0.0588235
155 144 0.0833333
155 189 0.166667
156 143 0.111111
156 167 0.125
157 136 0.0416667
157 184 0.166667
158 141 0.0666667
158 138 0.142857
158 161 0.5
158 171 0.333333
159 141 0.0666667
159 146 0.166667
159 193 0.2
160 166 0.25
160 174 0.166667
160 179 0.333333
161 158 0.142857
162 139 0.04
162 136 0.0416667
162 150 0.125
162 138 0.142857
162 153 0.1
162 178 0.166667
162 187 0.25
162 192 0.25
163 150 0.125
164 154 0.0454545
164 182 0.1
164 190 0.1
165 164 0.1
165 154 0.0454545
165 167 0.125
165 177 0.111111
165 182 0.1
165 190 0.1
165 195 0.142857
166 160 0.111111
167 156 0.125
167 165 0.0714286
167 154 0.0454545
167 150 0.125
167 200 0.5
168 149 0.0909091
168 151 0.142857
168 212 0.166667
169 156 0.125
169 143 0.111111
169 180 0.142857
170 152 0.1
170 145 0.0625
170 151 0.142857
170 148 0.125
170 186 0.166667
170 205 0.333333
170 237 0.0714286
171 137 0.0909091
171 158 0.142857
172 152 0.1
172 145 0.0625
172 147 0.1
173 170 0.0588235
173 186 0.166667
174 160 0.111111
174 166 0.25
174 176 0.1
175 165 0.0714286
175 164 0.1
175 154 0.0454545
176 143 0.111111
176 156 0.125
176 174 0.166667
176 183 0.1
176 201 0.25
177 165 0.0714286
177 175 0.25
177 164 0.1
177 154 0.0454545
177 182 0.1
178 162 0.0666667
178 187 0.25
178 192 0.25
179 160 0.111111
180 174 0.166667
180 169 0.111111
180 215 0.5
181 146 0.166667
181 141 0.0666667
182 165 0.0714286
182 177 0.111111
182 164 0.1
182 154 0.0454545
182 195 0.142857
183 176 0.1
183 201 0.25
183 204 0.166667
183 213 0.333333
184 136 0.0416667
184 157 0.25
184 211 0.166667
185 142 0.0588235
185 144 0.0833333
186 170 0.0588235
186 173 0.333333
186 202 0.25
187 178 0.166667
187 162 0.0666667
188 153 0.1
188 208 0.2
189 142 0.0588235
189 155 0.2
189 144 0.0833333
190 156 0.125
190 154 0.0454545
190 177 0.111111
190 165 0.0714286
190 164 0.1
190 209 0.5
191 188 0.2
191 153 0.1
191 203 0.166667
192 162 0.0666667
192 178 0.166667
193 141 0.0666667
193 159 0.2
193 146 0.166667
194 150 0.125
194 143 0.111111
194 156 0.125
194 163 0.333333
194 204 0.166667
194 210 0.25
195 154 0.0454545
195 182 0.1
195 165 0.0714286
195 177 0.111111
196 140 0.0909091
196 137 0.0909091
196 144 0.0833333
196 139 0.04
196 214 0.25
197 152 0.1
197 147 0.1
197 145 0.0625
197 172 0.2
197 199 0.5
198 139 0.04
198 140 0.0909091
199 197 0.125
200 167 0.125
201 183 0.1
201 176 0.1
202 170 0.0588235
202 186 0.166667
203 153 0.1
203 191 0.2
203 208 0.2
204 183 0.1
204 166 0.25
204 160 0.111111
204 194 0.0769231
205 170 0.0588235
205 202 0.25
206 138 0.142857
207 168 0.166667
207 151 0.142857
207 149 0.0909091
207 212 0.166667
208 188 0.2
208 153 0.1
208 203 0.166667
209 190 0.1
210 136 0.0416667
210 194 0.0769231
211 136 0.0416667
211 139 0.04
211 184 0.166667
211 162 0.0666667
212 207 0.142857
212 168 0.166667
212 149 0.0909091
213 176 0.1
213 183 0.1
214 196 0.125
214 226 0.0714286
215 180 0.142857
217 219 0.5
218 220 0.166667
218 221 0.166667
218 224 0.25
219 217 0.25
220 218 0.0714286
220 223 0.333333
221 218 0.0714286
221 222 0.5
221 224 0.25
222 221 0.166667
223 220 0.166667
224 218 0.0714286
224 221 0.166667
226 139 0.04
226 19 0.0714286
226 18 0.05
226 214 0.25
226 140 0.0909091
226 227 0.25
226 234 0.166667
227 226 0.0714286
227 228 0.0833333
228 227 0.25
228 229 0.25
228 230 0.2
228 231 0.111111
228 232 0.333333
228 234 0.166667
229 228 0.0833333
229 233 0.25
230 228 0.0833333
230 236 0.5
231 228 0.0833333
231 230 0.2
231 233 0.25
231 235 0.25
231 237 0.0714286
232 228 0.0833333
233 231 0.111111
233 229 0.25
234 226 0.0714286
234 228 0.0833333
234 235 0.25
235 231 0.111111
235 234 0.166667
236 230 0.2
237 170 0.0588235
237 231 0.111111
237 24 0.0625
237 0 0.142857
237 232 0.333333
237 238 0.5
237 239 0.111111
237 242 0.2
238 237 0.0714286
239 237 0.0714286
239 240 0.25
239 241 0.2
239 243 0.2
240 239 0.111111
240 244 0.25
241 239 0.111111
241 242 0.2
242 241 0.2
242 237 0.0714286
242 239 0.111111
243 241 0.2
243 239 0.111111
243 244 0.25
244 240 0.25
244 243 0.2
