0 1
0 2
0 3
1 0
1 3
2 0
2 1
2 5
3 0
3 1
3 4
4 3
5 464
5 2
5 6
5 7
5 9
5 263
5 12
6 9
6 11
6 5
7 8
7 5
8 7
9 10
9 11
9 5
9 6
10 9
11 9
11 10
11 6
12 98
12 5
12 102
12 7
12 9
12 39
12 109
12 13
12 14
12 15
12 48
12 17
12 82
12 19
12 20
12 21
12 26
12 93
12 126
13 16
13 49
13 23
13 64
13 57
13 160
13 12
13 46
14 112
14 27
14 12
15 40
15 12
15 142
15 191
16 64
16 160
16 194
16 68
16 70
16 119
16 168
16 74
16 13
16 45
17 136
17 130
17 86
17 151
17 24
17 12
17 28
17 47
18 65
18 67
18 60
18 107
18 12
18 173
18 110
18 175
18 50
18 55
18 25
18 92
19 113
19 195
19 84
19 22
19 102
19 12
19 30
19 479
20 32
20 48
20 100
20 183
20 27
20 12
21 36
21 127
21 12
21 95
21 44
21 29
21 31
22 81
22 19
22 53
22 214
22 135
22 30
22 263
22 44
22 78
22 62
23 56
23 49
23 148
23 13
23 222
24 17
24 20
24 37
24 33
24 12
24 14
25 18
25 165
25 54
25 58
25 210
25 30
25 15
26 66
26 137
26 170
26 172
26 12
26 111
26 82
26 73
26 127
26 220
26 221
26 191
27 128
27 163
27 34
27 35
27 20
27 147
27 198
27 71
27 42
27 14
28 72
28 17
28 184
28 12
28 38
29 21
30 33
30 19
30 22
30 217
30 200
30 25
30 156
31 21
32 20
33 88
33 18
33 30
33 24
33 200
33 158
34 128
34 147
34 164
34 163
34 198
34 27
34 223
35 27
36 43
36 60
36 21
36 118
36 31
37 24
37 145
37 59
37 177
38 48
38 197
38 41
38 42
38 28
38 106
39 12
39 29
40 15
41 48
41 94
41 38
42 34
42 20
42 38
42 71
42 27
42 140
43 114
43 99
43 36
43 149
43 139
43 61
43 63
44 208
44 21
44 22
44 154
44 31
44 189
44 159
45 16
45 76
45 13
46 96
46 192
46 66
46 52
46 117
46 166
46 481
46 13
46 190
47 17
47 132
47 24
47 108
47 27
47 28
48 20
48 38
48 104
48 41
48 42
48 75
48 12
49 13
49 23
50 25
50 18
50 91
50 212
50 157
51 13
52 16
52 49
52 116
52 85
52 64
52 117
52 125
52 46
52 95
53 82
53 22
53 135
54 25
54 203
55 18
55 67
55 85
55 182
55 213
56 45
56 23
57 169
57 13
57 69
58 25
58 218
58 123
58 77
58 30
59 177
59 186
59 37
60 80
60 18
60 36
60 130
60 118
61 43
61 63
62 81
62 53
62 22
62 135
63 136
63 17
63 43
63 61
64 16
64 83
64 52
64 87
64 89
64 13
65 18
65 90
66 26
66 196
66 46
66 199
67 65
67 18
67 55
68 16
69 176
69 57
70 16
70 160
70 74
70 204
71 42
71 27
71 86
72 28
73 220
73 26
73 172
73 170
73 111
74 16
74 124
74 205
74 70
75 48
75 104
75 256
75 143
76 45
77 58
77 123
77 218
78 82
78 62
78 22
79 35
79 34
79 27
79 164
79 198
80 60
81 105
81 180
81 22
81 62
81 101
82 146
82 53
82 22
82 263
82 120
82 26
82 12
82 78
83 64
83 97
83 116
84 178
84 19
84 195
85 89
85 52
85 117
85 55
86 32
86 17
86 34
86 155
86 103
86 161
86 209
86 71
87 64
88 33
88 158
89 64
89 129
89 116
89 85
90 65
91 50
91 212
91 182
92 18
93 98
93 171
93 12
93 261
94 41
94 197
94 38
95 115
95 67
95 52
95 21
95 182
96 46
97 83
98 171
98 12
98 93
98 109
99 43
99 61
100 19
100 121
100 27
100 20
101 81
102 188
102 114
102 19
102 12
102 133
103 134
103 86
104 48
104 122
104 75
105 81
105 179
105 201
105 153
105 23
105 492
106 197
106 38
107 18
107 149
107 175
108 47
109 98
109 12
110 18
110 107
111 73
111 26
111 170
111 167
112 14
113 178
113 19
114 43
114 99
114 29
114 102
115 95
116 89
116 83
116 52
116 185
117 138
117 52
117 85
117 46
118 60
118 36
118 52
119 16
120 82
120 101
120 141
121 100
122 104
122 48
123 218
123 58
123 77
124 74
124 205
125 52
125 461
126 98
126 12
127 162
127 21
127 199
127 73
127 26
127 206
127 111
128 152
128 34
128 27
129 89
130 17
130 60
130 150
130 479
131 74
131 219
131 180
131 21
131 95
132 207
132 47
133 188
133 102
134 103
135 214
135 178
135 62
135 53
135 22
136 17
136 63
137 73
137 26
137 172
138 117
139 136
139 99
139 43
139 61
139 211
140 144
140 42
141 120
142 191
142 15
143 48
143 75
144 181
144 24
144 42
144 59
144 140
144 238
144 479
145 186
145 59
145 37
146 82
147 128
147 34
147 27
148 23
149 107
149 65
149 43
150 130
151 17
152 128
152 27
152 147
153 105
153 52
153 118
153 81
154 44
155 86
156 178
156 30
157 50
157 91
158 88
158 33
159 154
159 44
160 16
160 190
160 13
160 70
160 174
161 17
161 86
161 151
162 127
163 34
163 27
163 164
164 181
164 34
164 27
164 163
164 79
165 25
165 55
166 192
166 481
166 190
166 46
167 73
167 26
167 172
167 220
167 111
168 16
168 194
168 70
168 119
169 57
169 69
170 73
170 26
170 111
171 98
171 12
171 93
172 137
172 26
172 167
172 73
173 18
173 107
173 492
174 160
175 18
175 107
176 57
176 69
177 145
177 59
177 37
178 113
178 84
178 135
178 216
178 193
178 187
178 156
178 30
179 105
180 81
180 131
180 44
181 144
181 164
182 95
182 91
182 52
182 55
183 32
183 20
183 238
184 72
184 28
185 52
185 116
185 49
186 145
186 59
186 37
187 178
188 133
188 102
189 154
189 44
190 160
190 166
190 46
190 215
191 26
191 142
191 15
192 166
192 46
193 178
193 187
194 16
194 168
195 19
195 84
196 66
197 106
197 94
197 38
198 27
198 34
198 35
198 79
199 66
199 127
199 190
199 31
200 33
200 50
200 91
200 30
201 105
201 179
202 81
203 54
204 16
204 70
205 74
205 124
206 162
206 127
207 132
208 154
208 44
209 86
210 25
211 139
212 50
212 91
212 157
213 55
214 53
214 22
214 135
215 190
216 178
216 43
216 150
217 156
217 30
218 58
218 123
218 77
219 131
220 167
220 137
220 73
220 26
220 221
220 111
221 26
221 220
221 111
222 148
222 23
223 224
223 225
223 34
223 100
223 86
223 59
223 12
223 226
224 234
224 227
224 237
224 223
225 234
225 230
225 223
226 223
227 224
227 233
227 235
227 228
227 229
228 232
228 236
228 227
228 235
228 231
229 233
229 227
230 225
230 234
231 228
231 237
232 228
233 227
233 229
234 224
234 225
234 237
234 230
234 223
235 227
235 228
236 228
237 224
237 234
237 231
238 144
238 163
238 20
238 243
238 183
238 255
238 239
239 240
239 241
239 242
239 261
239 246
239 250
239 238
240 243
240 253
240 239
241 248
241 254
241 239
242 253
242 239
243 240
243 244
243 245
243 238
244 243
244 251
244 238
244 247
245 243
246 243
246 252
246 245
246 239
247 243
247 244
248 464
248 241
248 249
249 248
249 241
250 239
251 244
251 238
252 246
253 240
253 242
254 241
255 238
256 257
256 34
256 75
256 245
256 186
256 27
257 256
257 258
258 257
258 259
258 461
259 258
259 260
260 259
261 48
261 100
261 262
261 188
261 93
261 239
262 261
263 339
263 327
263 203
263 5
263 455
263 273
263 264
263 330
263 267
263 269
263 271
263 272
263 81
263 82
263 291
263 308
263 22
263 376
263 381
264 411
264 295
264 265
264 266
264 263
264 333
264 366
264 397
264 305
264 307
264 313
264 271
265 264
265 289
265 274
265 442
265 439
266 449
266 306
266 264
266 298
266 299
266 268
267 386
267 356
267 263
267 296
267 375
267 270
267 335
268 290
268 331
268 297
268 266
268 299
268 346
268 274
268 414
269 272
269 336
269 416
269 437
269 263
270 296
270 267
270 335
271 388
271 263
271 264
271 425
271 464
271 273
271 275
271 277
271 278
271 279
271 312
271 281
271 282
271 286
272 337
272 355
272 292
272 263
272 372
272 479
272 269
272 431
273 385
273 450
273 323
273 294
273 263
273 271
273 276
273 377
273 280
273 409
273 410
273 283
273 380
274 384
274 438
274 265
274 394
274 331
274 268
274 285
274 365
275 314
275 307
275 302
275 271
276 273
276 362
276 283
276 309
277 433
277 343
277 419
277 271
278 320
278 391
278 358
278 342
278 271
279 424
279 271
280 416
280 273
280 322
280 339
280 293
280 321
280 407
280 284
280 382
281 400
281 401
281 386
281 271
282 271
283 304
283 273
283 276
283 277
283 353
283 340
283 334
284 272
284 432
284 402
284 311
284 280
284 429
284 318
284 351
285 274
285 359
285 421
285 287
286 354
286 357
286 277
286 295
286 344
286 266
286 363
286 271
287 448
287 377
287 331
287 285
287 451
288 434
288 387
288 277
289 265
289 443
290 297
290 268
290 361
291 338
291 371
291 263
291 275
291 459
291 300
292 272
292 454
292 326
292 281
292 282
292 348
292 334
293 280
293 392
293 407
294 273
294 378
294 412
294 341
295 264
295 364
295 286
296 267
296 350
296 317
296 270
296 303
297 290
297 315
297 310
297 379
297 345
297 442
297 299
297 268
297 285
298 266
299 440
299 297
299 266
299 268
300 304
300 265
300 291
300 286
301 281
301 278
302 275
303 360
303 373
303 390
303 296
303 316
303 461
304 324
304 283
304 300
304 325
304 369
305 264
305 411
306 297
306 266
306 333
307 306
307 275
307 264
307 428
307 286
307 367
308 263
309 276
310 297
310 346
310 379
311 432
311 402
311 284
311 429
311 318
312 388
312 271
313 264
313 411
314 328
314 275
314 302
315 297
315 379
316 360
316 461
316 373
316 390
316 303
317 296
317 272
318 272
318 284
318 311
319 400
319 281
320 342
320 278
321 293
321 398
321 280
321 395
321 382
321 351
322 280
322 321
322 395
322 406
323 273
323 396
323 441
324 304
324 289
324 329
325 304
325 369
326 292
327 376
327 381
327 263
328 314
329 291
329 324
329 423
330 455
330 263
331 352
331 274
331 374
331 268
331 332
331 287
332 331
333 264
333 306
333 346
334 420
334 348
334 283
334 292
335 267
335 349
335 270
335 447
336 269
337 272
338 324
338 291
338 300
339 280
339 416
339 294
339 263
340 283
341 294
342 320
342 393
342 358
342 278
343 419
343 277
344 354
344 286
345 297
345 315
345 285
345 445
346 370
346 310
346 297
346 394
346 268
346 333
347 341
347 294
348 329
348 292
348 334
349 447
349 335
350 296
350 267
350 317
351 456
351 321
351 383
351 284
351 311
352 331
353 348
353 283
353 324
354 344
354 286
355 272
356 267
356 403
356 389
357 286
358 320
358 393
358 278
358 342
359 285
359 421
360 404
360 431
360 316
360 303
361 290
361 268
362 276
363 286
364 295
365 274
365 452
365 405
365 396
365 331
365 412
366 264
366 338
367 307
367 428
367 435
368 281
368 386
368 401
369 304
369 329
369 371
369 325
369 423
370 346
371 369
371 291
371 300
372 272
373 316
373 303
374 331
374 413
374 343
375 267
376 263
376 341
376 294
376 327
377 273
377 426
377 287
378 294
379 297
379 315
379 310
380 273
380 450
380 385
381 327
381 263
382 280
382 321
382 395
383 456
383 351
384 274
385 273
385 450
385 380
385 409
386 368
386 401
386 389
386 375
386 281
386 267
387 288
388 312
388 282
388 271
389 386
389 356
390 316
390 461
390 303
391 288
391 430
391 278
391 358
391 415
392 280
392 321
392 293
393 320
393 417
393 342
393 358
393 278
394 346
394 274
394 399
395 321
395 322
395 407
395 280
395 408
395 382
396 323
396 331
396 365
397 264
397 305
397 411
398 392
398 321
398 322
399 394
400 281
400 319
401 368
401 281
401 386
401 454
402 284
402 311
403 356
404 360
404 444
404 453
405 365
406 321
406 322
406 436
406 280
406 457
406 395
406 402
407 280
407 395
407 293
407 398
408 280
408 321
408 395
409 273
409 385
410 273
410 351
410 383
411 264
411 313
411 397
411 305
412 285
412 365
412 294
412 341
413 374
414 290
414 268
415 430
415 391
416 280
416 339
416 269
417 320
417 393
417 358
418 290
418 266
418 414
418 295
419 425
419 427
419 277
419 433
419 343
420 334
421 285
421 359
422 301
423 329
423 326
423 369
424 279
425 282
425 419
425 277
425 271
426 377
427 419
427 277
428 307
428 367
429 323
429 284
429 374
429 311
430 391
430 460
430 415
431 272
431 360
432 284
432 311
433 419
433 277
434 288
435 307
435 428
435 367
436 457
436 406
437 336
437 269
438 274
439 265
439 442
439 446
440 299
441 323
442 265
442 315
442 297
442 439
443 304
443 289
443 458
443 325
443 449
444 404
445 345
445 346
445 274
446 439
447 349
447 335
448 287
449 298
449 443
449 266
450 385
450 380
450 273
451 448
451 287
452 365
453 404
454 401
454 292
454 334
454 279
455 330
455 263
456 351
456 383
457 436
457 406
458 443
459 291
460 415
460 430
460 391
461 481
461 258
461 390
461 316
461 125
461 462
461 303
462 461
462 463
463 462
464 465
464 371
464 5
464 471
464 248
464 467
464 271
465 464
465 473
465 466
465 469
466 464
466 465
466 468
466 472
466 477
467 464
467 476
467 471
468 466
468 477
468 470
469 465
470 468
471 464
471 473
471 467
471 478
471 475
472 466
472 474
473 465
473 471
474 472
475 473
475 471
476 467
477 466
477 468
478 471
479 144
479 272
479 130
479 19
479 480
479 195
480 479
481 482
481 166
481 23
481 461
481 46
481 13
482 481
482 483
482 484
482 485
483 488
483 482
484 482
484 491
485 482
485 486
485 487
486 489
486 482
486 485
487 490
487 482
487 485
487 486
488 483
489 486
490 487
491 484
492 272
492 496
492 146
492 6
492 105
492 495
492 173
492 494
492 493
493 497
493 492
494 498
494 492
495 499
495 492
496 492
497 493
498 494
499 495
