0 1
1 0
1 2
1 3
2 1
2 4
2 5
2 6
3 1
4 2
4 6
5 2
6 4
6 2
6 7
6 14
6 16
6 50
6 61
6 75
6 91
7 6
7 9
7 16
7 42
7 43
7 98
8 17
8 21
8 52
8 53
8 81
9 7
9 12
9 63
9 89
10 20
10 23
10 27
10 33
10 45
11 18
11 26
11 30
11 49
11 70
11 76
12 9
12 24
12 54
13 25
13 26
13 53
13 69
14 6
14 15
14 43
14 113
15 14
15 113
16 7
16 6
17 8
17 19
17 22
17 34
17 37
17 48
17 65
17 79
17 96
17 136
18 11
18 40
18 84
19 17
19 44
19 86
19 93
19 101
19 105
20 10
20 27
20 28
20 31
21 8
21 81
22 17
22 13
22 26
22 29
22 34
22 67
22 104
23 10
23 57
23 74
24 12
24 54
25 13
25 27
25 32
26 13
26 22
26 11
26 38
26 41
26 231
27 25
27 20
27 10
27 78
28 20
28 31
29 22
29 67
29 104
29 233
30 11
30 29
31 28
31 20
31 56
31 94
32 25
33 10
33 40
33 77
33 88
33 90
33 108
33 111
34 22
34 17
34 47
34 100
35 39
35 94
36 19
36 55
36 64
36 99
37 17
37 48
38 26
38 41
39 35
39 46
39 51
39 59
40 33
40 18
40 112
41 26
41 38
42 7
43 14
43 7
43 16
43 83
44 19
44 101
44 105
45 10
46 39
46 51
47 34
47 17
47 87
48 17
48 37
49 11
50 6
50 102
51 39
51 46
52 8
53 29
53 8
53 13
53 58
53 66
53 73
53 82
54 24
54 12
55 36
55 62
56 31
56 73
56 94
57 23
57 85
58 53
58 66
58 68
59 39
59 46
60 29
60 22
60 97
61 6
61 91
62 55
63 9
63 71
63 72
63 106
63 248
64 36
65 17
66 53
66 58
67 22
67 29
67 97
68 66
68 58
68 53
69 13
70 11
71 63
71 106
72 63
73 55
73 56
73 53
73 82
74 23
75 6
75 80
75 107
76 11
76 70
77 33
77 88
77 90
77 111
78 27
79 17
79 37
79 48
80 75
80 107
81 8
81 21
81 52
82 73
82 53
82 31
82 103
83 43
84 18
85 57
86 44
86 19
87 47
87 109
88 77
88 33
88 108
89 9
89 248
90 33
90 77
90 88
90 108
91 6
91 61
92 25
93 19
93 44
93 101
94 35
94 31
94 56
95 35
96 17
96 65
97 29
97 60
97 67
97 22
98 7
99 36
100 34
101 19
101 93
101 44
101 105
102 50
103 82
104 22
104 29
104 67
104 97
104 248
105 19
105 101
105 44
106 63
106 71
107 75
107 80
108 90
108 33
108 88
109 87
110 10
110 45
111 77
111 33
111 108
112 40
113 14
113 15
114 115
114 118
114 119
114 240
115 114
115 116
116 115
116 117
117 116
117 115
118 114
118 120
119 114
120 118
120 121
120 122
121 120
121 122
122 121
122 120
124 129
126 128
126 130
126 131
128 126
129 124
130 126
131 128
131 126
132 91
132 2
132 133
132 135
133 132
133 134
134 133
135 132
136 67
136 17
137 138
137 141
137 162
137 170
137 178
137 183
137 188
137 190
137 217
138 137
138 143
138 173
138 182
138 206
138 228
139 144
139 153
139 185
139 215
139 241
140 154
140 167
140 204
140 222
141 137
141 157
141 186
142 145
142 149
142 151
142 155
142 164
142 166
142 174
142 176
142 177
143 138
143 148
143 149
143 177
143 210
143 224
144 139
144 147
144 150
144 213
145 142
145 172
145 175
145 181
145 187
145 191
145 201
146 141
146 163
146 192
147 144
147 150
148 143
148 142
148 146
148 197
148 212
149 143
149 142
149 210
149 214
150 144
150 147
150 160
151 142
151 171
151 229
151 230
152 147
152 150
152 160
152 165
152 228
153 139
153 189
153 194
153 195
154 140
154 159
154 169
154 196
154 199
154 202
154 225
155 142
156 137
156 188
157 141
157 186
158 156
158 154
158 203
159 154
159 199
159 227
160 150
160 152
162 137
162 183
162 188
163 146
164 142
164 181
165 152
166 142
166 164
167 140
167 222
168 146
168 141
168 216
168 223
169 154
169 207
170 137
170 168
170 179
171 151
171 184
171 185
171 205
172 145
172 175
172 201
173 138
173 180
173 193
173 226
174 142
174 218
175 145
175 172
175 181
176 142
176 166
177 142
177 149
177 143
178 137
179 170
179 198
180 173
180 193
181 175
181 145
181 164
181 172
182 138
183 162
183 137
184 171
184 151
185 139
185 171
185 151
186 141
186 157
187 145
187 172
187 201
188 156
188 162
188 137
188 200
189 153
189 194
189 195
189 221
190 137
190 183
191 145
191 208
192 146
192 163
193 173
193 180
194 189
194 153
194 213
195 153
195 189
196 154
196 169
196 199
197 148
198 170
198 179
198 217
199 154
199 159
199 196
200 188
201 172
201 187
201 145
202 196
202 154
202 207
203 158
204 140
205 151
205 184
205 171
205 229
206 138
206 182
207 169
207 202
207 154
207 225
208 191
209 165
210 173
210 180
210 143
210 149
210 220
211 198
212 197
212 143
212 148
213 194
213 144
213 153
214 149
215 139
216 168
216 223
217 137
217 198
217 183
217 167
217 219
218 174
219 217
220 210
221 189
222 140
222 167
223 216
223 168
224 143
225 154
225 207
225 202
226 173
226 180
227 159
228 212
228 152
228 138
229 151
229 205
230 151
230 171
230 170
231 26
231 190
233 48
233 29
233 142
233 234
233 236
234 233
234 235
235 234
236 233
236 237
237 236
237 238
238 237
239 233
240 114
240 137
240 41
240 67
240 29
241 194
241 238
241 139
241 242
241 245
241 246
242 241
242 243
242 244
243 242
244 242
245 241
246 241
248 89
248 63
248 104
248 249
248 250
248 253
249 248
249 251
249 252
250 248
251 249
252 249
253 248
