0.00217
0.012638
0.112078
0.006256
0.268023
0.056068
1
1
0.071833
0.099882
0.077545
1
0.016565
0.012723
0.110957
0.022303
0.222013
1
0.163936
0.147951
0.008508
0.02091
0.071711
0.006561
0.004875
0.002273
0.089381
0.007299
0.002283
0.027292
0.250265
0.001045
0.001097
1
0.08929
2.2e-05
1
0.270854
0.025701
4e-06
0.186679
0.021569
0.500773
0.122053
0.032555
0.025882
2e-06
0.017962
0.233011
0.500716
0.166403
1e-06
0.02797
0.005897
0.004957
0.125768
0.000253
0.000861
0.001153
0
0.005976
0.288423
0.063041
0.068957
0.500218
0.40838
0.001373
0.037333
0.000307
0.006399
0.40708
0.020755
0.03441
0.000709
0.003273
0.12577
0.333858
0.14505
0.003688
0.250564
0.037592
0.017367
0.000717
0.061409
0.08202
0.00043
0.049391
0.003542
0.157614
0.266708
0.160258
0.240741
0
0.033773
0.000182
0
0.334029
0.023857
0.500535
0.500327
0.044569
0.028186
0.041586
0.000171
0.134623
0.03211
0.020541
0.037378
0.201981
0.001759
0
0.22122
0.093158
0.031412
0
0
0
0
0
0
0
0
0
0
0
0
0
0
0
0
0
0
0
0
0
0
0.091626
1
0.139519
0.068344
0.07898
0.113966
1
1
0.007323
1
0.015382
0.001559
0.126069
0.179833
0.001602
0.073188
0.002576
0.020389
1
0.499691
0.018554
0.03408
0
0.090536
0.000684
0
0.214291
0.006335
0.198209
0.000849
0.314135
0.043556
0.01284
0.244205
0.115013
0.00927
0.206674
0.027499
0.200132
0.212058
0.333523
0.361243
0.501261
0.032645
0.025386
0.165845
0.056739
0.242912
0.003275
0.015385
0.033873
0.230709
0.147604
0.014828
0.253431
0.25126
0.005158
0.012416
0.126733
0.006732
0.218408
0.0472
0.019331
0.20416
0.073896
0.218716
0.202735
0
0.039405
0.00457
0.04647
0.087356
0.125782
0
0.144538
0
0.021948
0.018757
0.089816
0.034187
0.003818
0.126224
0.100241
0.062923
0.072631
0.007459
0.02878
0.003759
0.500006
0.209196
0.009252
0.030181
0.027905
0.018843
0.012088
0.009861
0
0.001904
0.000379
0.000105
0.009536
0.055685
0.334914
0
0
1
0.167362
0.041838
0.08399
0.500647
0.500227
0
1
0.125782
0.250924
0.062948
0.062995
0.499536
