1 0
3 4
4 3
4 5
5 4
6 17
6 18
6 24
6 50
6 67
7 8
7 9
7 27
7 44
8 7
8 22
8 26
8 34
8 44
9 7
9 10
9 53
10 9
10 20
10 35
10 43
10 68
11 12
11 13
11 25
11 38
11 48
12 11
12 14
12 21
12 40
12 41
12 57
13 11
13 23
13 41
14 12
15 12
15 14
15 16
15 21
15 25
15 28
15 62
16 15
16 21
16 27
16 28
16 62
17 6
17 32
17 56
17 59
17 66
18 16
18 6
18 11
18 21
18 25
18 47
18 50
19 8
19 22
19 44
19 46
19 49
20 10
20 9
20 26
20 27
20 30
20 33
20 39
20 42
20 60
20 68
20 154
21 18
21 12
21 16
21 15
21 24
22 8
22 19
22 36
22 65
23 13
23 7
23 26
24 15
24 6
24 21
24 17
24 47
25 11
25 15
25 18
26 8
26 23
26 20
26 31
26 44
27 16
27 7
27 20
27 37
27 52
27 63
27 147
28 15
28 16
29 11
30 20
31 26
32 17
32 45
32 56
32 59
32 66
33 20
34 8
35 9
35 10
36 22
36 19
37 27
37 52
38 11
39 20
39 33
39 30
40 12
40 14
41 13
41 40
41 14
41 27
41 12
41 55
42 20
42 33
42 60
43 9
43 35
43 10
43 51
43 61
43 64
44 7
44 8
44 26
44 19
45 32
45 17
46 19
47 6
47 18
47 24
48 11
49 19
49 46
50 6
50 18
50 58
51 43
52 27
52 37
53 9
53 35
53 10
53 26
53 61
53 154
54 22
55 41
56 17
56 50
56 21
56 32
57 12
57 14
58 50
59 17
59 32
59 66
60 20
60 42
61 43
61 7
61 53
62 16
62 15
63 27
64 43
64 51
65 22
66 17
66 32
66 59
67 6
68 35
68 10
68 9
68 20
69 11
69 16
69 40
73 75
73 76
75 73
76 73
76 74
78 79
78 90
78 94
78 95
78 98
78 99
78 126
79 78
79 90
79 107
79 120
80 79
80 81
80 83
80 85
80 89
80 113
80 131
81 80
81 82
81 117
81 141
81 145
82 81
82 91
83 80
83 84
83 93
83 106
83 108
83 147
84 83
84 85
84 93
84 96
84 102
84 134
85 84
85 80
85 124
86 84
86 83
86 87
86 88
86 111
86 129
87 86
87 97
87 110
88 86
88 102
88 132
89 80
89 84
89 101
89 109
89 115
89 119
89 121
89 133
89 135
90 79
90 78
90 113
90 144
91 82
92 79
92 89
92 81
92 104
92 118
93 84
93 83
93 102
94 79
94 78
95 78
95 99
95 100
95 103
95 123
96 84
96 93
96 102
96 134
97 87
98 78
99 95
99 78
99 105
100 94
100 95
101 89
102 96
102 84
102 93
102 88
102 116
102 130
103 100
103 95
103 112
103 137
104 92
104 118
105 99
106 84
106 93
106 83
106 108
106 143
107 79
107 120
108 83
108 92
108 106
108 84
108 114
108 117
108 122
108 143
109 89
109 115
109 121
109 133
109 135
110 87
110 97
110 125
111 86
112 103
113 90
113 80
113 127
113 138
114 108
114 122
114 143
115 109
115 89
115 121
116 102
117 81
117 108
117 80
117 136
117 139
118 92
118 104
118 142
119 89
119 140
120 107
120 79
120 92
121 109
121 119
121 89
121 115
122 108
122 114
123 95
124 85
125 97
125 87
125 110
126 78
126 113
126 128
127 113
127 138
128 94
128 126
129 86
130 102
131 80
132 88
133 89
133 109
134 84
134 83
134 96
135 89
135 109
135 119
135 121
135 115
136 117
136 139
137 103
138 127
138 113
139 117
139 136
140 89
140 119
140 121
141 81
141 145
142 120
142 82
142 92
142 101
142 118
143 108
143 114
143 106
144 90
144 151
145 81
145 141
147 9
147 27
147 104
147 83
147 148
147 149
147 150
148 147
149 147
149 150
150 147
150 149
151 70
151 144
151 8
151 138
151 152
152 151
154 53
154 20
