155
448
1 0 0.333333
3 4 0.25
4 3 0.125
4 5 0.5
5 4 0.25
6 17 0.0714286
6 18 0.0833333
6 24 0.1
6 50 0.142857
6 67 0.5
7 8 0.0833333
7 9 0.0769231
7 27 0.0666667
7 44 0.125
8 7 0.0769231
8 22 0.111111
8 26 0.0909091
8 34 0.5
8 44 0.125
9 7 0.0769231
9 10 0.0833333
9 53 0.111111
10 9 0.0769231
10 20 0.047619
10 35 0.166667
10 43 0.0833333
10 68 0.166667
11 12 0.0666667
11 13 0.125
11 25 0.166667
11 38 0.5
11 48 0.5
12 11 0.0526316
12 14 0.166667
12 21 0.0769231
12 40 0.2
12 41 0.1
12 57 0.333333
13 11 0.0526316
13 23 0.142857
13 41 0.1
14 12 0.0666667
15 12 0.0666667
15 14 0.166667
15 16 0.0833333
15 21 0.0769231
15 25 0.166667
15 28 0.25
15 62 0.25
16 15 0.0769231
16 21 0.0769231
16 27 0.0666667
16 28 0.25
16 62 0.25
17 6 0.0588235
17 32 0.0909091
17 56 0.166667
17 59 0.166667
17 66 0.166667
18 16 0.0833333
18 6 0.0588235
18 11 0.0526316
18 21 0.0769231
18 25 0.166667
18 47 0.2
18 50 0.142857
19 8 0.0833333
19 22 0.111111
19 44 0.125
19 46 0.333333
19 49 0.333333
20 10 0.0833333
20 9 0.0769231
20 26 0.0909091
20 27 0.0666667
20 30 0.333333
20 33 0.25
20 39 0.25
20 42 0.2
20 60 0.25
20 68 0.166667
20 154 0.0833333
21 18 0.0833333
21 12 0.0666667
21 16 0.0833333
21 15 0.0769231
21 24 0.1
22 8 0.0833333
22 19 0.0588235
22 36 0.25
22 65 0.5
23 13 0.125
23 7 0.0769231
23 26 0.0909091
24 15 0.0769231
24 6 0.0588235
24 21 0.0769231
24 17 0.0714286
24 47 0.2
25 11 0.0526316
25 15 0.0769231
25 18 0.0833333
26 8 0.0833333
26 23 0.142857
26 20 0.047619
26 31 0.5
26 44 0.125
27 16 0.0833333
27 7 0.0769231
27 20 0.047619
27 37 0.25
27 52 0.25
27 63 0.5
27 147 0.0454545
28 15 0.0769231
28 16 0.0833333
29 11 0.0526316
30 20 0.047619
31 26 0.0909091
32 17 0.0714286
32 45 0.333333
32 56 0.166667
32 59 0.166667
32 66 0.166667
33 20 0.047619
34 8 0.0833333
35 9 0.0769231
35 10 0.0833333
36 22 0.111111
36 19 0.0588235
37 27 0.0666667
37 52 0.25
38 11 0.0526316
39 20 0.047619
39 33 0.25
39 30 0.333333
40 12 0.0666667
40 14 0.166667
41 13 0.125
41 40 0.2
41 14 0.166667
41 27 0.0666667
41 12 0.0666667
41 55 0.5
42 20 0.047619
42 33 0.25
42 60 0.25
43 9 0.0769231
43 35 0.166667
43 10 0.0833333
43 51 0.333333
43 61 0.2
43 64 0.333333
44 7 0.0769231
44 8 0.0833333
44 26 0.0909091
44 19 0.0588235
45 32 0.0909091
45 17 0.0714286
46 19 0.0588235
47 6 0.0588235
47 18 0.0833333
47 24 0.1
48 11 0.0526316
49 19 0.0588235
49 46 0.333333
50 6 0.0588235
50 18 0.0833333
50 58 0.5
51 43 0.0833333
52 27 0.0666667
52 37 0.25
53 9 0.0769231
53 35 0.166667
53 10 0.0833333
53 26 0.0909091
53 61 0.2
53 154 0.0833333
54 22 0.111111
55 41 0.1
56 17 0.0714286
56 50 0.142857
56 21 0.0769231
56 32 0.0909091
57 12 0.0666667
57 14 0.166667
58 50 0.142857
59 17 0.0714286
59 32 0.0909091
59 66 0.166667
60 20 0.047619
60 42 0.2
61 43 0.0833333
61 7 0.0769231
61 53 0.111111
62 16 0.0833333
62 15 0.0769231
63 27 0.0666667
64 43 0.0833333
64 51 0.333333
65 22 0.111111
66 17 0.0714286
66 32 0.0909091
66 59 0.166667
67 6 0.0588235
68 35 0.166667
68 10 0.0833333
68 9 0.0769231
68 20 0.047619
69 11 0.0526316
69 16 0.0833333
69 40 0.2
73 75 0.25
73 76 0.333333
75 73 0.1
76 73 0.1
76 74 0.333333
78 79 0.0769231
78 90 0.111111
78 94 0.2
78 95 0.0833333
78 98 0.5
78 99 0.0909091
78 126 0.2
79 78 0.047619
79 90 0.111111
79 107 0.25
79 120 0.166667
80 79 0.0769231
80 81 0.0769231
80 83 0.0625
80 85 0.1
80 89 0.0526316
80 113 0.111111
80 131 0.5
81 80 0.0555556
81 82 0.125
81 117 0.111111
81 141 0.25
81 145 0.25
82 81 0.0769231
82 91 0.5
83 80 0.0555556
83 84 0.0625
83 93 0.125
83 106 0.125
83 108 0.0714286
83 147 0.0454545
84 83 0.0625
84 85 0.1
84 93 0.125
84 96 0.142857
84 102 0.0833333
84 134 0.2
85 84 0.0625
85 80 0.0555556
85 124 0.5
86 84 0.0625
86 83 0.0625
86 87 0.0833333
86 88 0.125
86 111 0.5
86 129 0.5
87 86 0.0833333
87 97 0.166667
87 110 0.2
88 86 0.0833333
88 102 0.0833333
88 132 0.5
89 80 0.0555556
89 84 0.0625
89 101 0.333333
89 109 0.1
89 115 0.142857
89 119 0.166667
89 121 0.111111
89 133 0.25
89 135 0.142857
90 79 0.0769231
90 78 0.047619
90 113 0.111111
90 144 0.25
91 82 0.125
92 79 0.0769231
92 89 0.0526316
92 81 0.0769231
92 104 0.2
92 118 0.166667
93 84 0.0625
93 83 0.0625
93 102 0.0833333
94 79 0.0769231
94 78 0.047619
95 78 0.047619
95 99 0.0909091
95 100 0.166667
95 103 0.125
95 123 0.5
96 84 0.0625
96 93 0.125
96 102 0.0833333
96 134 0.2
97 87 0.0833333
98 78 0.047619
99 95 0.0833333
99 78 0.047619
99 105 0.5
100 94 0.2
100 95 0.0833333
101 89 0.0526316
102 96 0.142857
102 84 0.0625
102 93 0.125
102 88 0.125
102 116 0.5
102 130 0.5
103 100 0.166667
103 95 0.0833333
103 112 0.5
103 137 0.5
104 92 0.1
104 118 0.166667
105 99 0.0909091
106 84 0.0625
106 93 0.125
106 83 0.0625
106 108 0.0714286
106 143 0.166667
107 79 0.0769231
107 120 0.166667
108 83 0.0625
108 92 0.1
108 106 0.125
108 84 0.0625
108 114 0.166667
108 117 0.111111
108 122 0.25
108 143 0.166667
109 89 0.0526316
109 115 0.142857
109 121 0.111111
109 133 0.25
109 135 0.142857
110 87 0.0833333
110 97 0.166667
110 125 0.25
111 86 0.0833333
112 103 0.125
113 90 0.111111
113 80 0.0555556
113 127 0.25
113 138 0.2
114 108 0.0714286
114 122 0.25
114 143 0.166667
115 109 0.1
115 89 0.0526316
115 121 0.111111
116 102 0.0833333
117 81 0.0769231
117 108 0.0714286
117 80 0.0555556
117 136 0.25
117 139 0.25
118 92 0.1
118 104 0.2
118 142 0.166667
119 89 0.0526316
119 140 0.25
120 107 0.25
120 79 0.0769231
120 92 0.1
121 109 0.1
121 119 0.166667
121 89 0.0526316
121 115 0.142857
122 108 0.0714286
122 114 0.166667
123 95 0.0833333
124 85 0.1
125 97 0.166667
125 87 0.0833333
125 110 0.2
126 78 0.047619
126 113 0.111111
126 128 0.333333
127 113 0.111111
127 138 0.2
128 94 0.2
128 126 0.2
129 86 0.0833333
130 102 0.0833333
131 80 0.0555556
132 88 0.125
133 89 0.0526316
133 109 0.1
134 84 0.0625
134 83 0.0625
134 96 0.142857
135 89 0.0526316
135 109 0.1
135 119 0.166667
135 121 0.111111
135 115 0.142857
136 117 0.111111
136 139 0.25
137 103 0.125
138 127 0.25
138 113 0.111111
139 117 0.111111
139 136 0.25
140 89 0.0526316
140 119 0.166667
140 121 0.111111
141 81 0.0769231
141 145 0.25
142 120 0.166667
142 82 0.125
142 92 0.1
142 101 0.333333
142 118 0.166667
143 108 0.0714286
143 114 0.166667
143 106 0.125
144 90 0.111111
144 151 0.125
145 81 0.0769231
145 141 0.25
147 9 0.0769231
147 27 0.0666667
147 104 0.2
147 83 0.0625
147 148 0.25
147 149 0.25
147 150 0.2
148 147 0.0454545
149 147 0.0454545
149 150 0.2
150 147 0.0454545
150 149 0.25
151 70 0.25
151 144 0.25
151 8 0.0833333
151 138 0.2
151 152 0.5
152 151 0.125
154 53 0.111111
154 20 0.047619
