0
0
0
0
0
0
0.001173
0.046063
0.095778
0.190454
0.200805
1
0.069284
0.128623
0.022018
0.014276
0.00934
0.000158
0.014788
0.002472
1
0.008146
0.010847
0.032312
0.001249
0.167386
0.10476
0.071641
0.005649
0
0.389278
0.052743
2.2e-05
0.340746
0.047951
0.224793
0.002741
0.021182
0.500077
0.250727
0.017624
0.019941
0.241285
1
0.029654
7e-06
0.001019
0.003056
0.500577
0.000863
0.00224
0.407885
0.021399
0.051963
0
0.010007
2e-05
0.023176
0.001118
2.9e-05
0.288566
0.20515
0.005693
0.035891
0.33401
0.00551
3.1e-05
0.000573
0.19246
0
0.2507
0
0
0
0
0
0
0
1
0.113584
0.072299
0.021862
0.003147
0.102089
0.20744
0.028025
0.010776
0.000862
0.126149
1
0.151963
0.001576
0.103262
0.190025
0.214151
0.091527
0.171464
0.000162
0.500394
0.097357
0.016665
0.334157
1
0.01148
0.024813
0.048788
0.156972
0.032225
1
0.163962
0.000183
0.005477
0.005664
0.072261
0.226234
0.195557
0.499859
0.113662
0.02044
0.210463
0.023531
0.162679
0.286983
0.045941
0.014003
4.8e-05
0.200438
0.066912
0.066756
0.00536
0.500168
0.036257
0.063195
0.277951
0.072445
0.160633
0.033804
0.005761
0.209442
0.033912
0.05283
0.006545
0.0035
0.213212
0.275255
0.006395
0
0.007928
0.002016
0.002335
0.00189
1
0.50071
0
0.087517
