0 2
2 0
2 3
2 7
2 17
2 28
2 34
2 42
3 2
3 4
3 6
3 11
3 13
3 19
3 26
3 57
4 3
5 9
5 15
5 16
5 25
5 31
5 35
6 3
6 4
6 18
6 46
7 2
7 8
7 12
7 54
8 7
8 12
8 54
9 5
9 20
9 37
10 23
10 39
10 44
10 50
10 51
11 4
11 3
11 13
11 19
11 26
12 7
12 8
12 13
13 3
13 11
13 12
13 30
14 5
14 16
14 24
14 43
15 5
15 14
16 5
16 14
17 2
17 27
18 6
18 10
18 29
18 48
19 3
19 11
19 22
19 47
20 9
20 53
21 11
21 3
21 4
22 19
22 38
23 10
23 50
23 51
24 14
24 32
24 45
25 5
26 4
26 11
26 3
27 17
28 2
28 42
29 18
30 13
30 34
31 5
32 24
34 30
34 2
34 36
34 52
35 5
35 31
36 34
36 52
37 9
38 22
39 23
39 10
42 2
42 28
43 14
44 10
44 23
44 50
45 24
46 6
47 19
47 4
48 18
50 10
50 44
50 23
50 51
51 10
51 50
51 23
52 34
52 36
53 20
54 7
54 8
56 62
57 3
57 58
57 59
57 60
57 61
58 57
59 57
60 57
61 57
61 42
62 56
62 63
63 62
64 71
64 105
65 74
65 76
65 94
65 109
65 123
66 67
66 72
66 84
66 87
66 89
66 115
67 66
67 69
67 70
67 77
67 81
67 83
67 86
67 88
67 91
67 92
68 67
68 103
69 67
69 72
69 107
70 67
70 85
70 100
70 114
70 115
71 64
71 101
72 69
72 66
72 75
73 67
73 80
74 65
74 82
74 90
74 96
74 100
74 108
74 111
75 72
75 80
75 98
75 118
76 65
76 95
76 99
76 102
76 111
77 67
78 105
80 75
80 73
81 67
81 86
82 74
82 65
82 90
82 108
83 67
83 81
84 66
84 113
85 70
85 93
85 94
85 100
85 106
86 81
86 67
87 66
88 67
88 79
88 110
89 66
89 87
90 82
90 74
90 97
91 67
91 83
92 67
92 69
93 85
93 70
94 65
94 85
94 70
95 76
95 99
95 102
95 112
96 74
97 90
97 108
98 75
98 72
99 95
99 76
100 85
100 74
100 70
100 104
101 71
102 76
102 95
103 68
104 100
105 64
105 78
106 70
106 93
106 85
106 114
107 69
108 74
108 97
108 82
109 65
110 88
111 76
111 74
111 99
111 102
112 95
113 84
114 70
114 106
115 70
115 66
115 85
116 117
117 116
118 75
118 67
118 119
118 122
119 118
119 120
120 119
120 121
121 120
122 118
123 82
123 99
123 65
123 124
123 126
124 123
126 123
