129
303
0 2 0.04
2 0 0.25
2 3 0.0434783
2 7 0.1
2 17 0.166667
2 28 0.25
2 34 0.125
2 42 0.2
3 2 0.04
3 4 0.111111
3 6 0.1
3 11 0.0909091
3 13 0.111111
3 19 0.111111
3 26 0.142857
3 57 0.047619
4 3 0.0434783
5 9 0.142857
5 15 0.25
5 16 0.25
5 25 0.5
5 31 0.333333
5 35 0.333333
6 3 0.0434783
6 4 0.111111
6 18 0.111111
6 46 0.333333
7 2 0.04
7 8 0.166667
7 12 0.125
7 54 0.25
8 7 0.1
8 12 0.125
8 54 0.25
9 5 0.0588235
9 20 0.166667
9 37 0.5
10 23 0.125
10 39 0.333333
10 44 0.2
10 50 0.125
10 51 0.166667
11 4 0.111111
11 3 0.0434783
11 13 0.111111
11 19 0.111111
11 26 0.142857
12 7 0.1
12 8 0.166667
12 13 0.111111
13 3 0.0434783
13 11 0.0909091
13 12 0.125
13 30 0.25
14 5 0.0588235
14 16 0.25
14 24 0.142857
14 43 0.5
15 5 0.0588235
15 14 0.0769231
16 5 0.0588235
16 14 0.0769231
17 2 0.04
17 27 0.5
18 6 0.1
18 10 0.0769231
18 29 0.5
18 48 0.5
19 3 0.0434783
19 11 0.0909091
19 22 0.166667
19 47 0.25
20 9 0.142857
20 53 0.5
21 11 0.0909091
21 3 0.0434783
21 4 0.111111
22 19 0.111111
22 38 0.5
23 10 0.0769231
23 50 0.125
23 51 0.166667
24 14 0.0769231
24 32 0.2
24 45 0.5
25 5 0.0588235
26 4 0.111111
26 11 0.0909091
26 3 0.0434783
27 17 0.166667
28 2 0.04
28 42 0.2
29 18 0.111111
30 13 0.111111
30 34 0.125
31 5 0.0588235
32 24 0.142857
34 30 0.25
34 2 0.04
34 36 0.25
34 52 0.25
35 5 0.0588235
35 31 0.333333
36 34 0.125
36 52 0.25
37 9 0.142857
38 22 0.166667
39 23 0.125
39 10 0.0769231
42 2 0.04
42 28 0.25
43 14 0.0769231
44 10 0.0769231
44 23 0.125
44 50 0.125
45 24 0.142857
46 6 0.1
47 19 0.111111
47 4 0.111111
48 18 0.111111
50 10 0.0769231
50 44 0.2
50 23 0.125
50 51 0.166667
51 10 0.0769231
51 50 0.125
51 23 0.125
52 34 0.125
52 36 0.25
53 20 0.166667
54 7 0.1
54 8 0.166667
56 62 0.0909091
57 3 0.0434783
57 58 0.5
57 59 0.25
57 60 0.2
57 61 0.0909091
58 57 0.047619
59 57 0.047619
60 57 0.047619
61 57 0.047619
61 42 0.2
62 56 0.166667
62 63 0.5
63 62 0.0909091
64 71 0.25
64 105 0.166667
65 74 0.0625
65 76 0.0909091
65 94 0.2
65 109 0.5
65 123 0.0714286
66 67 0.0344828
66 72 0.111111
66 84 0.166667
66 87 0.333333
66 89 0.333333
66 115 0.166667
67 66 0.0625
67 69 0.0769231
67 70 0.0714286
67 77 0.5
67 81 0.142857
67 83 0.25
67 86 0.2
67 88 0.2
67 91 0.333333
67 92 0.2
68 67 0.0344828
68 103 0.333333
69 67 0.0344828
69 72 0.111111
69 107 0.5
70 67 0.0344828
70 85 0.0909091
70 100 0.111111
70 114 0.25
70 115 0.166667
71 64 0.0555556
71 101 0.5
72 69 0.0769231
72 66 0.0625
72 75 0.111111
73 67 0.0344828
73 80 0.166667
74 65 0.0666667
74 82 0.0909091
74 90 0.166667
74 96 0.5
74 100 0.111111
74 108 0.166667
74 111 0.125
75 72 0.111111
75 80 0.166667
75 98 0.333333
75 118 0.0526316
76 65 0.0666667
76 95 0.1
76 99 0.125
76 102 0.2
76 111 0.125
77 67 0.0344828
78 105 0.166667
80 75 0.111111
80 73 0.142857
81 67 0.0344828
81 86 0.2
82 74 0.0625
82 65 0.0666667
82 90 0.166667
82 108 0.166667
83 67 0.0344828
83 81 0.142857
84 66 0.0625
84 113 0.5
85 70 0.0714286
85 93 0.25
85 94 0.2
85 100 0.111111
85 106 0.166667
86 81 0.142857
86 67 0.0344828
87 66 0.0625
88 67 0.0344828
88 79 0.2
88 110 0.5
89 66 0.0625
89 87 0.333333
90 82 0.0909091
90 74 0.0625
90 97 0.25
91 67 0.0344828
91 83 0.25
92 67 0.0344828
92 69 0.0769231
93 85 0.0909091
93 70 0.0714286
94 65 0.0666667
94 85 0.0909091
94 70 0.0714286
95 76 0.0909091
95 99 0.125
95 102 0.2
95 112 0.5
96 74 0.0625
97 90 0.166667
97 108 0.166667
98 75 0.111111
98 72 0.111111
99 95 0.1
99 76 0.0909091
100 85 0.0909091
100 74 0.0625
100 70 0.0714286
100 104 0.5
101 71 0.25
102 76 0.0909091
102 95 0.1
103 68 0.125
104 100 0.111111
105 64 0.0555556
105 78 0.2
106 70 0.0714286
106 93 0.25
106 85 0.0909091
106 114 0.25
107 69 0.0769231
108 74 0.0625
108 97 0.25
108 82 0.0909091
109 65 0.0666667
110 88 0.2
111 76 0.0909091
111 74 0.0625
111 99 0.125
111 102 0.2
112 95 0.1
113 84 0.166667
114 70 0.0714286
114 106 0.166667
115 70 0.0714286
115 66 0.0625
115 85 0.0909091
116 117 0.5
117 116 0.25
118 75 0.111111
118 67 0.0344828
118 119 0.166667
118 122 0.333333
119 118 0.0526316
119 120 0.166667
120 119 0.166667
120 121 0.5
121 120 0.166667
122 118 0.0526316
123 82 0.0909091
123 99 0.125
123 65 0.0666667
123 124 0.5
123 126 0.5
124 123 0.0714286
126 123 0.0714286
