0.250525
0
1
0.090556
0.024657
1
0.108678
0.10136
0.022486
0.142248
0.076862
0.011457
0.016854
0.016217
0.03812
0.250218
0.255077
0.167217
1
0.011045
0.023771
0
0.001891
0.016938
0.005369
0.499866
0.014313
0.083713
0.291797
0.499931
0.034779
0.407408
0.001096
0
0.125909
0.333608
0.037373
0.071182
0.000954
0.025608
0
0
0.255458
0.01907
0.01734
0.002629
0.036289
0.002816
0.499868
0
0.014417
0.016793
0.037479
0.011927
0.028971
0
0
1
0.501723
0.250863
0.200862
0.09114
0
0
0
0.142474
0.064501
1
0
0.091444
0.083763
0
0.017226
5.3e-05
1
0.001921
0.039844
0.50074
0
0.04034
0.000306
0.204166
0.198908
0.313294
0.01077
0.023223
0.229888
0.02622
0.200945
0.021463
0.199049
0.332938
0.201755
0.007388
0.032509
0.021331
0.501067
0.094072
0.000665
0.143166
0.120494
0
0.035688
0
0.060143
0
0.007279
0.045938
0.199993
0.071737
0.100405
0.128179
0.010698
0.005437
0.02165
0.024517
0
0
9.4e-05
1.2e-05
3e-06
2e-06
3.5e-05
1
0.500955
0
0.501641
0
0
