42 26
42 28
42 19
42 1
42 43
42 50
42 60
57 46
57 53
57 58
43 42
43 44
43 45
43 47
43 48
43 54
43 62
43 69
22 6
22 1
58 46
58 47
58 57
1 2
1 3
1 5
1 6
1 9
1 12
1 13
1 21
1 29
1 37
1 42
2 1
2 6
2 8
2 15
2 18
23 11
23 26
23 28
23 34
23 38
3 1
3 4
3 12
3 17
3 19
3 27
24 8
44 43
44 45
44 54
44 69
45 44
45 43
45 46
45 52
45 63
45 67
4 3
4 6
4 8
4 11
4 16
59 54
60 42
60 43
60 48
5 1
5 7
61 57
61 46
61 64
62 43
63 45
25 18
64 53
64 61
64 46
64 68
26 23
26 11
26 32
26 42
6 4
6 2
6 1
6 18
6 22
27 3
27 11
46 45
46 47
46 53
46 57
46 58
46 61
46 68
7 5
7 8
7 10
65 55
65 50
65 51
8 7
8 2
8 4
8 12
8 24
9 1
28 11
28 23
28 26
28 32
29 1
29 21
47 42
47 43
47 46
47 49
47 56
47 58
47 70
30 15
30 2
31 7
48 44
48 43
48 60
10 7
49 47
49 43
49 56
11 3
11 4
11 14
11 23
11 26
11 28
11 32
11 34
66 55
66 51
50 42
50 43
50 51
50 55
67 45
67 52
51 50
51 66
52 45
52 67
12 3
12 8
12 1
68 46
68 64
68 61
13 1
53 46
53 64
69 44
69 62
69 43
70 47
70 49
14 11
14 35
32 28
32 11
32 26
15 2
15 18
15 30
54 43
54 44
54 45
54 59
33 4
33 16
34 23
34 11
34 32
71 72
35 14
36 17
36 20
16 4
55 50
55 65
72 71
37 1
37 21
17 3
17 20
17 36
17 38
38 23
38 17
38 36
38 19
38 39
38 40
39 38
39 40
18 2
18 6
18 15
18 25
19 3
19 42
56 47
56 49
40 38
40 39
20 17
21 1
21 29
