0
1
0.08399
0.086217
0.015954
0.16717
0.091081
0.020772
0.018796
0.500107
0.010398
0.014596
0.10917
0.501071
0.002463
0.014695
0.005341
0.169106
0.02286
0.231391
0.135946
0.291327
0.030565
0.104487
0.00939
0.011439
0.030709
0.028747
0.031256
0.298602
0.004903
0
0.013253
0
0.023277
0.001196
0.276096
0.333211
1
0.297265
0.296841
0
0.129767
1
0.176399
0.166609
1
0.16104
0.204301
0.039485
0.0163
0.003428
0.040294
0.244125
0.128411
0.00353
0.04676
0.220138
0.214098
0.063973
0.054133
0.20235
0.383653
0.083285
0.086769
0.000904
0.001144
0.047909
0.209627
0.226528
0.05375
0
0
0
