41
92
13 8 0.0769231
13 9 0.125
13 12 0.25
13 14 0.5
0 19 0.0625
24 27 0.25
24 32 0.5
24 35 0.25
1 2 0.111111
1 3 0.125
1 5 0.1
1 6 0.25
1 8 0.0769231
1 9 0.125
1 15 0.333333
2 1 0.0588235
2 8 0.0769231
2 10 0.5
2 16 0.166667
3 1 0.0588235
3 4 0.333333
3 5 0.1
3 17 0.1
14 13 0.125
29 26 0.111111
29 25 0.166667
30 26 0.111111
30 31 0.166667
31 30 0.25
31 26 0.111111
31 34 0.5
25 28 0.0769231
25 29 0.2
4 3 0.125
32 24 0.0833333
33 28 0.0769231
5 3 0.125
5 1 0.0588235
5 7 0.5
5 9 0.125
15 1 0.0588235
6 1 0.0588235
6 17 0.1
16 2 0.111111
16 19 0.0625
34 31 0.166667
7 5 0.1
35 24 0.0833333
35 28 0.0769231
36 28 0.0769231
8 2 0.111111
8 1 0.0588235
8 11 0.5
8 12 0.25
8 13 0.125
26 27 0.25
26 30 0.25
26 31 0.166667
17 1 0.0588235
17 6 0.25
17 15 0.333333
17 3 0.125
17 18 0.166667
9 5 0.1
9 4 0.333333
9 1 0.0588235
9 8 0.0769231
9 13 0.125
18 17 0.1
10 2 0.111111
37 38 0.166667
38 37 0.166667
38 39 0.5
39 38 0.166667
11 8 0.0769231
19 16 0.166667
19 0 0.125
19 20 0.5
19 21 0.5
20 19 0.0625
12 8 0.0769231
12 13 0.125
21 19 0.0625
27 26 0.111111
27 24 0.0833333
22 23 0.5
28 24 0.0833333
28 25 0.166667
28 33 0.5
28 35 0.25
28 36 0.5
23 22 0.333333
