27
48
24 19 0.0666667
0 1 0.0434783
0 2 0.25
0 8 0.333333
0 12 0.142857
0 13 0.2
1 0 0.047619
1 3 0.1
1 4 0.125
1 9 0.25
1 10 0.166667
1 11 0.111111
2 0 0.047619
2 7 0.25
11 1 0.0434783
11 3 0.1
11 10 0.166667
3 1 0.0434783
3 9 0.25
3 11 0.111111
19 21 0.166667
19 24 0.333333
12 10 0.166667
12 11 0.111111
12 0 0.047619
13 8 0.333333
13 0 0.047619
25 19 0.0666667
4 1 0.0434783
4 3 0.1
4 6 0.2
20 19 0.0666667
14 7 0.25
6 1 0.0434783
6 4 0.125
21 19 0.0666667
21 22 0.2
22 21 0.166667
16 18 0.166667
7 2 0.25
8 0 0.047619
9 1 0.0434783
9 3 0.1
18 16 0.166667
18 17 0.333333
10 1 0.0434783
10 11 0.111111
10 12 0.142857
