43 36
43 35
1 2
1 3
18 13
18 14
2 1
3 1
19 6
19 7
19 21
44 42
44 43
44 46
31 34
20 10
20 9
20 17
4 23
45 34
33 38
33 40
21 6
21 7
21 19
21 22
5 6
5 8
5 11
5 13
5 48
6 5
6 7
6 19
6 22
7 6
7 19
7 21
22 6
22 21
22 7
34 31
34 37
34 45
8 5
8 11
9 5
9 12
9 17
9 20
35 36
35 42
10 9
10 20
23 4
46 44
11 8
11 5
36 35
36 43
12 10
12 9
12 17
13 5
13 14
13 16
13 18
37 34
37 39
37 41
38 33
39 37
39 41
39 48
14 13
14 16
14 18
48 5
48 39
49 50
50 49
27 26
29 28
40 33
51 52
28 29
52 51
41 37
41 39
16 14
16 13
17 10
17 9
17 12
17 20
42 35
42 44
