19 6
19 18
19 32
39 2
39 8
20 13
21 19
21 18
21 17
21 28
40 42
40 56
22 18
49 42
0 17
50 41
50 47
50 45
51 44
41 45
41 53
1 2
1 6
1 30
23 16
23 3
2 1
2 8
2 18
3 5
3 11
4 31
4 33
5 3
5 10
5 11
5 24
24 18
24 5
25 12
25 26
26 25
52 42
53 44
53 41
6 1
6 7
6 19
6 27
27 6
7 6
7 29
7 34
7 62
42 40
42 52
8 2
8 39
9 8
9 5
9 13
9 18
55 45
55 47
28 21
43 57
56 40
44 41
44 45
44 48
44 51
44 53
57 43
10 5
29 7
29 34
45 44
45 41
45 46
45 50
45 55
30 25
30 1
46 45
46 47
11 3
11 7
11 5
11 14
31 4
32 17
32 19
12 25
33 4
34 7
34 29
61 59
62 19
62 7
13 9
13 16
13 20
14 11
15 10
15 5
35 37
16 12
16 13
16 23
17 0
47 45
47 46
47 50
47 55
18 9
18 7
18 2
18 19
18 21
18 22
18 24
37 35
48 44
