64
123
19 6 0.1
19 18 0.0769231
19 32 0.2
39 2 0.142857
39 8 0.125
20 13 0.166667
21 19 0.111111
21 18 0.0769231
21 17 0.25
21 28 0.5
40 42 0.2
40 56 0.5
22 18 0.0769231
49 42 0.2
0 17 0.25
50 41 0.1
50 47 0.0833333
50 45 0.0909091
51 44 0.0714286
41 45 0.0909091
41 53 0.25
1 2 0.142857
1 6 0.1
1 30 0.333333
23 16 0.2
23 3 0.111111
2 1 0.1
2 8 0.125
2 18 0.0769231
3 5 0.1
3 11 0.142857
4 31 0.5
4 33 0.5
5 3 0.111111
5 10 0.333333
5 11 0.142857
5 24 0.25
24 18 0.0769231
24 5 0.1
25 12 0.142857
25 26 0.5
26 25 0.111111
52 42 0.2
53 44 0.0714286
53 41 0.1
6 1 0.1
6 7 0.1
6 19 0.111111
6 27 0.5
27 6 0.1
7 6 0.1
7 29 0.25
7 34 0.25
7 62 0.1
42 40 0.125
42 52 0.5
8 2 0.142857
8 39 0.125
9 8 0.125
9 5 0.1
9 13 0.166667
9 18 0.0769231
55 45 0.0909091
55 47 0.0833333
28 21 0.142857
43 57 0.333333
56 40 0.125
44 41 0.1
44 45 0.0909091
44 48 0.25
44 51 0.5
44 53 0.25
57 43 0.125
10 5 0.1
29 7 0.1
29 34 0.25
45 44 0.0714286
45 41 0.1
45 46 0.25
45 50 0.2
45 55 0.25
30 25 0.111111
30 1 0.1
46 45 0.0909091
46 47 0.0833333
11 3 0.111111
11 7 0.1
11 5 0.1
11 14 0.5
31 4 0.1
32 17 0.25
32 19 0.111111
12 25 0.111111
33 4 0.1
34 7 0.1
34 29 0.25
61 59 0.2
62 19 0.111111
62 7 0.1
13 9 0.166667
13 16 0.2
13 20 0.5
14 11 0.142857
15 10 0.333333
15 5 0.1
35 37 0.2
16 12 0.142857
16 13 0.166667
16 23 0.333333
17 0 0.25
47 45 0.0909091
47 46 0.25
47 50 0.2
47 55 0.25
18 9 0.166667
18 7 0.1
18 2 0.142857
18 19 0.111111
18 21 0.142857
18 22 0.5
18 24 0.25
37 35 0.125
48 44 0.0714286
