0 1
1 0
2 3
3 2
4 6
4 19
4 20
4 21
4 30
5 7
5 8
5 18
6 4
6 10
6 11
6 35
6 36
7 5
7 10
8 5
8 10
8 12
8 27
8 33
9 14
9 15
9 16
9 20
9 26
9 38
9 41
10 8
10 7
10 6
10 19
10 25
10 34
10 40
10 43
11 6
11 36
12 8
13 6
13 11
13 23
13 29
13 32
14 9
14 17
14 18
15 9
16 9
16 15
16 26
16 38
16 41
17 14
18 5
18 14
18 7
19 4
19 10
19 37
19 39
19 42
20 4
20 9
20 26
21 4
22 20
23 13
23 31
25 10
25 34
26 20
26 9
26 16
27 8
27 12
29 13
29 23
29 32
30 21
30 4
31 20
31 23
31 13
32 23
32 29
32 13
33 8
33 27
34 10
34 25
35 6
36 11
36 35
36 6
37 19
37 39
38 9
38 16
39 37
39 19
40 25
40 10
40 34
41 15
41 9
41 16
42 39
42 19
43 10
44 46
46 44
47 48
47 49
48 47
48 49
49 48
49 47
51 53
51 54
51 55
51 56
51 59
51 71
52 63
52 72
52 76
53 51
53 55
53 58
53 65
53 68
53 73
54 51
54 67
54 81
55 51
55 53
55 61
55 62
56 51
56 60
56 83
57 51
57 71
58 53
58 68
58 73
59 57
59 51
60 56
60 87
61 52
61 55
61 64
61 66
62 55
62 66
62 75
62 80
62 82
63 52
63 76
64 61
64 74
65 53
65 58
66 62
66 61
66 72
66 77
66 84
67 54
67 71
67 75
68 53
68 56
68 61
68 58
68 69
68 78
68 85
68 86
68 88
69 68
69 70
70 69
70 60
70 68
71 57
71 51
71 67
72 66
72 52
73 53
73 58
74 64
75 67
75 54
75 62
75 79
76 52
76 63
77 66
77 84
78 69
78 68
79 75
80 62
81 54
82 62
82 80
83 56
84 66
84 77
85 68
86 68
86 78
87 60
88 68
88 86
89 90
89 92
90 89
90 91
90 93
91 90
91 93
92 89
93 90
93 91
94 95
95 94
