0
0
0
0
1
0.027686
0.129398
0.206304
0.085284
1
1
0.030212
0.03438
0
0.143746
0.318579
0.154312
0.03596
0.023979
0.173247
0.18487
0.407375
0
0
0
0.277199
0.160457
0.026653
0
0
0.334263
0
0
0.028434
0.276765
0.049681
0.030018
0.051634
0.275651
0.050306
0.250204
0.222709
0.057953
0.500404
0
0
0
0
0
0
0
0.012033
0.008847
0.077626
0.012967
0.079791
0.085298
0.001815
0.154919
0.003955
0.018088
0.124841
1
0.002639
0.020922
0.02595
0.065356
0.020488
1
0.250605
0.041561
0.003649
0.018333
0.037732
0.010413
0.11166
0.002551
0.019656
0.309235
0.055714
0.407522
0.004337
0.333528
0.042594
0.019478
0.49991
0.313589
0.009054
0.333567
0
0
0
0
0
0
0
0
