0 1
1 0
3 2
3 4
3 6
4 3
6 3
6 7
6 8
6 9
6 11
6 15
6 17
6 27
6 30
6 45
6 52
6 75
6 80
6 91
7 6
7 14
7 32
8 6
8 35
8 100
9 6
9 10
9 12
9 13
9 39
9 44
9 53
9 60
9 63
10 9
10 19
10 28
10 60
11 6
11 15
11 22
11 30
11 33
12 9
12 16
12 18
12 21
12 46
12 64
13 9
13 10
13 20
13 67
13 86
13 100
14 7
14 26
14 76
14 85
15 6
15 11
15 31
15 36
15 59
16 12
16 18
16 83
17 6
17 38
17 49
17 75
17 80
18 12
18 16
18 28
18 78
19 10
19 51
19 71
20 13
20 67
21 12
21 46
22 11
22 30
23 26
23 103
25 34
25 41
25 42
25 72
25 76
25 92
26 14
26 23
26 43
26 108
26 117
27 6
27 22
27 29
27 40
27 55
27 77
28 10
28 18
28 37
28 66
28 73
28 81
28 88
29 27
29 40
29 61
29 77
30 11
30 22
30 6
30 45
30 54
30 58
30 65
30 90
31 15
31 24
31 70
31 93
32 7
33 22
33 11
33 50
33 58
33 89
34 25
34 41
34 42
34 92
35 8
35 94
35 100
36 15
37 28
37 58
37 68
37 73
37 81
37 228
38 6
38 17
39 9
40 29
40 27
40 22
41 25
41 34
41 42
42 34
42 25
42 41
42 72
43 26
43 108
44 9
44 60
44 63
45 6
45 30
45 31
45 61
45 96
45 109
46 12
46 21
47 57
48 101
49 17
49 6
49 91
50 33
50 89
51 19
51 104
51 110
51 136
52 6
53 9
53 44
54 30
55 27
55 29
57 47
58 30
58 33
58 37
58 84
58 117
59 36
59 24
59 15
59 97
60 44
60 9
60 10
60 82
60 95
61 45
61 27
61 29
61 15
61 109
62 79
63 44
63 9
64 12
64 21
65 30
65 90
66 37
66 28
66 81
66 88
67 13
67 20
68 37
68 66
68 28
69 87
70 31
71 19
72 42
72 25
72 14
72 41
72 34
73 37
73 66
73 28
74 34
74 25
75 6
75 52
75 17
76 25
76 14
77 27
77 55
77 29
78 18
79 62
80 6
80 17
81 37
81 68
81 28
81 66
82 60
82 95
83 16
84 58
85 14
86 13
87 69
87 84
88 28
88 81
88 66
89 50
89 33
90 30
90 65
90 135
91 6
91 52
91 49
92 25
92 42
92 41
92 34
93 31
94 35
95 60
95 82
96 45
97 59
98 55
98 27
98 29
99 76
100 35
100 13
100 21
100 8
101 48
101 110
101 136
102 101
102 48
103 23
103 106
104 51
105 60
105 82
106 103
106 28
107 50
107 33
108 26
108 43
109 61
109 45
110 101
110 51
111 113
111 115
113 111
113 114
113 117
114 113
115 111
117 26
117 113
117 58
117 37
117 118
117 119
117 120
117 121
117 123
118 117
118 127
119 117
119 124
120 117
120 122
120 125
120 128
120 130
121 117
121 125
122 120
122 131
123 117
124 119
124 120
124 126
125 121
125 117
125 120
125 129
125 131
126 124
127 118
127 122
128 120
129 125
130 120
130 128
131 125
131 122
134 133
135 14
135 90
135 11
136 101
136 51
136 155
136 180
137 138
137 177
137 192
138 137
138 139
138 140
138 152
138 169
138 194
138 204
138 205
138 228
139 138
139 142
139 143
139 147
139 150
139 161
139 164
140 138
140 141
140 145
141 140
141 165
141 220
142 139
142 144
142 159
142 184
142 188
142 208
142 211
143 139
144 142
144 186
144 215
145 140
145 148
145 149
145 156
145 157
145 163
145 182
146 158
146 170
147 139
147 150
147 161
147 172
147 173
147 196
148 145
148 149
148 156
148 189
148 198
149 148
149 145
149 154
149 168
149 171
149 182
150 139
150 143
150 147
150 191
150 194
151 138
151 183
151 206
152 138
152 142
152 167
152 203
153 162
154 149
155 136
155 190
155 193
155 197
155 218
156 145
156 148
156 219
157 145
158 146
158 174
159 142
159 184
159 188
159 208
159 209
159 211
160 181
160 212
161 139
161 147
161 178
162 153
162 159
162 176
163 145
163 148
163 185
164 143
164 139
165 141
165 180
166 161
166 158
166 174
167 152
167 203
168 149
168 137
168 146
168 187
168 200
168 207
169 138
170 146
170 177
171 149
172 147
172 196
172 216
173 147
173 198
173 216
174 158
174 166
174 199
175 150
175 191
175 194
176 162
177 137
177 146
177 170
178 161
179 163
180 136
180 165
181 160
181 195
182 145
182 149
182 154
182 163
183 151
183 206
184 159
184 142
184 208
185 163
186 144
187 168
187 200
187 202
188 142
188 184
188 159
188 209
189 148
189 145
190 155
190 218
191 150
191 175
192 137
192 140
192 210
193 155
193 190
193 197
194 150
194 138
194 175
194 217
195 181
196 147
196 172
196 216
197 193
197 155
197 201
198 173
198 189
198 148
199 174
200 168
200 187
200 207
201 197
202 168
202 187
203 152
203 167
204 138
204 213
204 214
204 228
205 138
206 151
206 183
207 168
207 200
207 187
208 159
208 188
208 184
208 142
209 159
209 188
209 184
210 192
211 159
211 184
211 142
212 160
213 204
214 213
214 204
215 144
216 147
216 173
216 196
216 172
217 194
218 190
218 155
219 156
220 141
221 222
221 226
222 221
222 226
223 224
224 223
224 225
225 224
226 221
226 222
228 81
228 204
228 37
228 138
228 230
230 228
231 233
231 234
233 231
234 231
