0
0
0.026039
0.077225
0.019506
0
1
0.104602
0.102466
1
0.18234
0.147188
1
1
0.048448
0.148684
0.153987
0.138365
0.103987
0.030479
0.201906
0.263922
0.123326
0.017562
0.254017
1
0.104761
0.06825
0.024547
0.011956
1
1
0.026135
0.028518
0.158513
0.033469
0.033204
0.08107
0.046386
0.50058
0.010991
0.192985
0.172602
0.031216
0.178601
0.139064
0.295364
0
2.7e-05
0.066275
0.006851
0.003139
0.3141
0.334439
0.500414
0.016137
0
0
0.19832
0.021
0.110472
0.018026
0
0.279849
0.334087
0.281352
0.009242
0.282003
0.019965
0
0.501423
0.015231
0.162261
0.017276
0
0.139798
0.206571
0.015595
0.052122
0
0.272681
0.021576
0.026621
0.076807
0.066484
0.024489
0.500255
0
0.006479
0.008149
0.201837
0.204365
0.186271
0.500957
0.016854
0.031983
0.069546
0.01053
0
0
0.137409
0.00014
0
0.004354
0.001582
0
0.000624
0
0.031139
0.037817
0.00064
0.023767
0
0.142844
0.071417
0.006019
0
1
0.250954
0.250025
0.07737
0.168994
0.032963
0.499805
0.050395
0.027802
0.025054
0.083575
0.031545
0.013945
0.025762
0.014458
0
0
0
0.025382
0.000305
0.160885
1
0.10204
0.14014
0.017711
0.014492
0.048748
0.001225
1
0.127646
1
0.12674
0.156342
0.120703
0
0.143451
0
0.099388
2.8e-05
0.183345
0.500949
0.021327
0.001785
0
0.1546
0
0.103693
0.034032
0.003623
0.000427
0.04272
1
0.500413
0.03618
0.078299
0.19108
0.149766
0.003015
0.021816
0
0.021433
0.077466
0
0.000994
0
0.160183
0
0.002584
0.052021
0.000624
0.192495
0.002276
0.039117
5e-06
0.034205
0.023002
7e-06
0.122909
0
0.167913
3e-06
0.033855
0.00153
0.216671
2e-06
0.027662
0.042627
0.082884
0.500577
0
0.231189
0.002587
0.000811
0.011531
0.003221
0
0.033693
0.027725
0.000646
0.054088
0.061629
8e-06
0.091706
0.00876
0
0
0
0
0
0
0
0.082048
0
0.020424
0
0
0
0
