3 5
3 7
3 8
3 25
3 35
4 14
4 26
5 3
5 6
5 15
5 20
5 30
5 33
5 49
6 5
6 18
6 38
6 45
6 51
6 53
7 3
7 35
8 3
8 10
8 11
8 27
8 44
9 5
9 13
9 17
9 22
9 24
9 28
9 37
9 54
9 55
9 63
10 9
10 8
10 12
10 17
10 23
10 32
10 34
10 36
10 39
10 41
11 8
11 27
11 44
12 10
12 34
12 39
13 9
13 47
14 4
14 6
14 26
14 50
15 5
15 20
16 9
16 48
17 10
17 9
17 12
17 40
17 52
18 6
18 51
18 53
19 5
20 5
20 15
21 10
21 46
22 9
23 10
23 12
23 32
23 34
23 57
24 9
24 31
25 3
26 14
26 4
26 29
27 8
27 11
28 9
28 54
29 26
30 5
31 9
31 24
31 55
32 10
32 23
33 5
33 15
33 20
34 12
34 10
34 23
34 41
34 56
35 3
35 7
35 25
36 10
36 12
37 9
37 31
38 18
38 6
39 12
39 34
39 10
40 17
41 34
41 10
41 57
42 43
43 42
44 8
44 11
44 27
45 6
45 18
45 51
46 21
47 13
47 9
48 16
48 13
49 5
49 30
50 14
51 6
51 45
51 18
51 53
52 17
53 6
53 51
53 18
54 37
54 9
54 28
55 9
55 54
55 31
56 34
56 10
56 12
57 41
57 23
57 10
57 12
58 59
59 58
60 61
60 62
61 60
62 60
63 5
63 9
63 64
63 65
63 72
64 63
65 63
65 66
65 69
66 63
66 65
66 67
67 66
67 68
68 67
69 65
69 70
69 71
69 72
70 69
71 69
72 63
72 70
72 69
75 79
75 103
75 117
76 83
76 89
76 91
76 93
76 94
76 98
76 105
76 109
76 113
76 119
76 120
77 86
77 107
78 76
78 80
78 81
78 84
78 88
78 90
78 96
78 102
79 75
79 83
79 102
79 126
80 78
80 85
80 97
80 99
80 108
80 111
80 115
81 78
81 76
81 95
81 130
82 79
82 87
82 124
83 76
83 78
83 79
83 87
84 78
85 80
85 92
85 100
85 110
85 114
85 118
86 77
86 107
87 82
87 83
88 78
88 96
89 76
89 77
90 78
90 88
91 76
91 77
91 122
91 125
92 85
92 104
92 114
92 128
93 76
93 127
94 76
95 81
95 106
95 116
96 88
96 78
96 85
97 80
97 99
97 115
98 76
99 80
99 97
100 85
100 92
100 104
100 128
101 123
102 78
102 79
103 75
104 100
104 92
104 85
104 118
105 76
105 113
106 95
106 81
107 77
107 86
108 80
108 97
108 115
109 76
109 119
109 120
110 100
110 85
111 80
111 121
112 89
113 76
113 105
114 85
114 92
115 97
115 108
115 80
116 81
116 106
116 95
116 130
117 75
117 103
118 85
118 104
118 128
119 76
119 109
120 76
120 109
121 111
122 91
122 125
123 101
124 82
125 122
125 91
126 79
127 93
128 92
128 85
128 118
128 100
129 119
129 98
129 76
130 81
130 116
