0
0
0
0.078663
0
1
0.076629
0.022623
0.10706
1
1
0.023946
0.163531
0.142785
0
0.271308
0
0.21118
0.016726
0
0.234144
0
0.500635
0.124672
0.265613
0.030646
0
0.028274
0.167115
0
0.408264
0.118162
0.270759
0.251317
0.14357
0.018859
0.334827
0.291127
0.025683
0.224742
0.105328
0.187669
0
0
0.024869
0.017544
0
0.020539
0
0.332763
0
0.014331
0.053227
0.016431
0.216357
0.214498
0.036322
0.050639
0
0
0
0
0
0.063783
0.031872
0.131894
0.026445
0.006698
0.003345
1
0.379845
0.500655
0.209509
0
0
0.001539
1
0.039994
1
0.021586
1
0.072085
0.003978
0.143989
0.501643
0.067772
0.011933
0.023943
0.197557
0.250103
0.249949
0.112008
0.009653
0.167046
0.500897
0.006884
0.227959
0.188338
0.333283
0.191068
0.010658
0
0.203052
0.000625
0.003191
0.201651
0.002672
0.011875
0.231548
0.228931
0.013571
0.251622
0
0.281997
0.018695
0.216797
0.004044
0.000481
0.010375
0.233674
0.286952
0.125828
0.033414
0
0.002023
0.03355
0.010698
0.083673
0.004207
0
0.018498
0
0
0
0
