0 1
1 0
1 2
2 0
2 1
3 0
3 4
4 3
4 5
5 4
6 5
7 5
8 9
8 11
8 18
8 38
8 67
8 73
8 82
8 83
9 8
9 10
9 22
9 29
9 64
9 89
10 9
10 13
10 20
10 35
10 40
10 55
10 78
11 8
11 12
11 14
11 21
11 30
11 104
12 11
12 27
12 75
12 77
12 92
13 10
13 35
13 52
13 54
13 55
13 65
13 136
14 11
14 30
14 130
15 8
15 17
15 19
15 26
15 74
15 100
15 225
16 19
16 23
16 24
16 50
17 15
17 16
17 19
17 23
17 26
17 31
18 8
18 25
18 29
18 38
18 82
18 83
18 95
19 15
19 16
19 17
19 36
20 10
20 32
20 33
20 37
20 51
21 14
21 17
21 11
21 30
21 31
21 102
21 103
22 9
22 56
22 59
22 63
23 17
23 16
23 53
24 16
24 50
24 84
25 18
25 8
25 31
25 34
25 70
25 72
25 107
25 130
25 225
26 15
26 21
26 17
26 28
26 68
26 91
26 101
27 12
27 77
27 92
28 26
29 8
29 18
29 12
29 9
29 35
29 81
30 11
30 21
30 26
30 14
30 47
30 58
30 62
30 87
31 17
31 25
31 21
31 49
32 20
32 37
33 20
33 51
34 25
34 15
34 19
34 80
35 13
35 29
35 10
35 44
35 71
35 106
36 19
36 16
36 24
36 41
36 46
36 60
36 66
37 20
37 32
37 51
38 30
38 8
38 18
38 39
38 42
39 38
39 42
39 45
39 74
39 85
39 88
40 10
41 36
41 46
41 66
42 38
42 39
42 85
42 109
43 31
43 48
43 94
44 35
44 71
45 42
45 38
45 39
46 36
46 41
47 30
47 62
48 43
48 61
48 94
49 21
49 17
49 31
49 53
49 57
50 16
50 24
50 84
51 33
51 20
51 37
51 59
52 13
52 86
53 23
53 49
53 76
53 93
54 13
55 10
55 13
55 89
55 105
56 22
56 69
57 49
58 30
58 87
59 22
59 51
59 75
60 36
60 41
61 43
61 48
61 79
62 30
62 58
62 47
62 87
63 22
63 56
63 69
64 9
64 89
65 13
65 54
65 52
65 86
66 36
66 41
67 18
67 8
67 99
67 108
67 110
68 26
69 63
69 22
69 56
70 25
71 35
71 44
72 14
72 21
72 25
73 8
73 18
74 42
74 39
74 67
74 38
74 15
74 96
75 12
75 59
75 97
75 98
76 53
76 93
77 12
77 27
77 92
78 10
79 61
79 43
80 34
80 90
80 134
81 29
82 8
82 18
82 73
83 73
83 18
83 8
84 24
84 50
85 38
85 39
85 42
85 88
85 109
85 130
86 13
86 65
86 52
87 58
87 30
87 62
88 39
88 85
88 38
89 64
89 74
89 55
89 9
90 34
90 80
91 26
91 101
92 12
92 77
92 27
93 53
93 76
94 61
94 43
94 48
95 8
95 73
95 18
95 108
96 74
97 75
97 98
97 106
98 97
98 75
98 106
99 67
100 15
101 26
101 91
102 21
103 21
104 14
104 11
105 55
106 29
106 35
106 97
106 98
107 25
108 44
108 67
108 95
108 99
108 110
109 42
109 85
109 39
110 108
110 67
110 112
110 113
111 115
111 119
112 110
112 114
112 118
113 110
113 116
114 112
114 117
115 111
115 120
115 121
116 113
117 114
118 112
119 111
120 115
120 121
121 115
121 120
122 127
123 124
123 128
124 123
124 129
127 122
128 123
129 124
130 102
130 28
130 85
130 14
130 25
130 131
130 133
131 130
131 133
133 130
133 131
134 34
134 80
134 41
134 25
134 135
135 134
136 71
136 13
136 137
136 138
136 148
136 152
136 153
137 136
137 168
137 177
137 178
138 136
138 147
138 157
138 165
138 182
138 201
139 140
139 141
139 142
139 149
139 151
139 156
139 171
139 175
140 139
140 142
140 143
140 144
140 146
140 159
140 179
140 193
141 139
141 140
141 168
141 189
141 206
142 139
142 140
142 166
142 169
142 173
142 176
142 184
142 185
142 192
143 141
143 140
143 145
143 154
143 163
143 191
144 140
144 146
144 158
144 159
144 179
145 143
145 183
145 205
146 140
146 144
146 161
146 170
147 138
147 182
147 201
147 208
148 136
149 139
150 155
150 162
150 198
151 139
152 138
152 136
153 136
154 143
154 163
155 150
156 144
156 141
156 151
156 139
156 163
156 167
156 174
156 181
156 200
156 203
156 204
157 136
157 138
157 164
157 196
158 141
158 144
158 140
158 160
158 172
158 180
158 184
159 140
159 144
160 158
160 172
161 146
161 170
161 177
162 155
162 150
162 145
163 143
163 154
163 156
163 146
163 199
163 203
164 157
165 138
165 186
166 142
166 169
166 173
166 185
166 187
166 192
167 156
167 181
167 200
168 158
168 137
168 157
168 141
168 194
168 195
169 142
169 166
169 173
170 146
170 161
171 139
172 160
172 158
173 142
173 166
173 169
173 176
174 156
175 139
175 155
175 185
176 173
176 142
176 185
177 137
177 158
177 161
177 160
177 190
177 197
178 137
179 144
179 140
180 158
181 156
181 167
182 138
182 147
183 145
184 142
184 173
184 176
184 158
185 142
185 176
185 166
185 175
185 188
186 165
187 166
187 176
187 173
187 142
188 185
189 141
190 177
190 197
191 143
192 166
192 142
192 173
193 140
193 159
194 168
195 168
195 136
195 207
196 157
197 177
197 190
198 150
198 162
199 163
200 156
200 167
201 147
201 138
201 208
202 155
202 150
203 197
203 199
203 163
203 177
203 156
204 156
205 145
206 141
206 209
207 195
208 138
208 182
208 147
208 201
209 141
209 206
212 211
214 211
216 218
216 220
217 222
218 216
218 221
219 218
219 220
220 219
220 216
221 218
221 223
221 224
222 217
223 221
224 221
225 15
225 25
225 85
225 226
225 228
225 231
226 225
226 227
227 226
227 231
228 225
228 229
229 228
231 225
231 227
