0
0
0
0
0
0
0
0
0.051342
0.077798
1
0.074971
0.007329
0.143259
0.101236
0.087495
0.114029
0.081992
0.05782
0.14928
0.090877
0.146568
0.009185
0.019901
0.157306
1
1
0.001587
0.351401
0.017061
1
0.108303
0.026088
0.025628
0.126061
0.113033
1
0.020163
0.01088
0.003319
0.50031
0.214732
0.00411
0
0.064055
0.000816
0.285572
0.281815
0
0.013834
0.0486
0.016307
0.033058
0.004296
0.053729
0.142622
0.002122
0.006834
0.260533
0.004541
0.334064
0
0.196167
0.001884
0.026221
0.024571
0.285653
0.006643
0.501189
0.000777
0.500092
0.218473
0.25132
0.016296
0.012287
0.002206
0.001306
0.001389
0.501281
0
0.021252
0.008503
0.02159
0.021549
0.048107
0.013285
0.010801
0.221865
0.003155
0.033081
0.00709
0.297452
0.0016
0.001308
0
0.009713
0.006094
0.003358
0.002616
0.002113
0.043625
0.297308
0.073311
0.073667
0.018774
0.071353
0.016282
0.500571
0.002087
0.003363
0.000653
0
6.9e-05
0.00016
1.8e-05
0
7.2e-05
9e-06
3.2e-05
0
0
0
0
0
0
0
0
0
0
0
0.078787
0.015723
0
0.022138
0.002696
0.001369
1
0.103842
0.097243
1
0.189356
0.311636
0.073684
1
0.195467
0.142552
0.064141
0.016411
0.500661
0.500456
0.00261
0.556639
0.251064
0.499891
0.286125
0.029227
1
0.13596
1
0.083155
0.244854
0.016785
0.000659
0.206308
0.068181
0.016052
0.010774
0.235826
1
0.016952
0.019074
0.500847
0.289256
0.023441
0.500208
0.202792
0.029522
0.025763
0.051928
0.09166
0.500644
0.289105
0.022727
0.071449
0.175734
0.030769
0.007979
0.002123
0.015598
0.156072
0.012673
0.500827
0.016379
0.062946
0.500139
0.201434
0.067934
0.027481
0.000853
0.116368
0.28933
0.01842
0
0.166102
0.50075
0.071385
0.0781
0.100924
0.005443
0.025902
0
0
0
0
0
0
0.02539
0
0.200837
0.002069
0.006389
1
0
0.501111
0.499077
0.077502
0.020105
0.006394
0.019447
0.009678
0
0.020158
