0 1
0 2
1 0
2 0
3 22
3 27
3 30
3 32
3 47
3 51
3 125
4 3
4 6
4 8
4 9
4 14
4 23
4 54
4 56
5 10
5 13
5 15
5 16
5 28
6 4
6 7
6 20
6 26
6 42
6 45
6 59
7 6
7 12
7 29
7 31
7 38
7 52
8 4
8 23
9 4
9 54
9 125
10 6
10 7
10 5
10 11
10 25
10 39
11 10
11 25
12 7
12 29
12 31
12 38
12 41
12 53
13 5
13 37
14 4
14 19
14 55
15 5
15 21
15 28
15 48
16 5
17 6
17 57
18 24
18 39
18 44
19 10
19 18
19 14
19 11
20 6
20 26
20 42
20 45
20 59
21 5
21 15
21 16
21 46
22 3
23 9
23 4
23 8
23 3
23 33
23 34
23 43
24 18
25 10
25 11
26 20
26 6
26 59
27 3
27 30
27 51
28 5
28 15
28 35
29 12
29 7
29 41
30 3
30 27
31 7
31 12
31 29
32 3
32 30
33 23
33 43
34 23
34 33
34 43
34 125
35 15
35 28
35 36
36 35
36 40
36 50
37 13
37 49
38 29
38 7
38 12
38 41
38 52
39 11
39 18
39 10
40 36
41 12
41 38
41 29
41 53
42 20
42 6
43 23
43 33
43 34
44 24
44 18
45 20
45 6
45 26
46 21
47 3
47 30
48 28
48 15
48 5
49 37
50 36
50 40
51 7
51 41
51 3
51 27
51 58
52 7
52 38
52 12
53 12
53 41
53 7
53 29
54 4
54 9
55 14
56 9
56 4
57 17
58 51
59 20
59 6
59 26
63 64
63 65
64 63
65 63
67 68
67 74
67 80
68 67
68 72
68 76
68 83
69 70
69 71
69 77
69 81
70 69
70 73
70 79
70 92
70 100
70 105
70 109
70 110
70 111
71 69
71 77
72 67
72 68
72 103
73 70
73 93
74 67
74 75
74 82
74 84
74 85
74 92
74 107
75 74
75 84
75 85
75 92
75 102
75 107
76 68
77 71
77 69
77 78
77 90
77 91
77 108
77 125
78 77
79 70
79 109
79 111
80 67
80 68
81 69
81 86
81 95
81 97
82 74
82 75
82 83
82 101
82 113
83 82
83 68
83 104
84 74
84 75
85 75
85 74
85 102
85 107
86 81
86 95
87 89
87 99
87 106
88 81
88 98
88 114
89 87
89 96
90 77
90 78
90 91
91 77
91 90
91 78
91 108
92 75
92 85
92 70
92 74
93 73
93 82
93 70
93 72
94 74
94 75
94 84
95 86
95 81
95 97
96 89
97 81
97 95
97 86
98 88
98 114
99 87
99 89
100 70
101 82
102 74
102 75
102 85
103 72
103 93
103 115
104 83
105 70
106 87
106 112
107 75
107 85
107 74
108 77
108 91
109 79
109 70
110 71
110 70
110 69
111 70
111 79
112 87
112 106
113 82
114 88
114 98
115 103
116 15
116 117
117 116
117 118
117 119
118 117
119 117
119 118
120 121
120 122
120 123
121 120
122 120
122 123
123 120
123 122
124 122
124 120
125 9
125 3
125 34
125 77
125 126
126 125
