0
0
0
1
1
0.056331
0.091859
0.054204
0.264706
0.17059
1
0.230597
0.007435
0.009402
0.100576
0.004551
0.019014
0
0.024423
0.016954
0.013274
0.000741
0.500459
0.095999
0.010004
0.28803
0.018744
0.218528
0.006797
0.009121
0.27994
0.011894
0.334139
0.027958
0.032552
0.000739
7.7e-05
0.001162
0.0089
0.20064
3.8e-05
0.018681
0.025322
0.023997
0.00813
0.020222
0.000374
0.334556
0.001081
0.000576
2.9e-05
0.147701
0.012277
0.004203
0.278139
0.050373
0.334583
0
0.074019
0.01662
0
0
0
0
0
0
0
0.003887
0.006257
0.147975
1
0.159018
0.003031
0.142959
0.066403
0.081536
0.003102
1
0.321774
0.203121
0.001317
0.013458
1
0.111668
0.028856
0.031572
0.003539
0
0
0
0.225324
0.175254
0.140701
0.02372
0
0.002969
0
0.003096
0
0
0.333793
0.50023
0.021851
0.000621
0.055748
0.333018
0
0.028155
0.278996
0.28321
0.166762
0.283123
0
0.500589
0
0.000305
0
0
0
0
1
0.499878
0.241809
0.288298
0
0.123469
0.061998
