127
351
0 1 0.5
0 2 0.111111
1 0 0.125
2 0 0.125
3 22 0.5
3 27 0.166667
3 30 0.166667
3 32 0.333333
3 47 0.333333
3 51 0.125
3 125 0.0588235
4 3 0.0454545
4 6 0.0454545
4 8 0.25
4 9 0.1
4 14 0.1
4 23 0.0769231
4 54 0.25
4 56 0.333333
5 10 0.0555556
5 13 0.166667
5 15 0.0714286
5 16 0.333333
5 28 0.111111
6 4 0.0416667
6 7 0.0434783
6 20 0.0833333
6 26 0.142857
6 42 0.25
6 45 0.2
6 59 0.142857
7 6 0.0454545
7 12 0.0666667
7 29 0.0909091
7 31 0.2
7 38 0.1
7 52 0.2
8 4 0.0416667
8 23 0.0769231
9 4 0.0416667
9 54 0.25
9 125 0.0588235
10 6 0.0454545
10 7 0.0434783
10 5 0.0555556
10 11 0.166667
10 25 0.25
10 39 0.2
11 10 0.0555556
11 25 0.25
12 7 0.0434783
12 29 0.0909091
12 31 0.2
12 38 0.1
12 41 0.111111
12 53 0.166667
13 5 0.0555556
13 37 0.125
14 4 0.0416667
14 19 0.166667
14 55 0.5
15 5 0.0555556
15 21 0.166667
15 28 0.111111
15 48 0.25
16 5 0.0555556
17 6 0.0454545
17 57 0.5
18 24 0.333333
18 39 0.2
18 44 0.333333
19 10 0.0555556
19 18 0.111111
19 14 0.1
19 11 0.166667
20 6 0.0454545
20 26 0.142857
20 42 0.25
20 45 0.2
20 59 0.142857
21 5 0.0555556
21 15 0.0714286
21 16 0.333333
21 46 0.5
22 3 0.0454545
23 9 0.1
23 4 0.0416667
23 8 0.25
23 3 0.0454545
23 33 0.2
23 34 0.142857
23 43 0.166667
24 18 0.111111
25 10 0.0555556
25 11 0.166667
26 20 0.0833333
26 6 0.0454545
26 59 0.142857
27 3 0.0454545
27 30 0.166667
27 51 0.125
28 5 0.0555556
28 15 0.0714286
28 35 0.111111
29 12 0.0666667
29 7 0.0434783
29 41 0.111111
30 3 0.0454545
30 27 0.166667
31 7 0.0434783
31 12 0.0666667
31 29 0.0909091
32 3 0.0454545
32 30 0.166667
33 23 0.0769231
33 43 0.166667
34 23 0.0769231
34 33 0.2
34 43 0.166667
34 125 0.0588235
35 15 0.0714286
35 28 0.111111
35 36 0.111111
36 35 0.111111
36 40 0.333333
36 50 0.333333
37 13 0.166667
37 49 0.5
38 29 0.0909091
38 7 0.0434783
38 12 0.0666667
38 41 0.111111
38 52 0.2
39 11 0.166667
39 18 0.111111
39 10 0.0555556
40 36 0.111111
41 12 0.0666667
41 38 0.1
41 29 0.0909091
41 53 0.166667
42 20 0.0833333
42 6 0.0454545
43 23 0.0769231
43 33 0.2
43 34 0.142857
44 24 0.333333
44 18 0.111111
45 20 0.0833333
45 6 0.0454545
45 26 0.142857
46 21 0.166667
47 3 0.0454545
47 30 0.166667
48 28 0.111111
48 15 0.0714286
48 5 0.0555556
49 37 0.125
50 36 0.111111
50 40 0.333333
51 7 0.0434783
51 41 0.111111
51 3 0.0454545
51 27 0.166667
51 58 0.5
52 7 0.0434783
52 38 0.1
52 12 0.0666667
53 12 0.0666667
53 41 0.111111
53 7 0.0434783
53 29 0.0909091
54 4 0.0416667
54 9 0.1
55 14 0.1
56 9 0.1
56 4 0.0416667
57 17 0.166667
58 51 0.125
59 20 0.0833333
59 6 0.0454545
59 26 0.142857
63 64 0.142857
63 65 0.166667
64 63 0.0666667
65 63 0.0666667
67 68 0.0526316
67 74 0.0526316
67 80 0.333333
68 67 0.05
68 72 0.1
68 76 0.5
68 83 0.111111
69 70 0.037037
69 71 0.125
69 77 0.0588235
69 81 0.0909091
70 69 0.0666667
70 73 0.142857
70 79 0.142857
70 92 0.125
70 100 0.333333
70 105 0.333333
70 109 0.25
70 110 0.166667
70 111 0.25
71 69 0.0666667
71 77 0.0588235
72 67 0.05
72 68 0.0526316
72 103 0.2
73 70 0.037037
73 93 0.166667
74 67 0.05
74 75 0.0666667
74 82 0.0714286
74 84 0.2
74 85 0.1
74 92 0.125
74 107 0.166667
75 74 0.0526316
75 84 0.2
75 85 0.1
75 92 0.125
75 102 0.2
75 107 0.166667
76 68 0.0526316
77 71 0.125
77 69 0.0666667
77 78 0.25
77 90 0.2
77 91 0.125
77 108 0.25
77 125 0.0588235
78 77 0.0588235
79 70 0.037037
79 109 0.25
79 111 0.25
80 67 0.05
80 68 0.0526316
81 69 0.0666667
81 86 0.2
81 95 0.166667
81 97 0.2
82 74 0.0526316
82 75 0.0666667
82 83 0.111111
82 101 0.5
82 113 0.5
83 82 0.0714286
83 68 0.0526316
83 104 0.5
84 74 0.0526316
84 75 0.0666667
85 75 0.0666667
85 74 0.0526316
85 102 0.2
85 107 0.166667
86 81 0.0909091
86 95 0.166667
87 89 0.142857
87 99 0.333333
87 106 0.25
88 81 0.0909091
88 98 0.25
88 114 0.25
89 87 0.111111
89 96 0.5
90 77 0.0588235
90 78 0.25
90 91 0.125
91 77 0.0588235
91 90 0.2
91 78 0.25
91 108 0.25
92 75 0.0666667
92 85 0.1
92 70 0.037037
92 74 0.0526316
93 73 0.142857
93 82 0.0714286
93 70 0.037037
93 72 0.1
94 74 0.0526316
94 75 0.0666667
94 84 0.2
95 86 0.2
95 81 0.0909091
95 97 0.2
96 89 0.142857
97 81 0.0909091
97 95 0.166667
97 86 0.2
98 88 0.125
98 114 0.25
99 87 0.111111
99 89 0.142857
100 70 0.037037
101 82 0.0714286
102 74 0.0526316
102 75 0.0666667
102 85 0.1
103 72 0.1
103 93 0.166667
103 115 0.5
104 83 0.111111
105 70 0.037037
106 87 0.111111
106 112 0.25
107 75 0.0666667
107 85 0.1
107 74 0.0526316
108 77 0.0588235
108 91 0.125
109 79 0.142857
109 70 0.037037
110 71 0.125
110 70 0.037037
110 69 0.0666667
111 70 0.037037
111 79 0.142857
112 87 0.111111
112 106 0.25
113 82 0.0714286
114 88 0.125
114 98 0.25
115 103 0.2
116 15 0.0714286
116 117 0.125
117 116 0.0588235
117 118 0.166667
117 119 0.166667
118 117 0.125
119 117 0.125
119 118 0.166667
120 121 0.5
120 122 0.2
120 123 0.25
121 120 0.0909091
122 120 0.0909091
122 123 0.25
123 120 0.0909091
123 122 0.2
124 122 0.2
124 120 0.0909091
125 9 0.1
125 3 0.0454545
125 34 0.142857
125 77 0.0588235
125 126 0.5
126 125 0.0588235
