16 18
17 10
31 32
32 31
0 1
42 35
42 40
1 0
1 2
1 3
1 5
1 7
1 13
1 15
1 18
2 1
2 5
2 8
2 9
2 12
2 25
18 16
18 1
18 20
18 27
19 11
43 38
43 40
43 46
43 47
20 18
20 27
33 34
33 38
33 39
33 45
21 11
22 9
3 1
3 4
3 6
3 9
3 29
4 3
4 6
4 29
5 2
5 1
5 12
34 33
34 36
23 12
44 37
35 40
35 41
35 42
35 46
45 41
45 33
45 35
24 11
24 10
6 3
6 4
6 10
36 34
36 38
46 35
46 43
46 41
46 42
47 43
48 40
7 1
7 11
7 14
25 2
26 19
26 13
26 12
27 18
27 20
38 36
38 33
8 2
9 3
9 2
9 5
9 22
10 6
10 9
10 12
10 17
10 24
10 28
28 10
49 50
11 7
11 13
11 19
11 21
11 24
50 49
29 3
29 4
12 2
12 10
12 5
12 9
12 23
39 33
13 1
13 11
13 26
14 7
40 35
40 41
40 42
40 43
40 48
15 1
41 40
41 35
41 45
