0 1
0 2
1 0
2 0
2 3
2 7
2 9
2 15
2 20
2 24
2 33
2 36
2 40
3 2
3 4
3 5
3 6
3 18
3 21
4 3
4 11
4 14
5 3
5 48
6 3
6 8
6 12
6 16
6 22
6 32
6 42
7 2
7 10
7 13
7 25
7 28
8 6
9 2
9 19
9 23
9 33
9 36
10 7
11 4
11 45
12 6
13 7
13 25
13 28
13 31
14 4
15 2
15 20
15 26
15 27
15 30
15 31
15 39
16 6
16 22
17 5
17 38
18 3
19 2
19 9
20 2
20 15
20 41
20 43
21 3
22 6
22 16
23 9
23 2
23 40
24 2
25 13
25 7
25 28
26 15
27 15
27 37
28 13
28 25
28 7
29 12
29 16
29 44
30 15
30 39
31 13
31 15
31 25
31 34
31 46
31 47
31 49
32 6
32 22
33 2
33 24
33 9
34 31
34 35
35 34
35 31
35 46
35 47
36 2
36 9
37 27
38 17
38 37
39 15
39 30
40 2
40 24
40 23
41 20
42 6
43 20
44 29
45 11
46 31
46 35
46 47
47 31
47 46
47 35
48 5
48 33
49 7
49 31
49 50
50 49
50 51
50 52
51 50
51 52
52 51
52 50
53 54
54 53
55 56
55 57
55 58
55 60
55 66
55 71
55 87
55 89
55 99
56 55
56 62
56 67
56 88
56 94
57 55
57 69
57 75
57 85
57 86
57 92
57 96
57 100
58 55
58 89
59 61
59 96
60 55
60 68
61 59
61 56
61 73
61 95
62 56
62 63
62 78
62 93
63 58
63 62
63 55
63 65
63 74
63 81
63 90
64 70
64 80
65 63
65 90
65 97
66 55
66 58
66 71
66 76
66 83
66 98
66 102
67 56
68 60
68 71
69 57
69 75
69 85
69 92
69 96
69 100
70 64
70 80
71 66
71 55
71 60
71 68
73 61
73 95
74 63
74 77
74 79
74 82
74 84
75 57
75 69
75 85
75 86
75 100
76 66
76 83
76 102
77 74
77 79
78 62
78 93
79 74
79 77
79 84
79 91
80 70
80 64
81 63
81 65
82 77
82 74
83 76
83 66
83 98
84 77
84 79
84 74
85 57
85 75
85 69
86 57
86 75
86 100
87 55
88 63
88 56
88 101
89 55
89 58
89 87
89 99
90 65
90 63
91 79
91 74
92 69
92 57
93 78
93 62
94 56
95 61
95 73
95 59
96 57
96 69
96 59
97 81
97 63
97 90
97 65
98 66
98 83
98 76
99 55
99 89
100 69
100 57
100 75
100 86
101 88
102 76
102 66
