108
293
0 1 0.25
0 2 0.0294118
1 0 0.0769231
2 0 0.0769231
2 3 0.0625
2 7 0.0769231
2 9 0.1
2 15 0.0555556
2 20 0.0714286
2 24 0.25
2 33 0.125
2 36 0.25
2 40 0.2
3 2 0.0294118
3 4 0.0714286
3 5 0.0909091
3 6 0.0526316
3 18 0.25
3 21 0.5
4 3 0.0625
4 11 0.166667
4 14 0.5
5 3 0.0625
5 48 0.333333
6 3 0.0625
6 8 0.5
6 12 0.25
6 16 0.2
6 22 0.166667
6 32 0.333333
6 42 0.5
7 2 0.0294118
7 10 0.5
7 13 0.0909091
7 25 0.142857
7 28 0.166667
8 6 0.0526316
9 2 0.0294118
9 19 0.333333
9 23 0.2
9 33 0.125
9 36 0.25
10 7 0.0769231
11 4 0.0714286
11 45 0.25
12 6 0.0526316
13 7 0.0769231
13 25 0.142857
13 28 0.166667
13 31 0.0666667
14 4 0.0714286
15 2 0.0294118
15 20 0.0714286
15 26 0.5
15 27 0.1
15 30 0.25
15 31 0.0666667
15 39 0.166667
16 6 0.0526316
16 22 0.166667
17 5 0.0909091
17 38 0.2
18 3 0.0625
19 2 0.0294118
19 9 0.1
20 2 0.0294118
20 15 0.0555556
20 41 0.5
20 43 0.5
21 3 0.0625
22 6 0.0526316
22 16 0.2
23 9 0.1
23 2 0.0294118
23 40 0.2
24 2 0.0294118
25 13 0.0909091
25 7 0.0769231
25 28 0.166667
26 15 0.0555556
27 15 0.0555556
27 37 0.333333
28 13 0.0909091
28 25 0.142857
28 7 0.0769231
29 12 0.25
29 16 0.2
29 44 0.5
30 15 0.0555556
30 39 0.166667
31 13 0.0909091
31 15 0.0555556
31 25 0.142857
31 34 0.25
31 46 0.166667
31 47 0.166667
31 49 0.0666667
32 6 0.0526316
32 22 0.166667
33 2 0.0294118
33 24 0.25
33 9 0.1
34 31 0.0666667
34 35 0.142857
35 34 0.25
35 31 0.0666667
35 46 0.166667
35 47 0.166667
36 2 0.0294118
36 9 0.1
37 27 0.1
38 17 0.2
38 37 0.333333
39 15 0.0555556
39 30 0.25
40 2 0.0294118
40 24 0.25
40 23 0.2
41 20 0.0714286
42 6 0.0526316
43 20 0.0714286
44 29 0.142857
45 11 0.166667
46 31 0.0666667
46 35 0.142857
46 47 0.166667
47 31 0.0666667
47 46 0.166667
47 35 0.142857
48 5 0.0909091
48 33 0.125
49 7 0.0769231
49 31 0.0666667
49 50 0.0833333
50 49 0.0666667
50 51 0.166667
50 52 0.25
51 50 0.0833333
51 52 0.25
52 51 0.166667
52 50 0.0833333
53 54 0.25
54 53 0.2
55 56 0.0416667
55 57 0.0454545
55 58 0.1
55 60 0.125
55 66 0.0666667
55 71 0.111111
55 87 0.333333
55 89 0.142857
55 99 0.25
56 55 0.0333333
56 62 0.111111
56 67 0.5
56 88 0.111111
56 94 0.5
57 55 0.0333333
57 69 0.0833333
57 75 0.1
57 85 0.166667
57 86 0.166667
57 92 0.25
57 96 0.166667
57 100 0.1
58 55 0.0333333
58 89 0.142857
59 61 0.142857
59 96 0.166667
60 55 0.0333333
60 68 0.25
61 59 0.125
61 56 0.0416667
61 73 0.25
61 95 0.2
62 56 0.0416667
62 63 0.05
62 78 0.2
62 93 0.25
63 58 0.1
63 62 0.111111
63 55 0.0333333
63 65 0.125
63 74 0.0769231
63 81 0.25
63 90 0.2
64 70 0.25
64 80 0.25
65 63 0.05
65 90 0.2
65 97 0.2
66 55 0.0333333
66 58 0.1
66 71 0.111111
66 76 0.125
66 83 0.166667
66 98 0.2
66 102 0.25
67 56 0.0416667
68 60 0.125
68 71 0.111111
69 57 0.0454545
69 75 0.1
69 85 0.166667
69 92 0.25
69 96 0.166667
69 100 0.1
70 64 0.111111
70 80 0.25
71 66 0.0666667
71 55 0.0333333
71 60 0.125
71 68 0.25
73 61 0.142857
73 95 0.2
74 63 0.05
74 77 0.166667
74 79 0.1
74 82 0.333333
74 84 0.2
75 57 0.0454545
75 69 0.0833333
75 85 0.166667
75 86 0.166667
75 100 0.1
76 66 0.0666667
76 83 0.166667
76 102 0.25
77 74 0.0769231
77 79 0.1
78 62 0.111111
78 93 0.25
79 74 0.0769231
79 77 0.166667
79 84 0.2
79 91 0.125
80 70 0.25
80 64 0.111111
81 63 0.05
81 65 0.125
82 77 0.166667
82 74 0.0769231
83 76 0.125
83 66 0.0666667
83 98 0.2
84 77 0.166667
84 79 0.1
84 74 0.0769231
85 57 0.0454545
85 75 0.1
85 69 0.0833333
86 57 0.0454545
86 75 0.1
86 100 0.1
87 55 0.0333333
88 63 0.05
88 56 0.0416667
88 101 0.5
89 55 0.0333333
89 58 0.1
89 87 0.333333
89 99 0.25
90 65 0.125
90 63 0.05
91 79 0.1
91 74 0.0769231
92 69 0.0833333
92 57 0.0454545
93 78 0.2
93 62 0.111111
94 56 0.0416667
95 61 0.142857
95 73 0.25
95 59 0.125
96 57 0.0454545
96 69 0.0833333
96 59 0.125
97 81 0.25
97 63 0.05
97 90 0.2
97 65 0.125
98 66 0.0666667
98 83 0.166667
98 76 0.125
99 55 0.0333333
99 89 0.142857
100 69 0.0833333
100 57 0.0454545
100 75 0.1
100 86 0.166667
101 88 0.111111
102 76 0.125
102 66 0.0666667
