0.076589
0.019281
1
0.121942
0.008817
0.010958
1
0.078528
0.500559
0.137768
0.039373
0.001435
0.251255
0.016325
0.00445
1
0.234862
0
0.03068
0.046125
0.139463
0.060936
0.239536
0.06609
0.314955
0.024137
0.500665
0.10089
0.018608
0
0.282577
0.067229
0.333741
0.140106
0.017749
0.005886
0.272432
0.03364
0
0.202528
0.20539
0.07005
0.499733
0.069672
0
0.000356
0.013308
0.013395
0.003693
0.004399
0.000397
8.6e-05
0.000119
0
0
1
1
1
0.124544
0.023148
0.141819
0.003359
0.112181
0.011464
0
0.001994
0.074306
0.501179
0.063145
0.148466
0
0.121937
0
0.001028
0.000861
0.156149
0.014601
0.00024
0.02707
0.000101
0
0.002901
0.00029
0.016265
0.000183
0.204111
0.202767
0.375264
0.112114
0.186798
0.002542
7e-06
0.27491
0.032593
0.500722
0.000802
0.185236
0.000418
0.017019
0.280483
0.141763
0.056414
0.020921
0
0
0
0
0
