0 1
0 4
1 0
1 2
1 3
1 6
1 8
1 36
1 42
2 1
2 5
2 10
2 20
2 23
3 1
3 6
3 9
4 0
4 14
4 15
5 2
6 3
6 1
6 8
6 9
7 12
7 46
8 1
8 3
8 6
8 42
9 1
9 6
9 3
9 11
9 19
9 28
9 48
10 2
10 25
11 9
11 13
11 19
11 28
12 7
12 13
12 18
12 24
12 29
13 12
13 11
13 9
13 17
13 30
13 31
13 34
13 38
13 39
13 49
14 4
15 4
15 34
17 13
17 30
18 12
18 24
18 29
19 9
19 11
19 28
20 2
20 21
20 26
20 27
20 38
20 40
20 44
21 20
21 26
21 27
21 40
21 44
22 10
22 41
23 2
24 18
24 12
24 29
25 10
25 2
26 20
26 21
26 27
27 20
27 21
27 26
27 40
27 44
28 9
28 11
28 19
29 24
29 12
29 18
29 35
30 13
30 17
30 31
30 39
30 49
31 13
31 30
31 17
31 33
32 7
33 17
33 31
33 13
33 49
34 15
34 13
35 16
35 29
35 37
35 47
36 1
36 3
36 6
37 35
37 47
38 20
38 13
38 33
39 31
39 30
39 13
40 20
40 27
40 21
41 22
42 1
42 8
43 25
44 27
44 20
44 21
45 32
45 7
45 46
46 45
46 7
47 37
47 35
48 11
48 9
48 19
49 30
49 13
49 33
50 51
51 50
52 50
54 56
54 57
56 54
57 54
58 59
58 63
58 65
58 80
58 83
58 103
59 58
59 60
59 70
59 76
59 88
59 92
59 102
60 59
60 61
60 66
60 71
60 74
60 89
61 60
62 68
63 58
63 70
63 72
64 60
64 82
64 84
65 58
65 103
66 60
66 62
66 59
66 94
67 64
67 69
67 73
67 90
67 97
68 62
68 91
69 67
69 86
69 100
70 59
70 63
70 93
70 99
71 60
71 81
71 85
71 87
72 63
72 77
72 96
73 67
74 60
74 89
76 59
76 88
77 72
78 60
78 101
79 58
80 58
80 65
80 83
81 71
81 87
82 64
82 84
83 58
83 65
83 80
84 82
84 64
85 81
85 71
85 87
86 69
87 81
87 85
87 71
88 59
88 76
88 102
89 60
89 74
90 67
90 73
91 68
92 88
92 59
92 102
93 70
94 66
94 58
95 72
95 93
96 72
97 67
97 72
97 90
97 73
99 70
99 93
100 69
100 86
101 78
102 92
102 59
102 88
103 58
103 65
109 108
110 108
