0.003304
0.055337
1
0.014565
0.010971
0.250723
0.015734
0.006012
0.009168
0.072678
0.142672
0.121197
0.083787
1
0.005494
0.063048
0.00064
0.165879
0.017702
0.03264
0.067362
0.010959
0
0.500385
0.017699
0.023843
0.013851
0.010753
0.035011
0.014083
0.158749
0.170157
0.000205
0.066516
0.250217
0.001993
0.014033
0.0006
0.149312
0.223081
0.013798
0
0.015299
0
0.01403
0.000389
0.001524
0.000599
0.018188
0.166097
0
0
0
0
0
0
0
0
1
0.092499
1
0.334225
0.015758
0.266946
0.126091
0.200899
0.125905
1
0.002554
0.125979
0.044494
0.11151
1
0.322442
0.297685
0
0.026786
0.500096
0
0
0.232901
0.029544
0.037612
0.233439
0.037497
0.026021
0.051478
0.025179
0.020565
0.298462
0.194569
0.001287
0.021643
0.011317
0.025097
0
0.500895
0.200969
0
0.014792
0.042215
0
0.020541
0.283494
0
0
0
0
0
0
0
