1 2
2 1
4 8
4 13
4 15
4 28
4 53
4 72
4 93
5 75
5 95
6 10
6 23
6 46
6 70
6 94
7 24
7 41
8 4
8 6
8 12
8 19
8 71
9 25
9 35
9 62
9 79
9 86
10 6
10 11
10 21
10 84
11 10
11 26
12 8
12 4
12 39
12 48
13 4
14 15
14 20
14 22
14 35
14 49
14 51
14 56
14 69
14 82
14 90
14 100
15 4
15 14
15 38
15 40
15 55
15 68
15 76
15 81
16 18
16 31
16 80
17 74
17 87
17 99
18 16
18 5
18 20
18 37
19 8
19 29
19 48
19 133
20 18
20 14
20 30
20 44
21 19
21 10
21 77
22 14
22 6
22 27
22 34
22 42
22 63
22 94
22 97
22 102
23 6
23 36
24 7
25 9
25 62
26 11
27 22
27 41
27 63
28 4
28 13
29 19
29 52
30 20
31 16
31 58
32 10
32 45
32 73
33 91
34 22
34 27
35 14
35 9
35 50
35 57
35 59
35 65
35 96
36 23
37 18
38 15
39 12
40 15
40 89
41 7
41 27
41 22
41 43
42 22
42 34
43 41
44 30
44 20
45 32
46 6
47 14
47 25
48 19
48 21
48 12
48 60
49 43
49 14
49 20
49 92
50 35
50 59
50 126
51 14
51 82
52 29
53 4
53 13
54 88
55 15
55 61
55 131
56 14
57 50
57 35
57 59
57 65
57 96
58 31
59 35
59 50
59 57
59 65
60 48
61 55
62 9
62 25
62 79
62 86
62 101
63 22
63 27
63 59
63 34
65 50
65 59
65 57
65 35
65 96
66 18
66 85
68 15
68 76
69 14
69 51
69 100
70 6
71 62
71 29
71 8
72 4
73 32
74 17
75 18
75 5
75 131
76 68
76 40
76 15
76 81
76 89
77 21
78 63
79 62
79 9
79 86
80 16
81 76
81 15
81 89
82 51
82 14
83 103
84 10
85 66
86 9
86 62
86 79
86 101
87 17
87 74
87 99
88 54
89 76
89 40
89 15
89 81
90 51
90 14
90 100
91 33
92 49
93 4
93 28
94 6
94 27
94 22
94 98
94 133
95 5
96 57
96 35
96 65
96 59
97 22
97 27
97 34
97 102
97 113
98 94
99 17
99 87
100 69
100 90
100 14
101 62
101 86
101 9
102 27
102 34
102 97
102 22
103 83
104 107
105 110
107 104
109 111
110 105
111 109
111 112
112 111
112 109
113 97
113 15
113 115
113 116
114 119
115 113
116 113
116 117
116 118
117 116
117 122
118 116
118 120
118 121
118 124
119 114
120 118
120 117
120 122
120 125
121 118
122 117
122 120
122 123
123 122
124 118
125 120
126 22
126 50
126 8
126 127
127 126
128 126
128 129
128 130
129 128
130 128
131 55
131 75
131 132
132 131
133 19
133 94
133 134
133 158
133 180
133 193
134 133
134 136
134 139
134 201
135 136
135 137
135 141
135 207
135 233
135 234
136 134
136 135
136 138
136 139
136 145
136 148
136 149
136 154
136 160
136 162
136 169
136 197
136 227
136 247
137 135
137 190
138 136
138 142
138 144
138 153
138 159
138 164
138 178
138 181
138 219
139 136
139 134
139 140
139 143
139 151
139 202
140 139
140 144
140 150
140 152
140 155
140 200
140 205
140 206
141 135
141 136
141 188
141 214
142 140
142 138
142 144
142 164
142 172
142 184
142 185
142 196
143 139
143 146
143 228
144 140
144 142
144 138
144 181
145 136
145 141
145 156
145 175
145 192
145 203
145 215
145 218
145 229
146 143
147 186
148 136
148 149
148 210
149 136
149 148
149 162
149 227
150 140
150 187
150 199
151 139
151 142
151 165
151 220
151 231
152 140
152 155
152 200
153 138
153 146
153 168
153 174
154 136
154 148
154 149
154 173
154 195
154 236
155 140
155 152
156 145
156 157
156 176
156 183
157 156
157 176
157 183
157 209
157 213
158 133
159 138
160 136
160 149
160 161
160 163
160 177
160 222
160 225
160 237
161 160
161 177
161 189
162 136
162 148
162 149
162 169
162 210
163 160
163 182
163 225
163 237
164 142
164 138
164 179
164 198
164 220
165 151
165 223
166 171
167 170
168 153
168 174
169 136
169 162
169 224
170 167
170 191
171 166
172 142
172 185
173 154
173 195
173 236
174 153
174 168
175 145
175 215
176 156
176 157
176 221
177 161
177 160
177 204
178 138
178 219
179 164
179 208
180 133
180 235
180 247
181 144
181 138
182 163
182 160
183 156
183 176
183 157
183 209
183 213
184 142
185 142
185 172
186 147
186 191
187 150
187 199
188 141
188 207
188 214
189 161
190 137
190 211
191 170
191 186
192 145
193 133
194 166
194 150
194 181
195 154
195 173
195 236
196 142
197 141
197 136
197 154
197 207
197 238
198 164
199 187
199 150
200 155
200 152
200 140
201 134
201 193
202 139
203 175
203 145
203 192
203 229
204 177
204 216
205 155
205 140
206 140
206 152
206 155
207 188
207 135
207 197
207 230
208 179
209 157
209 183
209 156
209 221
210 148
210 136
210 162
210 227
211 190
212 152
212 155
212 140
213 183
213 176
213 209
213 157
214 141
214 188
215 145
215 175
216 161
216 204
216 217
216 226
216 232
217 216
217 226
218 215
218 145
219 138
219 178
220 151
220 164
221 183
221 176
221 209
221 156
222 160
222 182
223 151
223 165
224 169
225 182
225 160
225 163
226 217
226 216
227 210
227 136
227 149
228 143
229 203
229 175
229 145
230 207
231 151
231 165
232 217
232 216
233 135
233 137
234 135
235 180
236 154
236 195
236 173
237 163
237 222
237 160
238 197
240 23
240 185
240 222
240 241
240 242
240 243
240 246
241 240
242 240
243 240
246 240
247 180
247 153
247 136
247 248
248 247
251 250
251 252
252 251
253 254
253 257
253 258
254 253
254 255
255 254
255 256
256 255
257 253
258 253
