0
0
0
0
1
0.000866
0.075805
0.002691
0.109603
0.005213
0.006438
0.001121
0.015395
0.300973
1
1
0.000499
0
0.008545
0.100113
0.109863
0.002348
1
0.15201
0.001328
0.00147
0.000572
0.180106
0.313206
0.023909
0.044947
7.6e-05
0
0
0.237159
0.068363
0.075843
0.00426
0.500669
0.005124
0.226646
0.02694
0.334187
0.040818
0.036537
0
0.037967
0
0.014322
0.100877
0.013793
0.2612
0.012144
0.334312
0
0.125657
0.500598
0.012245
1.7e-05
0.024885
0.004736
0.062672
0.002651
0.144225
0
0.012446
0
0
0.271195
0.232497
0.018943
0.022007
0.50038
0
0
0.001831
0.129628
0.001196
0
0.001436
0.000231
0.189348
0.293826
0
0.003213
0
0.001164
0
0
0.072778
0.232198
0
0.050267
0.333845
0.21705
0.000453
0.012422
0.145327
0.109055
0
0.222298
0.000752
0.184033
0
0
0
0
0
0
0
0
0
0
0.022427
0
0.005645
0.171215
0.046374
1
0
0.142768
0.333087
0.030213
0.015094
0.500936
0.071623
0.001386
0.000654
0
0
0
0.013837
0.006929
1
0.137968
0.069443
1
0.011457
1
0.147034
1
0.106706
1
0.02123
0.347893
1
0.026058
0
0.151527
0.153899
0.11183
0.017339
0.159428
0.111128
0.086186
0.224486
0.077142
0.008726
0.333601
0.50016
0.072754
0.009114
0.144072
0.017669
0.172947
0.004496
0
0
0.033392
0.158905
0
0
0.318903
0.018873
0.033112
0.256177
0.011743
0.009971
0.24134
0.043354
0.180681
0.253882
0.047793
0.008778
0.500628
0.393572
0
0.027027
0.025564
0.004617
0.002836
0
0.376658
0.344637
0
0.018758
0.500772
0.125946
0.086771
0.031994
0.223749
0.046052
0.073626
0.194313
0.001205
0.333776
0.251257
0.027022
0.021807
0.002665
0.065592
0.001416
0
0.002821
0.031039
0.287925
0.000123
4.3e-05
0.333774
0.288897
0.04682
0.00234
0.212319
0.001552
0.0795
0.017308
3.5e-05
0.191209
0.010585
0.227816
0.013396
0.005754
4.2e-05
0.023076
0.017357
0.090382
0.018843
0.017414
0.063177
0
1
0.166685
0.251137
0.125834
0
0
0.500966
0.115615
0.057896
0
0
0
0
1
0.250124
0.062511
0.03125
0.500008
0.50112
