15 11
16 8
16 18
16 19
17 0
17 11
18 16
18 4
18 7
44 38
44 34
44 43
44 31
0 11
0 17
0 27
19 16
1 3
1 5
1 21
45 33
29 31
29 43
29 46
30 35
30 48
31 29
20 3
20 24
2 8
2 12
46 41
46 29
46 47
32 31
32 41
3 1
3 5
3 20
3 24
4 7
4 23
21 1
47 46
5 3
5 1
22 6
23 4
23 28
33 32
33 36
33 42
33 45
24 3
24 20
48 32
48 35
48 34
48 37
48 30
25 10
34 30
34 38
34 39
34 43
34 44
49 42
50 43
6 22
26 7
7 4
7 8
7 18
7 26
35 30
35 48
35 51
51 35
51 30
27 0
36 33
36 40
8 2
8 7
8 16
9 3
9 10
28 23
10 9
10 13
10 14
10 25
41 37
41 32
41 46
37 29
11 0
38 34
42 33
39 35
39 34
12 2
40 36
13 9
13 10
14 10
43 29
43 34
43 50
