0 1
0 2
0 3
0 30
0 46
0 49
1 0
1 5
1 6
1 66
1 192
1 208
2 0
2 4
2 8
2 24
2 46
2 69
2 94
2 103
2 111
2 144
3 0
3 10
3 17
3 33
3 35
3 48
3 57
3 76
3 90
3 95
3 107
3 160
3 188
3 194
3 197
4 2
4 7
4 15
4 18
4 75
4 88
4 103
4 105
4 122
4 169
5 1
5 23
5 38
5 175
5 200
6 1
6 9
6 42
6 72
6 174
7 4
7 11
7 18
7 20
7 27
7 63
7 89
7 98
7 125
8 4
8 2
8 18
8 24
8 58
9 6
9 12
9 26
9 72
9 101
9 104
9 135
9 166
10 3
10 65
10 160
10 188
11 7
11 14
11 21
11 40
11 93
11 177
12 9
12 72
12 104
12 166
13 4
13 16
13 18
13 28
13 44
13 53
13 61
13 71
13 115
13 151
14 11
14 31
14 82
14 210
15 4
15 105
15 169
16 13
16 4
16 23
16 71
16 113
16 126
16 153
17 3
17 10
17 19
17 34
17 51
17 55
17 95
17 168
18 4
18 7
18 13
18 8
18 106
19 17
19 27
19 36
19 54
19 136
19 170
20 7
20 41
21 11
21 14
21 196
22 0
22 19
22 1
22 25
22 47
22 131
22 165
22 181
22 187
23 5
23 16
23 79
23 110
23 124
24 8
24 2
24 71
25 22
25 19
25 33
25 73
25 109
25 180
26 9
26 12
26 29
26 32
26 68
26 78
26 97
26 139
26 203
27 7
27 18
27 19
27 95
27 143
27 158
28 13
28 5
28 50
29 26
29 32
29 101
29 139
30 0
30 108
30 112
30 182
31 14
31 39
31 43
32 26
32 29
32 37
32 77
33 10
33 25
33 3
33 17
33 57
33 60
33 141
33 163
34 17
34 87
34 96
35 3
35 65
35 150
35 160
35 197
36 19
36 54
36 56
37 29
37 32
37 26
37 68
37 78
37 97
37 139
38 23
38 5
38 28
39 14
39 31
39 43
39 45
39 62
40 7
40 11
40 85
40 92
40 116
41 20
41 86
42 6
42 9
42 12
42 185
42 189
43 31
43 39
43 81
43 100
43 129
43 146
43 179
44 13
44 61
44 67
44 112
45 31
45 39
45 159
45 164
46 0
46 2
46 191
47 22
47 77
47 131
47 142
47 165
47 181
47 187
47 190
48 3
48 10
48 52
48 59
48 60
48 72
49 0
49 185
50 28
51 17
51 87
51 96
52 48
52 3
52 38
52 57
53 13
53 151
54 36
54 19
54 64
54 73
54 120
54 161
54 184
55 17
55 51
55 87
56 36
56 19
56 47
56 86
57 3
57 38
57 52
57 33
57 119
57 132
57 195
58 8
58 40
58 70
58 83
58 92
58 172
59 48
59 84
59 155
59 162
60 33
60 48
60 176
61 44
61 13
61 63
62 31
62 39
62 14
62 41
62 102
63 61
63 7
63 130
64 54
64 73
64 184
65 3
65 10
65 35
65 76
65 90
65 107
65 140
65 188
66 1
66 133
66 156
66 207
67 44
68 29
68 26
68 37
68 121
69 2
69 94
69 144
70 58
71 13
71 24
71 16
71 80
71 83
71 113
71 167
71 199
72 12
72 48
72 6
72 9
72 74
72 183
73 54
73 35
73 25
73 64
73 114
73 128
73 134
73 142
73 186
73 204
73 205
74 9
74 72
75 4
75 15
75 122
76 10
76 3
76 65
76 90
76 197
77 32
77 47
77 78
77 91
78 77
78 37
78 26
78 68
79 23
79 110
79 126
80 71
80 83
80 164
81 43
81 100
82 31
82 14
82 39
82 41
83 70
83 58
83 80
83 45
83 71
84 59
85 43
85 11
85 40
85 99
86 41
86 56
87 55
87 34
87 51
87 89
87 168
88 4
88 75
88 15
88 111
89 27
89 87
89 7
89 17
90 10
90 76
90 3
90 65
91 77
92 58
92 40
92 173
93 11
94 2
94 69
95 34
95 17
95 3
95 27
95 117
95 138
95 148
96 51
96 17
96 34
96 87
96 55
97 37
97 26
97 29
97 118
98 7
99 85
100 43
100 81
100 145
100 179
101 29
101 59
101 9
101 152
102 62
103 4
103 69
103 2
104 12
104 9
104 154
104 166
105 4
105 75
105 15
105 111
105 157
106 18
107 65
107 3
107 35
107 140
107 150
108 30
108 182
109 25
110 23
110 79
111 4
111 105
111 2
111 69
111 88
111 137
111 157
111 209
112 44
112 15
112 108
112 4
112 30
112 199
113 16
113 66
113 71
114 73
114 205
115 13
115 167
116 40
117 95
117 198
118 97
118 180
119 57
120 64
120 56
120 54
120 123
120 149
121 29
121 32
121 68
121 203
122 88
122 75
122 4
122 157
123 120
124 23
125 7
125 178
125 206
126 23
126 16
126 79
127 33
128 73
128 134
128 204
129 43
129 20
129 100
130 63
131 22
131 47
131 190
132 57
133 66
134 128
134 73
134 186
135 104
135 9
135 171
136 19
136 89
137 111
137 209
138 95
138 198
139 32
139 37
139 26
139 29
140 107
140 3
140 65
140 188
141 33
141 163
142 128
142 73
142 47
142 201
142 202
143 27
143 158
144 2
144 69
144 94
145 100
145 43
146 43
147 36
147 19
148 95
148 138
149 120
149 123
150 107
150 65
150 35
150 160
151 53
151 13
152 101
153 16
154 9
154 104
154 12
155 59
155 84
156 66
156 207
157 105
157 111
157 122
158 143
158 27
159 45
160 65
160 150
160 10
160 3
160 35
161 54
161 64
162 59
163 33
163 141
164 45
164 159
164 80
165 47
165 22
166 9
166 104
166 12
167 71
167 115
167 199
168 34
168 17
168 87
169 4
169 15
169 88
170 19
171 135
172 58
172 70
173 92
174 6
175 5
175 156
175 110
175 16
175 23
176 60
177 11
177 93
178 125
178 179
179 100
179 125
179 178
179 43
180 25
180 60
180 134
180 118
180 97
181 22
181 47
181 190
182 30
182 108
183 72
184 64
184 54
185 49
185 42
185 189
186 73
186 128
186 134
187 47
187 131
187 22
188 140
188 10
188 3
188 90
188 65
188 194
189 42
189 185
189 152
190 181
190 47
190 131
191 46
192 1
192 208
193 25
194 140
194 3
194 160
194 35
194 188
195 57
196 21
197 3
197 35
197 76
197 65
197 90
198 95
198 138
198 117
199 112
199 71
199 167
200 5
201 142
202 142
203 26
203 37
203 121
203 68
204 73
204 128
204 134
205 73
205 114
206 125
206 178
207 156
207 66
208 1
208 192
209 137
209 111
210 39
210 14
