211
745
0 1 0.0769231
0 2 0.05
0 3 0.0277778
0 30 0.1
0 46 0.166667
0 49 0.25
1 0 0.0526316
1 5 0.0909091
1 6 0.1
1 66 0.111111
1 192 0.25
1 208 0.25
2 0 0.0526316
2 4 0.04
2 8 0.1
2 24 0.166667
2 46 0.166667
2 69 0.125
2 94 0.2
2 103 0.2
2 111 0.0625
2 144 0.2
3 0 0.0526316
3 10 0.0769231
3 17 0.05
3 33 0.0666667
3 35 0.0769231
3 48 0.0909091
3 57 0.0769231
3 76 0.111111
3 90 0.1
3 95 0.0625
3 107 0.111111
3 160 0.1
3 188 0.0909091
3 194 0.142857
3 197 0.125
4 2 0.05
4 7 0.0526316
4 15 0.111111
4 18 0.0909091
4 75 0.142857
4 88 0.125
4 103 0.2
4 105 0.111111
4 122 0.142857
4 169 0.142857
5 1 0.0769231
5 23 0.0769231
5 38 0.166667
5 175 0.166667
5 200 0.5
6 1 0.0769231
6 9 0.0526316
6 42 0.125
6 72 0.0833333
6 174 0.5
7 4 0.04
7 11 0.0769231
7 18 0.0909091
7 20 0.2
7 27 0.0833333
7 63 0.166667
7 89 0.142857
7 98 0.5
7 125 0.142857
8 4 0.04
8 2 0.05
8 18 0.0909091
8 24 0.166667
8 58 0.0769231
9 6 0.1
9 12 0.0909091
9 26 0.0555556
9 72 0.0833333
9 101 0.142857
9 104 0.111111
9 135 0.2
9 166 0.166667
10 3 0.0277778
10 65 0.0555556
10 160 0.1
10 188 0.0909091
11 7 0.0526316
11 14 0.0909091
11 21 0.2
11 40 0.0909091
11 93 0.333333
11 177 0.333333
12 9 0.0526316
12 72 0.0833333
12 104 0.111111
12 166 0.166667
13 4 0.04
13 16 0.0714286
13 18 0.0909091
13 28 0.166667
13 44 0.1
13 53 0.25
13 61 0.166667
13 71 0.0625
13 115 0.25
13 151 0.166667
14 11 0.0769231
14 31 0.111111
14 82 0.2
14 210 0.333333
15 4 0.04
15 105 0.111111
15 169 0.142857
16 13 0.047619
16 4 0.04
16 23 0.0769231
16 71 0.0625
16 113 0.2
16 126 0.2
16 153 0.5
17 3 0.0277778
17 10 0.0769231
17 19 0.05
17 34 0.125
17 51 0.142857
17 55 0.142857
17 95 0.0625
17 168 0.2
18 4 0.04
18 7 0.0526316
18 13 0.047619
18 8 0.1
18 106 0.5
19 17 0.05
19 27 0.0833333
19 36 0.142857
19 54 0.0666667
19 136 0.333333
19 170 0.5
20 7 0.0526316
20 41 0.125
21 11 0.0769231
21 14 0.0909091
21 196 0.5
22 0 0.0526316
22 19 0.05
22 1 0.0769231
22 25 0.0833333
22 47 0.0588235
22 131 0.142857
22 165 0.25
22 181 0.166667
22 187 0.2
23 5 0.0909091
23 16 0.0714286
23 79 0.166667
23 110 0.2
23 124 0.5
24 8 0.1
24 2 0.05
24 71 0.0625
25 22 0.0666667
25 19 0.05
25 33 0.0666667
25 73 0.0434783
25 109 0.5
25 180 0.142857
26 9 0.0526316
26 12 0.0909091
26 29 0.0833333
26 32 0.1
26 68 0.111111
26 78 0.142857
26 97 0.125
26 139 0.142857
26 203 0.125
27 7 0.0526316
27 18 0.0909091
27 19 0.05
27 95 0.0625
27 143 0.2
27 158 0.25
28 13 0.047619
28 5 0.0909091
28 50 0.5
29 26 0.0555556
29 32 0.1
29 101 0.142857
29 139 0.142857
30 0 0.0526316
30 108 0.2
30 112 0.111111
30 182 0.25
31 14 0.0909091
31 39 0.0909091
31 43 0.0625
32 26 0.0555556
32 29 0.0833333
32 37 0.0769231
32 77 0.125
33 10 0.0769231
33 25 0.0833333
33 3 0.0277778
33 17 0.05
33 57 0.0769231
33 60 0.142857
33 141 0.25
33 163 0.25
34 17 0.05
34 87 0.0909091
34 96 0.142857
35 3 0.0277778
35 65 0.0555556
35 150 0.125
35 160 0.1
35 197 0.125
36 19 0.05
36 54 0.0666667
36 56 0.142857
37 29 0.0833333
37 32 0.1
37 26 0.0555556
37 68 0.111111
37 78 0.142857
37 97 0.125
37 139 0.142857
38 23 0.0769231
38 5 0.0909091
38 28 0.166667
39 14 0.0909091
39 31 0.111111
39 43 0.0625
39 45 0.125
39 62 0.142857
40 7 0.0526316
40 11 0.0769231
40 85 0.166667
40 92 0.166667
40 116 0.5
41 20 0.2
41 86 0.25
42 6 0.1
42 9 0.0526316
42 12 0.0909091
42 185 0.142857
42 189 0.166667
43 31 0.111111
43 39 0.0909091
43 81 0.25
43 100 0.111111
43 129 0.25
43 146 0.5
43 179 0.142857
44 13 0.047619
44 61 0.166667
44 67 0.5
44 112 0.111111
45 31 0.111111
45 39 0.0909091
45 159 0.333333
45 164 0.2
46 0 0.0526316
46 2 0.05
46 191 0.5
47 22 0.0666667
47 77 0.125
47 131 0.142857
47 142 0.0909091
47 165 0.25
47 181 0.166667
47 187 0.2
47 190 0.166667
48 3 0.0277778
48 10 0.0769231
48 52 0.166667
48 59 0.111111
48 60 0.142857
48 72 0.0833333
49 0 0.0526316
49 185 0.142857
50 28 0.166667
51 17 0.05
51 87 0.0909091
51 96 0.142857
52 48 0.0909091
52 3 0.0277778
52 38 0.166667
52 57 0.0769231
53 13 0.047619
53 151 0.166667
54 36 0.142857
54 19 0.05
54 64 0.111111
54 73 0.0434783
54 120 0.125
54 161 0.333333
54 184 0.25
55 17 0.05
55 51 0.142857
55 87 0.0909091
56 36 0.142857
56 19 0.05
56 47 0.0588235
56 86 0.25
57 3 0.0277778
57 38 0.166667
57 52 0.166667
57 33 0.0666667
57 119 0.5
57 132 0.5
57 195 0.5
58 8 0.1
58 40 0.0909091
58 70 0.25
58 83 0.125
58 92 0.166667
58 172 0.2
59 48 0.0909091
59 84 0.333333
59 155 0.333333
59 162 0.5
60 33 0.0666667
60 48 0.0909091
60 176 0.5
61 44 0.1
61 13 0.047619
61 63 0.166667
62 31 0.111111
62 39 0.0909091
62 14 0.0909091
62 41 0.125
62 102 0.5
63 61 0.166667
63 7 0.0526316
63 130 0.5
64 54 0.0666667
64 73 0.0434783
64 184 0.25
65 3 0.0277778
65 10 0.0769231
65 35 0.0769231
65 76 0.111111
65 90 0.1
65 107 0.111111
65 140 0.125
65 188 0.0909091
66 1 0.0769231
66 133 0.5
66 156 0.2
66 207 0.25
67 44 0.1
68 29 0.0833333
68 26 0.0555556
68 37 0.0769231
68 121 0.125
69 2 0.05
69 94 0.2
69 144 0.2
70 58 0.0769231
71 13 0.047619
71 24 0.166667
71 16 0.0714286
71 80 0.166667
71 83 0.125
71 113 0.2
71 167 0.166667
71 199 0.166667
72 12 0.0909091
72 48 0.0909091
72 6 0.1
72 9 0.0526316
72 74 0.333333
72 183 0.5
73 54 0.0666667
73 35 0.0769231
73 25 0.0833333
73 64 0.111111
73 114 0.25
73 128 0.111111
73 134 0.125
73 142 0.0909091
73 186 0.2
73 204 0.2
73 205 0.25
74 9 0.0526316
74 72 0.0833333
75 4 0.04
75 15 0.111111
75 122 0.142857
76 10 0.0769231
76 3 0.0277778
76 65 0.0555556
76 90 0.1
76 197 0.125
77 32 0.1
77 47 0.0588235
77 78 0.142857
77 91 0.5
78 77 0.125
78 37 0.0769231
78 26 0.0555556
78 68 0.111111
79 23 0.0769231
79 110 0.2
79 126 0.2
80 71 0.0625
80 83 0.125
80 164 0.2
81 43 0.0625
81 100 0.111111
82 31 0.111111
82 14 0.0909091
82 39 0.0909091
82 41 0.125
83 70 0.25
83 58 0.0769231
83 80 0.166667
83 45 0.125
83 71 0.0625
84 59 0.111111
85 43 0.0625
85 11 0.0769231
85 40 0.0909091
85 99 0.5
86 41 0.125
86 56 0.142857
87 55 0.142857
87 34 0.125
87 51 0.142857
87 89 0.142857
87 168 0.2
88 4 0.04
88 75 0.142857
88 15 0.111111
88 111 0.0625
89 27 0.0833333
89 87 0.0909091
89 7 0.0526316
89 17 0.05
90 10 0.0769231
90 76 0.111111
90 3 0.0277778
90 65 0.0555556
91 77 0.125
92 58 0.0769231
92 40 0.0909091
92 173 0.5
93 11 0.0769231
94 2 0.05
94 69 0.125
95 34 0.125
95 17 0.05
95 3 0.0277778
95 27 0.0833333
95 117 0.25
95 138 0.111111
95 148 0.333333
96 51 0.142857
96 17 0.05
96 34 0.125
96 87 0.0909091
96 55 0.142857
97 37 0.0769231
97 26 0.0555556
97 29 0.0833333
97 118 0.25
98 7 0.0526316
99 85 0.166667
100 43 0.0625
100 81 0.25
100 145 0.333333
100 179 0.142857
101 29 0.0833333
101 59 0.111111
101 9 0.0526316
101 152 0.333333
102 62 0.142857
103 4 0.04
103 69 0.125
103 2 0.05
104 12 0.0909091
104 9 0.0526316
104 154 0.25
104 166 0.166667
105 4 0.04
105 75 0.142857
105 15 0.111111
105 111 0.0625
105 157 0.166667
106 18 0.0909091
107 65 0.0555556
107 3 0.0277778
107 35 0.0769231
107 140 0.125
107 150 0.125
108 30 0.1
108 182 0.25
109 25 0.0833333
110 23 0.0769231
110 79 0.166667
111 4 0.04
111 105 0.111111
111 2 0.05
111 69 0.125
111 88 0.125
111 137 0.25
111 157 0.166667
111 209 0.25
112 44 0.1
112 15 0.111111
112 108 0.2
112 4 0.04
112 30 0.1
112 199 0.166667
113 16 0.0714286
113 66 0.111111
113 71 0.0625
114 73 0.0434783
114 205 0.25
115 13 0.047619
115 167 0.166667
116 40 0.0909091
117 95 0.0625
117 198 0.2
118 97 0.125
118 180 0.142857
119 57 0.0769231
120 64 0.111111
120 56 0.142857
120 54 0.0666667
120 123 0.333333
120 149 0.333333
121 29 0.0833333
121 32 0.1
121 68 0.111111
121 203 0.125
122 88 0.125
122 75 0.142857
122 4 0.04
122 157 0.166667
123 120 0.125
124 23 0.0769231
125 7 0.0526316
125 178 0.2
125 206 0.333333
126 23 0.0769231
126 16 0.0714286
126 79 0.166667
127 33 0.0666667
128 73 0.0434783
128 134 0.125
128 204 0.2
129 43 0.0625
129 20 0.2
129 100 0.111111
130 63 0.166667
131 22 0.0666667
131 47 0.0588235
131 190 0.166667
132 57 0.0769231
133 66 0.111111
134 128 0.111111
134 73 0.0434783
134 186 0.2
135 104 0.111111
135 9 0.0526316
135 171 0.5
136 19 0.05
136 89 0.142857
137 111 0.0625
137 209 0.25
138 95 0.0625
138 198 0.2
139 32 0.1
139 37 0.0769231
139 26 0.0555556
139 29 0.0833333
140 107 0.111111
140 3 0.0277778
140 65 0.0555556
140 188 0.0909091
141 33 0.0666667
141 163 0.25
142 128 0.111111
142 73 0.0434783
142 47 0.0588235
142 201 0.25
142 202 0.5
143 27 0.0833333
143 158 0.25
144 2 0.05
144 69 0.125
144 94 0.2
145 100 0.111111
145 43 0.0625
146 43 0.0625
147 36 0.142857
147 19 0.05
148 95 0.0625
148 138 0.111111
149 120 0.125
149 123 0.333333
150 107 0.111111
150 65 0.0555556
150 35 0.0769231
150 160 0.1
151 53 0.25
151 13 0.047619
152 101 0.142857
153 16 0.0714286
154 9 0.0526316
154 104 0.111111
154 12 0.0909091
155 59 0.111111
155 84 0.333333
156 66 0.111111
156 207 0.25
157 105 0.111111
157 111 0.0625
157 122 0.142857
158 143 0.2
158 27 0.0833333
159 45 0.125
160 65 0.0555556
160 150 0.125
160 10 0.0769231
160 3 0.0277778
160 35 0.0769231
161 54 0.0666667
161 64 0.111111
162 59 0.111111
163 33 0.0666667
163 141 0.25
164 45 0.125
164 159 0.333333
164 80 0.166667
165 47 0.0588235
165 22 0.0666667
166 9 0.0526316
166 104 0.111111
166 12 0.0909091
167 71 0.0625
167 115 0.25
167 199 0.166667
168 34 0.125
168 17 0.05
168 87 0.0909091
169 4 0.04
169 15 0.111111
169 88 0.125
170 19 0.05
171 135 0.2
172 58 0.0769231
172 70 0.25
173 92 0.166667
174 6 0.1
175 5 0.0909091
175 156 0.2
175 110 0.2
175 16 0.0714286
175 23 0.0769231
176 60 0.142857
177 11 0.0769231
177 93 0.333333
178 125 0.142857
178 179 0.142857
179 100 0.111111
179 125 0.142857
179 178 0.2
179 43 0.0625
180 25 0.0833333
180 60 0.142857
180 134 0.125
180 118 0.25
180 97 0.125
181 22 0.0666667
181 47 0.0588235
181 190 0.166667
182 30 0.1
182 108 0.2
183 72 0.0833333
184 64 0.111111
184 54 0.0666667
185 49 0.25
185 42 0.125
185 189 0.166667
186 73 0.0434783
186 128 0.111111
186 134 0.125
187 47 0.0588235
187 131 0.142857
187 22 0.0666667
188 140 0.125
188 10 0.0769231
188 3 0.0277778
188 90 0.1
188 65 0.0555556
188 194 0.142857
189 42 0.125
189 185 0.142857
189 152 0.333333
190 181 0.166667
190 47 0.0588235
190 131 0.142857
191 46 0.166667
192 1 0.0769231
192 208 0.25
193 25 0.0833333
194 140 0.125
194 3 0.0277778
194 160 0.1
194 35 0.0769231
194 188 0.0909091
195 57 0.0769231
196 21 0.2
197 3 0.0277778
197 35 0.0769231
197 76 0.111111
197 65 0.0555556
197 90 0.1
198 95 0.0625
198 138 0.111111
198 117 0.25
199 112 0.111111
199 71 0.0625
199 167 0.166667
200 5 0.0909091
201 142 0.0909091
202 142 0.0909091
203 26 0.0555556
203 37 0.0769231
203 121 0.125
203 68 0.111111
204 73 0.0434783
204 128 0.111111
204 134 0.125
205 73 0.0434783
205 114 0.25
206 125 0.142857
206 178 0.2
207 156 0.2
207 66 0.111111
208 1 0.0769231
208 192 0.25
209 137 0.25
209 111 0.0625
210 39 0.0909091
210 14 0.0909091
