0.118029
0.029463
1
1
0.146514
0.038569
0.112378
1
0.220856
1
0.142991
0.087175
0.134331
1
0.030584
0.028795
0.080614
0.118336
0.211779
1
0.241861
0.017557
0.123551
0.025464
0.206278
0.103046
0.058967
0.17803
0.193128
0.021258
0.01391
0.127133
0.022069
0.136232
0.030367
0.18745
0.160437
0.006418
0.194213
0.102594
0.110665
0.033886
0.014807
1
0.11918
0.030634
0.181276
1
0.116669
0.030337
0.096561
0.022884
0.181129
0.281887
0.145995
0.020779
0.026546
1
1
0.02906
0.037209
0.20344
0.01448
0.191272
0.134527
0.06648
0.007249
0.059584
0.010787
0.202498
0.312801
0.090953
0.110023
1
0.03675
0.030936
0.143677
0.127739
0.026995
0.007634
0.037843
0.278567
0.006111
0.136498
0.011689
0.018472
0.014564
0.024708
0.031534
0.184179
0.141962
0.064084
0.180566
0.035598
0.263018
0.079937
0.00743
0.010186
0.500707
0.009417
0.174965
0.144522
0.007119
0.223168
0.160645
0.027657
0.105915
0.125475
0.006554
0.051537
0.007492
0.065884
0.01741
0.033373
0.298106
0.25343
0.054974
0.020493
0.005983
0.500889
0.018408
0.002209
0.026419
0.007529
0.012725
0.166154
0.017223
0
0.18503
0.250859
0.095742
0.204179
0.500823
0.003708
0.190039
0.200693
0.33401
0.019761
0.011921
0.012024
0.05582
0.040303
0.173996
0.042956
0.228167
0.0587
0.500791
0
0.026856
0.006321
0.054873
0.201173
0.049484
0.040306
0.040417
0.009718
0.003019
0.018831
0.0515
0.013732
0.14485
0.048857
0.01468
0.040159
0.013276
0.271867
0.202146
0.058413
0.027857
0.024437
0.501283
0.100799
0.200626
0.090439
0.056357
0.006416
0.018611
0.028924
0.072282
0.167122
0.014891
0.208258
0.004843
0.055301
0.066569
0.006586
0.227613
0.218336
0.121266
0.003378
0.216175
0.090986
0.008721
0
0.156017
0.500314
0.008804
0.159697
0.006235
0.026391
0.019472
0.043732
0.086531
0.007599
0.227549
0.297916
0.055482
0.002362
0.008615
0.019594
0.010114
