47
58
20 21 0.1
32 28 0.111111
32 34 0.25
11 10 0.166667
11 8 0.111111
11 3 0.142857
33 26 0.125
21 20 0.0769231
21 23 0.25
34 28 0.111111
34 32 0.25
22 29 0.333333
22 30 0.166667
2 5 0.333333
2 7 0.5
2 8 0.111111
2 12 0.5
23 21 0.1
23 25 0.142857
12 2 0.0666667
24 21 0.1
13 10 0.166667
13 14 0.142857
25 23 0.25
25 31 0.5
14 13 0.166667
26 27 0.166667
26 33 0.5
4 9 0.5
27 26 0.125
5 2 0.0666667
39 40 0.166667
39 41 0.25
15 6 0.25
40 39 0.0909091
41 39 0.0909091
41 42 0.25
6 15 0.5
42 41 0.25
16 17 0.125
16 18 0.25
7 2 0.0666667
17 16 0.0833333
17 18 0.25
28 32 0.25
28 34 0.25
43 36 0.2
44 45 0.25
45 44 0.25
8 2 0.0666667
29 22 0.125
18 16 0.0833333
18 17 0.125
30 22 0.125
30 29 0.333333
9 4 0.142857
10 11 0.25
31 25 0.142857
