0 1
0 2
0 5
1 0
2 0
3 4
4 3
5 0
5 3
5 10
5 22
5 23
5 27
5 35
5 43
5 46
5 55
5 69
5 92
6 8
6 11
6 16
6 31
6 34
7 38
7 45
8 6
8 11
8 17
8 28
8 53
8 56
8 88
9 14
9 35
9 49
9 82
9 107
10 5
10 15
10 22
10 24
10 40
10 64
11 8
11 6
11 12
11 13
11 56
12 11
12 21
12 47
12 60
13 11
13 29
14 9
14 76
15 10
15 32
15 50
15 64
15 66
16 6
16 34
17 8
17 19
17 57
18 7
18 27
18 36
18 37
18 42
18 43
19 17
20 57
20 63
20 72
20 115
21 12
21 6
22 10
22 5
22 30
23 5
24 10
24 25
24 59
24 65
25 24
25 59
26 9
26 49
27 18
27 5
28 8
29 13
29 52
29 80
29 95
30 22
30 33
31 6
31 14
31 85
31 96
32 15
32 50
32 66
33 30
34 6
34 16
34 44
35 5
35 9
35 69
35 86
36 18
37 18
37 43
38 7
38 41
38 91
39 5
40 10
40 84
41 6
41 38
41 7
41 62
41 89
41 108
42 18
42 37
43 5
43 37
43 18
43 81
43 102
44 34
44 47
44 70
45 7
45 115
46 5
47 12
47 34
47 44
48 104
49 9
49 26
50 15
50 32
50 78
51 90
52 29
53 8
53 28
53 88
54 22
54 71
55 5
56 8
56 11
57 19
57 17
57 20
57 61
57 83
57 103
58 17
59 24
59 25
60 12
61 57
61 17
61 77
61 87
61 239
62 41
62 89
62 108
63 20
63 79
64 15
64 10
65 59
65 24
66 15
66 32
66 67
67 66
67 15
67 22
67 32
68 12
69 5
69 35
70 47
70 12
70 34
70 44
71 54
72 20
73 74
73 93
74 73
74 48
76 14
77 61
77 87
78 50
79 63
80 29
80 101
81 43
81 97
82 9
82 107
83 57
84 40
85 31
85 96
86 35
87 61
87 77
88 56
88 8
88 53
89 62
89 41
90 51
90 75
90 94
91 38
91 45
91 7
92 5
93 73
94 90
95 29
95 101
96 31
96 85
97 43
97 81
97 102
98 36
98 18
98 42
98 37
99 73
100 44
101 29
101 95
101 80
102 97
102 43
103 57
104 48
105 46
105 5
106 51
106 75
107 9
107 49
107 82
108 41
108 62
109 111
109 114
110 113
111 109
113 110
114 109
115 20
115 38
115 45
115 116
115 117
116 115
116 118
116 120
116 123
117 115
117 119
117 121
118 116
118 120
119 117
120 118
120 116
121 117
123 116
124 117
127 160
127 218
128 146
128 171
128 206
129 130
129 137
129 212
130 129
130 158
131 129
131 130
131 196
132 133
132 141
132 143
132 153
132 154
132 181
132 198
133 132
133 134
133 135
133 136
133 149
134 133
134 136
135 133
135 221
136 133
136 134
136 213
137 129
138 140
138 144
138 151
138 172
138 184
138 203
139 129
139 152
139 178
139 202
140 138
140 155
140 166
140 173
140 180
140 193
140 200
141 132
141 157
141 226
143 132
143 181
144 138
145 148
145 167
145 219
145 223
146 128
146 171
146 190
146 206
146 211
147 160
147 161
148 145
148 168
148 219
149 133
149 134
149 192
149 204
150 189
150 194
150 214
151 138
151 134
151 170
151 208
152 139
152 165
153 132
153 127
153 159
154 132
154 143
154 198
155 140
156 176
156 182
157 141
158 130
158 164
158 175
159 153
160 147
160 127
160 150
160 179
160 188
160 197
161 147
162 169
162 171
162 190
164 158
165 152
165 147
165 205
166 140
166 144
166 191
167 145
167 148
167 223
168 148
168 186
168 216
169 162
170 151
170 134
170 177
170 222
171 146
171 128
171 162
171 187
172 138
172 184
173 140
173 168
173 199
173 207
173 221
174 168
174 186
175 158
175 164
175 178
176 156
177 170
177 185
177 208
178 139
178 152
178 175
178 183
178 209
179 160
179 188
179 197
180 140
180 155
181 143
181 132
182 156
182 201
183 178
183 185
183 209
183 215
183 225
184 138
184 172
184 203
185 177
185 183
186 168
186 174
186 210
187 171
187 144
188 179
188 160
189 150
189 220
190 146
190 162
191 166
191 195
192 149
192 204
193 140
193 200
194 189
194 150
194 214
195 191
195 166
196 131
196 185
197 160
197 179
198 132
198 154
198 143
199 163
199 173
200 182
200 140
200 193
200 180
201 182
201 130
201 227
202 147
202 139
202 152
202 161
202 208
202 215
202 239
203 184
203 138
203 200
204 149
204 192
205 165
206 128
206 146
207 173
208 177
208 151
208 202
209 183
209 178
210 168
210 186
211 146
211 128
212 129
213 136
214 150
214 194
214 220
215 183
215 164
215 158
215 202
216 168
216 210
217 146
217 211
217 128
217 206
218 127
219 167
219 148
219 145
219 223
220 189
220 150
220 214
221 135
221 173
222 170
223 219
223 167
223 145
224 133
225 178
225 183
226 141
226 206
227 201
228 138
228 184
229 230
230 229
233 238
234 235
234 237
235 234
236 233
237 234
238 233
239 202
239 61
239 20
239 240
240 239
241 243
242 246
243 241
244 245
245 244
246 242
247 248
248 247
