0.101093
0.05044
0.050579
0.201374
0.050135
1
0.061301
0.093607
1
1
0.068792
0.103703
0.010535
0.267952
0.167504
0.005847
0.016539
0.191405
1
0.371025
0.089648
0.002602
0.107025
0.501205
0.005783
0.001631
0.03843
0.361591
0.384766
1
0.027002
0.006865
0.001068
0.013442
0.007705
0.226196
0.333598
0.193652
0.024856
0
0.013749
0.002295
0.250394
0.186832
0.001354
0.03602
0.333836
0.001715
0
0.152805
0.000569
0
0.250487
0.228228
0
0.501126
0.177867
1
0
0.001208
0.005277
0.109261
0.000491
0.022378
0.010589
0.001856
0.00118
0.000244
0
0.196692
0.000175
0
0.044752
0
0
0
0.055778
0.030805
0.000274
0.011188
0.260422
0.048751
0.288988
0.499759
0.00691
0.002049
0.113011
0.022133
0.195433
0.000503
0
0.006207
0.50044
0
0
0.260803
0.00201
0.01826
0
0
0
0.098213
0.048817
0.499504
0
0
0
0.241457
0.00048
0
0
0
0
0
0
0.084209
0.008478
1
0.001703
0.499882
0.002373
0.500393
0
0.002797
0
0
0
0.15996
0.149842
0.01199
0.005463
0
1
0.063756
0.012428
0.013402
0.009392
0.002954
0.062202
0.140736
1
0.166313
0
0.26185
0.043284
6.4e-05
1
0.269956
0.000675
0.007108
0.101115
0.025948
0.156344
0.142886
0.23304
0.39695
0.003288
0.08329
0.045537
0.071487
1
0.385881
0.048793
0.002362
0.090874
0.019708
0.167134
3.5e-05
0.0048
0.02443
0.007143
0.14417
0.017622
0.084283
0.000302
0.0342
0.00162
0.039396
0.16419
0.23527
0.283211
0.294388
0.019721
1
0.012206
0.145416
0.000889
0.036233
0.288514
0.02453
0.254276
0.041991
0.002091
0.277688
0.022994
0.014033
0
0.289708
0.233494
0.01206
0.175402
0.002877
1
0.01419
0.002138
0.009948
0.1928
0.042062
0.170669
0.277459
0.000607
0.250576
0.006022
0.004726
0.020437
0.305584
0.001611
0
0.080064
0.000109
0.008609
0.018927
0.003528
3.8e-05
0
0.334062
0.05564
0.001419
0
0
0
0
0
0
0
0
0
0
0
0.099302
0.049649
0
0
0
0
0
0
0
0
