2 3
2 4
2 5
2 30
3 2
3 6
3 21
3 22
3 25
3 31
4 2
5 2
6 3
6 7
6 8
6 9
6 10
6 12
7 6
7 13
7 23
8 6
8 9
8 10
8 12
9 6
9 8
9 10
9 15
10 9
10 6
10 2
10 8
10 11
10 24
10 26
10 27
11 10
11 24
12 6
12 8
12 9
12 19
12 20
12 28
13 7
13 23
14 12
14 17
15 6
15 9
15 8
16 7
16 18
16 21
17 14
17 21
18 16
18 32
18 33
19 12
20 12
21 3
21 16
21 17
21 14
22 3
22 25
23 7
23 13
24 10
24 11
25 3
25 22
26 24
26 10
26 11
26 27
27 10
27 26
28 12
29 2
29 24
29 4
30 2
30 5
31 3
31 25
32 18
33 18
34 35
34 76
35 34
35 36
36 35
37 0
37 23
37 14
37 38
37 39
38 37
38 39
38 40
38 42
39 37
39 38
39 41
40 38
41 39
42 40
42 38
43 44
43 46
43 48
43 52
43 53
43 56
43 70
44 43
44 45
44 49
44 50
44 54
44 59
44 60
44 75
45 44
45 47
45 49
45 50
45 59
45 61
45 75
46 43
47 45
47 44
47 50
48 43
48 53
48 55
48 56
48 70
49 44
49 45
49 47
49 51
49 60
49 65
49 71
50 44
50 45
50 47
50 75
51 49
51 57
51 63
52 48
52 43
53 48
53 52
53 43
53 58
53 64
53 69
54 44
54 47
54 45
54 62
54 74
55 48
55 43
56 48
56 43
57 51
58 53
59 44
59 45
59 50
59 60
59 67
59 75
60 59
60 49
60 44
60 68
60 72
60 73
61 49
61 45
61 50
61 44
62 54
63 51
63 54
63 66
64 58
64 53
64 69
65 49
66 63
67 50
67 44
67 59
68 60
68 72
68 73
69 64
69 53
70 48
70 43
71 49
72 68
72 60
73 60
73 68
73 72
74 62
74 54
75 59
75 44
75 67
75 50
75 45
76 44
76 6
76 53
76 34
