0
0
0.084731
0.01804
0.016827
0.034526
0.155084
0.019718
0.220464
0.198855
1
0.18988
1
0.005855
0.000446
0.049539
0.000312
0.00072
3.7e-05
0.500152
0.501183
0.002634
0.005333
0.004863
0.216856
0.005289
0.200943
0.281975
0.501142
0
0.02833
0.005997
1.4e-05
2.2e-05
0
0
0
0
0
0
0
0
0
1
0.116337
0.082325
0.499669
0.155818
0.116135
1
0.036958
0.125776
0.215664
0.092235
0.013513
0.038851
0.269495
0.062865
0.035567
0.026953
0.080834
0.01662
0.00544
0.017786
0.022358
0.499855
0.00437
0.010587
0.018172
0.026672
0.268851
0.500984
0.021508
0.018752
0.004574
0.027571
0
0
0
0
