0 1
0 2
1 0
2 0
2 3
3 2
6 7
6 22
6 23
6 91
7 6
7 9
7 13
7 14
7 18
7 20
7 28
7 59
7 61
8 17
9 7
9 18
9 38
9 50
9 63
10 15
10 31
10 65
10 84
11 12
11 24
11 78
12 11
12 26
13 7
13 14
13 20
13 194
14 7
14 13
14 19
14 21
14 36
14 49
14 53
14 57
14 67
14 76
14 79
14 88
15 10
15 16
15 29
15 43
15 74
16 15
16 19
16 37
16 39
17 8
17 32
17 110
18 9
18 7
18 49
18 75
18 81
19 16
19 14
19 30
20 13
20 7
20 28
21 14
21 6
21 25
21 27
21 35
21 44
21 64
21 82
21 86
21 89
22 6
22 91
23 6
24 11
24 110
25 21
25 22
25 46
25 54
25 56
26 12
27 21
27 41
27 64
28 19
28 20
28 7
28 40
29 15
29 43
30 19
31 10
31 65
31 84
32 17
32 48
33 11
33 68
33 70
34 29
34 51
34 69
34 84
35 21
35 27
36 14
36 9
36 52
36 58
36 60
36 66
36 85
37 16
38 9
38 63
39 34
39 16
39 47
40 28
41 6
41 27
41 21
41 45
43 15
43 29
44 21
44 35
45 41
46 25
46 54
46 56
47 39
48 32
49 45
49 14
49 18
49 19
49 80
49 81
50 9
50 38
51 34
52 36
52 60
52 106
53 14
53 76
54 25
54 46
55 23
56 25
56 46
57 14
58 52
58 36
58 60
58 66
58 85
59 7
59 62
59 71
59 83
60 36
60 52
60 58
60 66
61 13
61 7
62 59
62 77
62 83
63 38
63 9
64 21
64 27
64 60
64 35
64 25
65 10
65 31
66 52
66 60
66 58
66 36
66 85
67 14
67 53
67 88
68 33
69 16
69 51
69 34
70 33
71 59
71 62
72 64
74 15
75 18
75 81
76 53
76 14
77 59
77 62
77 71
77 90
78 11
79 53
79 14
79 88
80 49
81 18
81 49
81 75
82 27
82 21
82 87
82 110
83 71
83 59
83 62
84 31
84 34
84 10
85 58
85 36
85 66
85 60
86 21
86 27
86 35
86 89
87 82
88 67
88 79
88 14
89 27
89 35
89 86
89 21
90 77
91 6
91 22
92 38
92 21
98 99
98 101
99 98
99 101
100 103
101 98
101 99
103 100
103 104
103 105
104 103
105 103
106 62
106 21
106 52
106 8
107 106
107 108
108 107
110 17
110 24
110 82
110 125
110 138
110 147
110 157
111 115
111 116
111 126
111 128
111 149
111 172
111 194
112 117
112 118
112 121
112 122
112 152
112 155
112 156
113 112
113 120
113 130
113 132
113 140
113 141
113 148
115 111
115 116
115 160
116 111
116 115
116 128
116 172
117 112
117 124
117 143
117 175
118 112
118 142
118 143
118 151
119 111
119 115
119 133
119 174
119 185
119 189
120 113
120 117
120 123
120 168
120 177
120 178
120 190
121 112
121 122
121 124
121 152
122 112
122 121
123 113
123 120
124 117
124 121
124 143
124 163
124 183
125 110
126 111
126 116
126 127
126 129
126 166
126 169
126 184
127 126
127 144
127 187
128 111
128 115
128 116
128 160
129 126
129 139
129 169
129 184
130 113
130 137
130 150
131 146
131 154
132 113
132 141
133 119
133 189
134 114
134 179
135 119
135 126
135 165
135 179
136 173
136 178
137 130
137 159
138 110
138 182
138 194
139 129
139 126
140 113
141 113
141 132
142 118
142 151
143 142
143 118
143 124
143 117
143 171
144 127
146 131
147 110
148 113
149 111
149 158
149 188
150 130
151 142
151 118
152 122
152 121
152 112
153 147
154 131
155 122
155 112
156 112
156 121
156 122
157 110
157 125
158 149
158 176
159 137
160 115
160 111
160 128
160 172
161 121
161 122
161 112
162 127
162 164
162 170
162 181
163 117
163 124
163 183
164 162
164 170
165 135
166 126
166 139
168 120
169 139
169 126
169 129
170 164
170 162
171 143
172 160
172 111
172 116
173 136
174 119
175 124
175 117
175 163
175 180
175 183
176 158
177 120
178 120
178 136
179 134
179 135
180 124
180 175
180 117
180 183
181 164
181 162
182 138
183 175
183 124
183 180
183 163
184 129
184 166
184 126
185 119
187 127
187 135
188 149
189 119
189 133
190 141
190 166
190 120
190 191
190 192
190 193
191 190
191 192
192 190
192 191
193 190
194 138
194 111
194 13
196 197
197 196
198 199
199 198
200 201
200 204
200 205
201 200
201 202
202 201
202 203
203 202
204 200
205 200
