0
0
0
0
0
0
0.095807
1
0.009189
0.083713
0.063224
0.021303
0.00347
0.180164
1
1
0.085416
0.090507
0.106886
0.128037
0.155882
1
0.028759
0.013554
0.25143
0.087006
0.001745
0.179364
0.114183
0.107501
0.042991
0.010967
0.011402
0
0.001882
0.236772
0.068458
0.042791
0.020524
0.012149
0.056797
0.027136
0
0.214834
0.334065
0.044337
0.019878
0.006028
0.005739
0.110786
0.027936
0.000514
0.013932
0.262661
0.020253
0
0.024845
0.501083
0.012407
0.091014
0.024679
0.334025
0.012998
0.024455
0.14435
0.017763
0.012231
0.232402
0
0.000275
0
0.021645
0
0
0.501368
0.033852
0.293847
0.002217
0.01065
0.232796
0.055268
0.03871
0.211116
0.019967
0.011996
0.012424
0.144373
0.105743
0.22189
0.184119
0.001092
0.029375
0
0
0
0
0
0
0
0
0
0
0
0
0
0
0.001355
0
0
0
1
0.061463
1
1
1e-05
0.129927
0.117839
0.162397
0.113398
1
1
0.159872
0.224403
0.251037
0.02805
0.407702
1
0.111846
0.022142
0.178404
0.091189
0
0.289613
0.297769
4.2e-05
0.001484
0.033723
0.023045
0.170221
0.121013
0.500788
0.24732
0.032157
0.027414
0.056074
0
0
0.332939
0.5009
0.00774
0.045493
0.033659
0.223951
0
0
0.333504
0.249693
0.333586
0.000977
0.011459
0.024917
0
0
0.00637
0
0.000752
0.243521
0
0.500892
0.225042
0
0.013691
0.032203
0.016899
0.500693
0.018556
0.000478
0.500391
0.201527
0.000312
0.004033
0
0.08523
0.006622
0.225519
0.333957
0
0.016243
0.003846
0.297489
0.043829
0.006439
0.008015
0.021823
0.040321
0
0
0
0
0
1
0.250538
0.062618
0.031455
0.500121
0.500599
