1 0
4 7
4 9
4 11
4 12
4 14
4 22
4 30
4 32
4 35
4 45
5 8
5 16
5 28
6 10
6 20
7 4
7 15
7 17
7 19
7 51
8 5
9 4
9 13
9 25
9 28
10 3
10 6
10 20
10 26
11 4
12 4
12 38
13 9
13 18
13 36
13 43
13 143
14 4
15 7
15 17
15 19
15 51
16 5
16 8
16 44
17 7
17 15
17 21
17 31
17 46
18 16
18 13
18 29
18 43
19 15
19 7
19 39
19 50
20 6
20 10
20 23
20 37
20 40
20 42
21 17
22 4
22 30
22 143
23 20
23 10
24 3
24 4
25 9
26 10
26 11
26 48
27 5
27 33
28 9
28 5
28 8
28 47
29 18
29 49
30 12
30 4
30 22
31 29
31 17
31 21
31 34
32 4
32 38
33 27
34 31
35 12
35 4
36 13
37 20
37 41
38 4
38 32
38 22
38 12
39 19
40 20
40 42
41 37
42 40
42 20
43 11
43 13
43 36
43 18
43 52
44 16
45 17
45 4
45 7
45 15
46 17
46 45
46 43
47 28
48 24
48 26
49 29
50 39
50 19
51 7
51 15
52 43
53 54
53 55
54 53
55 53
56 53
57 58
57 59
57 61
58 57
59 57
60 57
60 61
61 60
61 57
63 64
63 70
63 75
63 81
63 97
63 136
64 63
64 65
64 68
64 77
64 94
64 101
64 110
64 122
64 138
64 141
64 142
65 64
65 66
65 71
65 84
65 92
65 137
66 65
66 64
66 73
66 134
67 63
67 64
67 69
67 98
67 112
68 64
68 76
68 78
68 83
68 121
68 133
68 139
69 67
70 63
70 80
70 82
71 65
71 128
72 74
72 79
72 89
72 96
73 66
73 91
73 92
74 72
74 79
74 85
74 95
75 63
76 68
76 83
76 113
76 121
76 126
77 64
77 66
77 90
77 119
78 68
78 76
78 79
78 87
78 109
78 114
79 74
79 72
79 78
79 113
80 70
81 63
82 64
82 70
82 86
82 103
82 104
82 131
83 76
83 68
83 121
83 133
84 71
84 63
84 65
84 102
84 107
85 74
85 100
85 108
85 117
85 125
86 82
86 120
86 131
87 78
87 109
87 114
88 111
88 115
88 132
89 72
90 77
91 73
91 92
91 93
92 73
92 91
92 65
93 91
94 64
95 74
96 72
96 106
96 116
96 129
97 63
98 67
99 93
99 91
99 92
99 105
100 85
100 108
100 117
101 64
101 122
102 84
103 82
104 82
104 86
104 120
105 99
105 93
106 96
106 116
107 84
108 85
108 100
108 117
108 125
108 139
109 78
109 87
110 64
111 88
111 115
112 63
112 75
112 83
112 67
112 135
113 79
113 68
113 76
114 87
114 78
115 88
115 111
116 96
116 106
117 108
117 85
117 100
117 125
118 85
118 86
118 117
118 130
119 90
119 77
120 104
120 82
120 103
120 86
121 76
121 68
121 83
121 126
122 64
122 101
122 94
122 141
123 96
123 106
123 116
123 129
124 68
124 76
125 117
125 108
125 85
126 76
126 121
127 70
127 80
128 65
128 71
129 106
129 116
129 123
129 96
130 118
131 82
131 86
131 104
132 88
133 76
133 68
133 83
133 121
134 66
134 118
135 112
136 97
136 63
137 71
137 102
137 92
137 65
137 128
138 64
138 94
139 82
139 68
139 100
139 108
140 113
141 64
141 122
142 138
142 64
142 94
143 13
143 22
143 136
143 144
144 143
145 146
146 145
