151
393
1 0 0.2
4 7 0.0909091
4 9 0.0909091
4 11 0.25
4 12 0.166667
4 14 0.5
4 22 0.142857
4 30 0.2
4 32 0.2
4 35 0.333333
4 45 0.166667
5 8 0.25
5 16 0.166667
5 28 0.1
6 10 0.0833333
6 20 0.0833333
7 4 0.0357143
7 15 0.111111
7 17 0.0909091
7 19 0.125
7 51 0.25
8 5 0.0769231
9 4 0.0357143
9 13 0.1
9 25 0.5
9 28 0.1
10 3 0.166667
10 6 0.1
10 20 0.0833333
10 26 0.166667
11 4 0.0357143
12 4 0.0357143
12 38 0.125
13 9 0.0909091
13 18 0.111111
13 36 0.333333
13 43 0.0909091
13 143 0.0769231
14 4 0.0357143
15 7 0.0909091
15 17 0.0909091
15 19 0.125
15 51 0.25
16 5 0.0769231
16 8 0.25
16 44 0.5
17 7 0.0909091
17 15 0.111111
17 21 0.333333
17 31 0.125
17 46 0.25
18 16 0.166667
18 13 0.1
18 29 0.2
18 43 0.0909091
19 15 0.111111
19 7 0.0909091
19 39 0.333333
19 50 0.333333
20 6 0.1
20 10 0.0833333
20 23 0.333333
20 37 0.25
20 40 0.25
20 42 0.25
21 17 0.0909091
22 4 0.0357143
22 30 0.2
22 143 0.0769231
23 20 0.0833333
23 10 0.0833333
24 3 0.166667
24 4 0.0357143
25 9 0.0909091
26 10 0.0833333
26 11 0.25
26 48 0.333333
27 5 0.0769231
27 33 0.5
28 9 0.0909091
28 5 0.0769231
28 8 0.25
28 47 0.5
29 18 0.111111
29 49 0.5
30 12 0.166667
30 4 0.0357143
30 22 0.142857
31 29 0.2
31 17 0.0909091
31 21 0.333333
31 34 0.5
32 4 0.0357143
32 38 0.125
33 27 0.166667
34 31 0.125
35 12 0.166667
35 4 0.0357143
36 13 0.1
37 20 0.0833333
37 41 0.5
38 4 0.0357143
38 32 0.2
38 22 0.142857
38 12 0.166667
39 19 0.125
40 20 0.0833333
40 42 0.25
41 37 0.25
42 40 0.25
42 20 0.0833333
43 11 0.25
43 13 0.1
43 36 0.333333
43 18 0.111111
43 52 0.5
44 16 0.166667
45 17 0.0909091
45 4 0.0357143
45 7 0.0909091
45 15 0.111111
46 17 0.0909091
46 45 0.166667
46 43 0.0909091
47 28 0.1
48 24 0.333333
48 26 0.166667
49 29 0.2
50 39 0.333333
50 19 0.125
51 7 0.0909091
51 15 0.111111
52 43 0.0909091
53 54 0.2
53 55 0.25
54 53 0.125
55 53 0.125
56 53 0.125
57 58 0.5
57 59 0.5
57 61 0.25
58 57 0.0588235
59 57 0.0588235
60 57 0.0588235
60 61 0.25
61 60 0.2
61 57 0.0588235
63 64 0.027027
63 70 0.142857
63 75 0.333333
63 81 0.5
63 97 0.333333
63 136 0.25
64 63 0.04
64 65 0.0769231
64 68 0.0625
64 77 0.142857
64 94 0.166667
64 101 0.25
64 110 0.5
64 122 0.142857
64 138 0.25
64 141 0.25
64 142 0.25
65 64 0.027027
65 66 0.1
65 71 0.166667
65 84 0.125
65 92 0.125
65 137 0.166667
66 65 0.0769231
66 64 0.027027
66 73 0.142857
66 134 0.333333
67 63 0.04
67 64 0.027027
67 69 0.5
67 98 0.5
67 112 0.142857
68 64 0.027027
68 76 0.0769231
68 78 0.0909091
68 83 0.111111
68 121 0.111111
68 133 0.166667
68 139 0.166667
69 67 0.1
70 63 0.04
70 80 0.333333
70 82 0.0769231
71 65 0.0769231
71 128 0.25
72 74 0.1
72 79 0.125
72 89 0.25
72 96 0.111111
73 66 0.1
73 91 0.1
73 92 0.125
74 72 0.0714286
74 79 0.125
74 85 0.0909091
74 95 0.5
75 63 0.04
76 68 0.0625
76 83 0.111111
76 113 0.166667
76 121 0.111111
76 126 0.25
77 64 0.027027
77 66 0.1
77 90 0.333333
77 119 0.333333
78 68 0.0625
78 76 0.0769231
78 79 0.125
78 87 0.166667
78 109 0.25
78 114 0.25
79 74 0.1
79 72 0.0714286
79 78 0.0909091
79 113 0.166667
80 70 0.142857
81 63 0.04
82 64 0.027027
82 70 0.142857
82 86 0.125
82 103 0.333333
82 104 0.166667
82 131 0.2
83 76 0.0769231
83 68 0.0625
83 121 0.111111
83 133 0.166667
84 71 0.166667
84 63 0.04
84 65 0.0769231
84 102 0.333333
84 107 0.5
85 74 0.1
85 100 0.142857
85 108 0.1
85 117 0.111111
85 125 0.166667
86 82 0.0769231
86 120 0.166667
86 131 0.2
87 78 0.0909091
87 109 0.25
87 114 0.25
88 111 0.25
88 115 0.25
88 132 0.5
89 72 0.0714286
90 77 0.142857
91 73 0.142857
91 92 0.125
91 93 0.25
92 73 0.142857
92 91 0.1
92 65 0.0769231
93 91 0.1
94 64 0.027027
95 74 0.1
96 72 0.0714286
96 106 0.166667
96 116 0.142857
96 129 0.166667
97 63 0.04
98 67 0.1
99 93 0.25
99 91 0.1
99 92 0.125
99 105 0.333333
100 85 0.0909091
100 108 0.1
100 117 0.111111
101 64 0.027027
101 122 0.142857
102 84 0.125
103 82 0.0769231
104 82 0.0769231
104 86 0.125
104 120 0.166667
105 99 0.2
105 93 0.25
106 96 0.111111
106 116 0.142857
107 84 0.125
108 85 0.0909091
108 100 0.142857
108 117 0.111111
108 125 0.166667
108 139 0.166667
109 78 0.0909091
109 87 0.166667
110 64 0.027027
111 88 0.0909091
111 115 0.25
112 63 0.04
112 75 0.333333
112 83 0.111111
112 67 0.1
112 135 0.5
113 79 0.125
113 68 0.0625
113 76 0.0769231
114 87 0.166667
114 78 0.0909091
115 88 0.0909091
115 111 0.25
116 96 0.111111
116 106 0.166667
117 108 0.1
117 85 0.0909091
117 100 0.142857
117 125 0.166667
118 85 0.0909091
118 86 0.125
118 117 0.111111
118 130 0.5
119 90 0.333333
119 77 0.142857
120 104 0.166667
120 82 0.0769231
120 103 0.333333
120 86 0.125
121 76 0.0769231
121 68 0.0625
121 83 0.111111
121 126 0.25
122 64 0.027027
122 101 0.25
122 94 0.166667
122 141 0.25
123 96 0.111111
123 106 0.166667
123 116 0.142857
123 129 0.166667
124 68 0.0625
124 76 0.0769231
125 117 0.111111
125 108 0.1
125 85 0.0909091
126 76 0.0769231
126 121 0.111111
127 70 0.142857
127 80 0.333333
128 65 0.0769231
128 71 0.166667
129 106 0.166667
129 116 0.142857
129 123 0.2
129 96 0.111111
130 118 0.166667
131 82 0.0769231
131 86 0.125
131 104 0.166667
132 88 0.0909091
133 76 0.0769231
133 68 0.0625
133 83 0.111111
133 121 0.111111
134 66 0.1
134 118 0.166667
135 112 0.142857
136 97 0.333333
136 63 0.04
137 71 0.166667
137 102 0.333333
137 92 0.125
137 65 0.0769231
137 128 0.25
138 64 0.027027
138 94 0.166667
139 82 0.0769231
139 68 0.0625
139 100 0.142857
139 108 0.1
140 113 0.166667
141 64 0.027027
141 122 0.142857
142 138 0.25
142 64 0.027027
142 94 0.166667
143 13 0.1
143 22 0.142857
143 136 0.25
143 144 0.5
144 143 0.0769231
145 146 0.5
146 145 0.25
