0
0
0
0.019765
1
0.00334
0.110484
0.119103
0.009259
0.102914
0.116822
0.441318
0.246235
0.152548
0.500741
0.050582
0.024448
0.142946
0.145728
0.020856
1
0.359517
0.174749
0.33392
0.002121
0.051796
0.019453
0
0.010643
0.221061
0.225033
1
0.205408
0
0.499686
0.333837
0.361386
0.250716
0.055283
0.008589
0.297747
0.125421
0.297564
1
0.012208
0.171442
0.035699
0.005376
0.006532
0.110573
0.006911
0.040144
0.500404
0
0
0
0
1
0.500185
0.500617
0.050256
0.250885
0
1
1
0.190433
0.035385
0
0.062779
0
0.142345
0.232087
7.2e-05
0.027301
0.000149
0.333599
0.007479
0.143144
0.005649
0.000839
0.047421
0.5002
0.011706
0.00945
0.064716
0.00051
0.00226
0.001292
0
1.7e-05
0.058616
0.017057
0.14645
0.004328
0.266335
8.3e-05
9e-06
0.38963
0
0
0.001704
0.283079
0.339133
0.004202
0.002352
0
3e-06
0.032338
0.001192
0.001609
0.500679
0
0
0.001322
0.001577
0
2e-06
0.000598
0.001947
0.047899
0.000767
0.00979
0.202957
0
0
0.000365
0.004073
0
0.287493
1e-06
0.000972
0.002682
0
0.011664
0.011724
0
0.255819
1
0.297937
0.010436
0
0.283149
0.250358
0.024924
0.012361
0
0
0
0
0
0
