43
67
8 6 0.125
20 14 0.125
9 3 0.1
10 13 0.2
31 25 0.0769231
0 1 0.111111
0 2 0.5
0 6 0.125
32 28 0.0769231
32 24 0.0769231
11 6 0.125
11 8 0.333333
12 4 0.1
22 26 0.142857
22 34 0.25
22 37 0.5
13 3 0.1
13 10 0.2
34 22 0.0833333
23 22 0.0833333
23 28 0.0769231
1 0 0.111111
1 15 0.5
24 28 0.0769231
24 32 0.125
35 29 0.142857
2 0 0.111111
36 38 0.5
37 22 0.0833333
14 3 0.1
14 20 0.125
38 36 0.111111
25 29 0.142857
25 31 0.5
26 22 0.0833333
3 9 0.5
3 13 0.2
3 14 0.125
4 7 0.111111
4 12 0.5
4 40 0.0666667
27 24 0.0769231
27 26 0.142857
27 23 0.142857
27 30 0.5
15 1 0.111111
6 0 0.111111
6 7 0.111111
6 8 0.333333
40 4 0.1
40 41 0.5
40 42 0.5
41 40 0.0666667
42 40 0.0666667
28 24 0.0769231
28 23 0.142857
28 32 0.125
29 25 0.0769231
29 24 0.0769231
29 35 0.5
7 4 0.1
7 6 0.125
7 1 0.111111
17 18 0.166667
18 17 0.125
30 27 0.142857
19 17 0.125
