26 3
26 8
14 4
27 28
27 29
27 48
1 2
1 3
1 6
1 12
15 11
15 5
15 3
15 10
15 7
28 27
28 29
28 30
28 31
28 33
28 35
28 37
28 39
16 7
16 5
2 1
2 4
2 5
2 8
2 18
2 22
17 5
17 3
29 27
29 28
29 33
29 48
29 49
18 2
18 8
18 22
30 28
30 32
30 34
30 40
30 44
30 47
30 53
30 55
31 28
3 1
3 13
3 17
3 19
32 30
32 33
32 46
32 50
32 56
50 33
50 32
50 52
51 48
33 32
33 29
33 28
33 38
33 45
33 50
19 3
52 50
53 34
53 47
53 44
53 30
4 2
4 9
4 14
5 2
5 7
5 10
5 11
5 15
5 17
5 20
20 5
20 11
20 10
20 7
54 34
54 47
54 44
55 34
55 44
55 30
34 30
34 44
34 47
34 53
34 54
34 55
35 28
35 43
36 34
36 41
56 32
37 31
37 28
21 17
6 1
6 12
22 2
22 8
22 18
38 33
38 35
39 28
39 31
39 42
7 5
7 10
7 11
7 20
40 39
40 30
40 57
57 40
8 2
8 18
8 22
8 26
9 4
10 5
10 7
10 11
58 59
58 61
11 7
11 5
11 10
11 15
41 36
23 13
42 39
59 58
59 60
60 59
43 35
61 58
12 6
12 1
12 13
44 34
44 30
44 53
13 3
13 12
13 23
62 63
63 62
45 33
45 38
46 32
47 30
47 44
47 34
47 54
48 27
48 29
48 51
49 29
