64
171
26 3 0.0833333
26 8 0.125
14 4 0.0833333
27 28 0.0454545
27 29 0.0833333
27 48 0.166667
1 2 0.0714286
1 3 0.0833333
1 6 0.25
1 12 0.166667
15 11 0.111111
15 5 0.0666667
15 3 0.0833333
15 10 0.125
15 7 0.1
28 27 0.0909091
28 29 0.0833333
28 30 0.0588235
28 31 0.2
28 33 0.0833333
28 35 0.142857
28 37 0.333333
28 39 0.166667
16 7 0.1
16 5 0.0666667
2 1 0.1
2 4 0.0833333
2 5 0.0666667
2 8 0.125
2 18 0.166667
2 22 0.166667
17 5 0.0666667
17 3 0.0833333
29 27 0.0909091
29 28 0.0454545
29 33 0.0833333
29 48 0.166667
29 49 0.5
18 2 0.0714286
18 8 0.125
18 22 0.166667
30 28 0.0454545
30 32 0.0833333
30 34 0.0769231
30 40 0.142857
30 44 0.111111
30 47 0.125
30 53 0.142857
30 55 0.2
31 28 0.0454545
3 1 0.1
3 13 0.166667
3 17 0.2
3 19 0.5
32 30 0.0588235
32 33 0.0833333
32 46 0.5
32 50 0.166667
32 56 0.5
50 33 0.0833333
50 32 0.0833333
50 52 0.5
51 48 0.166667
33 32 0.0833333
33 29 0.0833333
33 28 0.0454545
33 38 0.142857
33 45 0.333333
33 50 0.166667
19 3 0.0833333
52 50 0.166667
53 34 0.0769231
53 47 0.125
53 44 0.111111
53 30 0.0588235
4 2 0.0714286
4 9 0.142857
4 14 0.166667
5 2 0.0714286
5 7 0.1
5 10 0.125
5 11 0.111111
5 15 0.142857
5 17 0.2
5 20 0.166667
20 5 0.0666667
20 11 0.111111
20 10 0.125
20 7 0.1
54 34 0.0769231
54 47 0.125
54 44 0.111111
55 34 0.0769231
55 44 0.111111
55 30 0.0588235
34 30 0.0588235
34 44 0.111111
34 47 0.125
34 53 0.142857
34 54 0.2
34 55 0.2
35 28 0.0454545
35 43 0.5
36 34 0.0769231
36 41 0.5
56 32 0.0833333
37 31 0.2
37 28 0.0454545
21 17 0.2
6 1 0.1
6 12 0.166667
22 2 0.0714286
22 8 0.125
22 18 0.166667
38 33 0.0833333
38 35 0.142857
39 28 0.0454545
39 31 0.2
39 42 0.5
7 5 0.0666667
7 10 0.125
7 11 0.111111
7 20 0.166667
40 39 0.166667
40 30 0.0588235
40 57 0.5
57 40 0.142857
8 2 0.0714286
8 18 0.166667
8 22 0.166667
8 26 0.125
9 4 0.0833333
10 5 0.0666667
10 7 0.1
10 11 0.111111
58 59 0.25
58 61 0.5
11 7 0.1
11 5 0.0666667
11 10 0.125
11 15 0.142857
41 36 0.2
23 13 0.166667
42 39 0.166667
59 58 0.166667
59 60 0.5
60 59 0.25
43 35 0.142857
61 58 0.166667
12 6 0.25
12 1 0.1
12 13 0.166667
44 34 0.0769231
44 30 0.0588235
44 53 0.142857
13 3 0.0833333
13 12 0.166667
13 23 0.5
62 63 0.5
63 62 0.25
45 33 0.0833333
45 38 0.142857
46 32 0.0833333
47 30 0.0588235
47 44 0.111111
47 34 0.0769231
47 54 0.2
48 27 0.0909091
48 29 0.0833333
48 51 0.5
49 29 0.0833333
