0 1
1 0
3 5
3 6
3 13
3 15
3 16
3 17
3 18
3 21
4 3
4 10
4 12
4 13
4 25
4 35
5 3
5 6
5 16
6 5
6 3
6 4
6 24
7 9
7 30
8 6
9 7
9 30
10 4
10 11
10 28
11 10
11 27
12 4
12 35
13 4
13 3
13 20
13 23
13 26
13 33
14 13
15 3
15 21
15 45
16 3
16 5
16 17
17 15
17 16
17 3
17 18
18 3
18 17
19 31
20 13
21 15
21 3
21 5
22 29
22 32
22 37
23 13
24 6
25 4
26 13
26 23
27 11
27 36
28 10
28 34
29 22
30 9
30 7
31 19
32 22
32 37
33 13
34 28
35 4
35 12
36 27
37 32
37 22
38 39
38 40
38 41
38 42
39 38
39 45
40 38
40 42
41 40
41 38
42 40
42 38
45 15
45 39
45 35
46 47
46 48
46 49
46 50
46 52
46 63
46 66
46 84
47 46
47 68
47 76
47 79
48 46
49 46
49 50
49 80
49 92
50 46
50 49
50 57
50 64
51 56
52 46
52 49
52 55
52 59
52 63
52 65
52 69
52 72
52 87
52 89
53 51
53 70
54 74
54 77
54 91
55 52
56 51
57 50
57 62
58 49
59 52
60 61
61 60
62 50
62 57
63 52
63 46
64 50
64 82
64 90
65 52
66 46
66 86
67 63
67 52
67 46
67 49
67 73
67 78
68 47
69 52
69 59
69 87
70 53
70 85
71 53
72 52
73 67
73 75
74 54
74 77
74 83
75 73
76 47
76 79
77 54
77 74
77 83
77 91
78 67
78 81
79 76
79 47
80 49
81 73
81 78
81 88
82 64
83 74
83 54
83 77
83 91
84 46
84 66
84 86
85 70
85 53
86 66
86 84
86 46
87 52
87 69
88 81
88 75
89 52
89 87
90 64
91 54
91 83
91 77
92 49
94 95
95 94
95 96
96 95
96 97
97 96
