100
218
0 1 0.2
1 0 0.166667
3 5 0.142857
3 6 0.0833333
3 13 0.05
3 15 0.142857
3 16 0.166667
3 17 0.142857
3 18 0.111111
3 21 0.2
4 3 0.0333333
4 10 0.125
4 12 0.166667
4 13 0.05
4 25 0.5
4 35 0.2
5 3 0.0333333
5 6 0.0833333
5 16 0.166667
6 5 0.142857
6 3 0.0333333
6 4 0.05
6 24 0.25
7 9 0.166667
7 30 0.25
8 6 0.0833333
9 7 0.142857
9 30 0.25
10 4 0.05
10 11 0.166667
10 28 0.125
11 10 0.125
11 27 0.125
12 4 0.05
12 35 0.2
13 4 0.05
13 3 0.0333333
13 20 0.5
13 23 0.333333
13 26 0.333333
13 33 0.5
14 13 0.05
15 3 0.0333333
15 21 0.2
15 45 0.1
16 3 0.0333333
16 5 0.142857
16 17 0.142857
17 15 0.142857
17 16 0.166667
17 3 0.0333333
17 18 0.111111
18 3 0.0333333
18 17 0.142857
19 31 0.25
20 13 0.05
21 15 0.142857
21 3 0.0333333
21 5 0.142857
22 29 0.25
22 32 0.25
22 37 0.25
23 13 0.05
24 6 0.0833333
25 4 0.05
26 13 0.05
26 23 0.333333
27 11 0.166667
27 36 0.5
28 10 0.125
28 34 0.5
29 22 0.0833333
30 9 0.166667
30 7 0.142857
31 19 0.25
32 22 0.0833333
32 37 0.25
33 13 0.05
34 28 0.125
35 4 0.05
35 12 0.166667
36 27 0.125
37 32 0.25
37 22 0.0833333
38 39 0.125
38 40 0.2
38 41 0.25
38 42 0.25
39 38 0.0666667
39 45 0.1
40 38 0.0666667
40 42 0.25
41 40 0.2
41 38 0.0666667
42 40 0.2
42 38 0.0666667
45 15 0.142857
45 39 0.125
45 35 0.2
46 47 0.1
46 48 0.5
46 49 0.0666667
46 50 0.0909091
46 52 0.0434783
46 63 0.2
46 66 0.2
46 84 0.2
47 46 0.0344828
47 68 0.5
47 76 0.25
47 79 0.25
48 46 0.0344828
49 46 0.0344828
49 50 0.0909091
49 80 0.5
49 92 0.25
50 46 0.0344828
50 49 0.0666667
50 57 0.25
50 64 0.1
51 56 0.5
52 46 0.0344828
52 49 0.0666667
52 55 0.5
52 59 0.333333
52 63 0.2
52 65 0.25
52 69 0.2
52 72 0.5
52 87 0.2
52 89 0.333333
53 51 0.142857
53 70 0.25
54 74 0.166667
54 77 0.125
54 91 0.166667
55 52 0.0434783
56 51 0.142857
57 50 0.0909091
57 62 0.333333
58 49 0.0666667
59 52 0.0434783
60 61 0.5
61 60 0.166667
62 50 0.0909091
62 57 0.25
63 52 0.0434783
63 46 0.0344828
64 50 0.0909091
64 82 0.5
64 90 0.5
65 52 0.0434783
66 46 0.0344828
66 86 0.2
67 63 0.2
67 52 0.0434783
67 46 0.0344828
67 49 0.0666667
67 73 0.2
67 78 0.25
68 47 0.1
69 52 0.0434783
69 59 0.333333
69 87 0.2
70 53 0.0769231
70 85 0.333333
71 53 0.0769231
72 52 0.0434783
73 67 0.125
73 75 0.2
74 54 0.1
74 77 0.125
74 83 0.142857
75 73 0.2
76 47 0.1
76 79 0.25
77 54 0.1
77 74 0.166667
77 83 0.142857
77 91 0.166667
78 67 0.125
78 81 0.125
79 76 0.25
79 47 0.1
80 49 0.0666667
81 73 0.2
81 78 0.25
81 88 0.333333
82 64 0.1
83 74 0.166667
83 54 0.1
83 77 0.125
83 91 0.166667
84 46 0.0344828
84 66 0.2
84 86 0.2
85 70 0.25
85 53 0.0769231
86 66 0.2
86 84 0.2
86 46 0.0344828
87 52 0.0434783
87 69 0.2
88 81 0.125
88 75 0.2
89 52 0.0434783
89 87 0.2
90 64 0.1
91 54 0.1
91 83 0.142857
91 77 0.125
92 49 0.0666667
94 95 0.125
95 94 0.125
95 96 0.1
96 95 0.125
96 97 0.5
97 96 0.1
