0
0
0
1
0.05606
0.202474
0.099316
0
0
0
0.00721
0.001248
0.011414
1
0
0.188706
0.213137
0.179921
0.128646
0
0.500133
0.227198
0
0.408257
0.024899
0.02817
0.332549
0.000165
0.00095
0
0
0
0
0.50036
0.000466
0.016494
7.8e-05
0
0.000158
0.002425
4.1e-05
4.2e-05
4e-05
0
0
0.019204
1
0.100988
0.499956
0.139511
0.18299
0
1
0
0
0.500449
0
0.045818
0
0.387292
0
0
0.015519
0.361272
1
0.250574
0.23842
0
0.050573
0.241595
0
0
0.500914
0
0
0
0.030059
0
0
0.030169
0.069638
0
0.499395
0
0.20714
0
0.084407
0.284831
0
0.333835
0.500748
0
0.035282
0
0
0
0
0
0
0
