0 1
0 7
0 22
0 64
0 97
0 98
1 0
1 2
1 3
1 4
1 5
1 18
1 32
1 43
1 56
1 80
1 180
2 1
2 20
2 63
2 152
3 1
3 4
3 5
3 6
3 8
3 16
3 36
3 53
3 73
3 91
3 123
3 149
3 174
3 183
3 191
3 195
4 3
4 1
4 26
4 58
4 102
4 145
5 1
5 2
5 3
5 0
5 65
5 129
6 3
6 9
6 10
6 14
6 15
6 25
6 27
6 34
6 44
6 53
6 56
6 75
6 93
6 104
6 106
6 112
6 142
7 0
7 10
7 11
7 30
8 3
8 12
8 21
8 51
8 70
8 181
9 6
9 29
9 38
9 94
9 100
10 7
10 6
10 81
10 108
11 7
11 23
11 68
11 71
11 79
11 121
11 141
11 148
12 8
12 3
12 24
12 176
12 197
13 1
13 3
13 17
13 77
13 83
13 126
14 6
14 22
14 25
15 6
15 14
15 19
15 22
15 55
15 86
15 90
15 135
16 3
16 33
16 37
16 50
16 146
16 175
16 184
17 13
18 1
18 42
18 49
19 15
19 41
19 157
20 2
20 117
21 8
21 161
22 0
22 3
22 15
22 14
22 137
23 11
23 30
23 39
23 60
23 68
23 78
23 99
24 12
24 67
24 70
25 6
25 14
25 35
25 44
25 53
25 56
25 69
25 75
25 104
25 106
25 112
25 142
26 4
26 28
26 38
26 40
26 46
26 47
26 115
26 192
27 6
27 14
27 25
27 35
27 55
28 26
28 40
28 67
28 115
29 9
29 15
29 31
29 55
30 23
30 7
30 39
30 52
30 76
31 29
31 95
32 1
33 16
33 50
33 127
33 146
33 155
34 6
34 9
34 25
34 75
34 94
34 194
35 27
35 25
35 48
35 77
35 103
35 129
35 156
36 3
36 12
36 66
36 143
37 16
37 33
37 39
37 57
37 122
37 130
38 26
38 34
38 9
38 45
38 100
38 179
38 192
39 30
39 23
39 37
39 127
40 28
40 26
40 62
40 74
40 114
40 118
41 19
41 82
41 133
41 157
42 18
43 1
44 6
44 14
44 25
44 112
45 38
45 31
45 61
45 88
45 145
46 26
46 28
46 115
47 46
47 26
47 28
47 192
48 35
49 3
49 18
49 54
49 101
49 105
49 170
50 33
50 16
50 146
50 175
51 21
51 1
51 8
51 92
51 111
52 30
52 89
52 113
52 139
52 154
53 25
53 2
53 3
53 6
53 63
53 152
53 188
54 49
54 144
54 170
55 27
55 29
55 15
55 85
56 44
56 1
56 3
56 6
56 25
56 59
56 116
56 174
57 37
57 122
57 130
58 4
58 45
58 61
58 124
58 132
58 171
59 56
60 23
60 68
61 58
61 45
61 150
62 40
62 74
62 118
62 164
63 2
63 53
63 167
64 0
65 5
66 36
67 24
67 40
67 28
67 70
67 72
68 60
68 23
68 11
69 44
69 25
69 6
70 24
70 67
70 8
71 11
71 87
71 96
71 107
71 119
72 67
73 3
74 40
74 62
74 118
74 159
74 164
74 169
75 34
75 6
75 25
75 90
76 30
77 55
77 35
77 5
77 13
77 120
77 177
77 190
78 23
78 110
78 136
78 162
79 11
79 158
79 185
79 196
80 1
81 7
81 10
82 41
82 19
83 13
84 72
84 67
84 70
84 109
85 55
86 15
87 71
87 96
87 107
87 193
88 45
89 52
89 113
89 139
90 75
90 15
90 166
91 3
91 149
92 51
93 6
94 90
94 34
94 9
95 29
95 31
96 87
96 71
96 125
96 138
97 0
97 147
98 0
98 64
99 11
99 23
99 68
99 128
99 158
100 38
100 9
100 114
100 168
101 49
102 4
103 48
103 35
104 69
104 25
104 14
104 6
105 49
105 54
105 144
106 73
106 25
106 6
106 22
106 137
106 187
107 71
107 87
107 119
107 193
108 10
109 84
109 72
110 78
110 136
111 51
112 14
112 6
112 35
112 25
112 44
112 119
112 131
113 52
113 89
113 139
113 154
113 184
114 100
114 40
114 134
115 46
115 28
115 26
116 56
117 20
117 2
118 40
118 74
118 62
118 164
119 112
119 71
119 107
119 129
120 77
121 11
121 7
121 182
122 37
122 57
123 3
124 58
124 132
125 96
125 138
126 1
126 32
126 50
126 13
126 178
127 39
127 16
127 33
128 99
129 119
129 35
129 5
129 103
130 57
130 37
131 112
132 58
132 124
133 41
133 82
134 114
134 24
135 15
136 78
136 110
137 106
137 22
138 11
138 125
138 96
138 158
138 173
139 113
139 52
139 89
139 154
140 52
140 54
140 139
140 163
141 11
142 25
142 6
143 66
143 36
144 105
144 49
144 101
144 54
145 4
145 45
146 33
146 16
146 50
146 155
147 97
148 11
148 196
149 3
149 91
149 73
149 191
150 61
151 78
151 110
151 136
151 162
152 53
152 2
153 16
153 33
154 139
154 113
154 52
155 33
155 146
156 35
156 103
157 41
157 19
157 82
158 79
158 138
158 136
158 99
158 189
159 62
159 118
159 74
159 40
160 18
160 42
161 8
161 21
162 110
162 136
162 151
162 78
163 140
164 40
164 74
164 62
164 118
165 38
166 90
167 63
168 100
169 118
169 74
169 164
170 49
170 54
170 105
171 58
172 55
172 85
173 138
174 56
174 116
174 3
175 33
175 16
175 50
175 146
176 12
176 140
177 77
177 190
178 126
179 38
180 80
180 1
181 21
181 92
181 70
181 8
181 161
182 121
183 3
183 73
184 49
184 16
184 89
184 113
185 11
185 79
186 127
187 106
188 53
189 158
190 77
190 177
191 3
191 149
192 28
192 47
192 26
192 38
193 71
193 107
193 87
194 34
195 183
195 3
195 73
196 11
196 148
196 79
197 12
197 187
197 22
