0.068138
1
0.132699
1
0.239385
0.250613
1
0.140178
0.07783
0.202028
0.139586
1
0.022609
0.100529
0.312298
1
0.063449
0.050245
0.143047
0.14278
0.02666
0.016584
0.140428
0.09535
0.006564
1
0.087362
0.162649
0.028406
0.056561
0.025032
0.052127
0.336684
0.00803
0.194523
0.150652
0.142989
0.007282
1
0.015696
0.009544
0.021711
0.047839
0.500429
0.264644
0.211026
0.023071
0.038694
0.061913
0.011581
0.011231
0.010377
0.002773
0.190589
0.002168
0.20596
0.215822
0.001707
1
0.107717
0.063249
0.19401
0.001323
0.052009
0.027591
0.125425
0.058122
0.004685
0.171246
0.238283
0.012191
0.094632
0.001212
0.289759
0.001034
0.266523
0.012536
1
0.028759
0.239995
0.388796
0.046647
0.011131
0.050178
0
0.068757
0.50066
0.017333
0.105694
0.002136
0.182971
0.28334
0.007437
0.499899
0.076519
0.017459
0.030217
0.016991
0.022681
0.13577
0.146915
0.004039
0.119737
0.048722
0.235861
0.002306
0.19434
0.017589
0.069773
0
0.028604
0.005209
0.17937
0.001602
0.025931
0.021411
0.139608
0.008943
0.001212
0.033816
0.50005
0.200314
0.002071
0.500673
0.297765
0.034284
0.014239
0.003911
0.067968
0.059518
0.002195
0.089835
0.298036
0.00724
0.008604
0.500996
0.144687
0.080067
0.113383
0.000877
0.001299
0.499761
0.438822
0.047623
0.00074
0.107354
0.009973
0.008586
0.26007
0.203635
0.096985
0.000968
0.077566
0
0.000809
0.004265
0.050026
0.031794
1
0.000211
0
0.007028
0.00478
0.000633
0.000453
0
0.091084
0.025852
0.073784
0.000257
0.002624
0.500313
0
0.056657
0.23319
0.012084
0.007558
0.297799
0.007017
0.501017
0.250258
0.013007
0.100325
0.298092
0.010694
0.080088
0
0.066761
0.095105
0.500628
0.298205
0.283087
0.153543
0.006738
0.097989
0.250776
0.095059
0.005613
