0 1
1 0
2 3
2 4
3 2
3 4
4 2
4 3
5 6
5 8
5 10
5 15
5 50
6 5
6 11
6 20
6 22
6 28
6 30
6 38
6 45
7 9
7 51
8 5
8 13
8 18
8 25
8 33
8 42
8 44
9 7
9 14
9 28
10 5
10 15
10 19
10 34
10 50
11 8
11 6
11 17
11 21
11 23
11 35
11 39
11 47
12 11
12 16
12 29
12 31
12 48
13 8
13 18
13 25
13 27
13 42
13 44
13 105
14 9
14 24
14 28
15 5
15 10
16 6
16 12
16 26
16 37
16 41
17 11
18 8
18 13
18 25
18 33
19 10
19 5
19 15
19 34
20 6
20 22
20 30
21 11
21 17
21 30
22 6
22 20
22 38
22 61
23 11
23 17
24 14
24 9
24 46
25 8
25 18
25 13
25 42
26 16
26 36
27 8
27 25
27 13
27 33
28 6
28 14
28 9
28 32
29 16
29 12
30 22
30 20
30 6
30 21
30 49
30 52
31 12
31 21
32 28
33 27
33 18
33 8
34 10
34 19
35 11
35 17
36 26
37 16
38 6
38 22
39 23
39 11
39 47
40 16
40 15
40 43
41 16
42 25
42 13
42 8
43 40
44 13
44 8
44 61
45 6
45 20
46 24
47 39
47 11
48 12
49 30
49 52
50 34
50 10
50 5
50 19
51 25
51 7
51 34
52 49
52 30
53 54
54 53
54 55
55 54
57 59
59 57
61 44
61 22
61 11
62 63
62 68
62 70
62 71
62 75
62 82
62 99
63 62
63 65
63 66
63 84
63 101
64 67
64 70
64 85
65 63
65 79
65 87
65 90
66 63
66 69
66 78
66 86
67 64
67 73
67 80
68 62
68 77
68 96
68 102
69 66
69 63
69 95
70 64
70 62
71 62
71 72
71 74
71 76
71 77
72 71
72 76
73 67
73 80
74 71
75 62
76 71
76 72
77 68
77 76
77 71
78 66
78 79
79 65
79 78
79 66
79 83
79 92
79 94
80 73
80 67
80 81
80 88
81 80
82 62
83 79
83 92
83 94
84 63
84 89
84 98
84 103
85 64
86 66
86 91
86 93
86 100
87 65
88 80
88 75
89 84
89 98
89 103
90 65
90 87
91 86
91 100
92 79
92 83
92 94
93 77
93 86
93 91
93 97
94 92
94 79
94 83
95 69
96 68
97 93
98 84
98 89
99 62
100 91
100 86
101 63
102 68
102 96
103 89
103 84
103 98
105 13
105 5
106 105
106 107
107 106
107 108
108 106
108 107
109 110
110 109
