0
0
0
0
0
0.053644
1
0.002061
0.055704
0.014212
0.005081
1
1
0.005152
0.017198
0.006699
0.07316
0.235087
0.009319
0.001723
0.148581
0.151256
0.130844
0.296756
0.001573
0.007944
0.012114
0.001894
0.126174
0.333803
0.096402
0.142571
0.063006
0.010513
0.002596
0.334013
0.003005
0.036726
0.271897
0.241557
0
0.018562
0.010972
0
0.011951
0.333306
0.000748
0.287963
0.500573
0.028774
0.009675
0.000366
0.028954
0
0
0
0
0
0
0
0
0.014133
1
0.0672
0.018612
0.088522
0.115652
0.002284
0.106283
0.012972
0.166548
0.120419
0.04328
0.000378
0.060422
0.200937
0.06467
0.192856
0.269304
1
0.000222
4.8e-05
0.499888
0.217468
0.006727
0.009332
0.110671
0.036043
3.3e-05
0.00151
0.02919
0.217625
0.218516
1
0.217767
0.006496
0.043557
0.500131
0.00182
0.501008
0.077882
0.033629
0.035452
0.001568
0
0.000387
0
0
0
0
0
