4 18
4 31
4 42
4 48
4 55
4 60
5 6
5 7
5 10
5 12
5 24
5 26
5 34
5 39
5 56
5 82
5 83
6 5
6 17
6 19
6 20
6 22
6 46
6 54
6 58
6 66
7 5
7 49
8 14
8 53
10 5
10 41
10 62
10 81
10 86
11 21
11 23
11 36
11 44
11 61
12 5
12 10
12 33
12 47
12 64
12 90
13 53
13 64
13 84
14 8
14 53
15 37
15 38
15 52
15 59
16 11
16 40
16 50
17 6
18 4
18 27
18 43
18 45
18 63
19 6
19 70
20 6
20 5
20 29
21 11
21 30
21 59
22 6
23 11
24 5
24 39
24 78
24 83
25 68
25 86
26 5
26 78
27 18
27 43
27 88
28 79
29 20
30 21
30 59
31 4
32 20
32 29
33 12
33 47
33 77
33 90
34 5
35 8
35 28
35 76
36 11
37 15
37 65
38 15
38 69
38 72
38 75
39 21
39 5
39 24
39 80
40 16
41 10
42 4
43 27
43 18
43 45
43 63
43 105
44 11
44 23
45 18
45 43
45 27
46 6
46 54
47 12
47 33
47 77
48 4
48 60
49 7
49 51
49 57
49 89
49 189
50 16
50 40
50 59
51 49
52 15
52 17
53 13
53 14
53 8
54 19
54 6
54 46
55 4
55 31
55 42
56 5
56 200
57 49
57 71
58 6
58 70
59 21
59 30
59 50
59 15
59 85
60 4
60 48
60 5
60 74
61 23
61 44
61 11
61 36
62 10
62 41
62 81
63 43
63 18
63 27
64 13
64 4
64 12
64 33
64 105
65 37
66 19
66 6
67 25
67 20
67 29
67 58
68 25
69 38
69 73
70 6
70 58
70 46
70 19
70 87
71 49
71 57
71 89
72 38
72 75
73 69
74 60
75 72
75 38
76 17
76 35
76 91
77 33
77 12
77 47
78 5
78 26
78 34
78 24
79 28
80 39
81 10
81 62
82 5
82 83
83 5
83 82
83 24
84 13
85 59
86 5
86 25
86 10
86 41
86 68
86 87
87 70
87 86
88 27
88 43
88 45
88 63
89 49
89 71
90 12
90 77
90 33
91 76
93 95
94 96
94 97
95 93
96 94
97 94
97 98
98 94
98 97
98 96
99 104
100 101
101 100
104 99
105 64
105 4
105 43
105 106
106 105
107 105
109 110
109 111
109 112
109 116
109 127
109 135
109 141
109 156
109 167
109 180
109 184
109 187
110 109
111 109
111 113
111 114
111 115
111 119
111 124
111 127
111 129
111 142
111 146
111 148
111 152
111 164
112 109
112 118
112 133
112 179
113 111
113 122
113 144
114 111
114 119
115 111
115 114
115 117
115 139
115 161
116 109
116 120
116 121
116 126
116 166
116 177
116 181
117 115
117 123
117 171
118 112
118 172
119 111
119 114
119 124
119 127
119 129
119 132
119 146
119 148
119 152
119 164
120 116
120 126
120 166
120 170
121 116
121 120
121 130
121 155
121 158
122 113
122 144
122 178
122 185
123 117
123 137
123 160
123 171
124 111
124 114
124 119
124 152
125 109
125 128
125 145
125 147
125 176
126 120
126 116
126 166
126 177
127 119
127 109
127 111
127 183
127 189
128 125
128 165
128 176
129 124
129 109
129 111
129 119
129 131
129 153
130 121
130 155
130 158
131 129
132 124
132 119
132 111
133 112
134 140
134 143
134 149
134 154
135 109
136 151
136 162
136 173
137 123
137 117
138 133
138 150
139 115
140 134
140 143
140 149
140 186
141 109
141 167
142 111
143 140
143 134
143 157
144 122
144 113
144 175
145 125
146 132
146 119
146 114
146 111
146 189
147 125
147 128
147 165
148 135
148 119
148 111
148 163
148 182
149 134
149 140
149 154
149 186
150 138
151 136
151 162
152 114
152 111
152 119
152 124
152 154
152 159
153 129
154 152
154 134
154 149
155 121
155 130
156 109
157 143
158 130
158 121
159 152
160 123
160 137
161 115
162 136
162 151
163 148
164 119
164 111
165 147
165 125
165 145
165 128
166 120
166 116
166 126
166 170
167 109
167 141
167 135
167 184
168 136
168 151
168 162
168 173
169 116
169 120
170 120
170 166
171 123
171 117
171 137
172 112
172 118
173 151
173 162
173 168
173 136
174 122
175 144
176 125
176 128
176 147
177 120
177 116
177 126
177 166
178 122
179 118
179 133
179 112
179 172
180 109
180 135
181 125
181 116
182 148
183 127
184 109
184 167
185 122
186 134
186 149
186 140
187 180
187 109
187 135
189 49
189 127
189 146
189 193
190 191
190 192
191 190
192 190
192 194
193 189
194 192
198 199
199 198
200 56
200 92
200 202
202 200
202 203
203 202
