0
0
0
0
1
1
1
0.167427
5e-06
0
0.182992
1
0.058893
0.000552
5e-06
0.083952
0.032755
0.252817
0.101472
0.249841
0.071873
0.244357
0.500719
0.338325
0.129522
0.173773
0.203666
0.018023
0
0.012207
0.292141
0.37821
0
0.009636
0.345872
0
0.378194
0.013924
0.007142
0.123097
0.072664
0.287408
0.378382
0.01353
0.288049
0.018961
0.177439
0.011648
0.180401
0.016133
0.200572
0.00536
0.013951
4.7e-05
0.225626
0.201036
0.125909
0.004169
0.21004
1
0.116365
0.201296
0.044039
0.018937
0.006602
0.006884
0.334103
0
0.278397
0.001772
0.084403
0.001451
0.002165
0.000911
0.058161
0.002235
0
0.005468
0.05425
0
0.041278
0.052554
0.280814
0.186781
0.000255
0.500708
1
0.2596
0.003677
0.00333
0.013139
0
0.000983
0
0
0
0
0
0
0
0
0
0
0
0
0.001404
0.000353
0
0
1
0.08424
1
0.077034
0.091397
0.293868
1
0.127193
0.1427
0.014962
1
0.08931
1
0.007556
0.021653
0.257595
0.001595
0.028435
0.188134
0.000245
0.138342
0.234778
0.069538
0.238889
0.011108
0.00195
0.290667
0
0.011281
0
0.500891
0.000671
0.283996
0.500445
0.000325
0.012221
0.00055
0.237399
0.000322
0.191058
0.002499
0
0
0.177983
0.046228
0.017994
0.287813
0.500529
8.5e-05
0.288639
0.088978
0.00728
0.500304
0
0.047668
0.437916
9.2e-05
0.030313
0.203224
0
0
0.028364
0.031592
0.006614
0
0
0.006082
0.000376
0.025027
0.003788
0.012887
0.297636
0.021325
0.063326
0.09402
0.283162
0.001079
0.00062
0.251178
0
0.027175
0
0
0
0.013613
0
0
0
0
0
0
0.007546
0
0.001256
0.000417
