1 2
1 5
2 1
2 3
3 2
3 1
5 1
5 6
5 8
5 20
5 21
5 23
5 33
5 53
5 58
6 5
6 10
6 22
6 31
6 40
6 54
7 9
7 12
7 26
7 42
7 52
7 84
8 5
8 18
8 21
8 32
8 41
9 7
9 11
9 27
9 35
10 6
11 9
11 28
12 7
12 15
12 57
13 16
14 13
14 17
14 38
14 50
14 67
15 12
15 19
16 13
16 34
16 62
17 14
17 24
17 47
17 65
18 8
19 15
19 9
19 80
20 5
20 21
20 23
20 64
21 8
21 5
21 20
22 6
23 20
23 5
23 30
23 36
23 37
23 46
23 49
23 51
23 59
23 69
24 17
25 7
25 19
25 27
26 7
27 9
27 19
27 25
28 11
29 16
29 45
30 23
30 37
30 51
30 59
31 14
31 6
31 39
32 23
32 8
33 5
33 8
33 20
33 46
34 16
35 9
36 23
37 30
37 23
37 36
37 44
38 13
38 14
38 66
39 31
40 6
41 8
41 18
42 7
43 25
43 8
44 37
44 60
45 29
46 33
46 23
46 16
46 34
46 48
47 17
48 46
49 30
49 23
50 14
51 30
51 23
51 36
52 25
52 7
53 5
53 20
54 40
54 6
54 65
55 6
56 29
56 45
57 46
57 12
58 5
58 53
59 30
59 23
60 44
61 43
62 16
63 7
64 5
64 20
65 54
65 17
65 68
65 70
66 38
67 14
68 65
69 36
69 59
69 23
70 65
70 7
70 71
70 73
71 70
73 70
74 7
74 75
74 79
75 74
76 77
77 76
79 74
80 15
80 19
80 0
80 1
81 82
82 81
84 7
84 2
84 23
84 85
84 86
84 87
84 89
84 90
84 93
84 95
84 96
85 84
85 91
85 98
85 137
86 84
86 114
86 119
86 122
86 124
86 134
87 84
87 89
87 92
87 93
87 101
88 84
88 90
88 94
88 99
89 84
89 87
89 97
89 136
90 88
90 84
90 130
90 145
91 85
91 100
92 87
92 101
92 125
92 138
93 84
93 87
93 86
93 109
93 116
93 127
94 88
95 84
95 90
95 107
95 108
95 135
96 84
96 85
96 139
96 140
97 89
97 132
98 85
98 91
98 104
98 112
98 123
98 131
99 91
99 96
99 98
99 88
99 111
99 120
99 133
100 91
100 85
101 87
101 92
102 103
102 128
103 102
103 110
104 98
105 103
105 110
105 115
105 118
106 121
106 142
107 95
108 107
108 95
108 135
109 93
109 116
110 103
110 105
110 143
111 99
112 98
112 117
113 126
114 86
114 129
114 134
115 105
116 109
116 93
117 112
117 98
118 105
118 141
119 86
119 92
119 109
120 111
120 99
121 106
121 142
122 86
123 117
123 98
124 108
124 101
124 107
124 86
125 92
126 113
126 144
127 97
127 93
128 102
129 86
129 114
129 134
130 90
131 98
131 112
132 97
133 120
133 99
134 86
134 129
134 114
135 95
135 107
135 108
136 89
137 85
137 91
138 92
139 96
139 140
140 96
140 139
141 105
141 118
142 106
142 121
143 110
144 126
145 90
145 130
146 118
146 115
148 149
148 150
149 148
150 148
154 153
156 155
