0.000519
0.032317
0.202521
0.067647
0
0.093032
1
1
0.008556
0.078375
0.250823
0.015755
0.101221
0.145742
1
0.015663
0.029741
0.102917
0.003523
0.011695
0.114793
0.026228
0.143097
1
0.051549
0.057652
0.500915
0.022225
0.005282
0
0.161398
0.200512
0.002176
0.029683
0.046113
0.026132
0.293546
0.12691
0.166788
0.100447
0.378073
0.002834
0.333945
0
0.021314
0
0.116884
0.05114
0.058966
0.333287
0.500761
0.225159
0.333328
0.029348
0.201659
0
0
0.033615
0.030818
0.262929
0.010753
0
0.014771
0
0.038231
0.030104
0.083464
0.500493
0.015102
0.250719
0.001808
0.000912
0
0.0009
0
0
0
0
0
0
0.001496
0
0
0
1
0.167282
1
0.089422
0.123016
0.135127
0.119894
0.188684
0.034863
0.081777
0.030867
0.097525
0.236286
0.032266
1
1
0.062648
0.052167
0
0
0.166587
0
0
0.069562
0.050817
0.068653
0
0.403114
0.266911
0
0.194017
0
0.035532
0.14183
0
0.25082
0.312659
0
0.501033
0.332765
0.200786
0.017495
0
0.027277
0
0.072706
0.04874
0.333625
0.016235
0.332698
0.193749
0.028202
0.067954
0.055817
0.017397
0.070372
0.070802
0
0
0
0
0.039894
0
0
0
0
0
0
0
0
0
0
0
