157
359
1 2 0.2
1 5 0.0434783
2 1 0.0909091
2 3 0.333333
3 2 0.2
3 1 0.0909091
5 1 0.0909091
5 6 0.047619
5 8 0.0588235
5 20 0.1
5 21 0.125
5 23 0.0416667
5 33 0.142857
5 53 0.25
5 58 0.333333
6 5 0.0434783
6 10 0.25
6 22 0.142857
6 31 0.2
6 40 0.333333
6 54 0.2
7 9 0.0769231
7 12 0.1
7 26 0.5
7 42 0.333333
7 52 0.333333
7 84 0.0384615
8 5 0.0434783
8 18 0.333333
8 21 0.125
8 32 0.25
8 41 0.333333
9 7 0.047619
9 11 0.2
9 27 0.166667
9 35 0.333333
10 6 0.047619
11 9 0.0769231
11 28 0.333333
12 7 0.047619
12 15 0.142857
12 57 0.333333
13 16 0.1
14 13 0.125
14 17 0.1
14 38 0.166667
14 50 0.5
14 67 0.5
15 12 0.1
15 19 0.125
16 13 0.125
16 34 0.333333
16 62 0.5
17 14 0.0714286
17 24 0.5
17 47 0.5
17 65 0.1
18 8 0.0588235
19 15 0.142857
19 9 0.0769231
19 80 0.125
20 5 0.0434783
20 21 0.125
20 23 0.0416667
20 64 0.333333
21 8 0.0588235
21 5 0.0434783
21 20 0.1
22 6 0.047619
23 20 0.1
23 5 0.0434783
23 30 0.0909091
23 36 0.2
23 37 0.111111
23 46 0.111111
23 49 0.333333
23 51 0.2
23 59 0.2
23 69 0.25
24 17 0.1
25 7 0.047619
25 19 0.125
25 27 0.166667
26 7 0.047619
27 9 0.0769231
27 19 0.125
27 25 0.166667
28 11 0.2
29 16 0.1
29 45 0.333333
30 23 0.0416667
30 37 0.111111
30 51 0.2
30 59 0.2
31 14 0.0714286
31 6 0.047619
31 39 0.5
32 23 0.0416667
32 8 0.0588235
33 5 0.0434783
33 8 0.0588235
33 20 0.1
33 46 0.111111
34 16 0.1
35 9 0.0769231
36 23 0.0416667
37 30 0.0909091
37 23 0.0416667
37 36 0.2
37 44 0.166667
38 13 0.125
38 14 0.0714286
38 66 0.5
39 31 0.2
40 6 0.047619
41 8 0.0588235
41 18 0.333333
42 7 0.047619
43 25 0.166667
43 8 0.0588235
44 37 0.111111
44 60 0.5
45 29 0.166667
46 33 0.142857
46 23 0.0416667
46 16 0.1
46 34 0.333333
46 48 0.5
47 17 0.1
48 46 0.111111
49 30 0.0909091
49 23 0.0416667
50 14 0.0714286
51 30 0.0909091
51 23 0.0416667
51 36 0.2
52 25 0.166667
52 7 0.047619
53 5 0.0434783
53 20 0.1
54 40 0.333333
54 6 0.047619
54 65 0.1
55 6 0.047619
56 29 0.166667
56 45 0.333333
57 46 0.111111
57 12 0.1
58 5 0.0434783
58 53 0.25
59 30 0.0909091
59 23 0.0416667
60 44 0.166667
61 43 0.166667
62 16 0.1
63 7 0.047619
64 5 0.0434783
64 20 0.1
65 54 0.2
65 17 0.1
65 68 0.5
65 70 0.0588235
66 38 0.166667
67 14 0.0714286
68 65 0.1
69 36 0.2
69 59 0.2
69 23 0.0416667
70 65 0.1
70 7 0.047619
70 71 0.5
70 73 0.5
71 70 0.0588235
73 70 0.0588235
74 7 0.047619
74 75 0.333333
74 79 0.5
75 74 0.0714286
76 77 0.5
77 76 0.166667
79 74 0.0714286
80 15 0.142857
80 19 0.125
80 0 0.333333
80 1 0.0909091
81 82 0.25
82 81 0.25
84 7 0.047619
84 2 0.2
84 23 0.0416667
84 85 0.0714286
84 86 0.0625
84 87 0.0714286
84 89 0.125
84 90 0.1
84 93 0.0714286
84 95 0.0909091
84 96 0.125
85 84 0.0384615
85 91 0.0909091
85 98 0.0769231
85 137 0.333333
86 84 0.0384615
86 114 0.166667
86 119 0.25
86 122 0.5
86 124 0.2
86 134 0.166667
87 84 0.0384615
87 89 0.125
87 92 0.0909091
87 93 0.0714286
87 101 0.166667
88 84 0.0384615
88 90 0.1
88 94 0.25
88 99 0.0769231
89 84 0.0384615
89 87 0.0714286
89 97 0.2
89 136 0.5
90 88 0.111111
90 84 0.0384615
90 130 0.333333
90 145 0.333333
91 85 0.0714286
91 100 0.333333
92 87 0.0714286
92 101 0.166667
92 125 0.5
92 138 0.5
93 84 0.0384615
93 87 0.0714286
93 86 0.0625
93 109 0.2
93 116 0.25
93 127 0.333333
94 88 0.111111
95 84 0.0384615
95 90 0.1
95 107 0.2
95 108 0.166667
95 135 0.2
96 84 0.0384615
96 85 0.0714286
96 139 0.25
96 140 0.25
97 89 0.125
97 132 0.5
98 85 0.0714286
98 91 0.0909091
98 104 0.166667
98 112 0.2
98 123 0.333333
98 131 0.333333
99 91 0.0909091
99 96 0.125
99 98 0.0769231
99 88 0.111111
99 111 0.333333
99 120 0.25
99 133 0.333333
100 91 0.0909091
100 85 0.0714286
101 87 0.0714286
101 92 0.0909091
102 103 0.111111
102 128 0.5
103 102 0.1
103 110 0.111111
104 98 0.0769231
105 103 0.111111
105 110 0.111111
105 115 0.2
105 118 0.2
106 121 0.25
106 142 0.2
107 95 0.0909091
108 107 0.2
108 95 0.0909091
108 135 0.2
109 93 0.0714286
109 116 0.25
110 103 0.111111
110 105 0.0714286
110 143 0.5
111 99 0.0769231
112 98 0.0769231
112 117 0.25
113 126 0.25
114 86 0.0625
114 129 0.2
114 134 0.166667
115 105 0.0714286
116 109 0.2
116 93 0.0714286
117 112 0.2
117 98 0.0769231
118 105 0.0714286
118 141 0.333333
119 86 0.0625
119 92 0.0909091
119 109 0.2
120 111 0.333333
120 99 0.0769231
121 106 0.166667
121 142 0.2
122 86 0.0625
123 117 0.25
123 98 0.0769231
124 108 0.166667
124 101 0.166667
124 107 0.2
124 86 0.0625
125 92 0.0909091
126 113 0.2
126 144 0.25
127 97 0.2
127 93 0.0714286
128 102 0.1
129 86 0.0625
129 114 0.166667
129 134 0.166667
130 90 0.1
131 98 0.0769231
131 112 0.2
132 97 0.2
133 120 0.25
133 99 0.0769231
134 86 0.0625
134 129 0.2
134 114 0.166667
135 95 0.0909091
135 107 0.2
135 108 0.166667
136 89 0.125
137 85 0.0714286
137 91 0.0909091
138 92 0.0909091
139 96 0.125
139 140 0.25
140 96 0.125
140 139 0.25
141 105 0.0714286
141 118 0.2
142 106 0.166667
142 121 0.25
143 110 0.111111
144 126 0.25
145 90 0.1
145 130 0.333333
146 118 0.2
146 115 0.2
148 149 0.166667
148 150 0.25
149 148 0.0909091
150 148 0.0909091
154 153 0.142857
156 155 0.2
