0 1
0 2
0 3
1 0
1 3
2 0
2 1
3 1
3 0
3 4
4 3
5 12
5 54
6 20
6 70
7 23
7 33
7 34
7 36
7 60
7 82
7 94
8 10
8 15
8 43
8 50
8 55
8 95
8 239
9 14
9 16
9 19
9 22
9 45
10 8
10 15
10 22
10 27
10 31
10 39
10 41
10 69
10 104
10 132
11 28
11 72
11 109
12 5
12 17
12 18
12 65
12 71
12 80
12 96
13 35
13 88
14 9
15 10
15 8
15 77
15 97
15 106
16 9
17 12
17 65
17 71
17 80
17 81
17 96
18 12
19 16
19 9
19 21
19 59
20 6
21 19
21 30
21 32
21 47
21 56
21 73
22 16
22 10
22 9
22 76
22 79
22 92
22 102
23 7
23 37
24 13
24 12
24 53
25 44
25 78
25 103
26 7
26 45
26 58
26 64
27 10
27 69
28 11
28 23
29 15
29 38
29 62
29 107
30 21
30 32
31 10
31 27
31 41
31 69
32 21
32 30
33 7
34 7
34 36
34 100
35 13
36 34
36 7
36 63
36 101
37 23
38 29
38 62
38 107
39 10
39 31
40 12
40 17
40 18
40 81
40 96
41 31
41 10
41 49
41 52
41 85
42 46
42 58
43 8
43 83
43 95
44 25
44 87
44 103
45 9
45 26
45 57
45 87
46 42
47 21
47 30
48 12
48 8
48 61
49 41
50 8
50 56
50 67
50 91
51 68
52 11
52 41
52 75
52 84
52 98
53 24
54 5
55 8
55 83
56 47
56 21
56 50
56 14
57 45
58 26
58 42
58 89
59 19
59 26
60 7
61 48
62 29
62 38
62 107
63 36
63 101
64 26
64 230
65 12
65 17
65 74
66 36
66 45
66 9
66 85
66 108
67 50
67 91
68 51
69 27
69 10
69 31
69 83
69 104
70 6
71 12
71 17
71 65
72 11
73 21
74 12
74 65
74 71
75 52
75 26
75 41
75 59
76 22
77 15
77 83
78 25
78 44
79 22
79 76
80 12
80 17
80 81
81 12
81 17
81 40
81 80
81 86
82 34
82 7
82 60
82 94
83 77
83 69
83 43
83 15
83 55
83 90
83 93
83 105
84 52
85 41
85 22
85 66
86 81
87 44
87 26
87 45
88 13
88 35
89 58
89 26
90 83
91 67
91 50
92 76
92 22
93 83
93 90
94 7
94 82
95 8
95 43
96 18
96 17
96 12
96 40
97 25
97 44
97 15
98 52
98 84
99 41
100 7
100 34
101 36
101 63
102 22
102 76
103 44
103 25
103 78
104 10
104 69
104 27
105 21
105 83
106 15
106 77
107 38
107 29
107 62
108 66
109 72
109 11
110 115
110 117
111 112
111 115
112 111
112 115
115 110
115 111
115 112
115 117
117 115
117 110
118 124
119 125
120 124
121 123
123 121
124 118
124 120
125 119
127 17
127 12
127 128
128 127
128 129
129 128
129 230
130 91
130 48
130 131
131 130
132 10
132 41
132 133
132 135
132 137
132 138
132 145
132 150
132 158
132 160
132 187
132 188
132 226
133 132
133 134
133 146
133 149
133 152
133 163
133 181
133 196
133 203
134 133
134 139
134 143
134 219
135 132
135 164
135 175
135 186
136 139
136 144
136 161
136 169
136 205
137 132
137 138
137 165
137 217
138 137
138 132
138 166
138 174
138 183
138 213
138 239
139 136
139 134
139 161
139 180
139 189
139 194
139 218
140 155
140 168
140 176
140 192
141 138
141 151
141 154
141 198
141 211
141 214
142 190
142 215
143 134
144 136
144 178
145 132
145 167
145 228
146 133
146 179
147 140
148 153
148 177
148 184
148 191
148 230
149 133
149 203
150 132
151 141
151 154
151 198
151 211
151 214
152 133
152 203
153 148
153 177
153 184
153 191
153 230
154 138
154 151
154 141
155 140
155 168
156 195
156 220
157 143
157 159
158 132
158 187
158 188
159 157
159 145
159 210
160 132
160 226
161 136
161 139
161 162
161 172
161 185
162 161
163 133
163 169
164 135
164 171
164 223
165 137
166 138
167 145
167 157
168 140
168 155
168 176
168 193
169 163
169 136
169 182
169 194
170 159
171 164
171 223
172 161
173 157
173 170
174 138
175 135
175 199
176 168
176 140
176 155
176 193
177 148
177 153
177 200
177 213
178 144
178 136
179 146
180 161
180 139
180 195
180 201
180 224
181 133
181 167
182 169
183 138
184 153
184 148
185 161
185 204
186 135
187 158
187 132
188 132
188 158
189 139
190 142
191 153
191 148
191 230
192 176
192 140
192 142
192 206
192 212
193 140
193 176
193 168
193 155
193 207
194 169
194 139
194 197
195 161
195 180
195 156
196 133
196 149
196 203
197 194
198 151
198 141
199 175
200 177
200 225
201 180
202 198
202 216
202 227
203 196
203 133
203 152
203 149
204 185
205 136
205 144
206 192
206 212
207 155
207 193
207 176
208 144
208 205
208 146
209 147
210 159
211 185
211 141
211 156
211 151
212 206
212 192
212 229
213 138
213 177
214 141
214 151
215 142
216 202
216 227
217 137
217 165
218 139
219 134
219 222
220 156
221 169
221 139
222 219
223 164
223 171
224 180
225 200
226 132
226 160
227 202
227 216
228 145
229 192
229 212
229 206
230 148
230 64
230 129
230 153
230 191
230 231
230 241
231 230
232 233
233 232
233 235
233 238
234 237
235 233
235 236
235 238
236 235
237 234
238 233
238 235
239 8
239 138
239 95
239 240
240 239
241 11
241 230
242 243
243 242
244 245
245 244
