0
0
0
0
0
0.143062
0
1
0.043528
0.147612
0.113591
0.09148
1
0
0.037969
0.083174
0.226321
0.090906
0.282071
0.022095
0
0.017895
1
0.17154
0
0.001768
0.031135
0.038369
0.030302
0
0.003993
0.051988
0.002963
0.501097
0.151981
0
0.222629
0.085658
0
0.022817
0.025423
0.181885
0.00066
0.174622
0.003999
0.116053
0.000325
0.004356
0
0.060615
0.00473
0
1
0
0.071449
0.255663
0.003811
0.057878
0.00388
0.036526
0.37882
0
0
0.066303
0.253876
0.173674
1
0.00139
0
0.117187
0
0.183059
0.037437
0.003618
0.043564
0.200736
0.35072
0.2152
0.0007
0.33289
0.154436
0.029333
0.20157
1
0.407546
0.227962
0.007278
0.016809
0
0.000975
0.408464
0.001154
0.333773
0.333925
0.282214
0.059761
0.152635
0.013827
0.333281
0
0.050509
0.066358
0.332991
0.001121
0.044757
0.250225
0.027605
0
0.5006
0.030612
0
0
0
0
0
0
0
0
0
0
0
0
0
0
0
0
0
0.005377
0.04195
0.16727
0
0
1
1
0.17369
0.067196
0.069067
0.191922
1
1
0
1
0
0.037112
0.010645
0.089284
0.142924
0
0.111865
0.262562
0.500386
0.155962
0.282497
0.130938
0.223307
0
0.054323
0.011954
0.224547
0.001676
0.298207
0.156209
0.078191
0.169326
0.0085
0.078061
0.501234
0.082665
0
0.033358
0
0.002522
0.078251
0
0.501376
0.01119
0
0.059505
0.003653
0.071675
1
0.33406
0.01668
0.499937
0.057956
0.055944
0.02262
0.194905
0.286246
0.500683
0
0.195056
0
0
0.169529
0.204883
0.228436
0.084824
0.223277
0.00562
0.00986
0.501434
0
0.198477
0.027844
0.01724
0
0
0
0
0.000329
0.186279
0
0.256225
0.277045
0
0
0.063831
0.500344
0.029083
0.027307
0
0.014737
0.002533
0.500937
0.004962
0.297763
0
0.044792
0
1
0.251288
0
0
0
0
0
0
0
0.093894
0.047012
0.101188
0
0
0
0
