18
49
0 1 0.0833333
0 2 0.111111
0 14 0.333333
0 16 0.333333
1 0 0.0625
1 2 0.111111
1 3 0.0769231
1 6 0.1
1 10 0.25
2 0 0.0625
2 1 0.0833333
2 5 0.166667
2 17 0.5
3 1 0.0833333
3 4 0.142857
3 5 0.166667
3 6 0.1
3 9 0.333333
4 3 0.0769231
4 5 0.166667
4 6 0.1
5 4 0.142857
5 2 0.111111
5 3 0.0769231
6 3 0.0769231
6 4 0.142857
6 1 0.0833333
6 7 0.2
6 8 0.142857
7 6 0.1
7 13 0.5
8 7 0.2
8 6 0.1
8 12 0.25
8 15 0.25
9 4 0.142857
9 3 0.0769231
10 1 0.0833333
10 11 0.5
11 10 0.25
12 8 0.142857
12 15 0.25
13 7 0.2
14 0 0.0625
15 8 0.142857
15 12 0.25
16 0 0.0625
16 14 0.333333
17 2 0.111111
