3 5
3 6
3 11
3 12
3 14
3 28
4 19
4 25
4 27
4 30
4 53
5 3
5 9
5 13
5 17
5 45
5 46
6 3
6 14
6 20
6 42
6 49
6 54
7 5
7 6
7 10
7 21
7 33
7 38
7 55
9 5
9 48
10 7
11 3
11 8
12 3
12 22
13 5
13 32
13 43
14 6
14 3
14 15
14 18
14 37
14 44
14 60
15 14
15 52
15 62
16 7
16 19
17 5
17 45
18 14
18 44
19 16
19 4
19 27
19 34
20 6
20 22
20 42
20 49
21 7
21 47
21 51
21 55
22 6
22 12
22 20
22 29
22 57
24 4
25 4
26 25
26 30
27 19
27 4
27 34
28 3
29 22
30 26
30 4
31 39
32 13
32 43
32 56
33 7
34 25
34 27
34 19
35 40
36 15
37 14
38 7
39 31
40 35
40 131
41 5
42 6
42 20
42 49
42 54
42 56
43 32
43 13
44 37
44 14
44 18
45 5
45 17
45 46
46 45
46 5
46 41
47 7
47 21
47 33
47 51
48 9
49 20
49 42
49 6
49 56
50 40
51 7
51 21
51 47
51 55
52 15
53 4
54 42
54 6
55 21
55 7
55 51
56 42
56 31
56 32
56 49
57 22
57 29
58 22
58 8
59 11
59 39
60 18
60 14
62 15
63 6
63 18
64 65
65 64
65 131
66 68
66 71
67 66
67 71
68 66
68 69
69 68
71 67
71 66
72 88
74 76
74 77
74 78
74 79
74 90
74 92
74 111
74 120
74 128
75 85
76 74
76 82
76 105
77 74
77 80
77 81
77 120
77 121
78 74
78 79
79 74
79 78
79 87
79 101
79 116
79 126
80 77
80 98
81 77
81 83
81 129
82 76
82 105
83 81
83 84
83 102
83 129
84 83
84 102
85 75
86 79
86 89
86 94
86 113
86 125
87 79
87 103
87 116
88 72
89 86
89 95
90 74
90 92
91 100
91 107
92 90
92 74
92 108
93 99
93 104
93 117
94 86
95 94
95 89
95 97
95 124
96 74
96 115
97 95
98 80
98 91
98 127
99 93
99 104
99 117
99 122
100 91
101 79
102 84
102 83
102 100
103 87
103 76
103 119
103 130
104 99
104 93
104 106
104 123
105 76
105 82
106 104
107 91
108 92
109 110
109 112
110 109
110 112
111 74
112 109
112 110
113 86
114 82
114 76
114 105
115 96
116 79
116 87
116 118
117 99
117 93
118 87
118 79
118 116
119 103
119 130
120 74
120 77
121 77
122 99
123 104
123 106
124 95
125 94
125 86
126 116
126 79
127 98
128 74
129 81
129 83
130 103
130 119
131 40
131 65
131 132
132 131
132 133
133 132
133 134
134 133
136 135
