0
0
0
0.100407
1
0.072896
0.161692
1
0.003331
0.018178
0.501219
0.016767
0.215291
0.008402
1
0.125819
0.021549
0.020903
0.231358
0.130997
0.14708
0.147203
1
0
0
0.271194
0.050491
0.185176
0.050692
0.407074
0.251361
0.002055
0.002474
0.341063
0.060456
0
0
0.370902
0.500174
0.00069
0
0.006109
0.036629
0.002596
0.169269
0.016095
0.012177
0.031268
0.009055
0.037274
0
0.048598
0.031405
0.50074
0.038271
0.186918
0.010367
0.332848
0
0
0.333933
0
0.063257
0
0
0
0
0
0
0
0
0
0
0
1
0
0.127179
0.090893
0.439623
1
0.015186
0.015263
0.024615
0.002345
0.00062
0
1
0.171293
0
0.125549
0.282279
0.000376
0.201376
0
0.316091
0.014035
0
0.003577
0.0031
0
0.000105
0.500486
0.000334
0.015631
0
0.028923
0
0.000194
0.101106
0
0
0.500628
0
0.500329
0
0
0.200601
0
0.050148
0.004665
0.211873
0.04558
0
0
0.006906
0.333755
0.333363
0.001579
0.500161
0.004198
0.004672
0
0
0
0
0
0
0
0
