47 46
48 41
48 49
48 55
48 56
49 48
49 41
49 52
17 4
18 5
18 6
18 29
19 12
19 13
21 11
3 4
3 8
37 38
37 39
37 41
37 51
23 15
24 8
51 37
4 3
4 7
4 10
4 14
4 17
5 6
5 9
5 15
5 18
5 29
25 16
25 3
25 28
6 5
6 9
6 18
6 29
26 16
52 49
38 37
38 43
38 45
54 42
7 4
55 48
55 41
8 3
8 16
8 24
9 5
9 6
9 10
9 16
56 41
56 48
56 55
10 4
10 9
10 6
11 5
11 21
27 16
27 26
28 25
12 9
12 13
12 19
39 37
29 6
29 18
29 5
13 12
13 19
41 37
41 46
41 48
41 49
41 55
41 56
14 4
42 40
42 44
43 38
44 42
57 58
45 38
45 43
58 57
59 39
30 31
30 32
60 49
60 61
60 62
61 60
31 30
15 11
15 6
15 5
15 23
46 41
46 47
32 30
62 60
16 9
16 8
16 26
16 27
33 34
34 33
