1 2
1 5
1 24
1 51
1 57
1 72
2 1
2 3
2 6
2 9
2 11
2 12
2 60
3 2
3 4
3 7
3 9
3 12
3 41
4 2
4 3
4 14
4 33
4 53
5 1
5 45
5 49
6 2
6 3
6 22
6 44
6 59
7 3
7 2
7 8
7 10
7 11
7 29
8 7
9 3
9 2
9 13
9 21
9 47
10 7
11 2
11 7
11 16
11 37
11 43
12 2
12 3
13 9
13 6
13 15
13 21
13 38
13 50
13 66
14 4
14 46
15 13
15 25
15 66
16 11
17 28
17 29
18 19
18 20
18 23
18 26
18 32
18 34
19 18
19 39
20 18
20 61
21 9
21 13
21 2
21 27
21 42
21 64
22 6
22 59
23 18
24 1
24 57
25 15
25 13
25 38
25 50
25 66
26 23
26 18
26 40
26 48
27 21
27 31
28 17
29 7
29 17
29 10
29 58
30 1
30 8
30 5
31 27
31 36
32 18
32 19
32 35
33 4
33 53
34 18
34 23
35 32
35 49
36 31
36 1
37 11
37 16
38 25
38 13
39 20
39 19
40 26
41 3
41 2
42 21
42 64
43 11
43 37
44 6
44 22
44 59
45 5
46 14
47 9
48 26
48 63
49 35
49 5
50 25
50 13
50 15
51 1
52 1
52 51
53 4
53 33
53 54
54 53
55 19
57 24
57 1
58 29
59 22
59 6
59 44
60 2
60 3
60 41
61 20
62 8
63 48
64 21
64 42
65 17
66 15
66 25
66 13
66 38
68 70
69 67
70 68
71 67
72 57
72 1
72 73
72 75
73 72
74 75
74 76
75 72
75 74
75 77
76 74
77 75
80 8
81 39
81 82
81 93
81 94
81 98
81 103
82 81
82 83
82 85
82 90
82 104
82 115
83 82
83 84
83 89
83 91
83 106
83 121
84 83
84 117
84 123
84 124
85 82
85 107
85 110
85 133
86 141
87 92
87 94
87 135
87 137
88 84
89 83
89 121
90 82
90 85
90 110
90 115
91 83
91 95
91 99
91 114
91 120
91 134
92 87
92 96
92 125
92 130
93 81
93 108
93 113
93 118
93 142
94 87
94 81
94 103
95 91
95 114
96 92
96 125
96 127
97 96
97 86
98 81
99 91
99 95
100 82
100 101
100 112
100 144
100 149
101 100
101 102
101 107
101 112
101 143
101 149
102 101
102 83
103 94
103 81
104 97
104 82
104 85
104 126
104 139
105 128
105 147
106 83
107 101
107 85
107 100
108 93
108 113
108 118
109 111
109 131
109 137
110 85
110 90
110 119
111 109
112 100
112 101
112 144
112 149
113 108
113 93
114 95
114 91
114 120
114 132
115 90
115 85
115 82
116 105
116 138
116 146
117 84
118 93
118 108
119 110
120 114
120 91
120 129
120 132
120 134
121 83
121 89
122 129
123 84
124 84
125 92
125 96
125 130
126 104
126 139
127 96
127 92
127 125
128 105
129 120
129 95
129 122
129 136
130 96
130 92
130 125
131 109
132 95
132 114
132 120
132 134
133 82
133 85
134 120
134 91
134 132
135 87
136 129
137 109
137 87
137 148
138 116
138 146
139 126
139 104
140 92
140 125
140 130
140 96
141 86
142 93
142 118
142 108
142 145
143 101
144 100
144 112
144 101
145 81
145 142
146 116
146 138
147 105
148 137
149 112
149 100
149 101
154 155
155 154
