158
381
1 2 0.047619
1 5 0.0909091
1 24 0.25
1 51 0.333333
1 57 0.2
1 72 0.0526316
2 1 0.0384615
2 3 0.0526316
2 6 0.0909091
2 9 0.1
2 11 0.0833333
2 12 0.25
2 60 0.25
3 2 0.047619
3 4 0.111111
3 7 0.0909091
3 9 0.1
3 12 0.25
3 41 0.25
4 2 0.047619
4 3 0.0526316
4 14 0.25
4 33 0.25
4 53 0.166667
5 1 0.0384615
5 45 0.5
5 49 0.25
6 2 0.047619
6 3 0.0526316
6 22 0.2
6 44 0.2
6 59 0.166667
7 3 0.0526316
7 2 0.047619
7 8 0.142857
7 10 0.2
7 11 0.0833333
7 29 0.142857
8 7 0.0909091
9 3 0.0526316
9 2 0.047619
9 13 0.0588235
9 21 0.0714286
9 47 0.5
10 7 0.0909091
11 2 0.047619
11 7 0.0909091
11 16 0.333333
11 37 0.25
11 43 0.333333
12 2 0.047619
12 3 0.0526316
13 9 0.1
13 6 0.0909091
13 15 0.111111
13 21 0.0714286
13 38 0.2
13 50 0.2
13 66 0.142857
14 4 0.111111
14 46 0.5
15 13 0.0588235
15 25 0.111111
15 66 0.142857
16 11 0.0833333
17 28 0.25
17 29 0.142857
18 19 0.166667
18 20 0.142857
18 23 0.25
18 26 0.111111
18 32 0.142857
18 34 0.333333
19 18 0.0625
19 39 0.111111
20 18 0.0625
20 61 0.5
21 9 0.1
21 13 0.0588235
21 2 0.047619
21 27 0.2
21 42 0.166667
21 64 0.25
22 6 0.0909091
22 59 0.166667
23 18 0.0625
24 1 0.0384615
24 57 0.2
25 15 0.111111
25 13 0.0588235
25 38 0.2
25 50 0.2
25 66 0.142857
26 23 0.25
26 18 0.0625
26 40 0.5
26 48 0.166667
27 21 0.0714286
27 31 0.166667
28 17 0.142857
29 7 0.0909091
29 17 0.142857
29 10 0.2
29 58 0.5
30 1 0.0384615
30 8 0.142857
30 5 0.0909091
31 27 0.2
31 36 0.333333
32 18 0.0625
32 19 0.166667
32 35 0.25
33 4 0.111111
33 53 0.166667
34 18 0.0625
34 23 0.25
35 32 0.142857
35 49 0.25
36 31 0.166667
36 1 0.0384615
37 11 0.0833333
37 16 0.333333
38 25 0.111111
38 13 0.0588235
39 20 0.142857
39 19 0.166667
40 26 0.111111
41 3 0.0526316
41 2 0.047619
42 21 0.0714286
42 64 0.25
43 11 0.0833333
43 37 0.25
44 6 0.0909091
44 22 0.2
44 59 0.166667
45 5 0.0909091
46 14 0.25
47 9 0.1
48 26 0.111111
48 63 0.5
49 35 0.25
49 5 0.0909091
50 25 0.111111
50 13 0.0588235
50 15 0.111111
51 1 0.0384615
52 1 0.0384615
52 51 0.333333
53 4 0.111111
53 33 0.25
53 54 0.166667
54 53 0.166667
55 19 0.166667
57 24 0.25
57 1 0.0384615
58 29 0.142857
59 22 0.2
59 6 0.0909091
59 44 0.2
60 2 0.047619
60 3 0.0526316
60 41 0.25
61 20 0.142857
62 8 0.142857
63 48 0.166667
64 21 0.0714286
64 42 0.166667
65 17 0.142857
66 15 0.111111
66 25 0.111111
66 13 0.0588235
66 38 0.2
68 70 0.5
69 67 0.166667
70 68 0.166667
71 67 0.166667
72 57 0.2
72 1 0.0384615
72 73 0.5
72 75 0.166667
73 72 0.0526316
74 75 0.166667
74 76 0.5
75 72 0.0526316
75 74 0.111111
75 77 0.5
76 74 0.111111
77 75 0.166667
80 8 0.142857
81 39 0.111111
81 82 0.0454545
81 93 0.0833333
81 94 0.125
81 98 0.5
81 103 0.25
82 81 0.047619
82 83 0.0625
82 85 0.0833333
82 90 0.142857
82 104 0.125
82 115 0.2
83 82 0.0454545
83 84 0.0909091
83 89 0.25
83 91 0.0714286
83 106 0.25
83 121 0.25
84 83 0.0625
84 117 0.333333
84 123 0.5
84 124 0.25
85 82 0.0454545
85 107 0.2
85 110 0.142857
85 133 0.333333
86 141 0.5
87 92 0.0769231
87 94 0.125
87 135 0.5
87 137 0.142857
88 84 0.0909091
89 83 0.0625
89 121 0.25
90 82 0.0454545
90 85 0.0833333
90 110 0.142857
90 115 0.2
91 83 0.0625
91 95 0.142857
91 99 0.333333
91 114 0.125
91 120 0.1
91 134 0.166667
92 87 0.1
92 96 0.111111
92 125 0.125
92 130 0.166667
93 81 0.047619
93 108 0.125
93 113 0.25
93 118 0.142857
93 142 0.166667
94 87 0.1
94 81 0.047619
94 103 0.25
95 91 0.0714286
95 114 0.125
96 92 0.0769231
96 125 0.125
96 127 0.25
97 96 0.111111
97 86 0.142857
98 81 0.047619
99 91 0.0714286
99 95 0.142857
100 82 0.0454545
100 101 0.0769231
100 112 0.125
100 144 0.2
100 149 0.166667
101 100 0.0833333
101 102 0.2
101 107 0.2
101 112 0.125
101 143 0.2
101 149 0.166667
102 101 0.0769231
102 83 0.0625
103 94 0.125
103 81 0.047619
104 97 0.166667
104 82 0.0454545
104 85 0.0833333
104 126 0.25
104 139 0.25
105 128 0.5
105 147 0.5
106 83 0.0625
107 101 0.0769231
107 85 0.0833333
107 100 0.0833333
108 93 0.0833333
108 113 0.25
108 118 0.142857
109 111 0.5
109 131 0.5
109 137 0.142857
110 85 0.0833333
110 90 0.142857
110 119 0.5
111 109 0.0769231
112 100 0.0833333
112 101 0.0769231
112 144 0.2
112 149 0.166667
113 108 0.125
113 93 0.0833333
114 95 0.142857
114 91 0.0714286
114 120 0.1
114 132 0.142857
115 90 0.142857
115 85 0.0833333
115 82 0.0454545
116 105 0.142857
116 138 0.25
116 146 0.25
117 84 0.0909091
118 93 0.0833333
118 108 0.125
119 110 0.142857
120 114 0.125
120 91 0.0714286
120 129 0.111111
120 132 0.142857
120 134 0.166667
121 83 0.0625
121 89 0.25
122 129 0.111111
123 84 0.0909091
124 84 0.0909091
125 92 0.0769231
125 96 0.111111
125 130 0.166667
126 104 0.125
126 139 0.25
127 96 0.111111
127 92 0.0769231
127 125 0.125
128 105 0.142857
129 120 0.1
129 95 0.142857
129 122 0.2
129 136 0.5
130 96 0.111111
130 92 0.0769231
130 125 0.125
131 109 0.0769231
132 95 0.142857
132 114 0.125
132 120 0.1
132 134 0.166667
133 82 0.0454545
133 85 0.0833333
134 120 0.1
134 91 0.0714286
134 132 0.142857
135 87 0.1
136 129 0.111111
137 109 0.0769231
137 87 0.1
137 148 0.5
138 116 0.142857
138 146 0.25
139 126 0.25
139 104 0.125
140 92 0.0769231
140 125 0.125
140 130 0.166667
140 96 0.111111
141 86 0.142857
142 93 0.0833333
142 118 0.142857
142 108 0.125
142 145 0.333333
143 101 0.0769231
144 100 0.0833333
144 112 0.125
144 101 0.0769231
145 81 0.047619
145 142 0.166667
146 116 0.142857
146 138 0.25
147 105 0.142857
148 137 0.142857
149 112 0.125
149 100 0.0833333
149 101 0.0769231
154 155 0.5
155 154 0.25
