0
0.038875
1
0.0994
0.011082
0.004271
0.173998
0.016631
0.002328
0.204366
0.003741
0.084518
0.267572
1
0.002801
0.153052
0.034305
0.000316
1
0.201865
0.158752
0.084918
0.046068
0.333179
0.011222
0.078106
0.112098
0.017043
8.5e-05
0.002332
0
0.002865
0.143104
0.003168
0.33404
0.036007
0.000945
0.026438
0.234403
0.130672
0.056477
0.084659
0.017213
0.028047
0.040178
0.002164
0.001388
0.102375
0.018744
0.009735
0.209534
0.013009
0
0.002289
0.000384
0
0
0.009673
0.001159
0.039386
0.251084
0.079808
0
0.009414
0.024062
0
0.165655
0
0
0
0
0
0.00201
0.001001
3.6e-05
0.000352
2.3e-05
0.00018
0
0
0
1
0.05834
0.136309
1
0.023675
0.000151
0.02987
0
0.040853
0.01014
1
0.002294
0.0834
0.15469
0.208459
0.000492
0.001254
0.500646
0.333102
0.125808
1
0.200999
0.274995
0.00743
0
0.034419
0.202281
0.015565
1
0.004764
0.500411
0.159364
0.023509
0.163059
0.012963
0
0.333759
0.015437
0.002367
0.132502
0.040426
0.002904
0.500486
0.25014
0.000419
0.002233
0.000115
0
0.01494
0.000451
0.500146
0.064734
0.007998
0.187649
0.015057
0.007394
0.1447
0
0.002276
0
7.5e-05
0.014102
0.201064
0.054954
0.004783
0
0
0.07238
0.201198
0
0
0
0
0
0
0
0
