48 35
48 45
20 10
21 11
21 15
21 26
49 34
49 41
49 54
22 8
22 18
22 9
1 2
1 5
1 11
1 12
50 43
2 1
2 10
2 13
33 37
33 39
33 46
3 12
3 28
4 25
34 35
34 41
34 42
34 49
34 56
51 36
51 40
35 34
35 48
36 40
36 51
37 33
5 1
23 17
23 12
38 43
7 14
7 30
24 10
8 5
8 9
8 16
8 18
8 22
25 4
39 33
39 53
52 47
26 11
26 15
26 21
9 8
9 19
9 22
27 18
27 8
27 9
10 2
10 20
10 24
53 39
54 34
54 42
54 49
54 41
54 56
11 1
11 5
11 15
11 16
11 21
11 26
12 3
12 5
12 1
12 17
12 23
40 36
40 51
55 46
56 49
56 42
56 34
56 54
13 2
41 34
41 49
41 54
42 34
42 54
57 15
43 38
43 50
28 3
44 43
29 17
29 12
30 7
30 14
45 35
45 47
45 48
46 33
46 55
14 7
14 30
31 19
15 11
15 57
16 11
16 8
17 12
17 23
18 8
18 9
47 45
47 52
19 8
19 9
19 2
19 31
