58
127
48 35 0.1
48 45 0.142857
20 10 0.125
21 11 0.0909091
21 15 0.166667
21 26 0.2
49 34 0.0666667
49 41 0.166667
49 54 0.111111
22 8 0.0666667
22 18 0.2
22 9 0.1
1 2 0.0714286
1 5 0.1
1 11 0.0909091
1 12 0.0833333
50 43 0.142857
2 1 0.0666667
2 10 0.125
2 13 0.2
33 37 0.25
33 39 0.0833333
33 46 0.166667
3 12 0.0833333
3 28 0.5
4 25 0.5
34 35 0.1
34 41 0.166667
34 42 0.142857
34 49 0.142857
34 56 0.125
51 36 0.142857
51 40 0.25
35 34 0.0666667
35 48 0.25
36 40 0.25
36 51 0.25
37 33 0.0769231
5 1 0.0666667
23 17 0.2
23 12 0.0833333
38 43 0.142857
7 14 0.25
7 30 0.25
24 10 0.125
8 5 0.1
8 9 0.1
8 16 0.142857
8 18 0.2
8 22 0.2
25 4 0.25
39 33 0.0769231
39 53 0.5
52 47 0.111111
26 11 0.0909091
26 15 0.166667
26 21 0.2
9 8 0.0666667
9 19 0.1
9 22 0.2
27 18 0.2
27 8 0.0666667
27 9 0.1
10 2 0.0714286
10 20 0.5
10 24 0.5
53 39 0.0833333
54 34 0.0666667
54 42 0.142857
54 49 0.142857
54 41 0.166667
54 56 0.125
11 1 0.0666667
11 5 0.1
11 15 0.166667
11 16 0.142857
11 21 0.2
11 26 0.2
12 3 0.166667
12 5 0.1
12 1 0.0666667
12 17 0.2
12 23 0.25
40 36 0.142857
40 51 0.25
55 46 0.166667
56 49 0.142857
56 42 0.142857
56 34 0.0666667
56 54 0.111111
13 2 0.0714286
41 34 0.0666667
41 49 0.142857
41 54 0.111111
42 34 0.0666667
42 54 0.111111
57 15 0.166667
43 38 0.166667
43 50 0.5
28 3 0.166667
44 43 0.142857
29 17 0.2
29 12 0.0833333
30 7 0.1
30 14 0.25
45 35 0.1
45 47 0.111111
45 48 0.25
46 33 0.0769231
46 55 0.5
14 7 0.1
14 30 0.25
31 19 0.1
15 11 0.0909091
15 57 0.0588235
16 11 0.0909091
16 8 0.0666667
17 12 0.0833333
17 23 0.25
18 8 0.0666667
18 9 0.1
47 45 0.142857
47 52 0.5
19 8 0.0666667
19 9 0.1
19 2 0.0714286
19 31 0.25
