0 2
0 3
2 0
2 1
2 4
3 0
4 2
4 1
4 5
4 6
5 4
6 4
6 8
7 4
7 6
8 6
8 4
9 10
9 17
9 42
9 46
9 62
9 94
10 9
10 25
10 28
11 12
11 18
11 23
11 44
11 49
11 104
11 105
12 11
12 14
12 15
12 19
12 20
12 29
12 32
12 33
12 53
12 54
12 55
12 67
12 68
12 92
13 21
13 61
13 81
13 107
14 12
14 15
14 57
14 72
15 14
15 12
15 39
15 58
15 79
15 85
15 90
16 21
16 24
16 37
16 52
16 53
16 63
16 78
16 99
17 9
17 18
17 34
17 82
17 84
18 17
18 11
18 22
18 56
18 93
18 101
18 102
18 103
19 12
19 20
19 35
19 44
19 60
20 12
20 19
20 26
20 48
20 64
20 111
21 13
21 16
21 52
21 77
22 18
22 50
22 69
23 11
23 105
24 16
24 36
24 83
25 10
25 28
25 35
26 20
27 30
27 89
27 96
28 10
28 25
28 40
28 95
29 12
29 33
29 47
29 67
30 27
32 29
32 12
32 33
32 53
33 12
33 32
33 29
33 44
33 53
33 54
33 55
33 67
33 68
33 92
34 17
35 30
35 19
35 28
35 25
36 24
37 21
37 16
37 45
37 108
38 9
39 15
39 71
39 79
39 87
39 112
40 28
40 50
40 100
41 19
41 65
42 9
42 46
43 80
44 11
44 33
44 19
44 66
44 72
44 93
44 114
45 37
45 108
46 9
46 42
47 33
47 29
47 11
47 12
47 51
48 20
48 115
49 11
49 104
50 22
50 40
51 11
51 27
51 43
51 47
51 137
52 16
52 21
52 59
53 12
53 32
53 16
53 33
53 59
54 12
54 33
55 12
55 33
56 18
56 97
56 102
57 14
58 15
59 53
59 52
60 19
61 13
62 42
62 9
63 16
63 78
64 12
64 20
65 28
65 41
66 44
67 29
67 33
67 32
67 12
68 33
68 54
68 12
69 22
70 51
71 39
71 79
71 87
71 112
72 14
72 44
72 76
73 86
74 48
74 26
74 20
74 115
76 72
77 21
78 16
78 63
78 91
79 71
79 39
79 15
79 110
80 43
80 106
81 13
81 61
82 17
83 16
83 24
84 17
84 34
85 15
85 43
85 106
85 109
85 113
86 73
87 71
87 39
88 85
88 106
89 27
89 96
90 15
91 78
91 45
91 37
91 98
92 12
92 33
93 44
93 18
94 9
95 28
96 27
96 89
97 56
97 18
98 91
99 63
99 16
100 40
101 18
102 18
102 56
103 18
103 101
103 56
104 49
104 11
104 23
105 104
105 11
105 23
106 80
106 85
106 88
107 13
107 239
108 37
108 45
109 85
110 15
110 79
110 62
111 20
111 48
112 71
112 87
112 39
113 85
114 44
115 20
115 74
115 26
115 48
116 117
116 119
116 124
117 116
117 118
117 119
117 120
117 124
118 117
118 121
119 117
119 116
120 117
120 122
121 118
122 120
122 125
123 121
124 117
124 116
125 122
126 127
126 130
127 126
127 128
127 129
128 127
129 127
129 133
129 134
130 126
131 132
132 131
133 129
134 129
135 136
136 135
137 85
137 12
137 51
137 138
138 137
139 140
139 141
139 145
139 152
139 155
139 164
139 195
139 199
139 208
140 139
140 142
140 158
140 161
140 175
140 192
141 139
141 144
141 147
141 154
141 157
141 179
141 186
141 196
142 140
142 143
142 151
142 165
142 176
143 142
143 156
144 141
144 148
145 139
145 162
145 184
145 216
146 173
147 141
147 196
148 144
148 169
148 214
149 139
149 152
149 202
150 139
150 153
150 160
150 166
150 203
150 210
150 213
151 142
152 149
152 139
153 150
153 160
153 166
153 213
154 141
154 153
154 150
154 190
155 139
155 183
156 142
156 143
156 159
156 161
156 212
157 141
157 196
157 207
158 140
158 155
159 156
160 150
160 153
161 140
161 156
161 162
161 182
161 191
162 145
162 161
162 148
162 185
163 167
163 172
163 173
163 194
163 215
164 139
164 149
164 202
165 143
165 142
166 153
166 160
166 150
166 206
167 163
167 168
167 171
167 178
168 167
168 203
168 218
169 148
169 214
169 217
171 167
172 163
173 147
173 163
173 146
173 189
174 188
175 140
175 204
176 143
176 142
178 167
178 205
179 141
180 150
181 160
181 150
181 153
182 161
182 207
183 155
184 145
185 169
185 162
186 141
186 147
187 159
188 174
189 173
189 141
190 183
190 154
191 161
191 211
192 140
193 140
193 192
194 163
194 172
194 215
195 139
196 141
196 157
196 147
197 201
198 166
198 203
199 139
199 166
199 209
199 216
200 179
200 157
200 141
201 177
201 197
202 149
202 139
202 164
203 168
203 167
203 150
203 198
204 175
205 178
206 166
207 157
207 182
207 144
207 147
208 139
208 152
208 202
209 199
210 150
210 153
211 191
212 145
212 159
212 156
213 210
213 150
213 153
214 154
214 169
214 162
214 183
214 148
215 163
215 194
216 199
216 145
217 169
217 148
218 168
218 167
220 221
220 222
220 224
221 220
221 226
221 228
222 220
224 220
224 225
225 224
226 221
226 228
228 226
228 221
230 235
232 230
233 231
233 237
234 236
234 238
235 230
236 234
237 233
238 234
238 236
239 107
239 31
239 240
240 239
240 241
241 240
241 242
242 241
242 240
