0.033677
0.288634
0.201469
0.016776
1
0.500171
0.200509
0
0.040414
1
0.167696
0.132234
1
0.008036
0.247944
1
1
0.160773
1
0.125168
0.062555
0.096148
0.167011
0.025798
0.166593
0.028534
0.016211
0.000626
0.019354
0.15891
0.004315
5.7e-05
0.179278
0.159675
0.04074
0.021285
0.04173
0.103027
0
0.101125
0.006035
0
0.272325
0.012719
1
0.023328
0.294841
0.017812
0.013355
0.038159
0.028413
0.001472
0.184065
0.185165
0.258556
0.278242
0.197768
0.04159
0.500602
0.088603
0.062645
0.002468
0.205055
0.196373
0.015672
0
0.500121
0.178281
0.225967
0.083467
0
0.031622
0.151698
0
0.000453
0
0.075966
0.048129
0.130145
0.122141
0.004772
0.002703
0.080445
0.033315
0.053629
0.071586
0
0.029031
0.004141
0.000203
0.499912
0.016306
0.279355
0.360983
0.500338
0.004885
0.000191
0.065601
0.008209
0.334009
0.002994
0.389037
0.228633
0.250806
0.03081
0.030137
0.01214
0.002055
0.029668
0.035878
0.030435
0.020919
0.025569
0.0179
0.500402
0.002312
0.136928
1
0.166395
0.220265
0.25093
0.055641
0.063155
0
0.21961
0.031774
0
0
0
0
0
0
0
0
0
0
0
0.000154
7.8e-05
1
0.093307
1
1
0.213042
0.129504
0.092452
0.036162
0.200158
0.017279
0.083772
1
0.501038
0.248076
0.161848
0.112331
0.147165
0.014982
0.166506
0.030996
0.003262
0.204195
0.012346
0.007711
1
0.208576
0.33417
0.127577
0.083977
0.036949
0.003032
0
0.041985
0.387652
0.143264
0
0.011717
0.2503
0
0.021201
0.166967
0
0
0.009917
0.034409
0.046385
0.002575
0.33392
0
0
0.047784
0.022531
0.002044
0.031052
0
0.240795
0.200365
0.211226
0
0.028978
0.11361
0
0
0.084372
0.144429
0.00574
0.010732
0.063899
0.028439
0.251388
0.057075
0.291437
0.001022
0.001912
0.223885
0.002805
0.288841
0.033733
0.001041
0.012325
0
0
0
0
0
0
0
0
0
0
0
0
0
0
0
0
0
0
0
0
0.000245
5.5e-05
1.1e-05
5e-06
