3 4
3 5
3 6
3 9
3 10
3 12
3 56
3 116
4 3
4 15
4 34
4 49
4 53
5 4
5 3
5 19
5 26
5 40
6 3
6 8
6 21
6 23
6 25
6 48
6 55
7 6
8 6
8 21
8 48
8 55
9 3
9 12
9 68
10 3
10 11
10 13
10 16
10 24
10 27
10 35
10 45
11 10
11 28
11 43
12 3
12 9
12 14
12 25
12 56
13 10
13 24
13 27
13 32
14 12
14 37
14 54
14 57
15 4
16 10
16 14
16 13
16 18
16 46
16 47
17 20
17 31
18 16
18 46
19 5
19 10
19 30
20 17
21 6
21 8
21 23
21 33
23 8
23 6
23 21
23 33
23 48
23 55
24 13
24 10
24 11
24 28
25 10
25 6
25 12
25 31
25 36
25 52
26 5
27 10
27 13
27 35
28 10
28 24
28 27
28 11
28 45
29 5
29 38
29 50
30 19
31 23
31 17
31 6
31 25
31 39
31 42
32 13
32 10
32 24
32 11
33 23
33 25
33 21
33 46
34 4
34 41
34 44
34 51
35 10
35 27
36 25
37 14
38 29
38 50
39 31
40 5
41 34
41 44
41 51
42 31
42 67
43 13
43 11
43 24
44 34
44 41
44 51
45 10
45 13
45 28
46 16
46 18
46 33
47 16
48 6
48 23
48 8
49 4
49 58
50 29
50 38
51 34
51 44
51 41
52 25
53 4
53 58
54 14
54 37
54 116
55 8
55 6
55 23
56 3
56 12
56 9
57 37
57 14
58 4
58 53
58 49
60 59
61 62
62 61
62 63
62 64
62 65
63 62
64 62
64 63
64 65
65 62
65 64
66 64
67 23
67 42
68 9
68 35
68 11
69 90
70 71
70 74
70 89
70 92
71 70
71 75
71 78
71 86
71 110
72 69
72 83
72 85
72 103
72 105
73 70
73 91
74 70
75 71
75 78
75 98
76 105
76 114
77 79
77 88
78 75
78 71
78 86
78 95
78 98
78 110
79 77
79 80
79 82
79 84
79 112
80 79
80 108
81 71
81 102
81 109
81 113
82 79
83 72
84 79
84 112
85 72
85 101
85 103
86 71
86 78
86 106
87 70
87 93
87 100
87 107
88 77
88 93
88 96
88 111
89 70
90 69
91 73
92 70
92 89
93 88
93 87
93 97
93 99
93 104
94 87
94 81
94 75
95 78
95 71
95 75
95 98
96 88
97 93
98 78
98 95
98 75
98 110
99 93
100 87
100 107
101 72
101 83
101 85
102 81
102 109
103 85
103 72
104 93
104 74
105 72
105 76
106 86
107 87
107 100
108 79
108 80
109 81
109 102
110 78
110 71
110 98
111 88
112 80
112 79
112 84
112 108
113 81
113 102
114 76
116 3
116 10
116 54
116 117
116 118
116 119
117 116
118 116
119 116
119 118
121 4
121 16
121 122
122 121
