0
0
0
0.103173
1
0.007339
0.055035
0
0.009223
0.036428
0.11966
0.015251
0.120156
0.08916
0.09604
0.499998
1
0.013044
0.281425
0.001016
0.003338
0.012434
0
0.015071
0.025299
1
0.001209
0.033081
0.007019
0
0.000508
0.091375
0.01785
0.02492
0.091174
0.030549
0.333797
0.079641
0
0.022854
0.003654
0.019703
0.018521
0.00311
0.019547
0.024755
0.201844
0.50036
0.012554
0.174428
0
0.019709
0.500602
0.256791
0.213886
0.012475
0.043545
0.03225
0.082658
0
0
0
0
0
0
0
0
0.001353
0.005106
0.142303
0.009557
0.000735
1
0
0.043759
9.9e-05
0.031558
0.120159
7.3e-05
1
0.240405
0
0.250475
0.258815
0.28211
0.173386
0.000105
0.126892
0.092495
0.003883
0.071295
0
0.003221
1
0
1.1e-05
0.030699
0.251019
2.9e-05
0.50011
0.037891
0.043531
0
0.277308
0.166907
0.250872
4.9e-05
0.037883
0.104977
0
0.000143
0.046291
0.202055
0
0.015782
0
1
0.09085
0.312801
0.333349
0
0
0
