123
323
3 4 0.0588235
3 5 0.0714286
3 6 0.0454545
3 9 0.142857
3 10 0.0384615
3 12 0.1
3 56 0.2
3 116 0.0666667
4 3 0.0454545
4 15 0.5
4 34 0.0909091
4 49 0.166667
4 53 0.25
5 4 0.0588235
5 3 0.0454545
5 19 0.142857
5 26 0.166667
5 40 0.5
6 3 0.0454545
6 8 0.0909091
6 21 0.125
6 23 0.0769231
6 25 0.0555556
6 48 0.166667
6 55 0.166667
7 6 0.0454545
8 6 0.0454545
8 21 0.125
8 48 0.166667
8 55 0.166667
9 3 0.0454545
9 12 0.1
9 68 0.142857
10 3 0.0454545
10 11 0.0909091
10 13 0.0769231
10 16 0.0666667
10 24 0.111111
10 27 0.142857
10 35 0.2
10 45 0.2
11 10 0.0384615
11 28 0.111111
11 43 0.2
12 3 0.0454545
12 9 0.142857
12 14 0.0714286
12 25 0.0555556
12 56 0.2
13 10 0.0384615
13 24 0.111111
13 27 0.142857
13 32 0.2
14 12 0.1
14 37 0.25
14 54 0.2
14 57 0.333333
15 4 0.0588235
16 10 0.0384615
16 14 0.0714286
16 13 0.0769231
16 18 0.25
16 46 0.166667
16 47 0.5
17 20 0.25
17 31 0.0909091
18 16 0.0666667
18 46 0.166667
19 5 0.0714286
19 10 0.0384615
19 30 0.5
20 17 0.142857
21 6 0.0454545
21 8 0.0909091
21 23 0.0769231
21 33 0.111111
23 8 0.0909091
23 6 0.0454545
23 21 0.125
23 33 0.111111
23 48 0.166667
23 55 0.166667
24 13 0.0769231
24 10 0.0384615
24 11 0.0909091
24 28 0.111111
25 10 0.0384615
25 6 0.0454545
25 12 0.1
25 31 0.0909091
25 36 0.333333
25 52 0.5
26 5 0.0714286
27 10 0.0384615
27 13 0.0769231
27 35 0.2
28 10 0.0384615
28 24 0.111111
28 27 0.142857
28 11 0.0909091
28 45 0.2
29 5 0.0714286
29 38 0.25
29 50 0.25
30 19 0.142857
31 23 0.0769231
31 17 0.142857
31 6 0.0454545
31 25 0.0555556
31 39 0.25
31 42 0.2
32 13 0.0769231
32 10 0.0384615
32 24 0.111111
32 11 0.0909091
33 23 0.0769231
33 25 0.0555556
33 21 0.125
33 46 0.166667
34 4 0.0588235
34 41 0.166667
34 44 0.166667
34 51 0.166667
35 10 0.0384615
35 27 0.142857
36 25 0.0555556
37 14 0.0714286
38 29 0.2
38 50 0.25
39 31 0.0909091
40 5 0.0714286
41 34 0.0909091
41 44 0.166667
41 51 0.166667
42 31 0.0909091
42 67 0.0769231
43 13 0.0769231
43 11 0.0909091
43 24 0.111111
44 34 0.0909091
44 41 0.166667
44 51 0.166667
45 10 0.0384615
45 13 0.0769231
45 28 0.111111
46 16 0.0666667
46 18 0.25
46 33 0.111111
47 16 0.0666667
48 6 0.0454545
48 23 0.0769231
48 8 0.0909091
49 4 0.0588235
49 58 0.2
50 29 0.2
50 38 0.25
51 34 0.0909091
51 44 0.166667
51 41 0.166667
52 25 0.0555556
53 4 0.0588235
53 58 0.2
54 14 0.0714286
54 37 0.25
54 116 0.0666667
55 8 0.0909091
55 6 0.0454545
55 23 0.0769231
56 3 0.0454545
56 12 0.1
56 9 0.142857
57 37 0.25
57 14 0.0714286
58 4 0.0588235
58 53 0.25
58 49 0.166667
60 59 0.125
61 62 0.0833333
62 61 0.166667
62 63 0.333333
62 64 0.1
62 65 0.125
63 62 0.0833333
64 62 0.0833333
64 63 0.333333
64 65 0.125
65 62 0.0833333
65 64 0.1
66 64 0.1
67 23 0.0769231
67 42 0.2
68 9 0.142857
68 35 0.2
68 11 0.0909091
69 90 0.5
70 71 0.0769231
70 74 0.25
70 89 0.333333
70 92 0.333333
71 70 0.0555556
71 75 0.125
71 78 0.0833333
71 86 0.125
71 110 0.166667
72 69 0.142857
72 83 0.25
72 85 0.142857
72 103 0.25
72 105 0.25
73 70 0.0555556
73 91 0.25
74 70 0.0555556
75 71 0.0769231
75 78 0.0833333
75 98 0.125
76 105 0.25
76 114 0.5
77 79 0.0625
77 88 0.0833333
78 75 0.125
78 71 0.0769231
78 86 0.125
78 95 0.166667
78 98 0.125
78 110 0.166667
79 77 0.111111
79 80 0.2
79 82 0.25
79 84 0.25
79 112 0.166667
80 79 0.0625
80 108 0.25
81 71 0.0769231
81 102 0.2
81 109 0.25
81 113 0.333333
82 79 0.0625
83 72 0.0833333
84 79 0.0625
84 112 0.166667
85 72 0.0833333
85 101 0.25
85 103 0.25
86 71 0.0769231
86 78 0.0833333
86 106 0.5
87 70 0.0555556
87 93 0.0909091
87 100 0.25
87 107 0.25
88 77 0.111111
88 93 0.0909091
88 96 0.333333
88 111 0.5
89 70 0.0555556
90 69 0.142857
91 73 0.111111
92 70 0.0555556
92 89 0.333333
93 88 0.0833333
93 87 0.125
93 97 0.25
93 99 0.5
93 104 0.166667
94 87 0.125
94 81 0.0833333
94 75 0.125
95 78 0.0833333
95 71 0.0769231
95 75 0.125
95 98 0.125
96 88 0.0833333
97 93 0.0909091
98 78 0.0833333
98 95 0.166667
98 75 0.125
98 110 0.166667
99 93 0.0909091
100 87 0.125
100 107 0.25
101 72 0.0833333
101 83 0.25
101 85 0.142857
102 81 0.0833333
102 109 0.25
103 85 0.142857
103 72 0.0833333
104 93 0.0909091
104 74 0.25
105 72 0.0833333
105 76 0.125
106 86 0.125
107 87 0.125
107 100 0.25
108 79 0.0625
108 80 0.2
109 81 0.0833333
109 102 0.2
110 78 0.0833333
110 71 0.0769231
110 98 0.125
111 88 0.0833333
112 80 0.2
112 79 0.0625
112 84 0.25
112 108 0.25
113 81 0.0833333
113 102 0.2
114 76 0.125
116 3 0.0454545
116 10 0.0384615
116 54 0.2
116 117 0.0909091
116 118 0.25
116 119 0.333333
117 116 0.0666667
118 116 0.0666667
119 116 0.0666667
119 118 0.25
121 4 0.0588235
121 16 0.0666667
121 122 0.25
122 121 0.0833333
