0 2
0 4
0 7
0 8
0 17
1 15
1 41
2 0
2 3
2 5
2 9
2 12
2 13
3 2
3 6
3 9
4 0
4 6
4 12
4 13
4 16
4 25
4 34
5 2
6 4
6 3
6 8
6 14
6 24
7 0
8 6
8 0
8 40
9 2
9 3
9 19
10 11
10 27
10 39
11 10
11 22
11 35
12 4
12 2
12 31
13 4
13 2
13 21
13 30
14 6
14 15
14 33
15 1
15 14
15 28
16 4
17 0
17 7
17 20
17 23
17 32
17 35
17 37
18 5
19 9
20 17
21 13
21 38
22 11
22 10
22 27
23 17
23 26
24 6
25 4
26 23
27 10
27 22
27 36
28 15
29 20
29 17
29 26
29 12
29 5
30 13
30 21
30 38
31 12
32 17
33 14
34 4
35 17
35 11
35 29
36 27
37 17
38 30
38 13
38 21
39 10
40 8
41 1
43 44
43 45
43 46
43 47
43 48
43 49
43 51
43 52
44 43
44 48
44 50
45 43
46 43
46 47
46 52
47 43
47 46
48 43
48 44
49 43
49 52
50 44
51 43
52 49
52 43
52 46
53 54
53 56
53 59
53 60
53 63
53 73
53 83
53 91
53 103
53 122
54 53
54 55
54 80
54 91
55 54
55 74
55 75
55 97
56 53
56 57
56 58
56 63
56 65
56 89
56 95
56 96
56 105
57 56
57 58
57 89
57 95
57 96
57 105
57 113
58 56
58 57
58 64
58 67
58 82
58 102
59 54
59 58
59 53
59 56
59 71
59 98
60 53
60 61
60 66
60 84
60 103
61 60
61 69
61 87
61 104
62 68
62 69
62 72
62 78
62 94
62 112
63 53
63 56
63 95
63 108
64 58
64 67
65 56
65 101
66 60
66 61
66 95
66 119
67 58
67 64
68 62
68 72
68 78
68 112
68 118
69 61
69 62
69 70
69 77
69 79
69 81
69 100
69 107
70 69
70 117
71 59
71 98
71 102
72 62
72 68
72 94
73 53
73 122
74 55
74 54
74 91
75 74
75 55
75 85
75 90
75 92
75 97
76 54
77 69
77 79
77 81
77 100
78 62
78 68
78 86
78 111
78 115
79 69
79 77
79 81
79 100
80 54
81 69
81 77
81 79
82 58
82 67
82 64
83 53
83 122
84 60
85 75
85 93
86 78
86 111
86 115
87 61
87 65
87 88
88 87
88 65
88 117
89 57
89 56
89 96
89 99
90 75
91 53
91 54
91 74
91 116
92 75
92 85
93 85
94 72
94 62
94 114
94 118
95 63
95 56
95 57
95 66
95 106
96 56
96 89
96 57
96 99
96 113
97 55
97 75
98 59
98 71
98 102
99 56
99 89
99 57
99 96
100 77
100 69
100 79
100 107
101 65
102 98
102 58
102 71
102 109
103 102
103 60
103 53
103 101
104 61
105 56
105 57
105 120
106 95
106 83
106 73
106 110
107 69
107 79
107 100
108 63
108 116
109 102
110 106
111 78
111 86
112 68
112 62
112 72
113 56
113 96
113 57
114 112
114 68
114 62
114 94
115 78
115 86
116 91
116 110
116 106
116 108
116 63
117 88
117 70
118 68
118 94
118 72
119 66
120 113
120 57
120 105
121 103
122 53
122 73
122 83
123 127
125 126
126 125
127 123
