0.126954
0.000258
0.027199
0.016515
1
0.01498
0.103181
0.358626
0.037842
0.004712
0.004539
0.033505
0.149411
0.114192
0.017044
0.002176
0.500509
1
0
0.002345
0.34083
0.02649
0.006932
0.252542
0.051692
0.500067
0.093292
0.001819
0.000562
0.033317
0.019501
0.074765
0.5005
0.008604
0.500387
0.200426
0.000897
0.499785
0.006259
0.002308
0.018926
0.000139
0
1
0.153146
0.142773
0.229629
0.287782
0.275159
0.288005
0.076732
0.50037
0.228973
1
0.09736
0.100163
0.140448
1
0.095921
0.112328
0.122054
0.076394
0.05873
0.125241
0.01926
0.037067
0.034591
0.025666
0.007771
1
0.250666
0.026628
0.010212
0.234337
0.149814
1
0
0.180245
0.006563
0.181314
0.049171
0.209631
0.023965
0.150199
0.060827
0.145648
0.001525
0.017656
0.015604
0.156234
0.501325
0.150182
0.334138
0.048674
0.008609
0.124814
0.142444
0.214842
0.026438
0.047666
0.182069
0.061428
0.032374
0.156517
0.038177
0.185618
0.022384
0.22535
0.036159
0.016237
0.015143
0.001895
0.011047
0.190588
0.00169
0.001891
0.025669
0.063816
0.003095
0.017277
0.046383
0
0.213052
0
0
0
0
0
0
