0 1
0 2
0 3
0 7
0 14
0 17
0 27
0 37
0 45
0 48
0 76
0 102
0 141
0 168
1 0
1 3
1 5
1 32
1 43
1 115
1 162
2 0
2 4
2 9
2 17
2 38
2 47
2 51
3 0
3 2
3 1
3 6
3 12
3 18
3 19
3 24
3 33
3 63
3 86
3 108
3 139
3 186
3 192
3 194
4 0
4 2
4 11
4 110
5 1
5 32
6 3
6 10
6 19
6 44
6 83
6 108
7 0
7 8
7 16
7 22
7 23
7 28
7 99
7 156
7 183
8 7
8 9
8 30
8 57
8 61
8 78
8 164
9 2
9 8
9 20
9 80
10 6
10 36
10 64
10 67
10 75
10 77
10 126
11 4
11 7
11 21
11 48
11 65
12 3
12 13
12 15
12 33
12 39
12 98
12 123
12 124
12 145
13 12
13 15
13 98
13 123
13 124
13 145
13 160
14 3
14 0
14 19
14 37
14 117
15 12
15 13
15 35
15 42
15 85
15 134
16 7
16 156
17 0
17 2
17 25
17 74
17 87
17 92
17 125
17 144
17 191
18 6
18 15
18 3
18 12
18 56
18 127
19 14
19 6
19 3
19 34
20 9
20 40
20 71
20 100
20 110
21 11
22 7
22 23
22 28
22 40
22 53
22 59
22 72
22 121
22 122
22 137
22 177
23 22
23 20
23 7
23 66
23 155
24 3
24 26
24 41
24 91
24 139
25 17
25 29
25 74
25 87
25 90
25 191
26 11
26 24
26 7
26 0
26 54
26 96
26 140
26 150
27 0
28 7
28 22
28 50
28 54
28 58
28 73
28 118
28 159
29 25
29 17
29 31
29 38
29 44
29 104
29 143
29 186
30 8
30 78
30 155
31 29
31 143
32 1
32 5
32 115
32 162
33 3
33 12
33 123
33 152
34 19
35 15
35 42
35 75
36 10
36 19
36 46
36 64
36 103
37 0
37 14
37 29
37 45
37 52
38 2
38 29
38 62
38 100
38 135
38 136
39 12
39 133
40 22
40 20
40 9
40 150
41 24
41 26
41 123
41 184
42 15
42 35
43 1
43 32
43 49
43 100
43 115
44 6
44 29
44 19
44 77
44 81
44 101
44 104
44 116
44 129
45 0
45 27
45 37
45 109
46 36
46 60
46 69
46 82
46 161
46 163
47 2
47 51
47 175
48 0
48 11
48 114
48 162
49 43
49 95
49 115
50 28
50 58
50 73
50 159
50 182
51 2
51 47
51 38
51 180
52 37
53 22
54 26
54 28
54 55
54 70
54 79
54 84
54 131
54 149
55 54
55 179
56 18
56 127
56 134
57 8
58 28
58 50
58 118
59 22
60 46
60 88
60 93
60 189
61 8
61 78
62 38
63 3
63 194
64 36
64 10
64 6
64 108
65 26
65 11
65 0
65 196
66 23
67 64
67 10
67 93
67 105
67 112
67 126
68 6
69 46
70 54
70 79
70 84
70 131
71 20
72 22
72 121
73 28
73 50
73 94
73 158
73 167
74 17
74 25
74 51
74 75
74 101
74 107
75 10
75 74
75 44
75 35
75 169
76 0
76 168
77 10
77 44
77 101
78 30
78 61
78 8
79 54
79 70
79 84
79 131
80 9
81 44
82 46
82 89
82 111
82 151
82 181
83 6
84 54
84 70
84 79
85 15
85 42
85 35
86 3
86 192
86 194
87 17
87 25
87 119
87 144
87 191
88 60
89 82
89 111
89 181
90 25
90 17
90 92
90 102
90 144
90 191
91 24
92 17
92 90
92 116
93 67
93 60
93 113
93 151
94 73
94 158
94 167
95 49
95 43
95 32
95 188
96 26
96 39
96 97
97 96
97 39
97 179
98 13
98 12
98 124
98 130
99 7
100 20
100 38
100 43
101 74
101 77
101 44
101 176
102 90
102 17
102 0
102 172
103 36
104 44
104 74
104 29
104 120
104 132
104 173
104 197
105 67
106 36
106 33
106 88
106 138
107 74
108 3
108 6
108 64
108 170
109 45
109 4
109 2
109 1
110 4
110 20
111 82
111 89
111 151
112 67
112 93
113 93
113 88
114 48
115 32
115 1
115 43
115 49
115 192
116 92
116 44
116 29
117 14
117 102
117 187
118 58
118 28
118 165
118 182
119 87
119 25
120 104
120 132
120 142
120 197
121 53
121 22
121 72
121 122
121 137
121 177
122 22
122 121
122 137
122 150
123 33
123 12
123 13
123 41
123 148
124 12
124 98
124 13
124 130
124 160
125 90
125 17
125 119
126 10
126 67
127 18
127 56
127 134
128 38
128 71
128 20
128 146
128 147
128 166
129 44
130 12
130 98
130 13
130 124
131 70
131 54
131 79
131 149
132 104
132 120
132 173
133 39
134 127
134 15
134 56
134 154
135 38
135 136
136 38
136 135
137 22
137 121
137 122
138 114
138 106
139 134
139 24
139 3
139 133
140 26
141 0
142 120
142 132
142 104
143 29
143 31
143 186
144 17
144 87
144 90
145 12
145 13
145 190
146 128
146 147
146 166
147 146
147 128
147 153
147 166
148 123
148 86
148 63
148 157
149 54
149 79
149 131
150 48
150 122
150 65
150 26
150 40
150 195
151 93
151 126
151 82
151 111
151 67
152 33
152 170
153 128
153 146
153 147
154 134
155 23
155 30
155 178
156 16
156 7
157 148
158 73
158 94
159 50
159 28
159 58
160 12
160 124
160 13
161 46
161 151
161 67
161 185
162 5
162 48
162 32
162 1
163 46
164 8
165 159
165 50
165 28
165 118
166 147
166 128
166 146
167 73
167 94
168 0
168 76
169 75
170 108
170 157
170 148
170 152
170 33
171 44
172 102
173 104
173 132
174 7
174 76
174 0
175 2
175 47
176 101
177 121
177 22
178 155
179 97
179 55
180 51
181 89
181 77
181 111
181 82
182 50
182 118
182 58
183 156
183 7
184 41
185 161
186 86
186 143
186 29
186 3
187 117
188 95
189 88
189 60
190 160
190 13
190 145
191 25
191 87
191 90
191 17
192 86
192 115
192 3
193 139
194 3
194 63
194 86
195 150
196 65
197 142
197 132
197 104
197 120
