1
0.135544
0.22457
1
0.04713
0.038226
0.171987
0.189864
1
0.137843
0.12461
0.116846
0.061185
0.007854
0.145443
0.015625
0.056406
1
0.112451
0.225155
0.049363
0.058592
1
0.133103
0.203632
0.125079
1
0.368889
0.072076
0.150747
0.197375
0.048552
0.027037
0.108742
0.112793
0.006686
0.125057
0.138935
1
0.057488
0.161133
0.031363
0.004848
0.034156
1
0.157815
1
0.043537
0.137642
0.011697
0.009369
0.045901
0.069584
0.36831
0.067397
0.019336
0.025195
0.499703
0.012656
0.500603
0.142336
0.231089
0.500769
0.232578
0.165784
0.034396
0.066589
1
0
0.500476
0.012173
0.016298
0.276698
0.00811
0.111067
0.026432
0.240844
0.176622
0.217694
0.012207
0.068963
0.499473
0.105143
0.085661
0.014204
0.003876
0.183309
0.144701
0.045873
0.0234
0.08265
0.101998
0.198741
0.159912
0.00192
0.001895
0.201316
0.040993
0.009313
0.095343
0.174302
0.154664
0.137586
0.062715
0.082149
0.500765
0
0.05531
0.160334
0.031466
0.023466
0.02599
0.333488
0.053749
0.045761
0.037608
0.191154
0.029472
0.010631
0.095397
0.013661
0.158767
0.172889
0.020706
0.007819
0.251021
0.226008
0.025242
0
0.500447
0.002768
0.012202
0.015802
0.070744
0.024501
0.298384
0.297712
0.207385
0
0.166623
0.500204
0.50027
0.0056
0.055289
0.194372
0.011207
0
0
0.007712
0.015338
0.128817
0.048639
0.032634
0
0.01227
0.053529
0.055356
0.010742
0.002403
0.013348
0.003032
0.16696
0.04101
0.499954
0.500682
0.002096
0
0.002304
0.288241
0.013187
0.02655
0
0.069408
0.023179
0
0.014581
0.077644
0.276264
0.026693
0.014226
0.022974
0.020405
0.003901
0.063301
0.015698
0.083967
0.162711
0.014764
0.000949
0.047336
0.002836
0.159994
0.193002
0
0.216964
0.064472
0.017407
0.015116
