0 1
0 3
0 4
0 8
0 9
0 13
0 23
0 29
0 53
0 149
1 0
1 2
1 6
1 15
1 19
1 33
1 37
1 75
2 1
2 5
2 14
2 21
2 100
2 157
3 0
3 12
3 17
3 56
3 61
3 82
3 136
4 0
4 3
4 7
4 10
4 13
4 22
4 30
4 35
4 45
4 70
4 96
4 126
4 168
5 2
5 11
5 24
6 1
6 49
6 63
6 133
6 188
7 4
7 20
7 110
7 194
7 197
8 0
8 25
9 0
9 23
9 142
9 153
10 4
10 35
10 70
10 72
10 95
11 5
11 15
11 21
11 85
12 3
12 16
12 28
12 50
12 88
13 4
13 0
13 27
13 39
13 47
14 2
14 26
14 30
14 79
14 100
14 120
15 11
15 1
15 18
15 33
15 66
15 85
15 163
16 12
16 32
16 36
16 92
16 131
16 193
17 10
17 3
17 61
17 105
18 15
18 33
18 41
18 71
18 78
18 164
18 180
19 1
19 75
20 7
20 49
20 111
20 114
20 170
21 2
21 5
21 11
21 42
22 4
22 59
22 69
22 116
22 121
22 122
22 152
22 178
23 9
23 0
23 25
23 27
23 156
23 175
24 5
24 31
24 34
24 67
24 89
24 97
25 8
25 23
26 14
26 75
26 80
26 84
26 139
26 145
27 13
27 23
27 35
27 39
27 45
27 81
28 12
28 50
28 77
29 0
29 170
30 4
30 14
30 38
30 43
30 46
30 59
30 60
30 138
30 143
31 24
31 89
32 16
32 36
32 131
33 1
33 19
33 18
33 15
33 54
33 55
33 58
33 106
33 135
33 160
33 165
34 24
34 40
34 112
35 10
35 4
35 27
35 81
35 86
35 140
35 147
36 16
36 32
36 125
36 131
37 1
37 19
37 40
37 52
37 83
38 30
38 35
38 26
38 64
39 13
39 27
39 51
40 37
40 34
40 73
40 87
41 18
41 58
41 78
41 141
41 180
42 21
42 57
42 67
42 196
43 30
43 44
43 60
43 143
44 35
44 30
44 26
44 43
44 48
44 72
44 91
44 172
44 187
45 35
45 4
45 27
45 152
45 167
45 184
46 30
46 2
46 85
46 117
46 186
47 13
47 195
48 41
48 44
48 20
48 63
48 100
48 114
48 144
48 176
49 22
49 20
49 6
49 99
49 159
50 12
50 28
51 39
51 114
51 170
52 37
52 19
52 68
52 100
53 0
53 90
53 134
53 173
54 33
54 55
54 135
55 54
55 33
55 28
55 88
55 123
55 152
55 179
56 3
56 77
56 94
56 127
56 185
56 191
57 42
57 139
58 41
58 33
58 18
58 65
58 103
58 132
58 183
59 22
59 30
59 107
59 120
59 161
60 30
60 43
61 17
61 41
61 3
61 74
61 88
61 98
62 42
63 48
63 6
63 104
63 137
63 158
64 38
65 58
65 103
66 15
66 163
67 24
67 42
67 150
68 52
69 22
69 116
69 122
69 178
70 4
70 46
70 10
70 47
70 76
70 96
70 115
71 18
71 141
72 44
72 4
72 10
73 40
73 57
73 130
74 61
74 98
75 1
75 6
75 26
75 24
75 19
76 70
77 28
77 56
78 18
78 41
79 14
79 87
79 139
79 157
80 26
80 84
81 3
81 35
81 27
81 93
82 3
82 101
83 37
84 80
84 26
84 145
85 46
85 11
85 15
85 110
85 113
85 166
85 169
86 35
87 79
87 40
87 190
88 12
88 61
88 55
88 146
88 151
89 31
89 24
89 97
90 53
91 44
91 187
92 17
92 16
92 109
92 192
93 81
93 95
94 56
94 171
94 181
95 10
95 93
96 70
96 4
96 81
96 108
97 89
97 24
98 61
98 74
99 49
99 118
100 2
100 52
100 14
100 48
101 36
101 3
101 16
101 82
102 15
103 58
103 65
103 132
103 177
104 63
104 137
105 17
106 33
106 160
107 59
108 96
108 88
108 81
109 92
109 124
109 192
110 85
110 7
110 119
111 20
111 174
112 34
113 85
113 169
114 48
114 51
114 20
114 194
115 70
116 22
116 69
117 46
118 49
118 99
119 110
120 59
120 14
120 87
121 35
121 22
121 128
121 129
122 22
122 69
123 55
123 179
124 45
124 96
124 109
124 92
124 7
124 167
125 36
125 32
125 155
126 4
127 56
128 121
129 121
130 73
131 36
131 16
131 32
132 103
132 58
132 177
133 6
133 188
134 90
134 53
134 173
135 54
135 33
135 165
136 3
137 104
137 63
138 30
138 43
139 26
139 57
139 73
139 79
140 35
141 18
141 71
141 41
141 180
142 9
143 30
143 43
144 48
145 26
145 80
145 84
146 88
147 35
147 140
148 25
148 8
149 0
150 67
150 162
151 88
152 55
152 45
152 22
152 99
153 9
153 142
154 0
155 125
155 191
156 23
156 175
156 182
157 2
157 62
157 79
158 137
158 63
159 49
159 99
160 33
160 106
161 107
161 59
162 150
163 15
163 66
164 31
164 24
164 89
164 78
164 18
165 33
165 135
166 113
166 85
167 45
167 124
168 4
169 85
169 113
170 51
170 29
170 20
171 94
172 44
173 53
173 134
174 111
174 20
175 23
175 156
176 48
177 103
177 65
177 132
178 69
178 22
178 122
179 55
179 123
180 18
180 141
180 41
181 171
181 94
182 156
182 23
183 58
183 103
183 65
183 177
184 45
185 56
185 127
186 46
186 117
187 91
187 44
188 6
188 133
189 25
190 87
191 185
191 56
191 155
192 92
192 109
193 36
193 32
193 16
194 7
194 114
195 47
196 42
197 7
