1
0.140558
0.046919
0.179417
1
0.030055
0.027118
0.115716
0.203242
0.134495
0.128554
0.141803
0.122938
0.196326
0.106246
0.131846
0.010288
0.035545
0.083849
0.14726
0.106227
0.026638
1
0.091139
0.007
0.047705
0.09269
0.04395
0.078336
0.254157
1
0.004601
0.003527
1
0.001691
0.137571
0.003598
0.017979
0.167404
0.044339
0.004028
0.105764
0.004184
0.282312
1
0.099195
0.20032
0.058783
1
0.017155
0.047185
0.038891
0.022274
0.126322
0.21536
0.170943
1
0.004484
0.078365
0.193885
0.299446
0.106668
0.006252
0.102972
0.083743
0.017301
0.039679
0.001834
0.011205
0.198783
0.102509
0.025364
0.219781
0.003139
0.031788
0.046297
0.051482
0.258768
0.039112
0.017036
0.024618
0.039239
0.044944
0.00895
0.020946
1
0.068838
0.011058
1
0.003662
0.049119
0.297944
0.00172
0.017417
0.167157
0.034408
0.13629
0.00249
0.031976
0.031694
0.140421
0.009075
0
0.013409
0.030788
0.017816
0.298381
0.079386
0.033928
0.000867
0.180837
0.026594
0.000838
0.291536
0.140685
0.051404
0.283332
0.08171
0.010662
0.090343
0.05856
0.142692
0.262498
0.050774
0.003124
0.010626
0.500462
0.396403
0.071051
0.071422
0.001589
0.002691
0.015112
0.007991
0.030286
0.226052
0.089706
0.029968
0.333133
0.015613
0.055955
0.021552
0.055069
0.30094
0.501487
0.021582
0.500936
0.045823
0
0.500715
0.000439
0.500453
0.17345
0.044806
0
0.05016
0.018355
0.012582
0.034404
0.005841
0.298961
0.064992
0.000219
0.039261
0.013951
0.286853
0.3343
0.024584
0.500749
0.298453
0.062415
0.0681
0.500211
0.036569
0.008957
0.025745
0.500426
0.006748
0.228996
0.051279
0.033085
0.055786
0.006109
0.015705
0.049911
0.288414
0.06685
0.297689
0.008077
0
0.005492
0.201175
0.000616
0.002645
0.061769
0.029323
0.002108
0.057894
