51 33
52 33
52 36
33 36
33 37
33 41
33 42
33 43
33 51
33 52
53 42
0 4
0 8
0 15
1 2
1 3
1 11
1 13
1 22
2 1
2 5
2 7
2 9
2 17
2 28
3 1
3 10
3 20
54 48
54 58
4 0
4 6
4 16
4 21
34 35
34 38
34 44
55 56
35 34
35 40
20 3
20 25
20 27
21 4
22 1
22 14
22 17
22 30
5 2
5 6
5 26
36 33
36 39
36 52
6 4
6 5
6 12
6 29
37 33
37 44
37 45
37 50
38 37
38 34
38 47
38 59
39 33
39 36
39 48
39 56
39 57
7 2
23 10
40 35
40 46
56 55
56 39
41 33
41 42
41 49
57 39
58 54
59 38
8 0
8 15
60 44
9 2
9 14
9 17
9 18
10 3
10 23
25 20
25 27
26 5
26 28
27 20
27 25
42 33
42 41
42 53
11 1
11 19
28 17
28 2
28 26
43 33
44 37
44 34
44 60
29 6
29 12
30 22
45 37
45 50
12 6
12 29
31 16
46 40
47 41
47 38
13 1
14 9
14 22
48 39
48 54
15 8
15 0
15 16
16 4
16 15
16 31
49 41
17 2
17 9
17 22
17 28
50 45
50 37
18 9
19 11
19 10
