61
142
51 33 0.0454545
52 33 0.0454545
52 36 0.142857
33 36 0.142857
33 37 0.111111
33 41 0.0909091
33 42 0.166667
33 43 0.5
33 51 0.5
33 52 0.25
53 42 0.166667
0 4 0.0833333
0 8 0.25
0 15 0.166667
1 2 0.0714286
1 3 0.0909091
1 11 0.25
1 13 0.5
1 22 0.125
2 1 0.0625
2 5 0.166667
2 7 0.5
2 9 0.0666667
2 17 0.125
2 28 0.142857
3 1 0.0625
3 10 0.142857
3 20 0.125
54 48 0.25
54 58 0.5
4 0 0.1
4 6 0.1
4 16 0.166667
4 21 0.5
34 35 0.25
34 38 0.0833333
34 44 0.166667
55 56 0.25
35 34 0.0769231
35 40 0.2
20 3 0.0909091
20 25 0.25
20 27 0.25
21 4 0.0833333
22 1 0.0625
22 14 0.25
22 17 0.125
22 30 0.5
5 2 0.0714286
5 6 0.1
5 26 0.25
36 33 0.0454545
36 39 0.1
36 52 0.25
6 4 0.0833333
6 5 0.166667
6 12 0.25
6 29 0.25
37 33 0.0454545
37 44 0.166667
37 45 0.25
37 50 0.25
38 37 0.111111
38 34 0.0769231
38 47 0.333333
38 59 0.5
39 33 0.0454545
39 36 0.142857
39 48 0.25
39 56 0.25
39 57 0.5
7 2 0.0714286
23 10 0.142857
40 35 0.25
40 46 0.5
56 55 0.2
56 39 0.1
41 33 0.0454545
41 42 0.166667
41 49 0.5
57 39 0.1
58 54 0.25
59 38 0.0833333
8 0 0.1
8 15 0.166667
60 44 0.166667
9 2 0.0714286
9 14 0.25
9 17 0.125
9 18 0.5
10 3 0.0909091
10 23 0.5
25 20 0.125
25 27 0.25
26 5 0.166667
26 28 0.142857
27 20 0.125
27 25 0.25
42 33 0.0454545
42 41 0.0909091
42 53 0.5
11 1 0.0625
11 19 0.333333
28 17 0.125
28 2 0.0714286
28 26 0.25
43 33 0.0454545
44 37 0.111111
44 34 0.0769231
44 60 0.5
29 6 0.1
29 12 0.25
30 22 0.125
45 37 0.111111
45 50 0.25
12 6 0.1
12 29 0.25
31 16 0.166667
46 40 0.2
47 41 0.0909091
47 38 0.0833333
13 1 0.0625
14 9 0.0666667
14 22 0.125
48 39 0.1
48 54 0.25
15 8 0.25
15 0 0.1
15 16 0.166667
16 4 0.0833333
16 15 0.166667
16 31 0.5
49 41 0.0909091
17 2 0.0714286
17 9 0.0666667
17 22 0.125
17 28 0.142857
50 45 0.25
50 37 0.111111
18 9 0.0666667
19 11 0.25
19 10 0.142857
