1 2
2 1
2 3
3 2
3 4
3 7
3 64
3 76
3 86
4 3
4 5
4 8
4 17
4 18
4 38
4 41
4 63
5 4
5 6
5 42
5 54
6 5
6 9
6 10
6 11
6 28
6 31
6 33
6 65
6 67
7 3
7 30
7 61
8 4
8 12
8 13
8 75
9 6
9 10
9 79
10 9
10 6
11 6
11 15
11 16
11 23
11 29
11 32
11 45
11 81
11 87
11 107
12 8
12 14
12 25
12 71
13 8
14 12
14 25
14 37
14 71
15 11
15 21
15 26
15 37
15 51
16 11
16 19
16 22
16 45
16 52
17 11
17 4
17 34
17 40
17 43
17 49
18 4
18 63
19 16
19 44
20 78
20 97
21 15
21 24
21 56
21 124
22 16
22 52
23 11
23 29
24 21
24 56
25 12
25 14
25 96
26 15
27 36
27 58
27 90
27 106
28 6
28 53
28 67
29 11
29 23
30 7
30 62
31 6
32 11
32 81
32 87
33 6
34 17
35 6
35 17
35 59
35 70
35 104
36 27
36 18
36 39
36 68
37 15
37 12
37 14
37 48
37 74
37 103
38 4
38 13
38 8
38 50
38 88
39 36
40 17
41 4
42 5
43 40
43 17
44 19
44 82
44 83
45 4
45 32
45 16
45 11
45 121
46 7
46 30
46 47
47 46
47 86
48 37
48 103
48 107
49 17
49 40
49 34
49 124
49 250
50 38
51 15
51 26
52 16
52 22
53 28
53 6
53 77
53 89
53 100
54 5
55 8
55 112
56 21
56 24
56 102
57 61
57 66
57 86
58 27
58 19
59 35
59 60
59 72
59 92
60 59
60 92
61 57
61 7
62 7
62 30
62 102
63 18
63 4
64 3
64 25
65 6
65 28
66 57
67 28
67 6
67 73
68 36
70 35
71 12
71 14
72 60
72 59
72 92
73 67
73 91
73 93
74 37
75 8
76 3
77 53
77 6
77 98
77 99
77 105
78 20
78 93
78 97
79 9
81 32
81 11
81 107
82 44
82 85
83 44
83 94
83 101
83 112
84 27
85 82
86 57
86 3
86 47
87 81
87 32
87 11
88 38
89 53
90 27
91 67
91 73
92 59
92 72
92 60
93 78
93 67
93 73
93 105
94 83
94 101
94 106
96 25
97 78
97 20
98 77
99 77
100 53
100 107
101 83
101 94
102 21
102 62
102 56
103 48
103 37
104 35
104 70
105 93
105 77
106 27
106 94
107 11
107 48
107 100
107 81
107 111
108 109
109 108
111 107
112 83
112 55
112 101
112 113
113 112
114 116
115 117
115 118
115 124
116 114
117 115
117 118
118 115
118 117
118 119
118 120
119 118
120 118
121 81
121 5
121 45
121 122
121 123
122 121
123 121
124 21
124 42
124 49
124 102
124 115
124 130
124 148
124 165
124 179
124 208
125 126
125 128
125 129
125 135
125 138
125 142
125 144
125 160
125 183
125 202
125 213
125 224
126 125
126 127
126 132
126 139
126 141
126 166
126 167
126 219
126 222
127 126
127 223
128 125
129 125
129 133
129 145
129 213
130 124
130 140
130 148
130 229
130 230
131 193
131 240
132 126
132 184
132 210
133 129
133 154
133 236
134 131
134 136
134 152
134 153
134 163
134 196
135 125
135 137
135 187
135 212
136 134
136 152
136 153
136 196
137 135
138 125
138 126
138 169
138 190
138 194
138 195
138 203
139 126
139 227
140 130
140 149
140 206
140 218
140 232
140 238
141 126
141 148
141 159
141 161
141 177
141 197
141 244
142 125
143 150
143 152
143 157
144 128
144 125
144 142
144 213
144 224
145 129
146 138
146 169
146 194
146 195
146 214
146 216
147 138
148 130
148 124
148 141
148 185
148 205
149 140
150 143
151 131
151 201
152 134
152 143
152 136
152 164
152 186
152 188
152 191
152 215
153 136
153 134
153 237
154 133
155 139
155 156
155 171
155 189
155 192
156 155
156 171
157 143
157 150
158 155
159 141
159 139
159 171
159 181
159 220
160 126
160 144
160 125
160 204
160 209
161 141
162 198
163 134
163 136
163 153
163 196
163 233
163 237
164 152
165 124
166 126
166 222
167 126
168 130
169 138
169 146
170 172
170 176
170 211
170 214
170 251
171 159
171 155
171 156
171 173
171 174
171 178
171 199
171 244
172 170
172 175
172 176
172 211
172 251
173 171
173 208
174 171
174 182
174 208
175 172
175 170
175 176
176 170
176 175
176 172
176 234
177 141
178 171
178 174
179 124
180 162
181 159
181 220
182 171
182 174
182 173
182 199
183 125
183 144
183 224
184 132
185 148
185 174
186 152
186 188
187 135
187 228
188 164
188 152
188 186
188 191
189 155
190 138
190 207
191 164
191 152
191 186
191 188
191 215
192 155
193 131
194 138
194 146
195 138
195 146
195 214
196 134
196 136
196 163
196 237
197 141
197 161
198 157
198 143
198 162
199 182
199 171
199 174
200 180
200 187
200 137
201 151
201 140
201 131
201 193
202 125
202 144
203 194
203 146
203 138
204 160
204 209
205 148
206 149
206 140
206 218
207 147
207 138
207 146
207 190
208 124
208 174
208 173
209 160
209 204
210 132
210 184
211 172
211 170
211 175
212 135
212 217
213 125
213 129
213 144
214 197
214 195
214 146
214 170
215 191
215 152
215 175
215 221
215 231
215 239
216 146
216 194
216 169
217 212
218 149
218 140
218 206
219 126
220 181
220 159
221 215
221 143
221 176
221 225
222 126
222 166
222 219
223 127
224 125
224 144
224 183
225 221
226 185
227 139
228 187
229 130
230 130
231 215
232 140
232 149
233 153
233 163
233 134
234 176
236 133
236 154
237 233
237 134
237 196
237 163
237 153
238 140
238 149
239 215
240 131
240 151
240 193
241 162
241 200
242 6
242 16
242 243
243 242
244 141
244 124
244 171
244 78
244 245
245 244
246 249
247 248
248 247
249 246
250 65
250 211
250 49
251 172
251 170
251 252
252 251
254 253
255 256
256 255
