0
0.062935
0.251099
1
0.103936
0.237665
1
0.115979
0.10961
0.09947
0.21494
1
0.127091
0.268199
0.130135
0.136462
0.093627
0.021013
0.043412
0.06733
0.001964
0.12812
0.027245
0.298014
0.04141
0.069135
0.055608
1
0.187533
0.297911
0.02988
0.500277
0.221208
0.500236
0.046829
0
0.14259
1
1
0.071658
0.0366
0.026179
0.236226
0.006957
0.005601
0.198503
0.007074
0.035866
0.163758
0.126815
0.499831
0.045704
0.022225
0.019289
0.118535
7.4e-05
0.048137
0.019913
0.250544
0
0
0.018895
0.0336
0.02809
0.251047
0.253886
0.009967
0.128485
0.03565
0
0
0.061132
0
0.021818
0.50093
0.054504
0.500347
0.001837
0.009852
0.049948
0
0.282736
0.001375
0.005528
0
0.000683
0.143265
0.231469
0.500903
0.009632
0.501196
0.007219
0
0.003482
0.04205
0
0.03436
0.002717
0.000916
0.000463
0.030872
0.009195
0.145713
0.275999
0
0.001314
0.249953
0.107365
0
0
0
0.053934
0.000445
0.00011
0
0.100962
0
0.02732
0.012325
0.004105
0.006184
1
0.500784
0.500098
1
1
1
0.251219
0.229085
0.084895
0.15328
0.000474
0.125789
0.008571
0.004247
0.111392
0.006684
0.028098
0.056247
0.196778
1
0.074067
0.372265
0.022734
0.173966
0.042669
0.003779
0.000691
0.091942
0.242774
0.008779
2.6e-05
0.061363
0.001493
0.001623
0.103366
0.267153
0.005664
0
0.118807
0.111594
0.022284
0
0.000571
0.035939
0.499535
0.288191
0.500027
0
0.011926
0.014898
1
0.018767
0.24061
0.187474
0.144554
0.029948
0.037096
0.333712
0.498789
0
0.035348
0.063038
0.23157
0.05125
0.02306
0.041893
0.015641
0.031514
0.05176
0.014067
0.132644
0.051838
0.000135
0.011721
0.010234
0.001459
0.019319
0
0.204522
0
6e-06
0.333943
0.014082
0.03318
0.046009
0.233502
0.002779
0.218799
0.03305
0.041725
0.007433
0.018736
0.199485
0.003231
1
0.000969
0.009454
0.233264
0.387552
0.035235
0.166647
0.241002
0.125403
0.215375
0.083341
0
0.098882
0.00784
0.076729
0.076661
0.500486
0.33332
0.000207
0.014838
0
0.001414
0.000423
0.333853
0.500659
0.000106
0
0
0
0.076725
0.015583
0
0
0
0
0.012995
0.002518
0.000646
0
0
0
0
