0 1
0 2
0 3
0 4
0 15
0 21
0 33
0 59
0 63
0 92
0 133
0 183
0 199
0 202
1 0
1 9
1 16
1 103
1 107
1 159
2 0
2 5
2 19
2 33
2 71
2 88
3 0
3 1
3 5
3 6
3 7
3 10
3 14
3 30
3 197
4 0
4 133
4 154
4 183
5 3
5 2
5 13
5 117
6 3
6 9
6 20
6 27
6 51
6 53
6 78
6 83
6 94
6 144
6 172
7 3
7 8
7 11
7 93
7 101
7 114
8 5
8 7
8 12
8 206
9 1
9 6
9 11
9 17
9 20
9 26
9 36
9 56
9 66
9 84
9 94
9 128
9 171
9 198
9 200
10 3
10 28
10 40
10 65
10 76
10 115
10 163
10 170
11 7
11 9
11 1
11 24
11 55
11 90
11 98
11 135
12 8
12 29
12 78
12 114
13 5
13 117
14 3
14 30
14 44
14 61
14 89
14 122
14 197
15 0
15 21
15 23
15 77
15 105
15 140
15 164
16 1
16 17
16 18
17 16
17 9
17 31
17 41
17 42
17 43
17 149
18 16
18 209
19 2
19 46
19 48
19 96
19 206
20 9
20 10
20 6
20 23
20 37
20 52
20 60
20 130
20 150
20 179
21 15
21 0
21 32
21 113
21 158
22 20
22 25
22 35
22 81
22 103
22 185
23 15
23 20
23 52
23 124
23 173
23 193
24 11
24 110
24 188
25 22
25 127
26 9
26 49
26 161
26 178
27 6
28 10
28 40
28 65
28 75
28 76
28 163
28 170
29 12
29 62
29 78
29 114
30 3
30 14
30 89
31 17
31 34
31 74
31 160
31 190
32 21
32 45
32 57
32 99
32 173
33 2
33 0
33 47
33 59
33 127
33 145
34 31
34 38
34 82
34 151
35 6
35 24
35 22
35 64
35 72
35 143
35 156
36 9
36 69
36 108
36 118
37 20
37 76
38 34
38 82
39 34
40 10
40 28
40 65
40 115
41 36
41 39
41 17
41 31
41 111
41 187
42 17
42 41
42 38
42 50
42 87
43 31
43 17
43 155
44 14
44 3
44 30
44 89
44 122
45 21
45 32
45 57
45 99
46 19
47 33
47 59
47 145
48 45
48 12
48 19
48 58
48 62
48 96
48 102
48 158
49 26
49 61
49 95
49 106
49 166
50 34
50 42
50 54
50 68
50 131
50 208
51 6
51 53
51 83
52 20
52 37
52 23
52 83
53 6
53 51
53 94
53 144
54 50
55 11
55 35
55 7
55 90
55 176
56 9
56 85
56 97
56 128
56 198
57 45
57 25
57 32
58 48
59 33
59 0
59 47
60 20
60 37
61 14
61 30
61 49
61 44
61 80
61 116
61 126
62 29
62 48
62 12
62 67
62 169
62 175
63 0
63 92
63 124
63 154
64 35
64 24
64 70
64 120
64 141
64 191
64 192
65 10
65 40
65 28
65 163
66 9
66 56
66 84
66 97
66 200
67 62
67 73
67 112
68 54
68 50
68 82
69 36
70 64
70 192
71 2
72 35
72 24
72 136
73 67
73 112
73 137
74 31
74 100
74 155
75 10
75 65
75 28
75 76
75 115
76 28
76 10
76 37
76 75
76 119
76 123
77 15
77 164
78 6
78 29
78 12
78 104
79 57
80 61
80 116
80 126
81 35
81 22
82 38
82 34
82 68
82 86
82 147
83 53
83 51
83 6
83 52
83 85
83 196
83 207
84 66
84 9
84 97
85 83
85 56
85 146
85 171
85 184
86 82
86 177
87 42
87 91
87 109
87 194
88 2
89 30
89 14
89 44
89 139
90 55
90 11
90 141
91 87
92 0
92 63
92 199
93 7
93 132
94 9
94 6
94 53
94 51
94 142
94 152
94 174
95 49
95 166
96 48
96 19
96 46
97 56
97 66
97 84
97 9
97 128
98 11
99 32
99 45
99 21
99 113
99 121
99 158
99 173
100 74
100 111
100 125
101 7
102 48
103 22
103 52
103 1
103 193
104 78
105 15
106 95
106 49
106 17
106 134
106 182
107 1
108 36
109 87
109 209
110 24
111 100
111 74
111 41
111 118
111 186
112 73
112 67
112 36
112 178
113 21
113 99
113 45
113 121
114 7
114 12
114 29
114 169
115 75
115 40
115 10
116 61
116 80
116 126
117 89
117 35
117 5
117 13
117 129
118 36
118 108
118 111
118 184
119 76
120 64
120 70
120 141
120 191
120 192
120 204
121 21
121 99
121 32
121 113
122 14
122 44
123 76
124 23
124 63
124 76
124 138
125 74
125 100
125 155
126 80
126 61
126 116
127 25
127 72
127 33
128 9
128 97
128 56
129 117
129 181
130 20
130 37
131 68
131 50
131 42
132 93
133 4
133 0
133 92
133 168
134 106
135 11
135 98
136 72
137 73
138 124
139 89
140 15
141 64
141 90
141 120
141 148
142 94
142 162
142 165
142 174
143 35
144 6
144 53
145 33
145 47
146 85
147 82
148 141
149 17
150 60
150 20
150 179
151 34
152 142
152 94
152 174
153 55
153 117
153 35
153 30
153 167
154 4
154 63
155 125
155 74
155 43
155 157
155 194
156 35
156 181
157 155
158 21
158 99
158 48
158 45
159 1
159 16
160 31
161 26
162 142
162 6
162 61
162 94
162 64
163 65
163 28
163 10
164 77
164 15
165 142
165 94
166 49
166 95
167 153
168 133
169 62
169 114
169 67
170 28
170 10
171 56
171 85
171 9
172 6
172 51
173 99
173 32
173 21
173 23
174 142
174 152
174 94
175 62
176 55
177 86
178 112
178 26
178 93
179 150
179 20
180 118
181 156
181 35
181 127
181 129
182 106
182 134
183 0
183 4
184 85
184 118
184 189
184 195
184 210
185 22
186 111
187 41
188 24
188 11
188 18
188 110
189 184
190 31
191 64
191 120
191 192
192 70
192 191
192 64
192 120
193 103
193 23
194 87
194 155
194 201
195 184
195 189
196 83
196 207
197 122
197 14
197 3
197 44
198 56
198 9
198 84
198 203
198 205
199 0
199 92
199 63
200 126
200 66
200 56
200 9
200 10
201 194
202 0
202 4
202 199
202 92
203 66
203 56
203 84
203 198
203 97
204 64
204 192
204 120
205 56
205 198
205 9
206 65
206 8
206 122
206 19
207 196
207 83
208 68
208 54
208 50
209 18
209 109
210 195
210 184
210 189
