1
0.217328
0.102392
0.106967
0.173493
0.026387
1
0.079176
0.031615
1
0.086849
1
0.125813
0.007128
0.011426
1
0.068005
0.206912
0.017592
0.133821
0.149133
0.158139
1
0.10439
0.099399
0.20753
0.139747
0.500576
0.070157
0.046363
0.015087
0.113596
0.030674
0.10858
0.051494
0.080348
0.193134
0.176003
0.016098
0.500866
0.02716
1
0.025352
0.232354
0.005529
0.120188
0.109599
0.04978
1
0.134767
0.001925
0.161538
0.061991
0.140839
0.000538
0.115871
0.120845
0.024556
0.500628
0.181075
0.044299
0.013633
0.094432
0.156198
0.006742
0.035032
0.132124
0.017184
0.001307
0.09671
0.002056
0.051268
0.021877
0.003748
0.173338
0.134238
1
0.297652
0.141495
0
0.007015
0.33384
0.006695
0.093757
0.158637
0.040902
0.001104
0.024039
0.05124
0.003782
0.181505
0.008044
0.199054
0.021555
0.136765
0.222335
0.219369
0.058832
0.407159
0.026687
0.074287
0.039605
0.501482
0.171245
0.071241
0.500956
1
0.1085
0.073617
0.007185
0.037309
0.097973
0.005958
0.026393
0.032782
0.039151
0.006975
0.003655
0.036272
0.50061
0.002522
0.008458
0.010136
0.499878
0.03629
0.206271
0.024646
0.05172
0.187438
0.001735
0.050236
0.000505
0.010831
0.162731
0.407238
0.333308
0.005518
0.001875
0.018407
0.001905
0.500668
0.020915
0.020984
0.04058
0.273499
0.037021
0.020524
0.003316
0.010457
0.103003
0.036028
0.025868
0.031187
0
0.078971
1
0.020004
0.500233
0.162761
0.072417
0.057034
0.069898
0.002595
0.030242
0.297957
0.006887
0.084219
0
0.08151
0.025158
0.025638
0.203827
0.333737
0.022152
0.028957
0.047355
0.058324
0.000274
0.028686
0.043115
0
0.003477
0.333765
0.27826
0.007447
0.500114
0.048864
0.499841
0.019649
0.002588
0.056794
0.00168
0.001374
0.066674
0.167047
0.002236
0.027986
0.019139
0.12329
0.218553
0.157306
0.083784
0.200295
0.020567
0.000637
0.030901
0.027128
0.027836
0.000486
0.005834
0.001908
