211
717
0 1 0.0714286
0 2 0.0833333
0 3 0.05
0 4 0.111111
0 15 0.0714286
0 21 0.0714286
0 33 0.0833333
0 59 0.166667
0 63 0.111111
0 92 0.125
0 133 0.142857
0 183 0.25
0 199 0.166667
0 202 0.2
1 0 0.0285714
1 9 0.03125
1 16 0.142857
1 103 0.142857
1 107 0.5
1 159 0.333333
2 0 0.0285714
2 5 0.111111
2 19 0.1
2 33 0.0833333
2 71 0.5
2 88 0.5
3 0 0.0285714
3 1 0.0714286
3 5 0.111111
3 6 0.04
3 7 0.0625
3 10 0.0526316
3 14 0.0714286
3 30 0.111111
3 197 0.166667
4 0 0.0285714
4 133 0.142857
4 154 0.25
4 183 0.25
5 3 0.05
5 2 0.0833333
5 13 0.25
5 117 0.111111
6 3 0.05
6 9 0.03125
6 20 0.047619
6 27 0.5
6 51 0.1
6 53 0.0909091
6 78 0.125
6 83 0.0769231
6 94 0.0666667
6 144 0.25
6 172 0.333333
7 3 0.05
7 8 0.142857
7 11 0.0625
7 93 0.2
7 101 0.5
7 114 0.125
8 5 0.111111
8 7 0.0625
8 12 0.1
8 206 0.166667
9 1 0.0714286
9 6 0.04
9 11 0.0625
9 17 0.0666667
9 20 0.047619
9 26 0.125
9 36 0.1
9 56 0.0666667
9 66 0.1
9 84 0.125
9 94 0.0666667
9 128 0.166667
9 171 0.2
9 198 0.111111
9 200 0.142857
10 3 0.05
10 28 0.0555556
10 40 0.125
10 65 0.1
10 76 0.0769231
10 115 0.166667
10 163 0.166667
10 170 0.166667
11 7 0.0625
11 9 0.03125
11 1 0.0714286
11 24 0.0909091
11 55 0.1
11 90 0.166667
11 98 0.333333
11 135 0.333333
12 8 0.142857
12 29 0.125
12 78 0.125
12 114 0.125
13 5 0.111111
13 117 0.111111
14 3 0.05
14 30 0.111111
14 44 0.1
14 61 0.0769231
14 89 0.111111
14 122 0.166667
14 197 0.166667
15 0 0.0285714
15 21 0.0714286
15 23 0.0833333
15 77 0.25
15 105 0.5
15 140 0.5
15 164 0.25
16 1 0.0714286
16 17 0.0666667
16 18 0.2
17 16 0.142857
17 9 0.03125
17 31 0.0714286
17 41 0.1
17 42 0.111111
17 43 0.2
17 149 0.5
18 16 0.142857
18 209 0.25
19 2 0.0833333
19 46 0.333333
19 48 0.0714286
19 96 0.2
19 206 0.166667
20 9 0.03125
20 10 0.0526316
20 6 0.04
20 23 0.0833333
20 37 0.142857
20 52 0.125
20 60 0.25
20 130 0.333333
20 150 0.2
20 179 0.25
21 15 0.0714286
21 0 0.0285714
21 32 0.0909091
21 113 0.142857
21 158 0.142857
22 20 0.047619
22 25 0.2
22 35 0.0555556
22 81 0.333333
22 103 0.142857
22 185 0.5
23 15 0.0714286
23 20 0.047619
23 52 0.125
23 124 0.142857
23 173 0.142857
23 193 0.25
24 11 0.0625
24 110 0.333333
24 188 0.2
25 22 0.0909091
25 127 0.166667
26 9 0.03125
26 49 0.1
26 161 0.5
26 178 0.2
27 6 0.04
28 10 0.0526316
28 40 0.125
28 65 0.1
28 75 0.125
28 76 0.0769231
28 163 0.166667
28 170 0.166667
29 12 0.1
29 62 0.0909091
29 78 0.125
29 114 0.125
30 3 0.05
30 14 0.0714286
30 89 0.111111
31 17 0.0666667
31 34 0.0833333
31 74 0.125
31 160 0.5
31 190 0.5
32 21 0.0714286
32 45 0.1
32 57 0.166667
32 99 0.0769231
32 173 0.142857
33 2 0.0833333
33 0 0.0285714
33 47 0.166667
33 59 0.166667
33 127 0.166667
33 145 0.25
34 31 0.0714286
34 38 0.2
34 82 0.1
34 151 0.5
35 6 0.04
35 24 0.0909091
35 22 0.0909091
35 64 0.0625
35 72 0.166667
35 143 0.5
35 156 0.25
36 9 0.03125
36 69 0.5
36 108 0.333333
36 118 0.125
37 20 0.047619
37 76 0.0769231
38 34 0.0833333
38 82 0.1
39 34 0.0833333
40 10 0.0526316
40 28 0.0555556
40 65 0.1
40 115 0.166667
41 36 0.1
41 39 0.5
41 17 0.0666667
41 31 0.0714286
41 111 0.0909091
41 187 0.5
42 17 0.0666667
42 41 0.1
42 38 0.2
42 50 0.0769231
42 87 0.125
43 31 0.0714286
43 17 0.0666667
43 155 0.1
44 14 0.0714286
44 3 0.05
44 30 0.111111
44 89 0.111111
44 122 0.166667
45 21 0.0714286
45 32 0.0909091
45 57 0.166667
45 99 0.0769231
46 19 0.1
47 33 0.0833333
47 59 0.166667
47 145 0.25
48 45 0.1
48 12 0.1
48 19 0.1
48 58 0.5
48 62 0.0909091
48 96 0.2
48 102 0.5
48 158 0.142857
49 26 0.125
49 61 0.0769231
49 95 0.2
49 106 0.125
49 166 0.25
50 34 0.0833333
50 42 0.111111
50 54 0.142857
50 68 0.142857
50 131 0.25
50 208 0.25
51 6 0.04
51 53 0.0909091
51 83 0.0769231
52 20 0.047619
52 37 0.142857
52 23 0.0833333
52 83 0.0769231
53 6 0.04
53 51 0.1
53 94 0.0666667
53 144 0.25
54 50 0.0769231
55 11 0.0625
55 35 0.0555556
55 7 0.0625
55 90 0.166667
55 176 0.5
56 9 0.03125
56 85 0.1
56 97 0.1
56 128 0.166667
56 198 0.111111
57 45 0.1
57 25 0.2
57 32 0.0909091
58 48 0.0714286
59 33 0.0833333
59 0 0.0285714
59 47 0.166667
60 20 0.047619
60 37 0.142857
61 14 0.0714286
61 30 0.111111
61 49 0.1
61 44 0.1
61 80 0.166667
61 116 0.166667
61 126 0.142857
62 29 0.125
62 48 0.0714286
62 12 0.1
62 67 0.142857
62 169 0.2
62 175 0.5
63 0 0.0285714
63 92 0.125
63 124 0.142857
63 154 0.25
64 35 0.0555556
64 24 0.0909091
64 70 0.2
64 120 0.0833333
64 141 0.111111
64 191 0.166667
64 192 0.111111
65 10 0.0526316
65 40 0.125
65 28 0.0555556
65 163 0.166667
66 9 0.03125
66 56 0.0666667
66 84 0.125
66 97 0.1
66 200 0.142857
67 62 0.0909091
67 73 0.166667
67 112 0.125
68 54 0.142857
68 50 0.0769231
68 82 0.1
69 36 0.1
70 64 0.0625
70 192 0.111111
71 2 0.0833333
72 35 0.0555556
72 24 0.0909091
72 136 0.25
73 67 0.142857
73 112 0.125
73 137 0.5
74 31 0.0714286
74 100 0.166667
74 155 0.1
75 10 0.0526316
75 65 0.1
75 28 0.0555556
75 76 0.0769231
75 115 0.166667
76 28 0.0555556
76 10 0.0526316
76 37 0.142857
76 75 0.125
76 119 0.5
76 123 0.5
77 15 0.0714286
77 164 0.25
78 6 0.04
78 29 0.125
78 12 0.1
78 104 0.5
79 57 0.166667
80 61 0.0769231
80 116 0.166667
80 126 0.142857
81 35 0.0555556
81 22 0.0909091
82 38 0.2
82 34 0.0833333
82 68 0.142857
82 86 0.166667
82 147 0.5
83 53 0.0909091
83 51 0.1
83 6 0.04
83 52 0.125
83 85 0.1
83 196 0.25
83 207 0.25
84 66 0.1
84 9 0.03125
84 97 0.1
85 83 0.0769231
85 56 0.0666667
85 146 0.5
85 171 0.2
85 184 0.1
86 82 0.1
86 177 0.25
87 42 0.111111
87 91 0.333333
87 109 0.25
87 194 0.166667
88 2 0.0833333
89 30 0.111111
89 14 0.0714286
89 44 0.1
89 139 0.5
90 55 0.1
90 11 0.0625
90 141 0.111111
91 87 0.125
92 0 0.0285714
92 63 0.111111
92 199 0.166667
93 7 0.0625
93 132 0.5
94 9 0.03125
94 6 0.04
94 53 0.0909091
94 51 0.1
94 142 0.111111
94 152 0.2
94 174 0.166667
95 49 0.1
95 166 0.25
96 48 0.0714286
96 19 0.1
96 46 0.333333
97 56 0.0666667
97 66 0.1
97 84 0.125
97 9 0.03125
97 128 0.166667
98 11 0.0625
99 32 0.0909091
99 45 0.1
99 21 0.0714286
99 113 0.142857
99 121 0.166667
99 158 0.142857
99 173 0.142857
100 74 0.125
100 111 0.0909091
100 125 0.2
101 7 0.0625
102 48 0.0714286
103 22 0.0909091
103 52 0.125
103 1 0.0714286
103 193 0.25
104 78 0.125
105 15 0.0714286
106 95 0.2
106 49 0.1
106 17 0.0666667
106 134 0.333333
106 182 0.333333
107 1 0.0714286
108 36 0.1
109 87 0.125
109 209 0.25
110 24 0.0909091
111 100 0.166667
111 74 0.125
111 41 0.1
111 118 0.125
111 186 0.5
112 73 0.166667
112 67 0.142857
112 36 0.1
112 178 0.2
113 21 0.0714286
113 99 0.0769231
113 45 0.1
113 121 0.166667
114 7 0.0625
114 12 0.1
114 29 0.125
114 169 0.2
115 75 0.125
115 40 0.125
115 10 0.0526316
116 61 0.0769231
116 80 0.166667
116 126 0.142857
117 89 0.111111
117 35 0.0555556
117 5 0.111111
117 13 0.25
117 129 0.25
118 36 0.1
118 108 0.333333
118 111 0.0909091
118 184 0.1
119 76 0.0769231
120 64 0.0625
120 70 0.2
120 141 0.111111
120 191 0.166667
120 192 0.111111
120 204 0.25
121 21 0.0714286
121 99 0.0769231
121 32 0.0909091
121 113 0.142857
122 14 0.0714286
122 44 0.1
123 76 0.0769231
124 23 0.0833333
124 63 0.111111
124 76 0.0769231
124 138 0.5
125 74 0.125
125 100 0.166667
125 155 0.1
126 80 0.166667
126 61 0.0769231
126 116 0.166667
127 25 0.2
127 72 0.166667
127 33 0.0833333
128 9 0.03125
128 97 0.1
128 56 0.0666667
129 117 0.111111
129 181 0.166667
130 20 0.047619
130 37 0.142857
131 68 0.142857
131 50 0.0769231
131 42 0.111111
132 93 0.2
133 4 0.111111
133 0 0.0285714
133 92 0.125
133 168 0.5
134 106 0.125
135 11 0.0625
135 98 0.333333
136 72 0.166667
137 73 0.166667
138 124 0.142857
139 89 0.111111
140 15 0.0714286
141 64 0.0625
141 90 0.166667
141 120 0.0833333
141 148 0.5
142 94 0.0666667
142 162 0.125
142 165 0.333333
142 174 0.166667
143 35 0.0555556
144 6 0.04
144 53 0.0909091
145 33 0.0833333
145 47 0.166667
146 85 0.1
147 82 0.1
148 141 0.111111
149 17 0.0666667
150 60 0.25
150 20 0.047619
150 179 0.25
151 34 0.0833333
152 142 0.111111
152 94 0.0666667
152 174 0.166667
153 55 0.1
153 117 0.111111
153 35 0.0555556
153 30 0.111111
153 167 0.5
154 4 0.111111
154 63 0.111111
155 125 0.2
155 74 0.125
155 43 0.2
155 157 0.5
155 194 0.166667
156 35 0.0555556
156 181 0.166667
157 155 0.1
158 21 0.0714286
158 99 0.0769231
158 48 0.0714286
158 45 0.1
159 1 0.0714286
159 16 0.142857
160 31 0.0714286
161 26 0.125
162 142 0.111111
162 6 0.04
162 61 0.0769231
162 94 0.0666667
162 64 0.0625
163 65 0.1
163 28 0.0555556
163 10 0.0526316
164 77 0.25
164 15 0.0714286
165 142 0.111111
165 94 0.0666667
166 49 0.1
166 95 0.2
167 153 0.166667
168 133 0.142857
169 62 0.0909091
169 114 0.125
169 67 0.142857
170 28 0.0555556
170 10 0.0526316
171 56 0.0666667
171 85 0.1
171 9 0.03125
172 6 0.04
172 51 0.1
173 99 0.0769231
173 32 0.0909091
173 21 0.0714286
173 23 0.0833333
174 142 0.111111
174 152 0.2
174 94 0.0666667
175 62 0.0909091
176 55 0.1
177 86 0.166667
178 112 0.125
178 26 0.125
178 93 0.2
179 150 0.2
179 20 0.047619
180 118 0.125
181 156 0.25
181 35 0.0555556
181 127 0.166667
181 129 0.25
182 106 0.125
182 134 0.333333
183 0 0.0285714
183 4 0.111111
184 85 0.1
184 118 0.125
184 189 0.25
184 195 0.25
184 210 0.25
185 22 0.0909091
186 111 0.0909091
187 41 0.1
188 24 0.0909091
188 11 0.0625
188 18 0.2
188 110 0.333333
189 184 0.1
190 31 0.0714286
191 64 0.0625
191 120 0.0833333
191 192 0.111111
192 70 0.2
192 191 0.166667
192 64 0.0625
192 120 0.0833333
193 103 0.142857
193 23 0.0833333
194 87 0.125
194 155 0.1
194 201 0.5
195 184 0.1
195 189 0.25
196 83 0.0769231
196 207 0.25
197 122 0.166667
197 14 0.0714286
197 3 0.05
197 44 0.1
198 56 0.0666667
198 9 0.03125
198 84 0.125
198 203 0.166667
198 205 0.25
199 0 0.0285714
199 92 0.125
199 63 0.111111
200 126 0.142857
200 66 0.1
200 56 0.0666667
200 9 0.03125
200 10 0.0526316
201 194 0.166667
202 0 0.0285714
202 4 0.111111
202 199 0.166667
202 92 0.125
203 66 0.1
203 56 0.0666667
203 84 0.125
203 198 0.111111
203 97 0.1
204 64 0.0625
204 192 0.111111
204 120 0.0833333
205 56 0.0666667
205 198 0.111111
205 9 0.03125
206 65 0.1
206 8 0.142857
206 122 0.166667
206 19 0.1
207 196 0.25
207 83 0.0769231
208 68 0.142857
208 54 0.142857
208 50 0.0769231
209 18 0.2
209 109 0.25
210 195 0.25
210 184 0.1
210 189 0.25
