1 2
2 1
3 6
3 23
3 25
3 60
4 16
4 22
4 33
4 41
5 12
5 18
5 28
5 29
5 46
6 3
6 9
6 45
6 50
7 11
7 16
7 24
8 10
8 15
9 6
9 14
9 31
10 8
10 15
10 29
10 40
11 7
11 13
11 16
11 17
11 19
12 5
12 46
13 11
14 9
14 31
15 10
15 8
15 16
15 20
16 15
16 11
16 4
16 7
16 44
17 11
17 19
18 5
18 21
18 35
18 58
19 17
19 11
19 32
19 52
19 59
20 15
21 18
21 35
21 58
22 4
22 33
22 53
23 3
24 7
25 3
25 49
26 37
26 66
26 67
28 5
29 5
29 10
29 34
29 38
29 42
29 47
30 6
31 14
31 9
32 19
32 42
32 59
33 4
33 22
33 48
34 29
34 38
34 39
35 18
35 21
37 26
38 29
38 34
39 38
39 34
39 29
40 10
41 4
41 22
41 55
41 65
42 32
42 29
42 41
42 47
44 16
45 6
45 51
46 5
46 12
46 28
47 42
47 29
47 19
47 62
47 65
48 33
49 25
50 6
51 45
51 57
52 32
52 19
52 56
53 22
53 4
54 15
55 41
56 52
57 51
58 18
58 21
58 35
59 19
59 32
60 3
61 43
61 25
62 47
63 41
63 65
64 7
64 24
65 63
65 13
65 47
65 41
66 26
66 37
67 26
67 66
67 13
69 70
70 69
70 71
70 72
71 70
71 72
72 71
72 70
74 75
75 74
77 79
78 77
79 77
80 81
80 84
80 95
80 106
80 110
80 112
80 113
80 130
81 80
81 82
81 103
81 108
81 126
81 139
82 81
82 88
83 89
83 99
83 125
83 133
84 80
84 91
84 111
85 87
85 118
86 94
86 121
87 85
87 93
88 82
88 85
88 87
88 93
88 97
88 139
89 83
89 101
89 120
89 123
89 135
90 80
90 100
90 112
91 84
91 111
92 90
92 89
92 124
93 87
93 88
94 86
95 80
95 110
95 112
97 88
98 84
99 83
99 133
100 90
100 104
100 105
100 114
100 134
100 136
101 89
101 127
102 83
102 109
102 122
103 81
103 107
103 117
103 119
103 137
104 100
104 105
104 136
105 100
105 104
106 80
107 103
107 117
108 81
109 102
110 95
110 80
111 84
111 91
112 90
112 95
112 80
113 80
113 110
114 100
115 128
116 98
117 103
117 107
118 85
119 103
119 107
119 131
120 89
120 101
121 86
122 102
123 120
123 89
123 127
124 92
125 83
126 81
126 108
127 101
127 123
127 89
127 135
128 115
129 97
130 80
130 110
130 99
130 132
131 119
132 130
133 83
133 99
134 100
134 105
135 89
135 127
135 123
136 100
136 105
136 104
137 103
137 107
138 96
139 88
139 81
140 141
141 140
142 80
143 144
144 143
