0
0
0
1
0.077037
1
0.076835
0.083933
0.020638
0.012886
0.015455
0.107779
0.287447
0.018471
0.003776
0.112513
1
0.028685
0.101432
0.012918
0.056432
0.022835
0.013547
0.500456
0.02791
0.101111
0
0
0.386894
0.072473
0
0.003847
0.003646
0.01113
0.014124
0.027041
0
0
0.016913
0.003532
0.007788
0.009826
0.00909
0
0.500034
0.00976
0.24033
0.009055
0.005523
0.050424
0.019316
0.002439
0.002669
0.004562
0
0.004985
0.001306
0.001268
0.023557
0.002276
0.500675
0
0.002284
0.000392
0
0.002628
0
0
0
0
0
0
0
0
0
0
0
0
0
0
1
0.163571
0.225073
0.079398
0.111848
0.163189
0
0.179965
1
1
0.141995
0.033305
0
0.188839
0
0.215019
0
0.333624
0
0.042942
1
0.240462
0
1
0.226088
0.266334
0.500193
0.236146
0.066728
0
0.24194
0.033321
0.160559
0.249927
0.200919
0
0
0.289005
0.081578
0.200912
0.194561
0
0
0.202052
0
0.039581
0.054512
0.086603
0
0
0.125652
0.100835
0.063173
0.028673
0.333961
0.209885
0.231898
0.334014
0
0.224755
0
0
0
0
0
0
0
