0 1
1 0
1 2
2 1
3 9
3 19
3 35
4 7
4 30
4 32
5 4
5 6
5 10
5 33
5 40
5 43
5 45
6 5
6 11
6 13
6 14
6 17
6 21
6 25
6 37
6 42
7 4
7 8
7 10
7 12
7 22
7 23
7 38
8 7
8 15
8 18
8 29
8 34
8 39
9 3
9 31
10 5
10 7
10 28
10 41
11 6
11 16
12 7
12 22
12 38
13 6
14 6
14 13
14 21
14 37
14 42
15 8
15 24
15 26
15 27
16 11
16 10
17 6
17 21
17 25
18 8
18 20
19 3
19 35
20 18
20 32
21 17
21 6
21 14
21 33
22 12
22 7
23 7
23 26
24 15
24 27
25 14
25 6
25 17
25 16
26 15
26 23
27 15
27 24
28 10
29 8
30 4
31 9
32 20
32 4
33 5
33 21
33 36
34 8
34 55
35 3
35 19
36 33
37 6
37 14
38 12
38 7
39 8
39 34
40 5
41 10
41 28
42 13
42 6
42 14
43 5
43 11
43 38
44 33
44 36
45 5
45 47
45 48
46 45
47 45
47 48
48 47
48 45
50 51
50 54
51 50
52 53
53 52
54 50
55 34
55 51
55 56
55 84
55 91
55 92
56 55
56 57
56 59
56 76
56 93
56 99
56 151
57 56
57 58
57 60
57 65
57 67
57 70
58 57
58 68
58 79
58 81
58 98
59 56
59 96
59 119
60 57
60 61
60 62
60 63
60 65
60 67
60 69
60 71
60 74
60 77
60 78
60 94
60 95
60 100
60 115
60 124
60 138
60 140
61 60
61 62
61 63
61 140
62 60
62 61
62 69
62 72
62 85
62 86
62 87
62 114
62 118
62 121
63 60
63 61
63 67
63 74
63 77
63 95
64 56
64 59
64 73
64 75
64 83
64 102
64 109
64 120
64 123
65 60
65 57
65 71
65 109
65 126
66 57
67 57
67 60
67 63
67 88
67 129
67 136
68 58
68 81
68 98
69 60
69 62
69 80
69 108
69 113
69 118
69 125
69 139
70 66
70 57
71 65
71 60
71 135
72 62
72 80
72 84
72 122
72 128
73 64
73 110
74 63
74 61
74 60
74 78
74 94
74 100
74 104
74 140
75 64
75 65
75 56
75 109
76 56
76 59
76 96
76 99
77 63
77 61
77 60
77 78
77 100
77 103
77 104
77 124
78 60
78 63
78 74
78 77
78 95
78 103
78 124
78 138
79 58
79 68
80 72
80 69
80 60
80 89
80 106
80 116
81 58
81 65
81 68
81 82
81 107
81 127
81 134
81 137
82 81
82 90
83 73
83 64
83 102
83 110
83 123
84 72
84 55
84 86
84 92
85 62
86 62
86 84
87 62
88 67
89 80
89 106
89 112
90 82
90 89
90 71
90 81
91 55
92 84
92 55
93 90
93 56
93 59
93 111
93 131
94 74
94 77
94 60
94 103
94 124
94 140
95 60
95 78
95 63
95 97
95 117
95 128
96 59
96 64
96 76
96 101
97 95
98 58
98 68
98 118
99 76
99 59
99 56
100 74
100 63
100 60
100 77
101 96
102 64
102 83
103 77
103 94
103 60
103 78
104 74
104 61
104 77
104 60
105 86
105 91
105 130
105 133
106 80
106 89
106 116
107 82
107 81
108 69
109 75
109 64
109 65
110 83
110 73
110 123
111 93
111 131
112 89
112 80
112 106
113 108
113 69
113 118
113 125
114 62
114 85
115 60
115 74
115 61
115 77
116 89
116 80
116 106
117 95
118 69
118 98
118 62
118 113
119 56
119 59
120 102
120 64
120 141
121 62
122 72
123 110
123 64
123 83
123 141
124 78
124 60
124 94
124 77
125 69
125 113
126 65
127 81
128 95
128 72
128 142
129 67
130 105
130 133
131 111
131 93
132 80
132 106
132 116
132 89
133 105
133 130
134 81
134 107
135 71
136 67
137 81
137 134
138 60
138 78
138 104
138 94
139 69
139 113
140 60
140 74
140 94
140 61
141 73
141 123
141 64
141 120
142 128
144 145
144 146
144 149
145 144
145 146
145 149
146 145
146 144
147 148
148 147
149 144
149 145
151 56
151 141
151 152
152 151
