153
469
0 1 0.1
1 0 0.1
1 2 0.333333
2 1 0.1
3 9 0.25
3 19 0.25
3 35 0.166667
4 7 0.0625
4 30 0.5
4 32 0.25
5 4 0.0909091
5 6 0.0526316
5 10 0.0833333
5 33 0.142857
5 40 0.333333
5 43 0.25
5 45 0.0714286
6 5 0.0526316
6 11 0.142857
6 13 0.25
6 14 0.1
6 17 0.0909091
6 21 0.125
6 25 0.166667
6 37 0.25
6 42 0.2
7 4 0.0909091
7 8 0.0526316
7 10 0.0833333
7 12 0.166667
7 22 0.25
7 23 0.25
7 38 0.166667
8 7 0.0625
8 15 0.111111
8 18 0.142857
8 29 0.5
8 34 0.2
8 39 0.333333
9 3 0.111111
9 31 0.5
10 5 0.0526316
10 7 0.0625
10 28 0.333333
10 41 0.333333
11 6 0.0526316
11 16 0.25
12 7 0.0625
12 22 0.25
12 38 0.166667
13 6 0.0526316
14 6 0.0526316
14 13 0.25
14 21 0.125
14 37 0.25
14 42 0.2
15 8 0.0526316
15 24 0.25
15 26 0.25
15 27 0.25
16 11 0.142857
16 10 0.0833333
17 6 0.0526316
17 21 0.125
17 25 0.166667
18 8 0.0526316
18 20 0.25
19 3 0.111111
19 35 0.166667
20 18 0.142857
20 32 0.25
21 17 0.0909091
21 6 0.0526316
21 14 0.1
21 33 0.142857
22 12 0.166667
22 7 0.0625
23 7 0.0625
23 26 0.25
24 15 0.111111
24 27 0.25
25 14 0.1
25 6 0.0526316
25 17 0.0909091
25 16 0.25
26 15 0.111111
26 23 0.25
27 15 0.111111
27 24 0.25
28 10 0.0833333
29 8 0.0526316
30 4 0.0909091
31 9 0.25
32 20 0.25
32 4 0.0909091
33 5 0.0526316
33 21 0.125
33 36 0.333333
34 8 0.0526316
34 55 0.047619
35 3 0.111111
35 19 0.25
36 33 0.142857
37 6 0.0526316
37 14 0.1
38 12 0.166667
38 7 0.0625
39 8 0.0526316
39 34 0.2
40 5 0.0526316
41 10 0.0833333
41 28 0.333333
42 13 0.25
42 6 0.0526316
42 14 0.1
43 5 0.0526316
43 11 0.142857
43 38 0.166667
44 33 0.142857
44 36 0.333333
45 5 0.0526316
45 47 0.166667
45 48 0.25
46 45 0.0714286
47 45 0.0714286
47 48 0.25
48 47 0.166667
48 45 0.0714286
50 51 0.142857
50 54 0.25
51 50 0.0833333
52 53 0.5
53 52 0.166667
54 50 0.0833333
55 34 0.2
55 51 0.142857
55 56 0.0454545
55 84 0.125
55 91 0.333333
55 92 0.25
56 55 0.047619
56 57 0.047619
56 59 0.0833333
56 76 0.142857
56 93 0.125
56 99 0.2
56 151 0.1
57 56 0.0454545
57 58 0.0625
57 60 0.0212766
57 65 0.0833333
57 67 0.0833333
57 70 0.333333
58 57 0.047619
58 68 0.142857
58 79 0.333333
58 81 0.0588235
58 98 0.166667
59 56 0.0454545
59 96 0.142857
59 119 0.333333
60 57 0.047619
60 61 0.0833333
60 62 0.05
60 63 0.0666667
60 65 0.0833333
60 67 0.0833333
60 69 0.047619
60 71 0.142857
60 74 0.0555556
60 77 0.0588235
60 78 0.0666667
60 94 0.0769231
60 95 0.0769231
60 100 0.142857
60 115 0.2
60 124 0.125
60 138 0.166667
60 140 0.125
61 60 0.0212766
61 62 0.05
61 63 0.0666667
61 140 0.125
62 60 0.0212766
62 61 0.0833333
62 69 0.047619
62 72 0.1
62 85 0.2
62 86 0.2
62 87 0.5
62 114 0.333333
62 118 0.125
62 121 0.5
63 60 0.0212766
63 61 0.0833333
63 67 0.0833333
63 74 0.0555556
63 77 0.0588235
63 95 0.0769231
64 56 0.0454545
64 59 0.0833333
64 73 0.125
64 75 0.166667
64 83 0.0909091
64 102 0.2
64 109 0.166667
64 120 0.2
64 123 0.125
65 60 0.0212766
65 57 0.047619
65 71 0.142857
65 109 0.166667
65 126 0.5
66 57 0.047619
67 57 0.047619
67 60 0.0212766
67 63 0.0666667
67 88 0.5
67 129 0.5
67 136 0.5
68 58 0.0625
68 81 0.0588235
68 98 0.166667
69 60 0.0212766
69 62 0.05
69 80 0.0769231
69 108 0.333333
69 113 0.111111
69 118 0.125
69 125 0.25
69 139 0.333333
70 66 0.25
70 57 0.047619
71 65 0.0833333
71 60 0.0212766
71 135 0.5
72 62 0.05
72 80 0.0769231
72 84 0.125
72 122 0.5
72 128 0.142857
73 64 0.05
73 110 0.166667
74 63 0.0666667
74 61 0.0833333
74 60 0.0212766
74 78 0.0666667
74 94 0.0769231
74 100 0.142857
74 104 0.142857
74 140 0.125
75 64 0.05
75 65 0.0833333
75 56 0.0454545
75 109 0.166667
76 56 0.0454545
76 59 0.0833333
76 96 0.142857
76 99 0.2
77 63 0.0666667
77 61 0.0833333
77 60 0.0212766
77 78 0.0666667
77 100 0.142857
77 103 0.142857
77 104 0.142857
77 124 0.125
78 60 0.0212766
78 63 0.0666667
78 74 0.0555556
78 77 0.0588235
78 95 0.0769231
78 103 0.142857
78 124 0.125
78 138 0.166667
79 58 0.0625
79 68 0.142857
80 72 0.1
80 69 0.047619
80 60 0.0212766
80 89 0.111111
80 106 0.125
80 116 0.166667
81 58 0.0625
81 65 0.0833333
81 68 0.142857
81 82 0.2
81 107 0.25
81 127 0.5
81 134 0.25
81 137 0.333333
82 81 0.0588235
82 90 0.166667
83 73 0.125
83 64 0.05
83 102 0.2
83 110 0.166667
83 123 0.125
84 72 0.1
84 55 0.047619
84 86 0.2
84 92 0.25
85 62 0.05
86 62 0.05
86 84 0.125
87 62 0.05
88 67 0.0833333
89 80 0.0769231
89 106 0.125
89 112 0.25
90 82 0.2
90 89 0.111111
90 71 0.142857
90 81 0.0588235
91 55 0.047619
92 84 0.125
92 55 0.047619
93 90 0.166667
93 56 0.0454545
93 59 0.0833333
93 111 0.25
93 131 0.25
94 74 0.0555556
94 77 0.0588235
94 60 0.0212766
94 103 0.142857
94 124 0.125
94 140 0.125
95 60 0.0212766
95 78 0.0666667
95 63 0.0666667
95 97 0.5
95 117 0.5
95 128 0.142857
96 59 0.0833333
96 64 0.05
96 76 0.142857
96 101 0.5
97 95 0.0769231
98 58 0.0625
98 68 0.142857
98 118 0.125
99 76 0.142857
99 59 0.0833333
99 56 0.0454545
100 74 0.0555556
100 63 0.0666667
100 60 0.0212766
100 77 0.0588235
101 96 0.142857
102 64 0.05
102 83 0.0909091
103 77 0.0588235
103 94 0.0769231
103 60 0.0212766
103 78 0.0666667
104 74 0.0555556
104 61 0.0833333
104 77 0.0588235
104 60 0.0212766
105 86 0.2
105 91 0.333333
105 130 0.25
105 133 0.25
106 80 0.0769231
106 89 0.111111
106 116 0.166667
107 82 0.2
107 81 0.0588235
108 69 0.047619
109 75 0.166667
109 64 0.05
109 65 0.0833333
110 83 0.0909091
110 73 0.125
110 123 0.125
111 93 0.125
111 131 0.25
112 89 0.111111
112 80 0.0769231
112 106 0.125
113 108 0.333333
113 69 0.047619
113 118 0.125
113 125 0.25
114 62 0.05
114 85 0.2
115 60 0.0212766
115 74 0.0555556
115 61 0.0833333
115 77 0.0588235
116 89 0.111111
116 80 0.0769231
116 106 0.125
117 95 0.0769231
118 69 0.047619
118 98 0.166667
118 62 0.05
118 113 0.111111
119 56 0.0454545
119 59 0.0833333
120 102 0.2
120 64 0.05
120 141 0.142857
121 62 0.05
122 72 0.1
123 110 0.166667
123 64 0.05
123 83 0.0909091
123 141 0.142857
124 78 0.0666667
124 60 0.0212766
124 94 0.0769231
124 77 0.0588235
125 69 0.047619
125 113 0.111111
126 65 0.0833333
127 81 0.0588235
128 95 0.0769231
128 72 0.1
128 142 0.5
129 67 0.0833333
130 105 0.166667
130 133 0.25
131 111 0.25
131 93 0.125
132 80 0.0769231
132 106 0.125
132 116 0.166667
132 89 0.111111
133 105 0.166667
133 130 0.25
134 81 0.0588235
134 107 0.25
135 71 0.142857
136 67 0.0833333
137 81 0.0588235
137 134 0.25
138 60 0.0212766
138 78 0.0666667
138 104 0.142857
138 94 0.0769231
139 69 0.047619
139 113 0.111111
140 60 0.0212766
140 74 0.0555556
140 94 0.0769231
140 61 0.0833333
141 73 0.125
141 123 0.125
141 64 0.05
141 120 0.2
142 128 0.142857
144 145 0.166667
144 146 0.166667
144 149 0.25
145 144 0.125
145 146 0.166667
145 149 0.25
146 145 0.166667
146 144 0.125
147 148 0.5
148 147 0.25
149 144 0.125
149 145 0.166667
151 56 0.0454545
151 141 0.142857
151 152 0.125
152 151 0.1
