0
0
0
0
0.096107
0.058531
1
1
1
0
0.093453
0.149645
0.224941
0.320687
0.167818
0.118768
0.079571
0.116877
0.143123
0
0.041516
0.155051
0.286267
0.256454
0.035376
0.18174
0.089342
0.03542
0.037957
0.498862
0.047885
0
0.032559
0.029975
0.254568
0
0.009989
0.278208
0.19726
0.332782
0.019681
0.031175
0.225257
0.014593
0
0.004211
0
0.000873
0.00118
0
0.000203
0.00256
0
0
5.4e-05
0.017636
0.064567
0.107662
0.079982
0.090538
1
0.21321
1
0.171887
1
0.204113
0.00904
1
0.15786
0.100211
0.036005
0.171473
0.105225
0.148692
0.104155
0.193111
0.012608
0.110294
0.105792
0.026671
0.0162
1
0.250078
0.12433
0.040301
0.255308
0.203092
0.501089
0.500776
0.007019
0.042872
0.005862
0.014068
0.008176
0.119449
0.095937
0.014408
0.048127
0.059748
0.014745
0.167184
0.007155
0.249859
0.046114
0.054512
0
0.003438
0.309379
0.042022
0.215129
0.065362
0.002398
0.001753
0.031795
0.33323
0.200091
0.003157
0.048177
0.141297
0.030337
0.203107
0.500472
0.052894
0.145975
0.159243
0.031331
0.10206
0.499949
0.028283
0.501339
0
0.002517
0
0
0.312472
0.085749
0.500231
0.333811
0.179879
0.033362
0.169682
0.049174
0.014265
0
0
0
0
0
0
0
0
0.006621
0.000841
