3 4
4 3
5 3
5 2
5 6
5 7
5 10
5 18
5 34
5 36
5 37
5 41
5 49
6 5
6 16
7 5
7 9
7 17
7 51
7 61
8 5
8 19
8 22
8 24
8 33
8 39
8 42
8 72
8 73
9 7
9 5
9 11
9 12
10 5
10 25
10 26
10 43
10 54
10 69
10 71
10 88
10 89
11 9
11 8
11 30
11 64
11 83
12 9
12 23
12 59
12 74
13 56
14 62
14 65
14 80
14 84
15 6
15 28
16 6
16 21
16 25
16 35
16 45
16 67
16 81
16 199
17 9
17 7
17 40
17 52
18 5
18 13
18 27
18 38
19 8
19 32
19 63
19 85
20 6
21 16
21 29
21 44
21 45
21 48
22 8
22 29
22 77
22 86
23 12
23 74
23 78
24 8
24 46
24 51
25 16
25 10
25 82
26 10
26 43
26 69
26 71
26 88
27 18
27 38
27 57
27 102
28 15
29 21
29 22
29 31
29 45
30 11
30 64
31 29
31 44
31 50
32 19
32 77
32 85
33 8
34 5
34 36
34 70
34 104
35 16
36 34
36 5
36 41
36 70
37 5
37 53
37 79
38 27
38 18
38 47
39 8
39 73
40 17
41 5
41 36
42 8
42 39
43 26
43 10
43 68
43 69
44 21
44 31
45 29
45 21
45 16
45 55
46 24
46 21
47 38
47 18
48 21
49 5
49 36
50 31
51 7
51 24
51 60
51 198
52 17
53 37
53 79
54 10
54 26
54 71
55 45
56 13
56 58
57 27
57 18
58 56
58 23
58 9
58 13
58 76
58 198
59 12
59 23
59 78
60 51
61 7
62 14
63 19
63 32
64 11
64 30
65 14
65 62
66 61
66 7
67 16
67 81
67 199
68 10
68 26
68 43
68 71
68 88
69 43
69 10
69 26
70 36
70 5
70 34
71 54
71 10
71 26
71 68
72 8
72 39
72 205
73 8
73 39
74 23
74 59
74 12
75 14
76 58
77 32
77 22
77 21
78 59
78 12
78 23
79 53
79 37
80 62
80 14
81 16
81 67
82 25
83 11
83 19
83 32
84 14
84 62
85 32
85 19
85 63
86 22
87 60
88 26
88 54
88 10
88 68
88 43
88 89
89 43
89 10
89 88
90 92
90 94
92 90
94 90
95 96
95 100
95 104
96 95
96 99
97 98
98 97
99 96
100 95
102 27
102 98
102 78
104 95
104 34
104 79
104 18
104 105
105 104
106 108
106 123
106 124
106 186
107 156
108 106
108 120
108 124
108 138
108 173
109 111
109 112
109 113
109 115
109 116
109 117
109 127
109 161
110 140
110 146
110 155
110 180
110 198
111 109
111 114
111 133
111 157
111 158
111 160
111 172
111 187
112 109
112 130
112 141
112 148
113 109
113 178
114 111
114 121
114 131
114 132
114 159
114 170
115 109
115 168
116 109
117 109
117 106
117 122
117 142
117 145
117 147
117 151
118 138
118 157
118 185
118 188
119 184
120 108
120 150
121 114
121 162
121 170
122 117
122 152
123 106
124 106
124 108
124 182
125 115
125 112
126 134
126 135
126 154
127 109
127 161
128 110
129 115
129 168
130 112
130 141
131 114
131 121
131 159
131 164
131 166
132 114
132 131
132 164
132 169
133 111
133 165
133 183
134 119
134 126
134 137
135 126
135 154
137 134
137 177
138 108
138 118
138 139
138 144
139 138
140 110
141 112
141 130
141 148
141 163
142 117
142 145
143 128
143 107
144 138
145 117
145 142
146 110
147 117
148 141
148 112
148 130
148 163
149 180
150 120
150 108
151 117
152 122
153 115
154 126
154 135
154 137
154 177
155 110
156 107
157 111
157 118
157 179
158 111
158 160
158 187
159 114
159 131
159 164
160 111
160 158
160 172
160 187
161 109
161 127
161 116
162 121
162 114
162 131
163 112
163 148
163 141
163 130
163 174
164 114
164 131
164 132
164 159
164 170
164 171
165 138
165 133
166 131
166 162
166 132
168 115
168 129
169 131
169 132
169 114
169 164
169 181
169 189
170 166
170 114
170 164
170 121
171 164
171 131
171 114
172 111
172 160
173 108
173 120
174 130
174 163
174 148
175 120
175 106
175 173
175 122
176 125
177 137
177 154
177 136
178 113
179 157
180 110
180 149
181 169
181 189
182 124
183 133
184 119
184 135
184 126
184 186
184 190
185 118
186 123
186 106
186 184
187 160
187 111
187 158
188 118
188 185
189 169
189 181
190 184
191 192
192 191
193 195
193 197
195 193
197 193
198 58
198 110
198 51
199 6
199 67
199 16
200 201
200 202
201 200
201 204
202 200
202 201
204 201
205 72
205 110
205 206
206 205
