0
0
0.201054
0.11179
0.03719
1
0.109013
0.057562
1
0.006561
1
0.000604
0.000982
0.011135
1
0
1
0.006487
0.121764
0.100836
0
0.060494
0.092858
0.001169
0.102944
0.235714
0.133578
0.017606
0
0.034925
0.000169
0.005219
0.019569
0.500345
0.255445
0.500384
0.195379
0.122645
0.022509
0.209485
0.003214
0.282922
0.333972
0.145634
0.008048
0.133804
0.016934
0.007541
0.015227
0.33348
0.002612
0.030763
0.001695
0.080653
0.204135
0.067072
0.004829
0.005824
0.008731
0.000298
0.010278
0.019337
0.350659
0.029686
0.000188
0.333876
0
0.164193
0.052933
0.200654
0.08618
0.16229
0.200992
0.285712
0.000417
0
0.00218
0.015657
0.000573
0.219934
0.333992
0.276192
0.117864
0.00011
0.333709
0.023089
0.046463
0
0.133291
0.219928
0
0
0
0
0
0.07167
0.010358
6.9e-05
0.000551
0.001707
0.035972
0
0.002243
0
1
0.500767
0.093749
0
0.064489
0.070662
1
1
0.005933
0.014107
0.045695
0.005996
0.016677
1
0.116206
0.202623
0.009903
0.007747
0.142797
0.096581
0.019457
0
0.108909
0.020348
0
0.000513
0.001074
0.004319
0.006264
0.142658
0.016239
0.216791
0.002836
0.008143
1
0.500754
0.501031
0.000943
0.298064
0
0.500426
0.297951
0.500635
0.500838
0.000771
0.031392
0.003338
0.501464
0.071554
0
0.035877
0.501334
0
0.180903
0.215845
0.008515
0.193476
0.017076
0.001991
0.000216
0.002169
0.028572
0.002367
0
0.001499
0.000625
0.00752
0.000536
0.28184
0.016172
4.9e-05
0
0
0.008519
0.00703
0.090665
0.250397
0.000171
0.009714
0.071504
1
0.047442
0.213153
0.21486
0.038791
0.000188
0.501098
0
0
0
0
0
0
0
0.092638
0.114839
0
0
0
0
0
0.013489
0.003408
