207
525
3 4 0.333333
4 3 0.111111
5 3 0.111111
5 2 0.2
5 6 0.0526316
5 7 0.0555556
5 10 0.04
5 18 0.0625
5 34 0.125
5 36 0.111111
5 37 0.1
5 41 0.25
5 49 0.333333
6 5 0.0243902
6 16 0.0555556
7 5 0.0243902
7 9 0.0909091
7 17 0.111111
7 51 0.125
7 61 0.333333
8 5 0.0243902
8 19 0.1
8 22 0.0909091
8 24 0.1
8 33 0.5
8 39 0.125
8 42 0.333333
8 72 0.2
8 73 0.25
9 7 0.0555556
9 5 0.0243902
9 11 0.0909091
9 12 0.111111
10 5 0.0243902
10 25 0.125
10 26 0.0769231
10 43 0.0909091
10 54 0.166667
10 69 0.166667
10 71 0.125
10 88 0.1
10 89 0.2
11 9 0.0909091
11 8 0.0416667
11 30 0.25
11 64 0.25
11 83 0.166667
12 9 0.0909091
12 23 0.111111
12 59 0.166667
12 74 0.2
13 56 0.25
14 62 0.2
14 65 0.333333
14 80 0.333333
14 84 0.333333
15 6 0.0526316
15 28 0.5
16 6 0.0526316
16 21 0.05
16 25 0.125
16 35 0.5
16 45 0.125
16 67 0.125
16 81 0.25
16 199 0.1
17 9 0.0909091
17 7 0.0555556
17 40 0.5
17 52 0.25
18 5 0.0243902
18 13 0.0833333
18 27 0.125
18 38 0.166667
19 8 0.0416667
19 32 0.125
19 63 0.25
19 85 0.2
20 6 0.0526316
21 16 0.0555556
21 29 0.125
21 44 0.125
21 45 0.125
21 48 0.25
22 8 0.0416667
22 29 0.125
22 77 0.142857
22 86 0.5
23 12 0.111111
23 74 0.2
23 78 0.166667
24 8 0.0416667
24 46 0.166667
24 51 0.125
25 16 0.0555556
25 10 0.04
25 82 0.5
26 10 0.04
26 43 0.0909091
26 69 0.166667
26 71 0.125
26 88 0.1
27 18 0.0625
27 38 0.166667
27 57 0.333333
27 102 0.125
28 15 0.166667
29 21 0.05
29 22 0.0909091
29 31 0.125
29 45 0.125
30 11 0.0909091
30 64 0.25
31 29 0.125
31 44 0.125
31 50 0.5
32 19 0.1
32 77 0.142857
32 85 0.2
33 8 0.0416667
34 5 0.0243902
34 36 0.111111
34 70 0.2
34 104 0.111111
35 16 0.0555556
36 34 0.125
36 5 0.0243902
36 41 0.25
36 70 0.2
37 5 0.0243902
37 53 0.25
37 79 0.2
38 27 0.125
38 18 0.0625
38 47 0.333333
39 8 0.0416667
39 73 0.25
40 17 0.111111
41 5 0.0243902
41 36 0.111111
42 8 0.0416667
42 39 0.125
43 26 0.0769231
43 10 0.04
43 68 0.125
43 69 0.166667
44 21 0.05
44 31 0.125
45 29 0.125
45 21 0.05
45 16 0.0555556
45 55 0.5
46 24 0.1
46 21 0.05
47 38 0.166667
47 18 0.0625
48 21 0.05
49 5 0.0243902
49 36 0.111111
50 31 0.125
51 7 0.0555556
51 24 0.1
51 60 0.333333
51 198 0.0909091
52 17 0.111111
53 37 0.1
53 79 0.2
54 10 0.04
54 26 0.0769231
54 71 0.125
55 45 0.125
56 13 0.0833333
56 58 0.0909091
57 27 0.125
57 18 0.0625
58 56 0.25
58 23 0.111111
58 9 0.0909091
58 13 0.0833333
58 76 0.25
58 198 0.0909091
59 12 0.111111
59 23 0.111111
59 78 0.166667
60 51 0.125
61 7 0.0555556
62 14 0.0714286
63 19 0.1
63 32 0.125
64 11 0.0909091
64 30 0.25
65 14 0.0714286
65 62 0.2
66 61 0.333333
66 7 0.0555556
67 16 0.0555556
67 81 0.25
67 199 0.1
68 10 0.04
68 26 0.0769231
68 43 0.0909091
68 71 0.125
68 88 0.1
69 43 0.0909091
69 10 0.04
69 26 0.0769231
70 36 0.111111
70 5 0.0243902
70 34 0.125
71 54 0.166667
71 10 0.04
71 26 0.0769231
71 68 0.125
72 8 0.0416667
72 39 0.125
72 205 0.0666667
73 8 0.0416667
73 39 0.125
74 23 0.111111
74 59 0.166667
74 12 0.111111
75 14 0.0714286
76 58 0.0909091
77 32 0.125
77 22 0.0909091
77 21 0.05
78 59 0.166667
78 12 0.111111
78 23 0.111111
79 53 0.25
79 37 0.1
80 62 0.2
80 14 0.0714286
81 16 0.0555556
81 67 0.125
82 25 0.125
83 11 0.0909091
83 19 0.1
83 32 0.125
84 14 0.0714286
84 62 0.2
85 32 0.125
85 19 0.1
85 63 0.25
86 22 0.0909091
87 60 0.333333
88 26 0.0769231
88 54 0.166667
88 10 0.04
88 68 0.125
88 43 0.0909091
88 89 0.2
89 43 0.0909091
89 10 0.04
89 88 0.1
90 92 0.25
90 94 0.5
92 90 0.1
94 90 0.1
95 96 0.142857
95 100 0.5
95 104 0.111111
96 95 0.0714286
96 99 0.166667
97 98 0.25
98 97 0.1
99 96 0.142857
100 95 0.0714286
102 27 0.125
102 98 0.25
102 78 0.166667
104 95 0.0714286
104 34 0.125
104 79 0.2
104 18 0.0625
104 105 0.5
105 104 0.111111
106 108 0.0588235
106 123 0.333333
106 124 0.125
106 186 0.2
107 156 0.333333
108 106 0.0714286
108 120 0.125
108 124 0.125
108 138 0.0714286
108 173 0.25
109 111 0.0384615
109 112 0.0833333
109 113 0.2
109 115 0.0833333
109 116 0.2
109 117 0.0625
109 127 0.25
109 161 0.2
110 140 0.5
110 146 0.5
110 155 0.5
110 180 0.25
110 198 0.0909091
111 109 0.0357143
111 114 0.0454545
111 133 0.142857
111 157 0.166667
111 158 0.166667
111 160 0.125
111 172 0.25
111 187 0.166667
112 109 0.0357143
112 130 0.142857
112 141 0.125
112 148 0.111111
113 109 0.0357143
113 178 0.5
114 111 0.0384615
114 121 0.142857
114 131 0.0666667
114 132 0.125
114 159 0.166667
114 170 0.142857
115 109 0.0357143
115 168 0.25
116 109 0.0357143
117 109 0.0357143
117 106 0.0714286
117 122 0.142857
117 142 0.25
117 145 0.25
117 147 0.5
117 151 0.5
118 138 0.0714286
118 157 0.166667
118 185 0.333333
118 188 0.333333
119 184 0.125
120 108 0.0588235
120 150 0.333333
121 114 0.0454545
121 162 0.2
121 170 0.142857
122 117 0.0625
122 152 0.5
123 106 0.0714286
124 106 0.0714286
124 108 0.0588235
124 182 0.5
125 115 0.0833333
125 112 0.0833333
126 134 0.142857
126 135 0.2
126 154 0.111111
127 109 0.0357143
127 161 0.2
128 110 0.05
129 115 0.0833333
129 168 0.25
130 112 0.0833333
130 141 0.125
131 114 0.0454545
131 121 0.142857
131 159 0.166667
131 164 0.0833333
131 166 0.2
132 114 0.0454545
132 131 0.0666667
132 164 0.0833333
132 169 0.1
133 111 0.0384615
133 165 0.2
133 183 0.5
134 119 0.2
134 126 0.0909091
134 137 0.142857
135 126 0.0909091
135 154 0.111111
137 134 0.142857
137 177 0.2
138 108 0.0588235
138 118 0.1
138 139 0.5
138 144 0.5
139 138 0.0714286
140 110 0.05
141 112 0.0833333
141 130 0.142857
141 148 0.111111
141 163 0.125
142 117 0.0625
142 145 0.25
143 128 0.25
143 107 0.0666667
144 138 0.0714286
145 117 0.0625
145 142 0.25
146 110 0.05
147 117 0.0625
148 141 0.125
148 112 0.0833333
148 130 0.142857
148 163 0.125
149 180 0.25
150 120 0.125
150 108 0.0588235
151 117 0.0625
152 122 0.142857
153 115 0.0833333
154 126 0.0909091
154 135 0.2
154 137 0.142857
154 177 0.2
155 110 0.05
156 107 0.0666667
157 111 0.0384615
157 118 0.1
157 179 0.5
158 111 0.0384615
158 160 0.125
158 187 0.166667
159 114 0.0454545
159 131 0.0666667
159 164 0.0833333
160 111 0.0384615
160 158 0.166667
160 172 0.25
160 187 0.166667
161 109 0.0357143
161 127 0.25
161 116 0.2
162 121 0.142857
162 114 0.0454545
162 131 0.0666667
163 112 0.0833333
163 148 0.111111
163 141 0.125
163 130 0.142857
163 174 0.25
164 114 0.0454545
164 131 0.0666667
164 132 0.125
164 159 0.166667
164 170 0.142857
164 171 0.25
165 138 0.0714286
165 133 0.142857
166 131 0.0666667
166 162 0.2
166 132 0.125
168 115 0.0833333
168 129 0.333333
169 131 0.0666667
169 132 0.125
169 114 0.0454545
169 164 0.0833333
169 181 0.25
169 189 0.25
170 166 0.2
170 114 0.0454545
170 164 0.0833333
170 121 0.142857
171 164 0.0833333
171 131 0.0666667
171 114 0.0454545
172 111 0.0384615
172 160 0.125
173 108 0.0588235
173 120 0.125
174 130 0.142857
174 163 0.125
174 148 0.111111
175 120 0.125
175 106 0.0714286
175 173 0.25
175 122 0.142857
176 125 0.333333
177 137 0.142857
177 154 0.111111
177 136 0.333333
178 113 0.2
179 157 0.166667
180 110 0.05
180 149 0.125
181 169 0.1
181 189 0.25
182 124 0.125
183 133 0.142857
184 119 0.2
184 135 0.2
184 126 0.0909091
184 186 0.2
184 190 0.5
185 118 0.1
186 123 0.333333
186 106 0.0714286
186 184 0.125
187 160 0.125
187 111 0.0384615
187 158 0.166667
188 118 0.1
188 185 0.333333
189 169 0.1
189 181 0.25
190 184 0.125
191 192 0.5
192 191 0.25
193 195 0.333333
193 197 0.5
195 193 0.1
197 193 0.1
198 58 0.0909091
198 110 0.05
198 51 0.125
199 6 0.0526316
199 67 0.125
199 16 0.0555556
200 201 0.166667
200 202 0.166667
201 200 0.166667
201 204 0.5
202 200 0.166667
202 201 0.166667
204 201 0.166667
205 72 0.2
205 110 0.05
205 206 0.25
206 205 0.0666667
