0 1
0 3
0 9
0 136
0 156
0 171
1 0
1 2
1 8
1 11
1 14
1 36
1 40
1 83
1 84
1 88
1 134
2 1
2 5
2 91
2 120
3 0
3 4
3 16
3 60
3 64
3 95
3 162
4 3
4 27
4 31
5 2
5 6
5 7
5 12
5 13
5 15
5 18
5 55
5 62
5 72
5 76
5 138
5 140
6 5
6 7
6 17
6 25
6 62
6 68
6 80
6 188
6 189
7 6
7 5
7 10
7 13
7 18
7 19
7 20
7 32
7 38
7 39
7 73
7 74
7 78
7 102
7 103
7 158
8 1
8 21
8 92
8 94
8 130
8 193
9 0
9 66
9 131
10 7
10 13
10 84
10 112
11 1
11 22
11 23
11 37
11 155
12 5
12 13
12 15
12 30
12 34
12 160
13 12
13 10
13 5
13 7
13 56
13 86
13 128
13 143
13 150
14 1
14 21
14 26
14 52
14 71
14 73
14 98
14 122
14 180
15 12
15 5
16 3
16 17
16 42
16 43
16 133
16 137
17 16
17 6
17 24
17 79
17 161
17 185
17 186
17 187
18 7
18 5
18 33
18 35
18 47
18 59
18 75
18 96
18 165
18 172
19 7
19 5
19 20
19 46
19 62
19 90
19 119
20 7
20 19
20 28
20 33
20 35
20 67
20 99
20 202
21 8
21 14
21 71
21 94
21 118
22 11
22 29
22 49
22 148
23 11
24 17
24 69
24 104
25 6
25 80
25 189
26 14
26 50
26 135
27 4
27 31
27 46
28 20
29 22
29 49
29 82
29 148
30 12
30 34
30 149
30 170
31 4
31 27
31 57
31 164
32 7
32 39
32 65
32 102
33 18
33 20
33 7
33 44
33 51
33 82
33 111
33 204
34 30
34 12
35 18
35 20
35 41
35 45
35 96
35 117
36 18
36 1
36 65
36 77
36 87
36 93
36 108
37 11
37 23
38 32
38 7
38 39
38 73
39 7
39 38
39 32
39 62
39 73
39 74
39 78
39 102
39 103
39 158
40 1
40 134
41 35
41 94
42 16
42 159
42 192
43 16
43 181
44 33
44 48
44 123
45 35
45 117
46 34
46 19
46 31
46 27
47 18
47 59
48 44
48 123
49 22
49 29
49 191
50 26
50 163
51 33
52 21
52 14
52 53
52 63
52 194
53 21
53 52
53 81
53 125
53 176
53 210
54 3
54 9
55 5
55 119
55 140
56 44
56 13
56 109
56 128
56 146
56 203
57 31
57 69
57 131
57 184
58 19
58 100
58 157
59 18
59 47
60 3
60 64
61 29
61 22
61 129
62 6
62 5
62 39
62 19
62 101
62 112
62 161
62 206
63 52
63 194
64 3
64 60
65 39
65 32
65 6
65 7
65 36
65 70
66 9
66 132
67 20
67 208
68 6
68 188
69 24
69 57
69 124
70 6
70 30
70 61
70 65
70 83
71 14
71 21
71 89
72 5
73 7
73 38
73 14
73 39
73 89
73 96
74 7
74 39
75 18
75 165
75 172
76 5
77 36
78 7
78 39
79 17
79 174
79 186
80 5
80 6
80 25
80 36
80 126
80 145
80 207
81 53
81 40
81 85
81 141
82 33
82 22
82 29
82 106
82 154
82 205
83 1
83 23
83 70
83 11
83 107
83 110
83 173
84 10
84 1
84 121
85 81
86 13
87 36
88 1
88 122
89 73
89 71
90 19
91 2
91 115
92 8
93 87
93 36
94 21
94 8
94 41
94 113
94 166
94 167
95 60
95 3
96 1
96 75
96 35
96 18
96 73
97 46
97 9
97 66
97 105
98 14
98 122
98 168
99 15
99 7
99 20
100 31
100 58
101 62
102 32
102 39
102 38
102 7
103 39
103 74
103 7
104 24
105 97
105 171
106 82
106 143
106 205
107 70
107 83
108 36
108 87
108 77
109 56
109 128
109 146
109 203
110 83
111 33
111 51
112 10
112 62
112 116
112 183
113 94
113 144
114 67
114 28
114 20
114 208
115 91
116 112
117 35
117 45
117 92
118 21
119 19
119 55
119 5
119 157
119 175
119 198
120 2
121 11
121 84
122 14
122 40
122 98
122 88
122 153
123 44
123 48
123 201
124 69
124 131
124 139
124 171
125 53
125 41
125 21
126 17
126 80
126 127
126 151
126 179
127 126
127 179
128 109
128 56
128 13
128 200
129 11
129 61
129 190
130 8
130 92
131 124
131 9
131 31
131 57
132 9
132 66
132 201
133 16
134 40
134 1
134 37
135 14
135 26
135 142
136 95
136 0
136 49
137 16
137 43
138 5
138 55
139 124
140 55
140 5
140 152
141 81
141 153
142 135
143 13
143 82
143 106
143 61
143 190
143 195
143 204
144 113
144 94
145 80
146 109
146 56
147 143
147 190
148 22
148 29
149 30
149 170
150 13
151 127
151 126
151 179
152 140
152 177
152 181
153 122
153 141
153 63
153 52
153 178
154 82
155 11
156 0
157 119
157 5
157 58
157 196
157 197
157 209
158 7
158 39
159 42
159 181
159 192
160 12
161 140
161 62
161 17
162 3
163 50
164 31
164 197
165 75
165 18
166 94
166 169
167 94
167 182
167 199
168 53
168 14
168 98
169 166
170 30
170 149
171 124
171 0
171 105
171 27
172 165
172 75
172 18
173 83
174 79
174 17
175 119
176 53
177 140
177 152
178 153
179 126
179 151
179 127
180 98
180 14
181 159
181 140
181 152
181 43
181 209
182 167
182 199
182 210
183 112
184 57
185 17
186 17
186 79
186 159
187 17
187 185
187 79
188 68
188 6
188 25
189 188
189 6
189 25
190 129
190 143
190 147
191 49
192 159
192 42
193 8
194 52
194 63
195 143
196 157
197 164
197 157
198 119
199 167
199 182
200 13
200 128
200 95
201 128
201 44
201 132
201 123
202 20
202 67
203 109
203 146
203 56
204 33
204 143
205 106
205 82
206 62
207 80
207 145
208 20
208 114
208 28
208 67
209 181
209 157
210 53
210 182
