0.138416
1
0.210862
1
0.169583
1
0.177219
1
0.099465
0.015828
0.174176
0.177171
0.112907
0.162993
1
0.21852
0.162047
1
0.091165
0.141557
0.065596
0.193472
0.05023
0.294422
0.167039
0.036076
0.166552
0.033404
0.016926
0.038757
0.027796
0.031729
0.160842
0.033419
0.032055
0.01791
0.075066
0.080545
0.179661
0.159948
0.234703
0.057362
0.033364
0.047694
0.005067
0.005207
0.024825
0.027
0.001445
0.017013
0.041936
0.013796
0.193435
1
0
0.203349
0.0166
0.007904
0.200538
0.026917
0.273071
0.18728
1
0.042703
0.295246
0.03764
0.003317
0.013994
0.051157
0.028935
0.11128
0.198548
0.50086
0.187003
0.258221
0.020751
0.500946
0.027062
0.27926
0.196745
0.017459
0.142835
0.100221
1
0.188658
0.071306
0.081923
0.025088
0.275969
0.092544
0.070944
0.042384
0.032232
0.024865
0.026732
0.207226
0.029232
0.000978
0.199517
0.01654
0.066772
0.500673
0.178554
0.224962
0.083664
0.005047
0.138106
0.3335
0.009233
0.005232
0.500918
0.011202
0.14343
0.006781
0.000465
0.021262
0.071658
0.004298
0.096808
0.118567
0.105837
0.037921
0.155285
0.001018
0.006579
0.251113
0.001997
0.000546
0.019851
0.068962
0.033247
0.004021
0.0007
0.081166
0.234595
0.033257
0.034531
0.053643
0.2505
0.00328
0.170037
0.040762
0.016744
1
0.002196
0.007091
0.004877
0.057109
0.021184
0.008272
0.081531
0.000452
0.033841
0.023934
0.050101
0.089095
0.069721
1
0.278194
0.037081
0.056474
0.36109
0.500519
0.02085
0.069131
0.015833
0.006641
0.007617
0.050251
0.003381
0.008311
0.020434
0.021515
0.500758
0.065876
0.059669
0.49974
0.011263
0.011993
0.000448
0.333234
0.039039
0.042341
0.07209
0.00394
0.389426
0.228709
0.250942
0.040816
0.040356
0.171894
0.008495
0.016688
0.02484
0.055349
0.500268
0.500369
0.251778
0.029734
0.00951
0.004973
0.000245
0.022102
0.00419
0.25378
0.056854
0.500729
0.005754
0.002352
0.253393
0.25079
