211
674
0 1 0.0416667
0 3 0.0666667
0 9 0.111111
0 136 0.25
0 156 0.5
0 171 0.142857
1 0 0.0714286
1 2 0.111111
1 8 0.0833333
1 11 0.0769231
1 14 0.05
1 36 0.0714286
1 40 0.166667
1 83 0.0833333
1 84 0.166667
1 88 0.25
1 134 0.2
2 1 0.0416667
2 5 0.03125
2 91 0.2
2 120 0.5
3 0 0.0714286
3 4 0.166667
3 16 0.0833333
3 60 0.2
3 64 0.25
3 95 0.2
3 162 0.5
4 3 0.0666667
4 27 0.142857
4 31 0.0909091
5 2 0.111111
5 6 0.0454545
5 7 0.0263158
5 12 0.0833333
5 13 0.0526316
5 15 0.2
5 18 0.0434783
5 55 0.142857
5 62 0.0625
5 72 0.5
5 76 0.5
5 138 0.25
5 140 0.111111
6 5 0.03125
6 7 0.0263158
6 17 0.0555556
6 25 0.142857
6 62 0.0625
6 68 0.25
6 80 0.0833333
6 188 0.166667
6 189 0.2
7 6 0.0454545
7 5 0.03125
7 10 0.125
7 13 0.0526316
7 18 0.0434783
7 19 0.0625
7 20 0.0555556
7 32 0.111111
7 38 0.125
7 39 0.047619
7 73 0.0833333
7 74 0.2
7 78 0.25
7 102 0.142857
7 103 0.2
7 158 0.25
8 1 0.0416667
8 21 0.0769231
8 92 0.25
8 94 0.0769231
8 130 0.333333
8 193 0.25
9 0 0.0714286
9 66 0.2
9 131 0.142857
10 7 0.0263158
10 13 0.0526316
10 84 0.166667
10 112 0.125
11 1 0.0416667
11 22 0.1
11 23 0.25
11 37 0.2
11 155 0.5
12 5 0.03125
12 13 0.0526316
12 15 0.2
12 30 0.111111
12 34 0.2
12 160 0.5
13 12 0.0833333
13 10 0.125
13 5 0.03125
13 7 0.0263158
13 56 0.0909091
13 86 0.5
13 128 0.111111
13 143 0.0714286
13 150 0.5
14 1 0.0416667
14 21 0.0769231
14 26 0.166667
14 52 0.1
14 71 0.166667
14 73 0.0833333
14 98 0.142857
14 122 0.111111
14 180 0.333333
15 12 0.0833333
15 5 0.03125
16 3 0.0666667
16 17 0.0555556
16 42 0.166667
16 43 0.2
16 133 0.5
16 137 0.333333
17 16 0.0833333
17 6 0.0454545
17 24 0.166667
17 79 0.142857
17 161 0.2
17 185 0.333333
17 186 0.2
17 187 0.25
18 7 0.0263158
18 5 0.03125
18 33 0.0666667
18 35 0.0769231
18 47 0.25
18 59 0.25
18 75 0.142857
18 96 0.1
18 165 0.125
18 172 0.2
19 7 0.0263158
19 5 0.03125
19 20 0.0555556
19 46 0.142857
19 62 0.0625
19 90 0.5
19 119 0.0909091
20 7 0.0263158
20 19 0.0625
20 28 0.25
20 33 0.0666667
20 35 0.0769231
20 67 0.166667
20 99 0.25
20 202 0.333333
21 8 0.0833333
21 14 0.05
21 71 0.166667
21 94 0.0769231
21 118 0.5
22 11 0.0769231
22 29 0.111111
22 49 0.142857
22 148 0.25
23 11 0.0769231
24 17 0.0555556
24 69 0.166667
24 104 0.5
25 6 0.0454545
25 80 0.0833333
25 189 0.2
26 14 0.05
26 50 0.25
26 135 0.2
27 4 0.166667
27 31 0.0909091
27 46 0.142857
28 20 0.0555556
29 22 0.1
29 49 0.142857
29 82 0.0833333
29 148 0.25
30 12 0.0833333
30 34 0.2
30 149 0.25
30 170 0.25
31 4 0.166667
31 27 0.142857
31 57 0.125
31 164 0.25
32 7 0.0263158
32 39 0.047619
32 65 0.111111
32 102 0.142857
33 18 0.0434783
33 20 0.0555556
33 7 0.0263158
33 44 0.1
33 51 0.333333
33 82 0.0833333
33 111 0.333333
33 204 0.25
34 30 0.111111
34 12 0.0833333
35 18 0.0434783
35 20 0.0555556
35 41 0.2
35 45 0.25
35 96 0.1
35 117 0.2
36 18 0.0434783
36 1 0.0416667
36 65 0.111111
36 77 0.333333
36 87 0.25
36 93 0.333333
36 108 0.125
37 11 0.0769231
37 23 0.25
38 32 0.111111
38 7 0.0263158
38 39 0.047619
38 73 0.0833333
39 7 0.0263158
39 38 0.125
39 32 0.111111
39 62 0.0625
39 73 0.0833333
39 74 0.2
39 78 0.25
39 102 0.142857
39 103 0.2
39 158 0.25
40 1 0.0416667
40 134 0.2
41 35 0.0769231
41 94 0.0769231
42 16 0.0833333
42 159 0.125
42 192 0.25
43 16 0.0833333
43 181 0.111111
44 33 0.0666667
44 48 0.25
44 123 0.166667
45 35 0.0769231
45 117 0.2
46 34 0.2
46 19 0.0625
46 31 0.0909091
46 27 0.142857
47 18 0.0434783
47 59 0.25
48 44 0.1
48 123 0.166667
49 22 0.1
49 29 0.111111
49 191 0.5
50 26 0.166667
50 163 0.5
51 33 0.0666667
52 21 0.0769231
52 14 0.05
52 53 0.0833333
52 63 0.166667
52 194 0.25
53 21 0.0769231
53 52 0.1
53 81 0.142857
53 125 0.25
53 176 0.5
53 210 0.25
54 3 0.0666667
54 9 0.111111
55 5 0.03125
55 119 0.0909091
55 140 0.111111
56 44 0.1
56 13 0.0526316
56 109 0.125
56 128 0.111111
56 146 0.2
56 203 0.2
57 31 0.0909091
57 69 0.166667
57 131 0.142857
57 184 0.5
58 19 0.0625
58 100 0.333333
58 157 0.0909091
59 18 0.0434783
59 47 0.25
60 3 0.0666667
60 64 0.25
61 29 0.111111
61 22 0.1
61 129 0.2
62 6 0.0454545
62 5 0.03125
62 39 0.047619
62 19 0.0625
62 101 0.5
62 112 0.125
62 161 0.2
62 206 0.5
63 52 0.1
63 194 0.25
64 3 0.0666667
64 60 0.2
65 39 0.047619
65 32 0.111111
65 6 0.0454545
65 7 0.0263158
65 36 0.0714286
65 70 0.0833333
66 9 0.111111
66 132 0.2
67 20 0.0555556
67 208 0.166667
68 6 0.0454545
68 188 0.166667
69 24 0.166667
69 57 0.125
69 124 0.125
70 6 0.0454545
70 30 0.111111
70 61 0.166667
70 65 0.111111
70 83 0.0833333
71 14 0.05
71 21 0.0769231
71 89 0.25
72 5 0.03125
73 7 0.0263158
73 38 0.125
73 14 0.05
73 39 0.047619
73 89 0.25
73 96 0.1
74 7 0.0263158
74 39 0.047619
75 18 0.0434783
75 165 0.125
75 172 0.2
76 5 0.03125
77 36 0.0714286
78 7 0.0263158
78 39 0.047619
79 17 0.0555556
79 174 0.333333
79 186 0.2
80 5 0.03125
80 6 0.0454545
80 25 0.142857
80 36 0.0714286
80 126 0.111111
80 145 0.333333
80 207 0.333333
81 53 0.0833333
81 40 0.166667
81 85 0.5
81 141 0.25
82 33 0.0666667
82 22 0.1
82 29 0.111111
82 106 0.125
82 154 0.5
82 205 0.25
83 1 0.0416667
83 23 0.25
83 70 0.0833333
83 11 0.0769231
83 107 0.333333
83 110 0.5
83 173 0.5
84 10 0.125
84 1 0.0416667
84 121 0.2
85 81 0.142857
86 13 0.0526316
87 36 0.0714286
88 1 0.0416667
88 122 0.111111
89 73 0.0833333
89 71 0.166667
90 19 0.0625
91 2 0.111111
91 115 0.5
92 8 0.0833333
93 87 0.25
93 36 0.0714286
94 21 0.0769231
94 8 0.0833333
94 41 0.2
94 113 0.25
94 166 0.25
94 167 0.1
95 60 0.2
95 3 0.0666667
96 1 0.0416667
96 75 0.142857
96 35 0.0769231
96 18 0.0434783
96 73 0.0833333
97 46 0.142857
97 9 0.111111
97 66 0.2
97 105 0.25
98 14 0.05
98 122 0.111111
98 168 0.25
99 15 0.2
99 7 0.0263158
99 20 0.0555556
100 31 0.0909091
100 58 0.2
101 62 0.0625
102 32 0.111111
102 39 0.047619
102 38 0.125
102 7 0.0263158
103 39 0.047619
103 74 0.2
103 7 0.0263158
104 24 0.166667
105 97 0.2
105 171 0.142857
106 82 0.0833333
106 143 0.0714286
106 205 0.25
107 70 0.0833333
107 83 0.0833333
108 36 0.0714286
108 87 0.25
108 77 0.333333
109 56 0.0909091
109 128 0.111111
109 146 0.2
109 203 0.2
110 83 0.0833333
111 33 0.0666667
111 51 0.333333
112 10 0.125
112 62 0.0625
112 116 0.5
112 183 0.5
113 94 0.0769231
113 144 0.333333
114 67 0.166667
114 28 0.25
114 20 0.0555556
114 208 0.166667
115 91 0.2
116 112 0.125
117 35 0.0769231
117 45 0.25
117 92 0.25
118 21 0.0769231
119 19 0.0625
119 55 0.142857
119 5 0.03125
119 157 0.0909091
119 175 0.5
119 198 0.25
120 2 0.111111
121 11 0.0769231
121 84 0.166667
122 14 0.05
122 40 0.166667
122 98 0.142857
122 88 0.25
122 153 0.125
123 44 0.1
123 48 0.25
123 201 0.142857
124 69 0.166667
124 131 0.142857
124 139 0.5
124 171 0.142857
125 53 0.0833333
125 41 0.2
125 21 0.0769231
126 17 0.0555556
126 80 0.0833333
126 127 0.2
126 151 0.2
126 179 0.166667
127 126 0.111111
127 179 0.166667
128 109 0.125
128 56 0.0909091
128 13 0.0526316
128 200 0.25
129 11 0.0769231
129 61 0.166667
129 190 0.166667
130 8 0.0833333
130 92 0.25
131 124 0.125
131 9 0.111111
131 31 0.0909091
131 57 0.125
132 9 0.111111
132 66 0.2
132 201 0.142857
133 16 0.0833333
134 40 0.166667
134 1 0.0416667
134 37 0.2
135 14 0.05
135 26 0.166667
135 142 0.5
136 95 0.2
136 0 0.0714286
136 49 0.142857
137 16 0.0833333
137 43 0.2
138 5 0.03125
138 55 0.142857
139 124 0.125
140 55 0.142857
140 5 0.03125
140 152 0.166667
141 81 0.142857
141 153 0.125
142 135 0.2
143 13 0.0526316
143 82 0.0833333
143 106 0.125
143 61 0.166667
143 190 0.166667
143 195 0.5
143 204 0.25
144 113 0.25
144 94 0.0769231
145 80 0.0833333
146 109 0.125
146 56 0.0909091
147 143 0.0714286
147 190 0.166667
148 22 0.1
148 29 0.111111
149 30 0.111111
149 170 0.25
150 13 0.0526316
151 127 0.2
151 126 0.111111
151 179 0.166667
152 140 0.111111
152 177 0.333333
152 181 0.111111
153 122 0.111111
153 141 0.25
153 63 0.166667
153 52 0.1
153 178 0.5
154 82 0.0833333
155 11 0.0769231
156 0 0.0714286
157 119 0.0909091
157 5 0.03125
157 58 0.2
157 196 0.5
157 197 0.25
157 209 0.25
158 7 0.0263158
158 39 0.047619
159 42 0.166667
159 181 0.111111
159 192 0.25
160 12 0.0833333
161 140 0.111111
161 62 0.0625
161 17 0.0555556
162 3 0.0666667
163 50 0.25
164 31 0.0909091
164 197 0.25
165 75 0.142857
165 18 0.0434783
166 94 0.0769231
166 169 0.5
167 94 0.0769231
167 182 0.166667
167 199 0.2
168 53 0.0833333
168 14 0.05
168 98 0.142857
169 166 0.25
170 30 0.111111
170 149 0.25
171 124 0.125
171 0 0.0714286
171 105 0.25
171 27 0.142857
172 165 0.125
172 75 0.142857
172 18 0.0434783
173 83 0.0833333
174 79 0.142857
174 17 0.0555556
175 119 0.0909091
176 53 0.0833333
177 140 0.111111
177 152 0.166667
178 153 0.125
179 126 0.111111
179 151 0.2
179 127 0.2
180 98 0.142857
180 14 0.05
181 159 0.125
181 140 0.111111
181 152 0.166667
181 43 0.2
181 209 0.25
182 167 0.1
182 199 0.2
182 210 0.25
183 112 0.125
184 57 0.125
185 17 0.0555556
186 17 0.0555556
186 79 0.142857
186 159 0.125
187 17 0.0555556
187 185 0.333333
187 79 0.142857
188 68 0.25
188 6 0.0454545
188 25 0.142857
189 188 0.166667
189 6 0.0454545
189 25 0.142857
190 129 0.2
190 143 0.0714286
190 147 0.333333
191 49 0.142857
192 159 0.125
192 42 0.166667
193 8 0.0833333
194 52 0.1
194 63 0.166667
195 143 0.0714286
196 157 0.0909091
197 164 0.25
197 157 0.0909091
198 119 0.0909091
199 167 0.1
199 182 0.166667
200 13 0.0526316
200 128 0.111111
200 95 0.2
201 128 0.111111
201 44 0.1
201 132 0.2
201 123 0.166667
202 20 0.0555556
202 67 0.166667
203 109 0.125
203 146 0.2
203 56 0.0909091
204 33 0.0666667
204 143 0.0714286
205 106 0.125
205 82 0.0833333
206 62 0.0625
207 80 0.0833333
207 145 0.333333
208 20 0.0555556
208 114 0.2
208 28 0.25
208 67 0.166667
209 181 0.111111
209 157 0.0909091
210 53 0.0833333
210 182 0.166667
