1 93
1 163
2 9
2 36
3 14
3 45
3 63
4 6
4 10
4 30
4 37
4 65
5 9
5 11
5 32
5 60
6 4
6 10
6 16
6 21
6 25
6 28
6 43
6 73
6 93
7 15
7 18
7 48
7 76
8 3
8 10
8 17
8 20
8 55
8 72
9 5
9 2
9 12
9 13
9 23
9 41
9 47
9 53
9 66
10 8
10 6
10 4
10 52
10 74
11 5
12 9
12 41
12 47
12 53
12 54
12 66
12 77
13 9
14 3
15 7
16 6
16 29
16 43
17 8
17 69
18 7
19 22
19 56
20 8
20 10
20 24
20 40
20 75
21 6
21 16
21 28
21 43
22 19
22 57
23 9
23 31
24 20
24 40
24 75
25 6
25 21
25 29
26 9
26 12
26 13
26 54
26 66
28 21
28 6
28 33
28 35
29 6
29 16
29 25
29 38
29 46
29 93
30 4
30 58
30 65
31 12
31 11
31 23
31 34
31 51
31 71
32 9
32 5
32 4
32 39
33 28
34 31
34 42
35 7
35 28
35 50
35 59
35 67
36 2
37 4
37 58
38 29
38 33
38 44
39 32
40 20
40 24
40 75
41 9
41 12
41 49
42 34
43 16
43 6
43 21
43 58
43 73
44 38
45 3
45 63
46 29
47 9
47 12
47 41
48 7
49 9
49 41
49 47
50 35
50 28
51 31
52 10
52 58
53 9
53 12
53 54
54 9
54 12
54 26
54 53
55 8
56 22
56 19
57 19
57 22
58 52
58 43
58 30
58 10
58 37
58 62
58 64
59 35
60 5
60 11
60 85
61 15
62 58
63 3
63 45
64 58
64 62
65 4
65 30
66 13
66 12
66 9
66 26
67 35
67 59
68 28
69 17
71 31
72 8
73 6
73 43
73 16
74 10
74 52
75 24
75 20
75 40
76 48
76 7
77 32
77 12
77 31
77 78
77 79
77 80
78 77
78 81
79 77
79 82
80 77
81 78
81 83
81 84
82 79
83 81
84 81
85 53
85 60
85 5
85 91
86 85
86 88
87 89
88 86
89 87
91 85
93 6
93 1
93 69
93 28
93 29
93 94
93 96
93 101
93 111
93 117
93 119
93 124
93 137
93 140
93 160
94 93
94 95
94 108
94 110
94 113
94 120
94 132
94 144
94 146
95 94
95 98
95 154
95 155
96 93
96 122
96 148
96 152
97 103
97 121
98 95
98 100
98 131
98 141
98 143
98 153
99 106
99 110
99 114
100 98
100 130
100 149
101 93
101 99
101 105
101 123
101 135
101 161
102 125
102 138
102 147
103 97
103 107
104 100
104 112
104 115
104 126
104 139
104 155
105 95
105 101
106 99
107 103
107 116
107 136
107 142
107 162
108 94
108 146
109 104
109 120
110 99
110 109
110 94
110 133
110 150
111 93
112 104
112 127
112 139
113 94
113 146
114 99
114 106
114 118
115 104
115 139
116 107
116 136
116 142
116 162
117 93
117 137
117 140
118 114
119 93
119 160
120 94
120 109
120 127
121 97
121 129
121 158
122 96
123 105
123 101
124 102
124 93
124 148
125 102
126 100
126 104
126 115
126 156
127 120
127 104
127 112
127 134
127 143
128 125
128 102
129 121
129 158
130 100
130 149
131 98
131 145
131 147
131 159
132 94
132 123
133 110
133 150
133 151
134 127
135 101
135 105
136 116
136 107
137 117
137 125
137 93
137 102
138 102
139 104
139 115
139 112
140 93
140 117
141 98
142 116
142 107
142 162
143 127
143 98
144 94
144 108
144 146
145 131
146 144
146 94
146 113
146 108
147 102
147 131
147 125
147 100
148 96
148 124
149 100
149 130
150 110
150 133
151 150
151 133
151 110
152 96
152 122
153 98
154 95
154 155
154 157
155 95
155 154
155 115
155 104
156 127
156 126
156 98
157 154
158 121
158 129
159 131
160 93
160 119
161 101
162 107
162 116
162 142
163 135
163 1
163 165
164 163
164 166
164 168
165 163
165 169
166 164
166 167
167 166
168 164
169 165
170 172
172 170
173 174
174 173
