0
0.07211
0.142441
0.111306
0.03892
0.08292
0.075314
0.084487
1
1
0.144474
0.265369
0.140508
0.284631
0.055588
0.014193
0.039714
0.313692
0.028063
0
0.112505
0.046185
0
0.304833
0.024755
0.028607
0.027242
0
0.167017
0.069959
0.171107
1
0.011984
0.059952
0.250761
1
0.071166
0.255317
0.013971
0.006077
0.02447
0.181055
0.125629
0.112465
0.007047
0.031367
0.02346
0.189985
0.034698
0.045355
0.200911
0.500429
0.228889
0.161154
0.035304
0.333972
0
0
1
0.407428
0.016588
0
0.40707
0.022399
0.3333
0.041313
0.159873
0.333817
0
0.389945
0
0.499719
0.500447
0.036362
0.048338
0.024756
0.028344
0.010699
0.001339
0.001802
0.005391
0.000155
0.000449
3.8e-05
4.3e-05
0.001211
0
0
0
0
0
0.000603
0
1
1
0.18834
0.103538
0
1
0.019948
0.187241
0.089575
0.035576
0
1
0.022671
0.007405
0
0.262901
0.043435
0.09164
0.50006
0.19825
0.283038
0.003961
0.237837
0
0.224174
0.00191
0.297148
0.1731
0
0.042281
0.082656
0.144801
0.04839
0.166929
0.047196
0
0
0.055901
0.091342
0.333964
0.018
0.023565
0.015677
0
0.195252
0.018121
0.219697
0.285893
0.500549
0
0.171972
0.227868
0.045725
0.198996
0.020519
0.040434
0.055715
0.021374
0.004557
0.034736
0.500312
0.057097
0.167396
0.041798
0.028684
0
0.045877
0.297798
0.044767
0
0.005101
0
0.000861
0
0
0
0.000429
0
0
0
0
0
0
