15
42
0 1 0.0909091
0 4 0.142857
0 6 0.142857
0 9 0.25
0 12 0.25
1 0 0.0526316
1 2 0.166667
1 3 0.25
1 5 0.166667
1 10 0.125
2 1 0.0909091
2 5 0.166667
2 10 0.125
3 1 0.0909091
3 11 0.25
4 0 0.0526316
4 9 0.25
4 14 0.25
5 1 0.0909091
5 2 0.166667
5 7 0.5
6 0 0.0526316
6 8 0.333333
6 14 0.25
7 5 0.166667
8 6 0.142857
8 0 0.0526316
9 0 0.0526316
9 4 0.142857
10 1 0.0909091
10 2 0.166667
10 11 0.25
10 13 0.333333
11 3 0.25
11 10 0.125
12 4 0.142857
12 0 0.0526316
12 6 0.142857
13 10 0.125
13 1 0.0909091
14 4 0.142857
14 6 0.142857
