1 2
1 54
2 1
3 4
3 5
3 10
3 17
3 43
4 3
4 25
4 40
4 44
5 3
5 41
6 8
6 9
6 27
6 33
7 6
7 15
7 16
7 20
7 24
7 28
7 35
8 6
8 15
8 27
9 7
9 6
9 18
9 22
9 36
10 3
10 43
11 12
11 29
11 37
12 11
13 4
13 14
13 19
13 21
13 39
14 4
14 13
15 7
15 8
15 31
15 44
16 11
16 7
16 30
17 3
17 10
17 43
17 54
18 9
19 13
20 7
20 34
21 13
22 9
23 21
24 7
24 28
24 34
24 35
25 4
25 26
25 38
26 25
26 32
26 38
27 6
27 8
27 33
28 7
28 24
28 34
29 11
29 37
30 16
31 15
32 26
32 25
32 38
33 27
33 6
34 20
34 7
34 24
34 28
35 28
35 24
35 34
35 7
36 9
37 29
37 11
38 25
38 32
38 26
39 13
40 4
41 5
41 42
42 41
43 3
43 10
43 17
44 4
44 15
44 45
45 44
45 46
46 45
47 48
47 49
48 47
49 47
52 53
53 52
54 10
54 17
54 1
54 55
55 54
56 57
56 58
56 65
56 68
56 69
56 70
56 73
56 76
56 92
56 98
56 108
57 56
57 60
57 88
57 94
57 99
58 56
58 59
58 61
58 63
59 58
59 66
59 86
59 106
60 56
60 57
60 62
60 64
60 66
60 77
60 81
60 87
60 90
60 91
61 58
61 104
62 60
62 78
62 79
62 89
62 110
63 58
64 60
64 83
65 56
65 57
65 74
65 96
65 103
66 59
66 60
66 67
66 80
66 95
66 102
67 66
67 105
67 107
68 56
68 75
68 84
68 85
69 56
69 70
70 56
70 69
70 76
70 108
71 61
72 109
73 56
73 76
74 65
74 82
74 103
75 68
76 73
76 70
76 56
76 101
77 60
77 81
77 87
77 90
78 62
79 62
79 78
79 93
79 110
80 66
80 95
81 60
81 77
82 74
82 65
82 96
83 64
83 97
84 68
85 75
85 68
85 91
86 59
87 60
87 77
87 90
88 57
88 94
89 62
89 79
89 78
89 93
89 100
90 60
90 77
90 87
90 91
91 77
91 60
91 90
91 85
92 56
93 89
93 79
93 110
94 57
94 88
95 66
95 80
96 65
96 82
97 83
98 92
98 56
98 70
99 57
100 89
100 93
100 62
101 76
102 80
102 66
103 65
103 96
103 74
104 61
105 67
105 111
106 59
107 67
108 56
108 70
109 72
110 93
110 89
110 100
110 79
110 62
111 62
111 58
111 105
111 112
112 111
113 114
114 113
