0
1.6e-05
1.3e-05
0.004588
0.082658
0.000755
0.149354
1
0.042654
1
0.000769
0.010273
0.005163
1
0.332997
0.086862
0.111982
0.000749
0.500312
0.500574
0.261458
0.166583
0.500374
0
0.167889
0.011842
0.001798
0.035326
0.189006
0.003092
0.055919
0.043698
0.000789
0.043467
0.083517
0.187512
0.500557
0.003082
0.002267
0.500037
0.041265
0.000111
5.7e-05
0.000936
0.010017
0.00175
0.000443
0
0
0
0
0
0
0
8.5e-05
4.2e-05
1
0.134045
0.148291
1
1
0.018485
0.083907
0.029737
0.142352
0.083998
0.129355
0.014596
0.094128
0.277895
0.161778
0
0
0.271876
0.012787
0.034502
0.136528
0.167387
0.025294
0.013319
0.037894
0.278203
0.006387
0.017998
0.04698
0.049789
0.5009
0.208264
0.039603
0.011218
0.176997
0.164799
0.388922
0.005396
0.040021
0.038834
0.020275
0.008986
0.250528
0.067238
0.004502
0.068386
0.042924
0.018676
0.009264
0.003705
0.499016
0.007255
0.277919
0
0.012251
0.000386
0.00019
0
0
0
0
0
