0 1
1 0
2 6
4 5
5 4
6 2
6 7
6 9
6 12
6 28
6 38
6 46
6 103
6 112
7 6
7 8
7 11
7 14
7 40
7 61
7 96
8 7
8 14
8 18
8 23
8 30
8 62
8 64
8 92
9 6
9 22
9 24
9 63
9 104
10 13
10 34
10 72
11 7
11 60
12 6
12 21
12 22
12 36
12 111
13 10
13 35
14 8
14 7
14 75
15 39
15 49
15 56
16 25
16 52
16 95
16 125
17 26
17 66
18 8
18 14
18 71
18 124
19 31
19 91
20 29
20 77
20 96
21 12
21 37
21 57
21 67
21 100
21 109
21 121
22 9
22 12
22 33
22 74
22 94
22 104
23 8
23 30
23 62
23 92
24 9
25 16
25 20
25 43
25 50
25 53
25 57
25 78
25 84
25 85
25 114
26 17
26 10
26 147
27 26
27 19
27 51
27 66
28 6
28 117
29 20
29 15
29 54
30 20
30 8
30 23
30 42
30 255
31 19
32 26
32 34
33 22
34 10
34 26
34 32
35 13
36 12
36 83
37 21
37 100
38 12
38 6
38 68
38 101
38 107
39 15
39 41
40 16
40 7
40 55
41 39
41 45
42 30
42 87
43 25
43 78
43 84
43 86
44 22
44 33
45 41
45 18
45 71
46 6
46 9
46 28
47 30
47 25
47 57
47 65
47 81
47 115
48 15
48 69
48 73
48 89
49 15
50 43
50 25
50 53
50 84
50 114
50 118
51 27
51 59
51 79
52 16
52 21
52 122
53 25
53 50
53 78
53 84
53 85
53 97
53 118
54 29
55 40
56 15
57 21
57 25
57 47
57 76
57 88
57 98
57 106
57 110
58 31
58 19
58 94
59 46
59 51
59 90
60 11
61 7
62 8
62 23
63 9
63 24
64 8
64 92
64 96
65 47
65 93
65 102
65 115
66 27
66 17
66 80
66 82
66 91
67 21
67 109
68 38
68 101
69 48
71 18
71 45
72 35
72 10
72 67
73 48
73 89
73 116
73 123
74 32
74 33
74 9
74 22
75 23
75 8
75 14
76 57
76 12
76 101
77 20
78 50
78 53
78 43
78 25
78 85
78 86
78 97
78 114
78 118
79 51
80 15
80 66
80 60
80 99
81 47
81 65
81 93
82 66
83 36
84 43
84 53
84 50
84 25
84 114
85 25
85 78
85 53
86 43
86 78
86 25
87 30
87 42
88 57
88 110
89 69
89 73
89 48
90 59
91 66
91 19
92 8
92 23
92 64
92 273
93 81
93 65
93 102
94 78
94 48
94 58
94 22
94 119
94 123
95 16
96 64
96 20
96 92
96 7
97 25
97 53
97 84
97 78
97 50
98 57
99 80
100 21
100 37
100 67
100 109
100 121
101 76
101 68
101 38
102 93
102 65
102 47
103 6
103 28
104 22
104 9
104 126
105 7
105 14
106 57
106 98
107 38
108 36
108 83
109 67
109 21
109 100
110 57
110 106
110 88
111 12
112 6
112 103
113 74
114 50
114 84
114 78
114 53
114 25
115 47
115 65
116 73
116 48
116 89
117 6
117 28
118 53
118 78
118 86
118 50
119 94
120 33
120 22
121 37
121 109
121 100
121 21
121 67
122 52
123 94
123 73
124 18
125 16
126 104
127 128
127 135
128 127
129 131
129 132
130 127
130 128
130 133
131 129
131 132
131 273
132 131
132 129
133 130
135 127
135 128
136 137
137 136
137 139
137 142
137 145
139 137
139 140
139 141
139 142
139 143
139 145
139 146
140 139
140 141
140 142
141 140
141 139
142 140
142 137
142 139
142 143
143 142
143 139
145 137
145 139
145 140
146 140
146 139
147 17
147 26
147 2
147 148
148 147
148 149
149 148
151 152
151 154
151 175
152 151
152 154
152 158
152 159
152 164
152 179
152 183
152 184
152 201
152 211
153 161
153 171
153 180
153 186
153 190
153 193
153 214
153 240
154 151
154 152
154 213
155 156
155 162
155 163
155 167
156 155
156 225
156 252
157 160
158 152
158 164
158 169
158 172
158 174
158 179
158 181
158 196
159 152
159 158
159 164
159 183
160 157
160 215
160 244
161 153
161 168
161 207
161 209
162 155
162 163
163 162
163 155
163 186
163 193
163 216
163 222
163 242
164 159
164 152
164 158
164 169
164 172
164 174
164 183
164 196
164 201
165 227
166 175
166 198
166 206
166 226
167 166
167 155
167 193
167 195
167 205
167 230
168 161
168 171
168 185
168 224
168 229
168 248
169 158
169 164
169 152
169 201
170 177
170 182
170 197
170 243
171 168
171 153
171 173
171 207
171 223
172 164
172 152
172 158
172 174
172 219
173 171
173 178
173 232
174 158
174 172
174 164
175 151
175 166
175 203
176 192
176 203
176 218
176 231
177 170
177 182
177 273
178 173
178 203
179 152
179 168
179 158
179 164
179 187
179 245
180 153
180 189
180 190
180 193
180 228
181 152
181 164
181 161
181 158
181 188
181 221
182 177
182 170
182 237
182 250
183 169
183 152
183 159
183 164
184 152
184 196
184 266
185 168
185 247
186 153
186 163
186 180
186 249
187 179
188 181
188 191
189 176
189 180
189 220
190 153
190 180
191 181
191 161
191 188
191 209
192 176
192 218
192 231
192 234
192 236
193 167
193 180
193 153
193 163
193 194
193 212
193 233
193 241
194 193
194 212
194 266
195 167
196 152
196 184
196 164
196 158
197 170
197 243
198 166
198 202
199 200
199 208
200 199
201 164
201 152
201 169
202 198
202 166
203 173
203 175
203 176
203 154
203 178
203 232
204 160
205 195
205 167
206 202
206 166
207 161
207 171
208 199
208 210
208 250
209 157
209 191
209 161
209 235
210 208
211 152
211 158
211 183
211 239
212 193
212 194
213 154
213 251
214 180
214 153
214 228
215 160
216 163
216 156
216 246
217 165
218 192
218 176
218 234
219 172
220 189
221 181
221 188
222 163
223 171
224 168
224 185
224 229
224 247
224 248
225 156
226 166
226 198
227 165
228 214
228 180
228 153
229 168
229 224
230 205
230 167
231 192
231 176
232 173
232 203
233 193
234 218
234 176
234 192
234 236
234 238
235 209
236 234
236 231
236 176
236 192
237 182
238 231
238 192
238 176
238 234
239 211
240 153
240 214
240 190
241 193
241 212
242 163
242 222
243 170
243 197
244 160
245 179
245 187
246 216
247 224
247 185
247 168
247 248
248 168
248 224
248 247
248 185
249 186
250 182
250 177
250 208
251 213
252 156
252 225
253 200
253 85
253 254
254 253
255 30
255 78
255 158
255 53
255 256
255 259
255 264
256 255
256 257
256 261
257 256
257 260
258 260
258 261
258 262
258 263
259 255
260 257
260 258
261 258
261 256
262 258
263 258
264 255
266 194
266 184
266 181
266 267
267 266
268 270
269 271
269 272
270 268
271 269
272 269
273 177
273 131
273 92
273 277
274 275
274 276
274 278
275 274
276 274
276 278
277 273
278 276
278 274
