0
0
0.091187
0
0
0
1
0.099213
1
0.071295
0.002998
0.03355
0.074954
0.000599
0.09862
0.017406
1
0.145213
0.100815
0.073455
0.032253
0.064719
0.063364
0.152982
0.028893
0.094929
0.03869
0.166677
0.141627
0.006463
0.189814
0.101687
0.001879
0.010321
0.000815
0.00032
0.012473
0.013342
0.079096
0.004373
0.019841
0.000911
0.047503
0.030404
0
0.00192
0.143689
0.077013
0.093204
0.008696
0.027863
0.02777
0.166709
0.080441
0.003238
0.009828
0.004316
1
0.251227
0.005609
0.041801
0.033287
0.275513
0.023742
0.18741
0.012314
1
0.012645
0.026671
0.036554
0
0.012553
0.00049
0.03786
0.010664
0.02001
0.168536
0.016048
0.113461
0.013958
0.142365
0.01568
0.499415
0.00414
0.023595
0.039266
0.027465
0.015947
0.288826
0.022066
0.001855
0.260361
0.146962
0.004735
1
0.500747
0.043724
0.0212
0.399592
0.071314
0.00837
0.032469
0.003287
0.313438
0.022082
0
0.294491
0.03959
0
0.01111
0.240998
0.037452
0.334226
0
0.022584
0.020985
0.007663
0.047398
0.030318
0.500045
0
0.010184
0.083342
0.20319
0.05059
0.500601
0.005546
0
0
0.000365
0
0.001817
0.000538
0
0
0
0.027962
0.166141
0
1
0.179049
0.189317
0.185952
0.280744
0
0.223966
0.333558
0.004924
0.000615
0.000147
0
0.126261
1
0.066626
0.124707
0.146156
0.028898
0.167326
0.103675
0.167607
1
0.007155
0.273802
1
0.075351
0
1
0.086907
0.006435
0.049511
0.0001
0.005488
0.01966
0.002558
0.021173
0.18189
0.001451
0.001171
0.004357
0.091474
0.101926
0.010901
0.000142
0.149124
0.172869
0.001188
0.15062
0.037359
0.002698
0.011232
0.035262
0.000447
0.000182
1
0.204428
0.035015
0.048544
3.1e-05
0.266709
0
0
0.180304
0.142109
0.015389
0
0.027119
0.333039
0.003058
3e-06
0.000824
1e-06
0.166957
0.279284
0.031472
0.016016
0.500862
0.142644
0
0.000303
0.009815
0.005631
0.003507
0.408107
0.002675
0.000965
0.011876
0.333121
0
0.01916
0.001771
0.02901
0.000295
0.004208
0.50115
6e-05
0.000415
4.5e-05
6.9e-05
1.8e-05
0.083734
0.016728
0.333455
0.332993
3.3e-05
0.500512
0.030411
0.071388
0.000428
0.001045
0.075277
2.3e-05
0.007823
0.009514
0
0
1
0.19794
0.050848
1
0.250612
0.170045
0.227807
0.251381
0.500558
0.5005
0
0.036951
0.018556
0
0
0
0
0
0.010647
0
0
0
0.005365
0
