279
783
0 1 0.5
1 0 0.25
2 6 0.0434783
4 5 0.5
5 4 0.25
6 2 0.0909091
6 7 0.047619
6 9 0.0588235
6 12 0.0555556
6 28 0.1
6 38 0.0769231
6 46 0.142857
6 103 0.25
6 112 0.333333
7 6 0.0434783
7 8 0.0434783
7 11 0.25
7 14 0.0833333
7 40 0.2
7 61 0.333333
7 96 0.142857
8 7 0.047619
8 14 0.0833333
8 18 0.1
8 23 0.1
8 30 0.0909091
8 62 0.25
8 64 0.166667
8 92 0.111111
9 6 0.0434783
9 22 0.0555556
9 24 0.333333
9 63 0.333333
9 104 0.166667
10 13 0.2
10 34 0.166667
10 72 0.166667
11 7 0.047619
11 60 0.25
12 6 0.0434783
12 21 0.0526316
12 22 0.0555556
12 36 0.166667
12 111 0.5
13 10 0.0769231
13 35 0.333333
14 8 0.0434783
14 7 0.047619
14 75 0.2
15 39 0.25
15 49 0.5
15 56 0.25
16 25 0.04
16 52 0.166667
16 95 0.5
16 125 0.5
17 26 0.125
17 66 0.0769231
18 8 0.0434783
18 14 0.0833333
18 71 0.125
18 124 0.5
19 31 0.333333
19 91 0.25
20 29 0.2
20 77 0.5
20 96 0.142857
21 12 0.0555556
21 37 0.166667
21 57 0.0555556
21 67 0.142857
21 100 0.0909091
21 109 0.125
21 121 0.142857
22 9 0.0588235
22 12 0.0555556
22 33 0.142857
22 74 0.166667
22 94 0.1
22 104 0.166667
23 8 0.0434783
23 30 0.0909091
23 62 0.25
23 92 0.111111
24 9 0.0588235
25 16 0.0714286
25 20 0.1
25 43 0.111111
25 50 0.0769231
25 53 0.0625
25 57 0.0555556
25 78 0.0526316
25 84 0.0909091
25 85 0.142857
25 114 0.0909091
26 17 0.142857
26 10 0.0769231
26 147 0.125
27 26 0.125
27 19 0.1
27 51 0.166667
27 66 0.0769231
28 6 0.0434783
28 117 0.333333
29 20 0.1
29 15 0.0714286
29 54 0.5
30 20 0.1
30 8 0.0434783
30 23 0.1
30 42 0.25
30 255 0.0714286
31 19 0.1
32 26 0.125
32 34 0.166667
33 22 0.0555556
34 10 0.0769231
34 26 0.125
34 32 0.166667
35 13 0.2
36 12 0.0555556
36 83 0.333333
37 21 0.0526316
37 100 0.0909091
38 12 0.0555556
38 6 0.0434783
38 68 0.25
38 101 0.125
38 107 0.5
39 15 0.0714286
39 41 0.142857
40 16 0.0714286
40 7 0.047619
40 55 0.5
41 39 0.25
41 45 0.142857
42 30 0.0909091
42 87 0.333333
43 25 0.04
43 78 0.0526316
43 84 0.0909091
43 86 0.166667
44 22 0.0555556
44 33 0.142857
45 41 0.142857
45 18 0.1
45 71 0.125
46 6 0.0434783
46 9 0.0588235
46 28 0.1
47 30 0.0909091
47 25 0.04
47 57 0.0555556
47 65 0.111111
47 81 0.2
47 115 0.25
48 15 0.0714286
48 69 0.333333
48 73 0.125
48 89 0.166667
49 15 0.0714286
50 43 0.111111
50 25 0.04
50 53 0.0625
50 84 0.0909091
50 114 0.0909091
50 118 0.142857
51 27 0.166667
51 59 0.2
51 79 0.5
52 16 0.0714286
52 21 0.0526316
52 122 0.5
53 25 0.04
53 50 0.0769231
53 78 0.0526316
53 84 0.0909091
53 85 0.142857
53 97 0.111111
53 118 0.142857
54 29 0.2
55 40 0.2
56 15 0.0714286
57 21 0.0526316
57 25 0.04
57 47 0.0769231
57 76 0.166667
57 88 0.25
57 98 0.333333
57 106 0.25
57 110 0.2
58 31 0.333333
58 19 0.1
58 94 0.1
59 46 0.142857
59 51 0.166667
59 90 0.333333
60 11 0.25
61 7 0.047619
62 8 0.0434783
62 23 0.1
63 9 0.0588235
63 24 0.333333
64 8 0.0434783
64 92 0.111111
64 96 0.142857
65 47 0.0769231
65 93 0.166667
65 102 0.2
65 115 0.25
66 27 0.166667
66 17 0.142857
66 80 0.142857
66 82 0.5
66 91 0.25
67 21 0.0526316
67 109 0.125
68 38 0.0769231
68 101 0.125
69 48 0.0909091
71 18 0.1
71 45 0.142857
72 35 0.333333
72 10 0.0769231
72 67 0.142857
73 48 0.0909091
73 89 0.166667
73 116 0.2
73 123 0.2
74 32 0.166667
74 33 0.142857
74 9 0.0588235
74 22 0.0555556
75 23 0.1
75 8 0.0434783
75 14 0.0833333
76 57 0.0555556
76 12 0.0555556
76 101 0.125
77 20 0.1
78 50 0.0769231
78 53 0.0625
78 43 0.111111
78 25 0.04
78 85 0.142857
78 86 0.166667
78 97 0.111111
78 114 0.0909091
78 118 0.142857
79 51 0.166667
80 15 0.0714286
80 66 0.0769231
80 60 0.25
80 99 0.5
81 47 0.0769231
81 65 0.111111
81 93 0.166667
82 66 0.0769231
83 36 0.166667
84 43 0.111111
84 53 0.0625
84 50 0.0769231
84 25 0.04
84 114 0.0909091
85 25 0.04
85 78 0.0526316
85 53 0.0625
86 43 0.111111
86 78 0.0526316
86 25 0.04
87 30 0.0909091
87 42 0.25
88 57 0.0555556
88 110 0.2
89 69 0.333333
89 73 0.125
89 48 0.0909091
90 59 0.2
91 66 0.0769231
91 19 0.1
92 8 0.0434783
92 23 0.1
92 64 0.166667
92 273 0.0714286
93 81 0.2
93 65 0.111111
93 102 0.2
94 78 0.0526316
94 48 0.0909091
94 58 0.25
94 22 0.0555556
94 119 0.5
94 123 0.2
95 16 0.0714286
96 64 0.166667
96 20 0.1
96 92 0.111111
96 7 0.047619
97 25 0.04
97 53 0.0625
97 84 0.0909091
97 78 0.0526316
97 50 0.0769231
98 57 0.0555556
99 80 0.142857
100 21 0.0526316
100 37 0.166667
100 67 0.142857
100 109 0.125
100 121 0.142857
101 76 0.166667
101 68 0.25
101 38 0.0769231
102 93 0.166667
102 65 0.111111
102 47 0.0769231
103 6 0.0434783
103 28 0.1
104 22 0.0555556
104 9 0.0588235
104 126 0.25
105 7 0.047619
105 14 0.0833333
106 57 0.0555556
106 98 0.333333
107 38 0.0769231
108 36 0.166667
108 83 0.333333
109 67 0.142857
109 21 0.0526316
109 100 0.0909091
110 57 0.0555556
110 106 0.25
110 88 0.25
111 12 0.0555556
112 6 0.0434783
112 103 0.25
113 74 0.166667
114 50 0.0769231
114 84 0.0909091
114 78 0.0526316
114 53 0.0625
114 25 0.04
115 47 0.0769231
115 65 0.111111
116 73 0.125
116 48 0.0909091
116 89 0.166667
117 6 0.0434783
117 28 0.1
118 53 0.0625
118 78 0.0526316
118 86 0.166667
118 50 0.0769231
119 94 0.1
120 33 0.142857
120 22 0.0555556
121 37 0.166667
121 109 0.125
121 100 0.0909091
121 21 0.0526316
121 67 0.142857
122 52 0.166667
123 94 0.1
123 73 0.125
124 18 0.1
125 16 0.0714286
126 104 0.166667
127 128 0.25
127 135 0.333333
128 127 0.111111
129 131 0.166667
129 132 0.25
130 127 0.111111
130 128 0.25
130 133 0.25
131 129 0.166667
131 132 0.25
131 273 0.0714286
132 131 0.166667
132 129 0.166667
133 130 0.25
135 127 0.111111
135 128 0.25
136 137 0.125
137 136 0.166667
137 139 0.0588235
137 142 0.125
137 145 0.2
139 137 0.125
139 140 0.1
139 141 0.166667
139 142 0.125
139 143 0.25
139 145 0.2
139 146 0.333333
140 139 0.0588235
140 141 0.166667
140 142 0.125
141 140 0.1
141 139 0.0588235
142 140 0.1
142 137 0.125
142 139 0.0588235
142 143 0.25
143 142 0.125
143 139 0.0588235
145 137 0.125
145 139 0.0588235
145 140 0.1
146 140 0.1
146 139 0.0588235
147 17 0.142857
147 26 0.125
147 2 0.0909091
147 148 0.125
148 147 0.125
148 149 0.25
149 148 0.125
151 152 0.0322581
151 154 0.111111
151 175 0.166667
152 151 0.1
152 154 0.111111
152 158 0.0416667
152 159 0.142857
152 164 0.0434783
152 179 0.0833333
152 183 0.111111
152 184 0.166667
152 201 0.166667
152 211 0.166667
153 161 0.0833333
153 171 0.0714286
153 180 0.0833333
153 186 0.142857
153 190 0.2
153 193 0.0625
153 214 0.166667
153 240 0.25
154 151 0.1
154 152 0.0322581
154 213 0.25
155 156 0.1
155 162 0.25
155 163 0.0714286
155 167 0.0769231
156 155 0.111111
156 225 0.333333
156 252 0.333333
157 160 0.0909091
158 152 0.0322581
158 164 0.0434783
158 169 0.1
158 172 0.1
158 174 0.111111
158 179 0.0833333
158 181 0.0769231
158 196 0.142857
159 152 0.0322581
159 158 0.0416667
159 164 0.0434783
159 183 0.111111
160 157 0.166667
160 215 0.5
160 244 0.5
161 153 0.0526316
161 168 0.0625
161 207 0.25
161 209 0.111111
162 155 0.111111
162 163 0.0714286
163 162 0.25
163 155 0.111111
163 186 0.142857
163 193 0.0625
163 216 0.142857
163 222 0.333333
163 242 0.333333
164 159 0.142857
164 152 0.0322581
164 158 0.0416667
164 169 0.1
164 172 0.1
164 174 0.111111
164 183 0.111111
164 196 0.142857
164 201 0.166667
165 227 0.5
166 175 0.166667
166 198 0.2
166 206 0.333333
166 226 0.333333
167 166 0.0769231
167 155 0.111111
167 193 0.0625
167 195 0.333333
167 205 0.25
167 230 0.333333
168 161 0.0833333
168 171 0.0714286
168 185 0.142857
168 224 0.111111
168 229 0.25
168 248 0.142857
169 158 0.0416667
169 164 0.0434783
169 152 0.0322581
169 201 0.166667
170 177 0.111111
170 182 0.111111
170 197 0.25
170 243 0.25
171 168 0.0625
171 153 0.0526316
171 173 0.0909091
171 207 0.25
171 223 0.5
172 164 0.0434783
172 152 0.0322581
172 158 0.0416667
172 174 0.111111
172 219 0.5
173 171 0.0714286
173 178 0.25
173 232 0.25
174 158 0.0416667
174 172 0.1
174 164 0.0434783
175 151 0.1
175 166 0.0769231
175 203 0.0833333
176 192 0.0909091
176 203 0.0833333
176 218 0.166667
176 231 0.166667
177 170 0.0833333
177 182 0.111111
177 273 0.0714286
178 173 0.0909091
178 203 0.0833333
179 152 0.0322581
179 168 0.0625
179 158 0.0416667
179 164 0.0434783
179 187 0.333333
179 245 0.333333
180 153 0.0526316
180 189 0.111111
180 190 0.2
180 193 0.0625
180 228 0.166667
181 152 0.0322581
181 164 0.0434783
181 161 0.0833333
181 158 0.0416667
181 188 0.2
181 221 0.333333
182 177 0.111111
182 170 0.0833333
182 237 0.5
182 250 0.2
183 169 0.1
183 152 0.0322581
183 159 0.142857
183 164 0.0434783
184 152 0.0322581
184 196 0.142857
184 266 0.1
185 168 0.0625
185 247 0.142857
186 153 0.0526316
186 163 0.0714286
186 180 0.0833333
186 249 0.5
187 179 0.0833333
188 181 0.0769231
188 191 0.125
189 176 0.0555556
189 180 0.0833333
189 220 0.5
190 153 0.0526316
190 180 0.0833333
191 181 0.0769231
191 161 0.0833333
191 188 0.2
191 209 0.111111
192 176 0.0555556
192 218 0.166667
192 231 0.166667
192 234 0.111111
192 236 0.166667
193 167 0.0769231
193 180 0.0833333
193 153 0.0526316
193 163 0.0714286
193 194 0.166667
193 212 0.2
193 233 0.5
193 241 0.333333
194 193 0.0625
194 212 0.2
194 266 0.1
195 167 0.0769231
196 152 0.0322581
196 184 0.166667
196 164 0.0434783
196 158 0.0416667
197 170 0.0833333
197 243 0.25
198 166 0.0769231
198 202 0.25
199 200 0.2
199 208 0.166667
200 199 0.166667
201 164 0.0434783
201 152 0.0322581
201 169 0.1
202 198 0.2
202 166 0.0769231
203 173 0.0909091
203 175 0.166667
203 176 0.0555556
203 154 0.111111
203 178 0.25
203 232 0.25
204 160 0.0909091
205 195 0.333333
205 167 0.0769231
206 202 0.25
206 166 0.0769231
207 161 0.0833333
207 171 0.0714286
208 199 0.166667
208 210 0.5
208 250 0.2
209 157 0.166667
209 191 0.125
209 161 0.0833333
209 235 0.5
210 208 0.166667
211 152 0.0322581
211 158 0.0416667
211 183 0.111111
211 239 0.5
212 193 0.0625
212 194 0.166667
213 154 0.111111
213 251 0.25
214 180 0.0833333
214 153 0.0526316
214 228 0.166667
215 160 0.0909091
216 163 0.0714286
216 156 0.1
216 246 0.5
217 165 0.2
218 192 0.0909091
218 176 0.0555556
218 234 0.111111
219 172 0.1
220 189 0.111111
221 181 0.0769231
221 188 0.2
222 163 0.0714286
223 171 0.0714286
224 168 0.0625
224 185 0.142857
224 229 0.25
224 247 0.142857
224 248 0.142857
225 156 0.1
226 166 0.0769231
226 198 0.2
227 165 0.2
228 214 0.166667
228 180 0.0833333
228 153 0.0526316
229 168 0.0625
229 224 0.111111
230 205 0.25
230 167 0.0769231
231 192 0.0909091
231 176 0.0555556
232 173 0.0909091
232 203 0.0833333
233 193 0.0625
234 218 0.166667
234 176 0.0555556
234 192 0.0909091
234 236 0.166667
234 238 0.2
235 209 0.111111
236 234 0.111111
236 231 0.166667
236 176 0.0555556
236 192 0.0909091
237 182 0.111111
238 231 0.166667
238 192 0.0909091
238 176 0.0555556
238 234 0.111111
239 211 0.166667
240 153 0.0526316
240 214 0.166667
240 190 0.2
241 193 0.0625
241 212 0.2
242 163 0.0714286
242 222 0.333333
243 170 0.0833333
243 197 0.25
244 160 0.0909091
245 179 0.0833333
245 187 0.333333
246 216 0.142857
247 224 0.111111
247 185 0.142857
247 168 0.0625
247 248 0.142857
248 168 0.0625
248 224 0.111111
248 247 0.142857
248 185 0.142857
249 186 0.142857
250 182 0.111111
250 177 0.111111
250 208 0.166667
251 213 0.25
252 156 0.1
252 225 0.333333
253 200 0.2
253 85 0.142857
253 254 0.25
254 253 0.142857
255 30 0.0909091
255 78 0.0526316
255 158 0.0416667
255 53 0.0625
255 256 0.166667
255 259 0.25
255 264 0.5
256 255 0.0714286
256 257 0.142857
256 261 0.2
257 256 0.166667
257 260 0.166667
258 260 0.166667
258 261 0.2
258 262 0.25
258 263 0.5
259 255 0.0714286
260 257 0.142857
260 258 0.0833333
261 258 0.0833333
261 256 0.166667
262 258 0.0833333
263 258 0.0833333
264 255 0.0714286
266 194 0.166667
266 184 0.166667
266 181 0.0769231
266 267 0.5
267 266 0.1
268 270 0.5
269 271 0.25
269 272 0.25
270 268 0.25
271 269 0.142857
272 269 0.142857
273 177 0.111111
273 131 0.166667
273 92 0.111111
273 277 0.5
274 275 0.5
274 276 0.25
274 278 0.25
275 274 0.125
276 274 0.125
276 278 0.25
277 273 0.0714286
278 276 0.25
278 274 0.125
