13 4
13 19
14 10
15 1
15 6
15 26
51 44
51 47
51 60
16 10
16 8
16 15
17 3
18 3
19 13
19 20
19 30
33 34
33 35
33 44
33 48
33 54
33 66
1 3
1 6
1 9
1 15
34 33
34 40
52 36
20 19
20 30
35 33
35 36
35 37
35 46
35 56
35 63
21 8
21 24
53 45
2 5
2 8
2 28
36 35
36 52
36 57
37 35
37 38
37 45
37 56
37 58
54 33
54 48
22 9
23 7
38 37
38 41
38 45
39 35
39 42
39 62
55 43
40 34
40 43
40 66
3 1
3 9
3 17
3 18
41 38
41 42
41 49
56 44
56 47
56 35
56 37
56 61
57 52
57 35
57 36
57 64
58 37
24 21
24 27
4 13
25 6
25 1
26 15
60 51
61 56
27 24
42 41
42 39
62 39
28 2
28 10
43 40
63 35
29 5
5 2
5 8
5 12
5 29
64 57
64 34
64 39
65 44
65 47
66 57
66 40
66 33
30 19
30 20
6 1
6 9
6 25
44 33
44 47
44 50
44 51
44 65
31 10
45 38
45 41
45 37
7 23
46 37
46 35
47 44
47 50
48 33
8 5
8 2
8 11
9 1
9 3
9 6
9 22
10 2
10 14
10 31
11 8
12 5
49 41
49 38
50 44
50 47
