0 1
0 2
1 0
1 2
23 19
2 1
2 0
2 3
3 2
36 37
36 56
37 36
37 38
38 37
49 46
50 42
50 41
50 56
39 40
39 43
39 46
4 5
4 6
4 8
4 11
4 12
4 25
5 4
5 7
5 12
5 13
5 15
5 22
5 25
5 26
5 31
51 46
24 6
52 47
52 53
52 55
6 4
6 8
6 10
6 24
6 33
25 5
25 4
25 15
25 28
26 15
26 5
26 22
26 31
27 14
27 11
40 39
40 41
40 45
7 5
7 4
7 16
28 25
41 40
41 42
41 47
41 48
41 50
41 56
29 11
29 14
8 6
8 4
9 4
10 6
10 7
11 4
11 14
11 27
30 21
30 8
42 41
42 47
42 48
42 50
42 56
53 52
54 43
54 44
12 4
12 5
12 17
12 18
12 19
31 5
31 26
13 5
14 11
14 29
15 5
15 25
15 32
55 52
16 7
32 5
32 15
56 41
56 36
56 42
56 50
56 57
43 39
43 44
43 54
17 12
17 20
17 21
18 12
19 12
19 21
19 23
44 43
44 54
33 24
33 6
45 40
45 39
20 17
57 4
57 6
57 56
46 39
46 49
46 51
34 35
47 41
47 42
47 52
35 34
21 19
21 17
21 30
48 42
48 41
22 5
