58
145
0 1 0.2
0 2 0.166667
1 0 0.166667
1 2 0.166667
23 19 0.125
2 1 0.2
2 0 0.166667
2 3 0.5
3 2 0.166667
36 37 0.25
36 56 0.0714286
37 36 0.166667
37 38 0.5
38 37 0.25
49 46 0.166667
50 42 0.1
50 41 0.0833333
50 56 0.0714286
39 40 0.1
39 43 0.125
39 46 0.166667
4 5 0.0454545
4 6 0.0833333
4 8 0.166667
4 11 0.142857
4 12 0.0833333
4 25 0.1
5 4 0.0526316
5 7 0.166667
5 12 0.0833333
5 13 0.5
5 15 0.111111
5 22 0.333333
5 25 0.1
5 26 0.166667
5 31 0.25
51 46 0.166667
24 6 0.0833333
52 47 0.125
52 53 0.5
52 55 0.5
6 4 0.0526316
6 8 0.166667
6 10 0.333333
6 24 0.333333
6 33 0.333333
25 5 0.0454545
25 4 0.0526316
25 15 0.111111
25 28 0.5
26 15 0.111111
26 5 0.0454545
26 22 0.333333
26 31 0.25
27 14 0.2
27 11 0.142857
40 39 0.0666667
40 41 0.0833333
40 45 0.25
7 5 0.0454545
7 4 0.0526316
7 16 0.5
28 25 0.1
41 40 0.1
41 42 0.1
41 47 0.125
41 48 0.25
41 50 0.166667
41 56 0.0714286
29 11 0.142857
29 14 0.2
8 6 0.0833333
8 4 0.0526316
9 4 0.0526316
10 6 0.0833333
10 7 0.166667
11 4 0.0526316
11 14 0.2
11 27 0.333333
30 21 0.125
30 8 0.166667
42 41 0.0833333
42 47 0.125
42 48 0.25
42 50 0.166667
42 56 0.0714286
53 52 0.166667
54 43 0.125
54 44 0.25
12 4 0.0526316
12 5 0.0454545
12 17 0.166667
12 18 0.5
12 19 0.125
31 5 0.0454545
31 26 0.166667
13 5 0.0454545
14 11 0.142857
14 29 0.333333
15 5 0.0454545
15 25 0.1
15 32 0.333333
55 52 0.166667
16 7 0.166667
32 5 0.0454545
32 15 0.111111
56 41 0.0833333
56 36 0.166667
56 42 0.1
56 50 0.166667
56 57 0.1
43 39 0.0666667
43 44 0.25
43 54 0.25
17 12 0.0833333
17 20 0.5
17 21 0.125
18 12 0.0833333
19 12 0.0833333
19 21 0.125
19 23 0.5
44 43 0.125
44 54 0.25
33 24 0.333333
33 6 0.0833333
45 40 0.1
45 39 0.0666667
20 17 0.166667
57 4 0.0526316
57 6 0.0833333
57 56 0.0714286
46 39 0.0666667
46 49 0.25
46 51 0.5
34 35 0.25
47 41 0.0833333
47 42 0.1
47 52 0.166667
35 34 0.25
21 19 0.125
21 17 0.166667
21 30 0.25
48 42 0.1
48 41 0.0833333
22 5 0.0454545
