3 4
3 5
3 10
3 29
3 47
3 56
3 61
3 68
3 70
3 75
4 3
4 13
4 56
4 68
4 75
5 3
5 4
5 11
5 47
5 63
6 7
6 9
6 28
6 59
6 60
6 69
6 194
7 6
7 16
7 19
7 52
7 194
8 15
8 49
9 6
9 35
9 43
10 3
10 5
10 14
10 23
10 25
10 26
11 5
11 48
11 63
13 4
13 5
13 3
14 10
15 8
15 49
16 7
16 52
16 62
16 69
17 7
17 21
17 57
18 4
18 5
18 3
18 70
19 7
19 55
19 65
20 4
20 46
21 17
21 45
23 10
24 12
24 14
24 27
24 32
24 36
25 10
26 10
26 25
27 24
27 30
28 6
29 3
29 4
29 72
30 27
30 42
31 41
31 74
32 24
32 36
33 27
33 34
34 33
34 71
35 9
35 57
36 24
36 32
37 31
38 4
38 15
38 73
39 20
39 50
40 51
41 31
41 74
42 30
42 27
43 9
43 44
43 67
44 43
45 21
45 17
46 20
47 3
47 5
48 11
48 61
49 15
49 8
50 39
51 40
52 7
52 16
55 19
55 65
56 3
56 4
57 17
57 35
57 58
57 188
58 57
59 6
60 6
60 69
61 48
61 3
61 63
62 16
62 7
62 52
63 11
63 61
63 5
63 64
64 63
65 19
65 55
66 23
66 10
66 26
66 25
67 43
67 59
67 6
68 4
68 3
68 70
69 60
69 16
69 6
70 4
70 3
70 18
70 68
71 34
71 47
72 29
73 49
73 38
74 41
74 31
75 3
75 4
75 70
76 77
76 78
76 80
77 76
77 78
77 79
77 82
78 77
78 76
78 81
79 77
80 76
81 78
82 77
82 83
83 82
84 85
84 87
84 88
84 92
85 84
85 87
85 88
87 85
87 84
88 84
88 85
88 188
89 90
89 91
90 89
91 89
92 84
92 91
93 89
94 16
94 31
94 3
94 95
94 96
95 94
95 96
96 95
96 94
97 163
98 99
98 101
98 113
98 114
98 165
98 171
98 194
99 98
99 101
99 163
99 194
100 105
101 99
101 98
102 97
102 109
102 110
102 118
102 142
102 156
103 104
103 106
104 103
104 123
104 175
105 100
105 145
106 103
106 98
106 121
106 133
106 152
106 158
106 164
107 100
107 115
107 138
108 119
108 130
108 140
108 153
108 159
109 102
110 102
110 142
111 117
111 131
111 141
111 144
111 160
111 172
111 181
112 116
112 122
112 127
112 168
112 169
112 174
113 98
113 148
113 154
113 176
114 98
114 124
114 126
114 143
114 149
114 162
115 107
115 128
116 112
116 122
116 174
116 182
117 111
117 144
117 172
118 102
118 110
118 156
119 108
120 112
121 106
121 134
121 180
122 112
122 116
122 127
122 169
123 104
123 125
124 114
124 143
124 149
125 123
125 132
125 150
126 124
126 114
126 128
126 139
126 143
126 149
126 162
127 112
127 116
127 122
127 168
127 174
128 115
128 126
128 114
128 167
129 123
129 173
130 108
130 151
131 111
131 115
131 107
131 141
132 125
133 106
133 103
133 136
133 179
134 121
134 180
135 138
136 133
136 147
136 164
137 126
137 124
137 114
138 107
138 115
138 135
138 146
138 170
139 126
139 137
139 124
139 114
139 143
140 108
140 119
141 135
141 111
141 131
142 110
142 102
143 126
143 139
143 124
143 114
143 162
144 117
144 111
144 161
145 105
145 131
145 172
146 138
146 147
146 170
146 183
147 136
147 146
148 113
148 177
149 115
149 114
149 139
149 126
149 124
149 178
150 125
151 130
151 155
152 106
153 108
153 159
154 148
154 113
154 176
155 151
155 130
156 102
156 118
156 110
157 166
158 106
159 144
159 108
159 153
159 140
160 111
160 117
160 181
161 117
161 144
161 111
162 114
162 143
162 126
162 139
163 99
163 97
163 98
163 185
164 147
164 106
164 136
164 158
165 98
165 99
165 171
166 157
166 124
167 128
168 127
168 112
168 122
169 122
169 127
169 112
169 116
169 182
170 146
170 138
171 166
171 165
171 98
172 117
172 145
172 111
173 129
174 127
174 112
174 116
174 186
175 104
176 113
176 154
176 177
177 148
177 113
177 176
178 149
179 133
180 121
180 134
181 117
181 160
181 111
182 169
182 127
182 116
183 138
183 146
185 163
185 194
186 174
188 57
188 88
188 129
188 123
188 189
189 188
189 190
189 192
190 189
191 188
192 189
194 98
194 7
194 6
194 185
194 99
194 197
197 194
199 200
199 201
200 199
201 200
201 199
201 202
202 201
