0
0
0
1
0.0825
0.071999
1
0.083357
0
0.072089
0.062971
0.015726
0
0.020662
0.0126
0
0.022536
0.000236
0.026634
0.009215
0
3.3e-05
0
0.021128
0
0.010937
0.015631
0
0.500001
0.200795
0
0
0
0
0
0.010562
0
0
0
0
0
0
0
0.012057
0.005937
1.1e-05
0
0.106653
0.026047
0
0
0
0.021328
0
0
0.002856
0.263757
0.003189
0.001593
0.334049
0.277769
0.169177
0.00573
0.031385
0.015556
0.002819
0
0.002018
0.194169
0.174099
0.133292
0
0.100702
0
0
0.177405
0.112954
1
0.136527
0.500254
0.056443
0.06863
0.250337
0.125404
1
0.223683
0
0.286016
0.194404
0.007518
0.003838
0.067242
0.333751
0
0
0
0
0.092122
1
0.139031
0.003313
0.220457
1
0.123303
0.015801
0.010237
1
0.030264
1
0.166318
0.26171
1
1
0.101023
0.108462
0.143883
0.13792
0.185428
0.232759
0.396939
0
0.112194
0.16902
0.003275
0.137005
0.000397
0.092152
0.145236
0.029405
0.002996
0.166369
0.129606
0.000188
0.114247
0.019563
0.026965
0.037422
0.031566
0.006128
0.125549
0.283346
0.156952
0.294798
0.046519
0.145559
0.038222
0.003495
0.02851
0.024442
1
0.0001
0.041518
0.499082
0.276945
0.023048
0.013796
0.23361
0.004724
0.371173
0.173721
0.232829
0.020667
0.033617
0.032527
0.168847
0.232544
0.033084
0.014703
0.221936
0.145091
0.002305
0.232681
0.19059
0.001492
0.137709
0.007919
0.020344
0.008457
0.500779
0.057309
0.031214
0.233438
0.054354
0.001149
0
0.044229
0.069215
0
0.017733
0.001285
0.00023
0
0.000343
0
0.151384
0
0
0.025248
0
0
0
0
0
