203
513
3 4 0.0416667
3 5 0.0588235
3 10 0.0625
3 29 0.2
3 47 0.1
3 56 0.25
3 61 0.166667
3 68 0.166667
3 70 0.1
3 75 0.166667
4 3 0.03125
4 13 0.25
4 56 0.25
4 68 0.166667
4 75 0.166667
5 3 0.03125
5 4 0.0416667
5 11 0.125
5 47 0.1
5 63 0.125
6 7 0.0714286
6 9 0.0714286
6 28 0.5
6 59 0.333333
6 60 0.25
6 69 0.142857
6 194 0.0714286
7 6 0.05
7 16 0.0833333
7 19 0.111111
7 52 0.2
7 194 0.0714286
8 15 0.166667
8 49 0.166667
9 6 0.05
9 35 0.142857
9 43 0.166667
10 3 0.03125
10 5 0.0588235
10 14 0.2
10 23 0.333333
10 25 0.142857
10 26 0.25
11 5 0.0588235
11 48 0.142857
11 63 0.125
13 4 0.0416667
13 5 0.0588235
13 3 0.03125
14 10 0.0625
15 8 0.125
15 49 0.166667
16 7 0.0714286
16 52 0.2
16 62 0.25
16 69 0.142857
17 7 0.0714286
17 21 0.166667
17 57 0.111111
18 4 0.0416667
18 5 0.0588235
18 3 0.03125
18 70 0.1
19 7 0.0714286
19 55 0.25
19 65 0.25
20 4 0.0416667
20 46 0.5
21 17 0.0769231
21 45 0.333333
23 10 0.0625
24 12 0.1
24 14 0.2
24 27 0.125
24 32 0.2
24 36 0.25
25 10 0.0625
26 10 0.0625
26 25 0.142857
27 24 0.0833333
27 30 0.25
28 6 0.05
29 3 0.03125
29 4 0.0416667
29 72 0.5
30 27 0.125
30 42 0.142857
31 41 0.25
31 74 0.25
32 24 0.0833333
32 36 0.25
33 27 0.125
33 34 0.25
34 33 0.142857
34 71 0.25
35 9 0.0714286
35 57 0.111111
36 24 0.0833333
36 32 0.2
37 31 0.111111
38 4 0.0416667
38 15 0.166667
38 73 0.2
39 20 0.166667
39 50 0.25
40 51 0.5
41 31 0.111111
41 74 0.25
42 30 0.25
42 27 0.125
43 9 0.0714286
43 44 0.5
43 67 0.166667
44 43 0.166667
45 21 0.166667
45 17 0.0769231
46 20 0.166667
47 3 0.03125
47 5 0.0588235
48 11 0.125
48 61 0.166667
49 15 0.166667
49 8 0.125
50 39 0.1
51 40 0.25
52 7 0.0714286
52 16 0.0833333
55 19 0.111111
55 65 0.25
56 3 0.03125
56 4 0.0416667
57 17 0.0769231
57 35 0.142857
57 58 0.5
57 188 0.0909091
58 57 0.111111
59 6 0.05
60 6 0.05
60 69 0.142857
61 48 0.142857
61 3 0.03125
61 63 0.125
62 16 0.0833333
62 7 0.0714286
62 52 0.2
63 11 0.125
63 61 0.166667
63 5 0.0588235
63 64 0.5
64 63 0.125
65 19 0.111111
65 55 0.25
66 23 0.333333
66 10 0.0625
66 26 0.25
66 25 0.142857
67 43 0.166667
67 59 0.333333
67 6 0.05
68 4 0.0416667
68 3 0.03125
68 70 0.1
69 60 0.25
69 16 0.0833333
69 6 0.05
70 4 0.0416667
70 3 0.03125
70 18 0.2
70 68 0.166667
71 34 0.25
71 47 0.1
72 29 0.2
73 49 0.166667
73 38 0.2
74 41 0.25
74 31 0.111111
75 3 0.03125
75 4 0.0416667
75 70 0.1
76 77 0.1
76 78 0.125
76 80 0.5
77 76 0.1
77 78 0.125
77 79 0.5
77 82 0.25
78 77 0.1
78 76 0.1
78 81 0.5
79 77 0.1
80 76 0.1
81 78 0.125
82 77 0.1
82 83 0.5
83 82 0.25
84 85 0.166667
84 87 0.25
84 88 0.166667
84 92 0.333333
85 84 0.1
85 87 0.25
85 88 0.166667
87 85 0.166667
87 84 0.1
88 84 0.1
88 85 0.166667
88 188 0.0909091
89 90 0.5
89 91 0.2
90 89 0.111111
91 89 0.111111
92 84 0.1
92 91 0.2
93 89 0.111111
94 16 0.0833333
94 31 0.111111
94 3 0.03125
94 95 0.125
94 96 0.1
95 94 0.0588235
95 96 0.1
96 95 0.125
96 94 0.0588235
97 163 0.125
98 99 0.0909091
98 101 0.2
98 113 0.1
98 114 0.0454545
98 165 0.2
98 171 0.2
98 194 0.0714286
99 98 0.04
99 101 0.2
99 163 0.125
99 194 0.0714286
100 105 0.25
101 99 0.0909091
101 98 0.04
102 97 0.0909091
102 109 0.166667
102 110 0.166667
102 118 0.2
102 142 0.25
102 156 0.2
103 104 0.125
103 106 0.0625
104 103 0.111111
104 123 0.0909091
104 175 0.5
105 100 0.0833333
105 145 0.2
106 103 0.111111
106 98 0.04
106 121 0.111111
106 133 0.111111
106 152 0.5
106 158 0.333333
106 164 0.166667
107 100 0.0833333
107 115 0.125
107 138 0.1
108 119 0.333333
108 130 0.166667
108 140 0.25
108 153 0.25
108 159 0.142857
109 102 0.0666667
110 102 0.0666667
110 142 0.25
111 117 0.111111
111 131 0.111111
111 141 0.142857
111 144 0.111111
111 160 0.2
111 172 0.166667
111 181 0.2
112 116 0.0909091
112 122 0.111111
112 127 0.0909091
112 168 0.2
112 169 0.125
112 174 0.111111
113 98 0.04
113 148 0.2
113 154 0.2
113 176 0.166667
114 98 0.04
114 124 0.1
114 126 0.0714286
114 143 0.1
114 149 0.1
114 162 0.142857
115 107 0.111111
115 128 0.125
116 112 0.0666667
116 122 0.111111
116 174 0.111111
116 182 0.2
117 111 0.0526316
117 144 0.111111
117 172 0.166667
118 102 0.0666667
118 110 0.166667
118 156 0.2
119 108 0.0714286
120 112 0.0666667
121 106 0.0625
121 134 0.142857
121 180 0.25
122 112 0.0666667
122 116 0.0909091
122 127 0.0909091
122 169 0.125
123 104 0.125
123 125 0.125
124 114 0.0454545
124 143 0.1
124 149 0.1
125 123 0.0909091
125 132 0.5
125 150 0.25
126 124 0.1
126 114 0.0454545
126 128 0.125
126 139 0.111111
126 143 0.1
126 149 0.1
126 162 0.142857
127 112 0.0666667
127 116 0.0909091
127 122 0.111111
127 168 0.2
127 174 0.111111
128 115 0.125
128 126 0.0714286
128 114 0.0454545
128 167 0.5
129 123 0.0909091
129 173 0.5
130 108 0.0714286
130 151 0.25
131 111 0.0526316
131 115 0.125
131 107 0.111111
131 141 0.142857
132 125 0.125
133 106 0.0625
133 103 0.111111
133 136 0.125
133 179 0.5
134 121 0.111111
134 180 0.25
135 138 0.1
136 133 0.111111
136 147 0.142857
136 164 0.166667
137 126 0.0714286
137 124 0.1
137 114 0.0454545
138 107 0.111111
138 115 0.125
138 135 0.166667
138 146 0.1
138 170 0.25
139 126 0.0714286
139 137 0.25
139 124 0.1
139 114 0.0454545
139 143 0.1
140 108 0.0714286
140 119 0.333333
141 135 0.166667
141 111 0.0526316
141 131 0.111111
142 110 0.166667
142 102 0.0666667
143 126 0.0714286
143 139 0.111111
143 124 0.1
143 114 0.0454545
143 162 0.142857
144 117 0.111111
144 111 0.0526316
144 161 0.142857
145 105 0.25
145 131 0.111111
145 172 0.166667
146 138 0.1
146 147 0.142857
146 170 0.25
146 183 0.333333
147 136 0.125
147 146 0.1
148 113 0.1
148 177 0.2
149 115 0.125
149 114 0.0454545
149 139 0.111111
149 126 0.0714286
149 124 0.1
149 178 0.5
150 125 0.125
151 130 0.166667
151 155 0.333333
152 106 0.0625
153 108 0.0714286
153 159 0.142857
154 148 0.2
154 113 0.1
154 176 0.166667
155 151 0.25
155 130 0.166667
156 102 0.0666667
156 118 0.2
156 110 0.166667
157 166 0.142857
158 106 0.0625
159 144 0.111111
159 108 0.0714286
159 153 0.25
159 140 0.25
160 111 0.0526316
160 117 0.111111
160 181 0.2
161 117 0.111111
161 144 0.111111
161 111 0.0526316
162 114 0.0454545
162 143 0.1
162 126 0.0714286
162 139 0.111111
163 99 0.0909091
163 97 0.0909091
163 98 0.04
163 185 0.25
164 147 0.142857
164 106 0.0625
164 136 0.125
164 158 0.333333
165 98 0.04
165 99 0.0909091
165 171 0.2
166 157 0.142857
166 124 0.1
167 128 0.125
168 127 0.0909091
168 112 0.0666667
168 122 0.111111
169 122 0.111111
169 127 0.0909091
169 112 0.0666667
169 116 0.0909091
169 182 0.2
170 146 0.1
170 138 0.1
171 166 0.142857
171 165 0.2
171 98 0.04
172 117 0.111111
172 145 0.2
172 111 0.0526316
173 129 0.166667
174 127 0.0909091
174 112 0.0666667
174 116 0.0909091
174 186 0.5
175 104 0.125
176 113 0.1
176 154 0.2
176 177 0.2
177 148 0.2
177 113 0.1
177 176 0.166667
178 149 0.1
179 133 0.111111
180 121 0.111111
180 134 0.142857
181 117 0.111111
181 160 0.2
181 111 0.0526316
182 169 0.125
182 127 0.0909091
182 116 0.0909091
183 138 0.1
183 146 0.1
185 163 0.125
185 194 0.0714286
186 174 0.111111
188 57 0.111111
188 88 0.166667
188 129 0.166667
188 123 0.0909091
188 189 0.0714286
189 188 0.0909091
189 190 0.166667
189 192 0.25
190 189 0.0714286
191 188 0.0909091
192 189 0.0714286
194 98 0.04
194 7 0.0714286
194 6 0.05
194 185 0.25
194 99 0.0909091
194 197 0.166667
197 194 0.0714286
199 200 0.2
199 201 0.2
200 199 0.111111
201 200 0.2
201 199 0.111111
201 202 0.25
202 201 0.2
