0 1
0 8
1 0
1 2
2 1
2 3
3 2
4 7
5 8
5 212
7 4
8 5
8 0
8 31
8 40
8 41
8 69
8 83
8 97
9 10
9 16
9 30
9 37
9 50
10 9
10 11
10 15
10 19
10 20
10 21
10 27
10 106
11 10
12 25
12 33
12 43
12 53
12 59
12 63
12 92
12 99
12 229
13 12
13 14
13 17
13 22
13 23
13 36
13 45
13 107
13 110
14 13
14 24
14 30
14 79
14 93
14 136
15 9
15 10
15 11
15 33
15 100
16 9
16 14
16 18
16 37
16 42
16 48
16 58
16 71
16 81
16 98
17 13
17 18
17 38
17 42
17 49
17 75
17 82
17 89
17 115
17 116
18 16
18 17
18 29
18 57
18 60
18 76
18 78
18 102
19 10
19 11
19 47
19 106
20 9
20 10
20 64
20 70
21 10
22 13
22 45
23 13
23 36
23 107
23 229
24 14
24 42
24 79
25 12
25 26
25 28
25 32
25 73
25 108
26 25
26 32
26 73
26 108
27 10
27 19
27 11
27 86
27 111
28 25
28 34
28 61
29 18
29 57
29 60
29 76
29 78
29 80
29 103
30 16
30 9
30 14
30 55
30 65
30 104
31 8
31 44
31 61
31 90
31 91
31 218
32 25
32 26
32 18
33 12
33 15
33 35
33 85
33 105
34 28
35 33
36 23
36 32
36 13
36 39
36 74
37 16
37 9
37 46
37 52
37 72
38 17
38 49
38 75
38 82
38 89
38 115
39 36
39 74
40 8
40 56
40 66
41 8
41 40
41 77
42 16
42 24
42 17
42 46
42 88
42 116
43 12
44 31
44 61
45 23
45 13
45 16
45 22
45 12
45 67
45 68
45 84
46 42
46 37
46 50
46 51
46 62
46 112
46 116
47 19
47 10
47 106
48 33
48 16
48 87
48 100
49 38
49 17
49 115
50 9
50 46
50 54
51 46
52 37
52 72
53 12
53 59
53 99
54 50
55 30
56 40
56 66
57 29
57 18
57 78
57 80
58 16
58 94
59 12
59 53
60 18
60 29
60 57
61 44
61 31
61 28
61 101
62 46
62 96
62 112
62 114
63 12
63 59
64 20
65 30
66 56
66 40
67 45
67 84
68 45
68 67
68 84
68 229
69 41
69 8
69 101
70 64
70 20
71 16
71 81
71 94
71 98
72 52
72 37
72 131
73 25
73 26
73 108
74 36
74 39
75 38
75 17
75 8
76 57
76 18
76 29
76 80
76 102
77 41
78 18
78 29
78 76
78 57
79 14
79 24
79 93
80 29
80 76
80 57
80 103
81 16
81 71
81 94
82 38
82 17
83 8
83 97
84 45
84 67
84 68
85 33
85 105
86 27
86 111
87 48
88 42
89 38
89 17
89 49
90 31
90 44
91 31
91 90
91 44
92 12
92 59
93 79
93 14
94 58
94 16
94 71
94 81
95 70
95 37
95 27
96 46
96 51
96 62
97 8
97 83
98 81
98 71
98 94
98 16
99 18
99 80
99 12
99 53
99 113
100 15
100 37
100 48
100 72
100 109
101 69
101 61
101 32
102 18
102 76
102 29
103 29
103 80
103 18
103 57
104 30
105 85
105 33
106 47
106 10
106 19
107 13
107 23
108 26
108 73
108 25
109 100
110 23
110 13
111 27
111 86
112 46
112 62
112 51
112 114
113 99
114 62
114 46
114 112
115 38
115 17
115 49
116 46
116 13
116 17
116 42
116 117
116 118
116 119
116 121
117 116
118 116
119 116
119 120
119 122
119 136
120 119
120 122
121 116
121 123
122 120
122 119
123 121
123 124
124 123
125 28
125 90
125 31
125 101
127 125
128 130
130 128
130 129
131 4
131 50
131 9
131 72
131 132
131 136
132 131
132 133
132 134
132 135
133 132
133 135
134 132
135 132
135 133
136 14
136 50
136 46
136 119
136 131
136 137
136 151
136 156
136 157
137 136
137 138
137 140
137 154
137 157
137 158
138 137
138 153
139 144
139 178
140 137
140 150
140 158
140 170
140 171
140 205
141 146
141 148
141 176
141 207
142 138
142 147
142 148
142 151
142 161
142 166
142 177
142 179
142 186
143 145
143 160
143 162
143 168
143 195
144 139
144 174
144 199
145 143
145 146
145 152
145 160
145 162
145 218
146 145
146 141
146 152
147 142
147 163
147 164
147 184
147 210
148 141
148 142
148 138
148 149
148 152
148 165
148 189
148 198
149 148
149 146
149 153
149 202
149 208
150 140
150 205
151 136
151 142
151 190
152 146
152 145
152 148
152 155
152 180
152 181
152 200
152 229
153 138
153 149
153 158
154 137
154 157
155 152
156 136
157 140
157 137
157 136
157 154
157 159
157 167
158 140
158 137
158 153
159 157
159 167
160 143
160 145
160 175
160 191
160 192
161 142
161 166
161 177
161 186
162 143
162 145
162 172
162 173
162 185
162 187
162 201
162 203
163 147
164 147
164 163
164 188
164 210
165 148
165 189
166 142
166 161
167 157
167 159
168 143
169 138
169 204
170 140
170 150
170 171
170 182
171 140
171 170
172 162
172 183
173 162
173 144
173 196
173 218
174 144
175 160
175 191
176 141
177 142
177 161
177 186
178 139
179 160
179 142
179 161
179 193
179 209
180 152
180 155
180 181
181 152
181 180
181 155
181 200
182 170
182 150
182 141
182 140
183 172
184 147
184 164
184 163
184 188
184 194
185 162
185 187
185 201
185 203
186 142
186 161
186 177
187 185
187 162
187 152
187 197
188 184
188 164
188 210
189 148
189 165
190 151
191 175
191 160
191 192
192 160
192 191
192 175
193 179
193 209
194 184
194 188
194 147
195 143
196 173
197 187
198 165
198 148
199 144
200 152
200 181
201 185
201 162
202 149
202 211
203 162
203 185
203 201
204 169
204 138
205 140
205 150
206 146
206 141
206 162
206 145
207 141
208 149
209 179
209 193
210 188
210 184
210 194
210 164
210 147
211 138
211 147
211 202
211 50
212 94
212 5
212 9
212 213
212 214
213 212
213 217
214 212
216 213
217 213
218 145
218 31
218 173
218 18
219 18
219 187
219 181
219 115
219 220
219 221
219 222
219 223
219 228
220 219
220 221
220 222
221 219
221 220
222 219
222 220
222 224
222 225
223 219
223 220
223 227
224 222
225 222
226 225
226 222
227 223
228 219
229 23
229 73
229 12
229 68
229 152
229 230
229 231
229 232
229 234
230 229
231 229
232 229
232 233
233 232
234 229
