0.250496
0.031561
0.006428
0.003266
0.02069
0.167264
0
0.010418
1
0.17748
1
0.260085
1
0.059855
0.218307
0.138326
1
1
0.134102
0.157055
0.143006
0.499868
0.019585
0.11069
0.069414
0.079204
0.027342
0.090845
0.010717
0.017648
1
0.079154
0.014206
0.110711
0.005339
0.055432
0.018804
0.107108
0.167416
0.00562
0.160892
0.147888
0.173315
0.500652
0.02039
0.020724
0.085149
0.065643
0.113363
0.219239
0.146107
0.024441
0.03389
0.219174
0.073402
0.500414
0.047982
0.02128
0.261187
0.279172
0.029667
0.017318
0.012098
0.333745
0.055812
0.501204
0.047892
0.035935
0.143762
0.2012
0.036104
0.168352
0.03587
0.153061
0.005688
0.22493
0.02129
0.073946
0.023448
0.053206
0.022512
0.189318
0.278185
0.298193
0.030999
0.033095
0.026784
0.056493
0.086864
0.224734
0.01895
0.019786
0.333594
0.063698
0.08452
0
0.002952
0.297988
0.187483
0.147575
0.025134
0.035859
0.03005
0.006469
0.500481
0.032891
0.188929
0.04137
0.04097
0.006329
0.020069
0.027033
0.013489
0.073796
0.004855
0.298758
0.077861
0.013038
0.02583
0.107366
0.021564
0.012846
0.030452
0.003215
0.001602
0
0
0
0
0
0
0.103144
0.01296
0.003832
0.006568
0.003842
1
0.092161
0.181274
0.000756
0.013253
0.087278
1
0.055569
0.010922
0.083596
0.052011
0.084328
1
0.115657
0.003035
0.305208
0.143943
0.051059
0.046028
0.079442
0.500222
0.099132
0.024682
0.029561
0.023756
0.163108
1
0.025558
0.013185
0.29269
0.277379
0.029424
0.027799
0
0.002257
0.003679
0.249955
0.14527
0.005474
0.006239
0.043494
0.205262
0.000367
0.125814
0.0557
0.146193
0.000486
0.125024
0.011021
0.19729
0.162009
0.252304
0.005288
0.2992
0.152756
0.005341
0.005509
0.037275
0.004415
0.027534
0.072923
0.126301
0.333829
0.005452
0.06881
0.261979
0.028795
0.228562
0
0.003772
0
0.043676
0.057891
0.037458
0.012153
0.002878
0.009805
0.001433
0.002444
0
0
0.00073
0.030389
1
0.207225
0.283548
0.106903
0.200996
0.053407
0.021666
0
0.10018
0.498776
1
0.500459
0.4994
0.166334
0.082859
0.500569
