235
728
0 1 0.125
0 8 0.0357143
1 0 0.25
1 2 0.2
2 1 0.125
2 3 0.5
3 2 0.2
4 7 0.5
5 8 0.0357143
5 212 0.0588235
7 4 0.2
8 5 0.166667
8 0 0.25
8 31 0.0769231
8 40 0.142857
8 41 0.125
8 69 0.2
8 83 0.25
8 97 0.25
9 10 0.047619
9 16 0.0454545
9 30 0.0909091
9 37 0.0833333
9 50 0.111111
10 9 0.0526316
10 11 0.2
10 15 0.125
10 19 0.125
10 20 0.142857
10 21 0.5
10 27 0.0909091
10 106 0.166667
11 10 0.047619
12 25 0.0666667
12 33 0.0909091
12 43 0.5
12 53 0.166667
12 59 0.166667
12 63 0.333333
12 92 0.333333
12 99 0.125
12 229 0.0588235
13 12 0.0454545
13 14 0.0769231
13 17 0.0454545
13 22 0.25
13 23 0.1
13 36 0.111111
13 45 0.0769231
13 107 0.25
13 110 0.333333
14 13 0.0416667
14 24 0.166667
14 30 0.0909091
14 79 0.166667
14 93 0.25
14 136 0.0526316
15 9 0.0526316
15 10 0.047619
15 11 0.2
15 33 0.0909091
15 100 0.1
16 9 0.0526316
16 14 0.0769231
16 18 0.0434783
16 37 0.0833333
16 42 0.0833333
16 48 0.111111
16 58 0.25
16 71 0.125
16 81 0.142857
16 98 0.166667
17 13 0.0416667
17 18 0.0434783
17 38 0.0833333
17 42 0.0833333
17 49 0.142857
17 75 0.2
17 82 0.25
17 89 0.2
17 115 0.142857
17 116 0.0588235
18 16 0.0454545
18 17 0.0454545
18 29 0.0666667
18 57 0.0909091
18 60 0.2
18 76 0.1
18 78 0.142857
18 102 0.2
19 10 0.047619
19 11 0.2
19 47 0.2
19 106 0.166667
20 9 0.0526316
20 10 0.047619
20 64 0.333333
20 70 0.25
21 10 0.047619
22 13 0.0416667
22 45 0.0769231
23 13 0.0416667
23 36 0.111111
23 107 0.25
23 229 0.0588235
24 14 0.0769231
24 42 0.0833333
24 79 0.166667
25 12 0.0454545
25 26 0.1
25 28 0.111111
25 32 0.0909091
25 73 0.142857
25 108 0.166667
26 25 0.0666667
26 32 0.0909091
26 73 0.142857
26 108 0.166667
27 10 0.047619
27 19 0.125
27 11 0.2
27 86 0.25
27 111 0.25
28 25 0.0666667
28 34 0.5
28 61 0.125
29 18 0.0434783
29 57 0.0909091
29 60 0.2
29 76 0.1
29 78 0.142857
29 80 0.111111
29 103 0.166667
30 16 0.0454545
30 9 0.0526316
30 14 0.0769231
30 55 0.5
30 65 0.5
30 104 0.5
31 8 0.0357143
31 44 0.166667
31 61 0.125
31 90 0.2
31 91 0.25
31 218 0.1
32 25 0.0666667
32 26 0.1
32 18 0.0434783
33 12 0.0454545
33 15 0.125
33 35 0.5
33 85 0.25
33 105 0.25
34 28 0.111111
35 33 0.0909091
36 23 0.1
36 32 0.0909091
36 13 0.0416667
36 39 0.25
36 74 0.25
37 16 0.0454545
37 9 0.0526316
37 46 0.0588235
37 52 0.25
37 72 0.142857
38 17 0.0454545
38 49 0.142857
38 75 0.2
38 82 0.25
38 89 0.2
38 115 0.142857
39 36 0.111111
39 74 0.25
40 8 0.0357143
40 56 0.25
40 66 0.25
41 8 0.0357143
41 40 0.142857
41 77 0.5
42 16 0.0454545
42 24 0.166667
42 17 0.0454545
42 46 0.0588235
42 88 0.5
42 116 0.0588235
43 12 0.0454545
44 31 0.0769231
44 61 0.125
45 23 0.1
45 13 0.0416667
45 16 0.0454545
45 22 0.25
45 12 0.0454545
45 67 0.2
45 68 0.142857
45 84 0.166667
46 42 0.0833333
46 37 0.0833333
46 50 0.111111
46 51 0.25
46 62 0.125
46 112 0.142857
46 116 0.0588235
47 19 0.125
47 10 0.047619
47 106 0.166667
48 33 0.0909091
48 16 0.0454545
48 87 0.5
48 100 0.1
49 38 0.0833333
49 17 0.0454545
49 115 0.142857
50 9 0.0526316
50 46 0.0588235
50 54 0.5
51 46 0.0588235
52 37 0.0833333
52 72 0.142857
53 12 0.0454545
53 59 0.166667
53 99 0.125
54 50 0.111111
55 30 0.0909091
56 40 0.142857
56 66 0.25
57 29 0.0666667
57 18 0.0434783
57 78 0.142857
57 80 0.111111
58 16 0.0454545
58 94 0.111111
59 12 0.0454545
59 53 0.166667
60 18 0.0434783
60 29 0.0666667
60 57 0.0909091
61 44 0.166667
61 31 0.0769231
61 28 0.111111
61 101 0.166667
62 46 0.0588235
62 96 0.25
62 112 0.142857
62 114 0.2
63 12 0.0454545
63 59 0.166667
64 20 0.142857
65 30 0.0909091
66 56 0.25
66 40 0.142857
67 45 0.0769231
67 84 0.166667
68 45 0.0769231
68 67 0.2
68 84 0.166667
68 229 0.0588235
69 41 0.125
69 8 0.0357143
69 101 0.166667
70 64 0.333333
70 20 0.142857
71 16 0.0454545
71 81 0.142857
71 94 0.111111
71 98 0.166667
72 52 0.25
72 37 0.0833333
72 131 0.1
73 25 0.0666667
73 26 0.1
73 108 0.166667
74 36 0.111111
74 39 0.25
75 38 0.0833333
75 17 0.0454545
75 8 0.0357143
76 57 0.0909091
76 18 0.0434783
76 29 0.0666667
76 80 0.111111
76 102 0.2
77 41 0.125
78 18 0.0434783
78 29 0.0666667
78 76 0.1
78 57 0.0909091
79 14 0.0769231
79 24 0.166667
79 93 0.25
80 29 0.0666667
80 76 0.1
80 57 0.0909091
80 103 0.166667
81 16 0.0454545
81 71 0.125
81 94 0.111111
82 38 0.0833333
82 17 0.0454545
83 8 0.0357143
83 97 0.25
84 45 0.0769231
84 67 0.2
84 68 0.142857
85 33 0.0909091
85 105 0.25
86 27 0.0909091
86 111 0.25
87 48 0.111111
88 42 0.0833333
89 38 0.0833333
89 17 0.0454545
89 49 0.142857
90 31 0.0769231
90 44 0.166667
91 31 0.0769231
91 90 0.2
91 44 0.166667
92 12 0.0454545
92 59 0.166667
93 79 0.166667
93 14 0.0769231
94 58 0.25
94 16 0.0454545
94 71 0.125
94 81 0.142857
95 70 0.25
95 37 0.0833333
95 27 0.0909091
96 46 0.0588235
96 51 0.25
96 62 0.125
97 8 0.0357143
97 83 0.25
98 81 0.142857
98 71 0.125
98 94 0.111111
98 16 0.0454545
99 18 0.0434783
99 80 0.111111
99 12 0.0454545
99 53 0.166667
99 113 0.5
100 15 0.125
100 37 0.0833333
100 48 0.111111
100 72 0.142857
100 109 0.25
101 69 0.2
101 61 0.125
101 32 0.0909091
102 18 0.0434783
102 76 0.1
102 29 0.0666667
103 29 0.0666667
103 80 0.111111
103 18 0.0434783
103 57 0.0909091
104 30 0.0909091
105 85 0.25
105 33 0.0909091
106 47 0.2
106 10 0.047619
106 19 0.125
107 13 0.0416667
107 23 0.1
108 26 0.1
108 73 0.142857
108 25 0.0666667
109 100 0.1
110 23 0.1
110 13 0.0416667
111 27 0.0909091
111 86 0.25
112 46 0.0588235
112 62 0.125
112 51 0.25
112 114 0.2
113 99 0.125
114 62 0.125
114 46 0.0588235
114 112 0.142857
115 38 0.0833333
115 17 0.0454545
115 49 0.142857
116 46 0.0588235
116 13 0.0416667
116 17 0.0454545
116 42 0.0833333
116 117 0.166667
116 118 0.333333
116 119 0.1
116 121 0.166667
117 116 0.0588235
118 116 0.0588235
119 116 0.0588235
119 120 0.166667
119 122 0.25
119 136 0.0526316
120 119 0.1
120 122 0.25
121 116 0.0588235
121 123 0.25
122 120 0.166667
122 119 0.1
123 121 0.166667
123 124 0.5
124 123 0.25
125 28 0.111111
125 90 0.2
125 31 0.0769231
125 101 0.166667
127 125 0.111111
128 130 0.25
130 128 0.2
130 129 0.333333
131 4 0.2
131 50 0.111111
131 9 0.0526316
131 72 0.142857
131 132 0.125
131 136 0.0526316
132 131 0.1
132 133 0.25
132 134 0.5
132 135 0.25
133 132 0.125
133 135 0.25
134 132 0.125
135 132 0.125
135 133 0.25
136 14 0.0769231
136 50 0.111111
136 46 0.0588235
136 119 0.1
136 131 0.1
136 137 0.0714286
136 151 0.166667
136 156 0.5
136 157 0.0909091
137 136 0.0526316
137 138 0.0909091
137 140 0.0625
137 154 0.25
137 157 0.0909091
137 158 0.166667
138 137 0.0714286
138 153 0.166667
139 144 0.0769231
139 178 0.5
140 137 0.0714286
140 150 0.166667
140 158 0.166667
140 170 0.142857
140 171 0.25
140 205 0.25
141 146 0.125
141 148 0.0666667
141 176 0.5
141 207 0.5
142 138 0.0909091
142 147 0.0833333
142 148 0.0666667
142 151 0.166667
142 161 0.1
142 166 0.25
142 177 0.166667
142 179 0.125
142 186 0.125
143 145 0.0666667
143 160 0.0909091
143 162 0.0588235
143 168 0.5
143 195 0.5
144 139 0.0666667
144 174 0.5
144 199 0.5
145 143 0.05
145 146 0.125
145 152 0.0588235
145 160 0.0909091
145 162 0.0588235
145 218 0.1
146 145 0.0666667
146 141 0.0833333
146 152 0.0588235
147 142 0.04
147 163 0.25
147 164 0.125
147 184 0.111111
147 210 0.125
148 141 0.0833333
148 142 0.04
148 138 0.0909091
148 149 0.111111
148 152 0.0588235
148 165 0.2
148 189 0.25
148 198 0.333333
149 148 0.0666667
149 146 0.125
149 153 0.166667
149 202 0.25
149 208 0.5
150 140 0.0625
150 205 0.25
151 136 0.0526316
151 142 0.04
151 190 0.5
152 146 0.125
152 145 0.0666667
152 148 0.0666667
152 155 0.25
152 180 0.2
152 181 0.125
152 200 0.25
152 229 0.0588235
153 138 0.0909091
153 149 0.111111
153 158 0.166667
154 137 0.0714286
154 157 0.0909091
155 152 0.0588235
156 136 0.0526316
157 140 0.0625
157 137 0.0714286
157 136 0.0526316
157 154 0.25
157 159 0.25
157 167 0.25
158 140 0.0625
158 137 0.0714286
158 153 0.166667
159 157 0.0909091
159 167 0.25
160 143 0.05
160 145 0.0666667
160 175 0.2
160 191 0.166667
160 192 0.2
161 142 0.04
161 166 0.25
161 177 0.166667
161 186 0.125
162 143 0.05
162 145 0.0666667
162 172 0.25
162 173 0.142857
162 185 0.125
162 187 0.125
162 201 0.2
162 203 0.2
163 147 0.0833333
164 147 0.0833333
164 163 0.25
164 188 0.142857
164 210 0.125
165 148 0.0666667
165 189 0.25
166 142 0.04
166 161 0.1
167 157 0.0909091
167 159 0.25
168 143 0.05
169 138 0.0909091
169 204 0.333333
170 140 0.0625
170 150 0.166667
170 171 0.25
170 182 0.2
171 140 0.0625
171 170 0.142857
172 162 0.0588235
172 183 0.5
173 162 0.0588235
173 144 0.0769231
173 196 0.5
173 218 0.1
174 144 0.0769231
175 160 0.0909091
175 191 0.166667
176 141 0.0833333
177 142 0.04
177 161 0.1
177 186 0.125
178 139 0.0666667
179 160 0.0909091
179 142 0.04
179 161 0.1
179 193 0.25
179 209 0.25
180 152 0.0588235
180 155 0.25
180 181 0.125
181 152 0.0588235
181 180 0.2
181 155 0.25
181 200 0.25
182 170 0.142857
182 150 0.166667
182 141 0.0833333
182 140 0.0625
183 172 0.25
184 147 0.0833333
184 164 0.125
184 163 0.25
184 188 0.142857
184 194 0.2
185 162 0.0588235
185 187 0.125
185 201 0.2
185 203 0.2
186 142 0.04
186 161 0.1
186 177 0.166667
187 185 0.125
187 162 0.0588235
187 152 0.0588235
187 197 0.5
188 184 0.111111
188 164 0.125
188 210 0.125
189 148 0.0666667
189 165 0.2
190 151 0.166667
191 175 0.2
191 160 0.0909091
191 192 0.2
192 160 0.0909091
192 191 0.166667
192 175 0.2
193 179 0.125
193 209 0.25
194 184 0.111111
194 188 0.142857
194 147 0.0833333
195 143 0.05
196 173 0.142857
197 187 0.125
198 165 0.2
198 148 0.0666667
199 144 0.0769231
200 152 0.0588235
200 181 0.125
201 185 0.125
201 162 0.0588235
202 149 0.111111
202 211 0.1
203 162 0.0588235
203 185 0.125
203 201 0.2
204 169 0.333333
204 138 0.0909091
205 140 0.0625
205 150 0.166667
206 146 0.125
206 141 0.0833333
206 162 0.0588235
206 145 0.0666667
207 141 0.0833333
208 149 0.111111
209 179 0.125
209 193 0.25
210 188 0.142857
210 184 0.111111
210 194 0.2
210 164 0.125
210 147 0.0833333
211 138 0.0909091
211 147 0.0833333
211 202 0.25
211 50 0.111111
212 94 0.111111
212 5 0.166667
212 9 0.0526316
212 213 0.142857
212 214 0.25
213 212 0.0588235
213 217 0.5
214 212 0.0588235
216 213 0.142857
217 213 0.142857
218 145 0.0666667
218 31 0.0769231
218 173 0.142857
218 18 0.0434783
219 18 0.0434783
219 187 0.125
219 181 0.125
219 115 0.142857
219 220 0.142857
219 221 0.25
219 222 0.0909091
219 223 0.2
219 228 0.5
220 219 0.0625
220 221 0.25
220 222 0.0909091
221 219 0.0625
221 220 0.142857
222 219 0.0625
222 220 0.142857
222 224 0.5
222 225 0.2
223 219 0.0625
223 220 0.142857
223 227 0.5
224 222 0.0909091
225 222 0.0909091
226 225 0.2
226 222 0.0909091
227 223 0.2
228 219 0.0625
229 23 0.1
229 73 0.142857
229 12 0.0454545
229 68 0.142857
229 152 0.0588235
229 230 0.5
229 231 0.5
229 232 0.166667
229 234 0.5
230 229 0.0588235
231 229 0.0588235
232 229 0.0588235
232 233 0.5
233 232 0.166667
234 229 0.0588235
