18
48
0 1 0.25
0 2 0.25
0 3 0.0714286
0 4 0.166667
0 5 0.142857
0 7 0.5
1 0 0.0454545
1 12 0.333333
2 0 0.0454545
2 8 0.2
3 0 0.0454545
3 6 0.2
3 9 0.111111
3 11 0.166667
3 13 0.333333
3 16 0.333333
4 0 0.0454545
4 5 0.142857
4 9 0.111111
5 4 0.166667
5 0 0.0454545
5 11 0.166667
6 3 0.0714286
6 17 0.25
7 0 0.0454545
8 2 0.25
8 3 0.0714286
8 10 0.5
9 4 0.166667
9 0 0.0454545
9 3 0.0714286
9 15 0.5
9 17 0.25
10 8 0.2
11 3 0.0714286
11 5 0.142857
11 14 0.25
12 1 0.25
12 6 0.2
13 3 0.0714286
14 11 0.166667
14 3 0.0714286
14 5 0.142857
15 9 0.111111
16 3 0.0714286
16 13 0.333333
17 9 0.111111
17 6 0.2
