22 19
22 15
22 33
23 3
23 24
23 30
23 35
45 47
2 4
24 23
24 31
24 35
24 42
46 55
46 63
67 63
25 7
25 5
26 4
26 10
47 45
47 51
48 56
27 20
49 45
49 50
49 68
3 5
3 20
3 23
3 38
4 2
4 8
4 10
4 17
4 26
50 49
28 11
51 47
51 45
51 62
29 6
29 12
29 9
29 11
30 23
30 24
52 50
52 53
52 57
52 60
68 49
5 3
5 7
5 25
5 39
31 23
31 24
31 30
31 40
32 12
32 9
32 6
53 52
53 54
54 53
54 50
54 61
55 46
6 9
6 11
6 12
6 18
7 5
7 25
7 39
33 22
69 54
69 61
8 4
8 13
8 14
8 41
34 13
9 6
9 12
35 30
35 23
35 24
56 48
56 59
57 52
57 60
36 17
36 10
36 20
58 61
10 4
10 26
10 36
11 6
11 18
11 28
11 29
59 56
59 64
59 66
12 9
12 6
12 29
12 32
13 8
13 34
37 17
37 21
38 3
60 52
60 57
61 50
61 54
61 58
61 69
39 5
39 7
40 31
14 8
41 8
41 14
15 16
15 19
15 22
16 15
17 4
17 21
17 36
17 37
18 11
18 6
18 12
62 51
62 45
62 64
19 15
19 22
63 46
63 67
42 24
42 7
64 59
64 62
65 55
65 46
66 59
66 48
20 3
20 27
20 36
21 17
21 37
