28
49
15 3 0.111111
15 11 0.111111
16 4 0.125
16 0 0.0434783
0 1 0.05
0 4 0.125
0 5 0.2
0 7 0.5
0 16 0.2
0 19 0.25
1 0 0.0434783
1 2 0.111111
1 3 0.111111
1 11 0.111111
2 1 0.05
2 6 0.142857
2 11 0.111111
3 1 0.05
3 17 0.5
4 0 0.0434783
4 8 0.111111
4 16 0.2
5 0 0.0434783
6 1 0.05
6 2 0.111111
7 0 0.0434783
17 3 0.111111
8 0 0.0434783
8 4 0.125
8 9 0.25
8 13 0.166667
9 8 0.111111
9 13 0.166667
10 3 0.111111
18 14 0.125
19 0 0.0434783
19 4 0.125
19 16 0.2
11 2 0.111111
11 1 0.05
11 15 0.2
12 11 0.111111
13 9 0.25
13 8 0.111111
13 14 0.125
14 0 0.0434783
14 13 0.166667
14 4 0.125
14 18 0.333333
