0 1
1 0
2 3
2 11
2 15
2 16
2 18
2 30
3 2
3 4
3 6
3 31
4 3
4 6
4 9
4 19
4 23
4 31
4 41
5 8
5 17
5 20
5 26
5 35
6 4
6 3
6 7
6 10
6 24
7 6
8 5
8 24
8 26
8 28
8 32
8 55
9 4
10 4
10 6
10 3
10 13
10 30
10 43
11 2
11 12
11 14
11 21
12 11
12 34
13 10
13 31
13 33
14 11
15 2
15 49
16 3
16 2
16 29
16 50
17 5
17 20
17 35
17 37
18 2
19 4
19 9
19 41
20 5
20 17
20 22
21 14
21 11
22 20
22 48
23 4
23 43
24 7
24 6
24 8
24 27
24 39
24 47
25 6
25 16
26 5
26 8
26 46
27 24
27 6
27 12
27 36
27 40
27 135
28 8
28 38
29 16
29 50
30 2
30 10
30 45
31 3
31 4
31 13
31 10
31 42
32 8
33 13
33 10
34 12
35 5
35 17
36 27
36 40
37 17
38 28
39 24
40 2
40 27
40 36
40 21
41 23
41 4
41 19
42 41
42 31
43 10
43 42
43 23
43 44
43 129
44 43
45 30
46 26
47 24
48 22
48 5
49 15
50 29
50 16
52 53
52 54
53 52
54 52
55 8
55 56
55 59
56 55
56 57
56 60
57 56
57 60
59 55
60 56
60 57
60 129
61 59
61 62
61 79
61 80
61 116
62 61
62 63
62 72
62 82
62 84
62 112
63 62
63 74
63 82
63 84
63 112
64 65
64 83
64 86
64 88
64 94
64 96
65 64
65 73
65 91
65 108
66 61
66 71
67 120
67 123
68 69
68 70
68 92
68 99
68 107
69 68
69 78
69 89
69 93
69 97
69 102
69 104
70 68
70 75
71 66
71 77
71 98
71 105
71 121
72 62
72 76
72 81
72 87
72 109
72 111
72 117
73 65
73 91
73 100
73 108
73 114
74 63
74 62
74 93
74 118
75 70
75 83
76 72
76 81
76 117
76 122
77 71
77 98
78 69
79 61
79 95
79 98
80 61
80 72
81 72
81 76
81 87
81 111
82 62
82 63
82 112
82 118
83 64
83 75
83 85
84 62
84 63
84 113
84 123
85 83
85 90
85 91
85 100
86 64
87 72
87 76
87 81
87 109
87 117
88 64
88 83
88 115
89 69
89 70
89 101
90 85
91 73
91 65
91 85
92 68
92 99
93 69
93 74
93 62
93 110
93 120
94 64
94 86
95 79
96 64
96 86
97 69
97 78
98 77
98 79
98 71
98 106
99 68
99 92
99 107
100 73
100 85
101 89
101 103
102 69
102 104
103 101
103 89
104 98
104 69
104 102
104 97
105 71
105 77
105 121
106 77
106 98
106 71
106 66
106 126
107 99
107 68
107 104
108 65
108 73
109 87
109 72
109 81
110 93
111 81
111 87
111 72
111 76
111 122
112 62
112 74
112 82
112 63
112 118
113 84
114 73
114 65
115 88
116 61
117 87
117 72
117 76
117 124
118 112
118 82
118 62
118 74
119 73
119 114
119 65
119 108
120 67
120 93
120 117
121 77
121 105
121 71
122 111
122 87
122 76
123 84
123 67
123 83
123 125
124 117
125 123
126 106
127 68
127 99
128 76
129 43
129 60
129 88
129 83
130 129
131 133
132 134
133 131
134 132
135 27
135 8
