0
0
1
0.135438
1
0.004553
0.205742
0.374566
0.078127
0.385513
0.112855
0.128329
0.03738
0.038527
0.051012
0.200871
0.111498
0.000505
0.499921
0.234255
0.000703
0.036929
0.000172
0.289818
1
0
0.013692
0.101074
0.019485
0.03311
0.18015
0.123214
0.039241
0.012843
0.018719
0.00124
0.028729
0.000256
0.00967
0.499998
0.020595
0.230629
0.270244
1
0.5002
0.090181
0.006778
0.500682
4.7e-05
0.10069
0.033085
0
0
0
0
0.021534
0.003983
0.003165
0
0.20196
0.015444
1
0.069775
0.010547
1
0.101441
0.000678
0.003075
0.060575
1
0.04183
0.002524
0.026907
0.011926
0.013084
0.037525
0.003852
0.005055
0.397522
0.16926
0.334074
0.00456
0.01111
0.114055
0.007993
0.01655
0.370807
0.004044
0.179038
0.167008
0.008292
0.015607
0.016884
0.083932
0.333496
0.084532
0.333766
0.284288
0.037801
0.011815
0.006943
0.041836
0.277537
0.013999
0.175243
0.000605
0.005476
0.013838
0.018326
0.005962
0.042206
0.003991
0.010221
0.004017
0.003083
0.089748
0.499989
0.005607
0.004716
0
0.01692
0.000593
0.001601
0.001535
0.002902
0.000754
0.002788
0
0
0.090625
0
0
0
0
0
0.00916
