0 2
2 0
2 3
2 72
3 2
3 5
5 3
6 12
6 13
6 25
6 72
7 16
7 17
7 23
7 27
7 31
7 37
7 60
8 10
8 28
9 24
9 46
10 8
10 30
10 34
10 43
10 55
10 57
10 68
11 9
11 19
11 21
12 6
12 25
12 53
12 65
12 72
13 6
13 7
13 58
14 15
14 33
14 35
14 36
14 70
15 14
15 33
15 38
15 70
16 7
16 13
16 27
16 32
16 42
16 66
17 7
17 14
17 52
17 71
18 7
18 20
18 40
18 51
19 11
19 21
19 29
20 18
20 40
20 47
21 19
21 11
21 29
21 54
22 30
22 45
22 59
22 79
23 7
24 9
25 6
25 12
25 65
26 7
26 23
26 64
26 67
27 7
27 16
27 41
28 8
29 21
29 11
29 19
29 54
30 28
30 10
30 22
30 39
30 48
30 49
30 50
30 61
31 7
31 37
32 16
33 15
33 14
33 44
33 70
34 10
34 35
34 43
35 34
35 19
35 14
36 15
36 14
37 7
37 31
38 15
38 33
38 14
39 30
39 48
39 50
40 18
40 20
40 47
41 27
42 16
43 34
43 10
44 15
44 33
44 36
45 22
46 9
47 18
47 20
47 40
47 51
48 30
48 39
48 50
48 61
48 79
49 30
49 39
49 62
50 30
50 39
50 48
50 79
51 18
51 47
51 20
52 17
53 12
53 72
54 11
54 29
54 21
55 10
56 9
57 10
57 55
58 13
59 22
59 63
60 7
60 31
60 37
61 48
61 30
62 49
63 45
63 22
63 59
64 26
65 25
65 12
66 16
67 26
67 64
68 57
68 10
68 55
70 33
70 15
70 44
70 36
70 14
71 17
72 6
72 53
72 12
72 2
73 74
73 75
74 73
75 73
76 77
77 76
79 22
79 48
79 50
79 80
80 79
81 83
81 87
81 88
81 90
81 104
81 108
81 123
82 135
82 141
83 81
83 86
83 90
83 101
83 128
84 85
84 115
84 119
84 122
84 139
84 146
85 84
86 83
86 88
86 96
86 97
86 102
86 105
86 107
86 112
86 121
86 125
86 140
87 81
87 93
87 94
87 98
87 103
87 109
88 81
88 86
88 89
88 91
88 111
88 129
88 131
89 88
89 130
89 133
90 84
90 81
90 83
90 85
90 92
90 101
91 81
91 88
91 132
92 90
92 106
92 118
93 87
93 98
93 103
94 87
94 123
95 94
95 100
96 86
96 102
96 105
96 107
96 112
96 125
97 86
97 99
97 114
98 93
98 87
98 103
99 97
99 136
100 95
101 90
101 83
101 113
102 86
102 96
102 109
102 110
102 117
103 87
103 98
103 93
104 81
105 86
105 96
106 92
107 96
107 86
108 81
108 123
109 102
109 87
109 116
110 102
110 136
110 142
111 88
112 86
112 96
113 101
113 118
113 138
114 97
115 84
115 127
115 137
116 109
117 102
118 101
118 92
118 113
119 84
119 122
119 139
121 86
121 96
121 142
122 119
122 84
123 94
123 108
123 81
125 107
125 112
125 96
125 86
125 140
126 99
126 97
127 115
128 102
128 83
128 134
129 88
130 89
130 133
131 88
132 91
133 130
133 89
134 112
134 128
135 82
136 102
136 99
136 110
137 127
137 115
138 101
138 113
139 84
139 119
140 107
140 125
140 86
140 142
141 82
142 140
142 128
142 121
142 110
142 39
146 84
146 147
147 146
148 149
149 148
151 152
152 151
