153
388
0 2 0.125
2 0 0.25
2 3 0.111111
2 72 0.0625
3 2 0.125
3 5 0.5
5 3 0.111111
6 12 0.1
6 13 0.166667
6 25 0.166667
6 72 0.0625
7 16 0.0769231
7 17 0.111111
7 23 0.333333
7 27 0.142857
7 31 0.2
7 37 0.2
7 60 0.25
8 10 0.0625
8 28 0.333333
9 24 0.5
9 46 0.333333
10 8 0.142857
10 30 0.0588235
10 34 0.142857
10 43 0.142857
10 55 0.25
10 57 0.25
10 68 0.25
11 9 0.125
11 19 0.142857
11 21 0.125
12 6 0.0526316
12 25 0.166667
12 53 0.166667
12 65 0.166667
12 72 0.0625
13 6 0.0526316
13 7 0.0454545
13 58 0.5
14 15 0.1
14 33 0.1
14 35 0.166667
14 36 0.2
14 70 0.125
15 14 0.0714286
15 33 0.1
15 38 0.25
15 70 0.125
16 7 0.0454545
16 13 0.166667
16 27 0.142857
16 32 0.5
16 42 0.5
16 66 0.5
17 7 0.0454545
17 14 0.0714286
17 52 0.5
17 71 0.5
18 7 0.0454545
18 20 0.142857
18 40 0.166667
18 51 0.2
19 11 0.111111
19 21 0.125
19 29 0.142857
20 18 0.0833333
20 40 0.166667
20 47 0.142857
21 19 0.142857
21 11 0.111111
21 29 0.142857
21 54 0.2
22 30 0.0588235
22 45 0.333333
22 59 0.25
22 79 0.0909091
23 7 0.0454545
24 9 0.125
25 6 0.0526316
25 12 0.1
25 65 0.166667
26 7 0.0454545
26 23 0.333333
26 64 0.333333
26 67 0.333333
27 7 0.0454545
27 16 0.0769231
27 41 0.5
28 8 0.142857
29 21 0.125
29 11 0.111111
29 19 0.142857
29 54 0.2
30 28 0.333333
30 10 0.0625
30 22 0.0909091
30 39 0.125
30 48 0.0909091
30 49 0.166667
30 50 0.125
30 61 0.2
31 7 0.0454545
31 37 0.2
32 16 0.0769231
33 15 0.1
33 14 0.0714286
33 44 0.2
33 70 0.125
34 10 0.0625
34 35 0.166667
34 43 0.142857
35 34 0.142857
35 19 0.142857
35 14 0.0714286
36 15 0.1
36 14 0.0714286
37 7 0.0454545
37 31 0.2
38 15 0.1
38 33 0.1
38 14 0.0714286
39 30 0.0588235
39 48 0.0909091
39 50 0.125
40 18 0.0833333
40 20 0.142857
40 47 0.142857
41 27 0.142857
42 16 0.0769231
43 34 0.142857
43 10 0.0625
44 15 0.1
44 33 0.1
44 36 0.2
45 22 0.0909091
46 9 0.125
47 18 0.0833333
47 20 0.142857
47 40 0.166667
47 51 0.2
48 30 0.0588235
48 39 0.125
48 50 0.125
48 61 0.2
48 79 0.0909091
49 30 0.0588235
49 39 0.125
49 62 0.5
50 30 0.0588235
50 39 0.125
50 48 0.0909091
50 79 0.0909091
51 18 0.0833333
51 47 0.142857
51 20 0.142857
52 17 0.111111
53 12 0.1
53 72 0.0625
54 11 0.111111
54 29 0.142857
54 21 0.125
55 10 0.0625
56 9 0.125
57 10 0.0625
57 55 0.25
58 13 0.166667
59 22 0.0909091
59 63 0.25
60 7 0.0454545
60 31 0.2
60 37 0.2
61 48 0.0909091
61 30 0.0588235
62 49 0.166667
63 45 0.333333
63 22 0.0909091
63 59 0.25
64 26 0.125
65 25 0.166667
65 12 0.1
66 16 0.0769231
67 26 0.125
67 64 0.333333
68 57 0.25
68 10 0.0625
68 55 0.25
70 33 0.1
70 15 0.1
70 44 0.2
70 36 0.2
70 14 0.0714286
71 17 0.111111
72 6 0.0526316
72 53 0.166667
72 12 0.1
72 2 0.125
73 74 0.5
73 75 0.5
74 73 0.125
75 73 0.125
76 77 0.2
77 76 0.166667
79 22 0.0909091
79 48 0.0909091
79 50 0.125
79 80 0.5
80 79 0.0909091
81 83 0.0833333
81 87 0.0714286
81 88 0.0555556
81 90 0.0833333
81 104 0.5
81 108 0.25
81 123 0.166667
82 135 0.5
82 141 0.25
83 81 0.0526316
83 86 0.0357143
83 90 0.0833333
83 101 0.125
83 128 0.166667
84 85 0.25
84 115 0.142857
84 119 0.166667
84 122 0.25
84 139 0.25
84 146 0.0909091
85 84 0.0588235
86 83 0.0833333
86 88 0.0555556
86 96 0.0769231
86 97 0.125
86 102 0.0714286
86 105 0.25
86 107 0.125
86 112 0.166667
86 121 0.2
86 125 0.125
86 140 0.142857
87 81 0.0526316
87 93 0.166667
87 94 0.142857
87 98 0.166667
87 103 0.166667
87 109 0.166667
88 81 0.0526316
88 86 0.0357143
88 89 0.166667
88 91 0.166667
88 111 0.5
88 129 0.5
88 131 0.5
89 88 0.0555556
89 130 0.25
89 133 0.25
90 84 0.0588235
90 81 0.0526316
90 83 0.0833333
90 85 0.25
90 92 0.125
90 101 0.125
91 81 0.0526316
91 88 0.0555556
91 132 0.5
92 90 0.0833333
92 106 0.5
92 118 0.2
93 87 0.0714286
93 98 0.166667
93 103 0.166667
94 87 0.0714286
94 123 0.166667
95 94 0.142857
95 100 0.25
96 86 0.0357143
96 102 0.0714286
96 105 0.25
96 107 0.125
96 112 0.166667
96 125 0.125
97 86 0.0357143
97 99 0.2
97 114 0.5
98 93 0.166667
98 87 0.0714286
98 103 0.166667
99 97 0.125
99 136 0.2
100 95 0.111111
101 90 0.0833333
101 83 0.0833333
101 113 0.166667
102 86 0.0357143
102 96 0.0769231
102 109 0.166667
102 110 0.166667
102 117 0.5
103 87 0.0714286
103 98 0.166667
103 93 0.166667
104 81 0.0526316
105 86 0.0357143
105 96 0.0769231
106 92 0.125
107 96 0.0769231
107 86 0.0357143
108 81 0.0526316
108 123 0.166667
109 102 0.0714286
109 87 0.0714286
109 116 0.5
110 102 0.0714286
110 136 0.2
110 142 0.1
111 88 0.0555556
112 86 0.0357143
112 96 0.0769231
113 101 0.125
113 118 0.2
113 138 0.333333
114 97 0.125
115 84 0.0588235
115 127 0.333333
115 137 0.333333
116 109 0.166667
117 102 0.0714286
118 101 0.125
118 92 0.125
118 113 0.166667
119 84 0.0588235
119 122 0.25
119 139 0.25
121 86 0.0357143
121 96 0.0769231
121 142 0.1
122 119 0.166667
122 84 0.0588235
123 94 0.142857
123 108 0.25
123 81 0.0526316
125 107 0.125
125 112 0.166667
125 96 0.0769231
125 86 0.0357143
125 140 0.142857
126 99 0.2
126 97 0.125
127 115 0.142857
128 102 0.0714286
128 83 0.0833333
128 134 0.333333
129 88 0.0555556
130 89 0.166667
130 133 0.25
131 88 0.0555556
132 91 0.166667
133 130 0.25
133 89 0.166667
134 112 0.166667
134 128 0.166667
135 82 0.0833333
136 102 0.0714286
136 99 0.2
136 110 0.166667
137 127 0.333333
137 115 0.142857
138 101 0.125
138 113 0.166667
139 84 0.0588235
139 119 0.166667
140 107 0.125
140 125 0.125
140 86 0.0357143
140 142 0.1
141 82 0.0833333
142 140 0.142857
142 128 0.166667
142 121 0.2
142 110 0.166667
142 39 0.125
146 84 0.0588235
146 147 0.5
147 146 0.0909091
148 149 0.333333
149 148 0.25
151 152 0.5
152 151 0.166667
