2.5e-05
0
9.1e-05
1e-05
0
6e-06
0.008881
1
0.184061
7.4e-05
1
0.000573
0.001135
0.166706
0.009795
0.001417
1
0.111594
0
0.004031
0
0.000639
0.092879
0.333941
2.9e-05
0.001715
0
0.265161
0.365926
0.000638
1
0.276875
0.500817
0.0013
0.160673
0.02789
0.002222
0.277293
0.000346
0.175675
0
0.133123
0.50092
0.160723
0.000532
0.032237
2.9e-05
0
0.13309
0.167168
0.158034
0
0.05567
0.000279
0.000261
0.348156
0
0.298161
0.083782
0.023045
0.25129
0.219032
0.083668
0.005681
0
0.000451
0.500978
0
0.250714
0
0.001507
0.055897
0.00067
0
0
0
0
0
0
0.033775
0.016757
0.117029
0
0.093588
1
0.254231
1
1
1
0.167051
0.018201
0.167839
0.002372
0.217804
0.145476
0
0.147331
0.126407
0.217302
0.02626
0
0.013804
0.094524
0.217812
0.058346
0.275212
0.001189
0.174424
0.038527
0.178227
0.022266
0.500274
0.207819
0.002364
0.063251
0.14262
0.089104
0.047189
0.000918
0.2347
0
0.203701
0.288648
0.046239
0
0.157033
0
0.058031
0.021992
0.500966
0.049576
0.501281
0.083988
0.049934
0.007317
0
0.009442
0.047366
0.000821
0.288523
0.16272
0
0.037625
0
0
0
0.09138
0.045759
0
0
0
0
0
