0 1
1 0
1 2
2 1
2 4
4 2
4 5
4 6
4 7
4 18
4 21
4 24
4 31
4 32
4 33
4 39
4 44
4 77
4 82
4 85
4 87
4 139
5 4
5 15
5 22
5 46
5 48
6 4
6 11
6 16
6 27
6 44
7 4
7 8
7 26
7 30
7 31
7 45
7 57
7 72
7 109
8 7
8 19
8 23
8 133
9 10
9 19
9 29
9 40
10 9
10 12
10 35
10 73
10 94
11 6
11 24
12 10
12 13
12 20
12 38
12 60
12 76
13 9
13 12
13 14
13 20
13 61
13 70
14 13
14 20
14 70
15 5
15 83
16 6
16 25
16 78
17 36
17 37
17 55
17 64
17 103
17 253
18 4
19 9
19 8
19 65
19 74
20 12
20 13
20 14
21 4
21 18
21 31
21 32
21 34
21 39
21 82
21 87
21 90
22 5
22 46
23 8
24 4
24 11
24 26
24 42
24 59
24 66
24 86
25 16
25 15
26 24
26 7
26 28
26 86
27 6
28 26
29 9
29 40
30 7
30 57
30 109
31 4
31 21
31 7
31 58
31 71
31 75
31 82
31 98
32 24
32 4
32 21
32 53
32 68
32 88
32 101
32 104
32 105
32 113
33 6
33 4
33 50
33 81
34 21
34 4
34 87
35 10
35 31
36 17
36 43
36 99
37 17
37 47
37 62
37 105
37 110
38 12
38 14
38 96
38 107
39 4
39 18
39 21
39 44
39 49
39 79
39 82
39 85
39 137
40 9
40 29
41 19
41 94
42 24
43 36
43 99
44 39
44 4
44 21
44 6
44 83
44 84
44 139
45 31
45 19
45 10
45 7
46 5
46 22
46 25
46 52
46 63
46 78
47 37
47 62
47 105
47 110
48 15
48 5
48 22
48 95
49 4
49 39
49 77
50 33
50 4
50 56
50 89
52 46
52 63
52 78
53 32
53 68
54 25
54 17
54 69
55 17
55 69
55 103
56 50
56 92
57 45
57 30
57 7
58 31
59 24
59 86
60 12
60 68
60 100
60 108
61 13
61 14
61 67
61 94
61 100
62 47
62 37
62 110
63 52
63 46
64 17
64 69
65 19
65 74
66 24
67 61
67 106
68 53
68 32
68 60
68 88
68 93
68 114
69 42
69 44
69 55
69 54
69 64
70 13
70 14
71 31
72 7
73 10
74 19
74 65
74 100
75 31
75 71
76 60
76 12
76 100
76 115
77 39
77 4
77 21
77 49
77 85
77 90
78 46
78 52
78 16
78 80
78 91
79 4
79 39
79 49
80 78
80 91
80 97
81 33
82 4
82 39
82 21
82 31
83 82
83 44
83 15
84 44
85 39
85 77
85 4
86 24
86 26
86 59
86 102
87 34
87 4
87 21
88 68
88 32
89 50
89 92
90 21
90 77
90 4
91 80
91 78
91 97
92 89
92 56
93 68
93 114
94 61
94 10
94 8
94 41
95 48
96 38
96 107
97 80
97 78
97 91
98 31
99 43
99 36
100 61
100 19
100 76
100 60
100 74
101 32
101 53
101 105
102 86
103 17
103 55
104 32
105 101
105 37
105 32
105 47
106 67
106 112
107 38
107 96
108 60
109 7
109 30
110 47
110 37
110 62
111 4
111 39
111 49
112 67
112 106
113 53
113 101
113 32
114 93
114 68
115 76
117 121
118 120
118 122
118 123
119 116
120 118
121 117
121 118
122 118
123 122
123 118
123 121
125 124
125 126
125 127
125 128
126 125
127 125
127 130
128 125
129 126
129 132
130 127
132 129
133 8
133 96
133 9
133 134
134 133
134 135
134 136
135 134
136 134
137 108
137 39
137 109
137 138
138 137
139 44
139 4
139 141
139 146
139 156
140 144
140 145
140 163
140 174
140 208
141 139
141 149
141 153
141 157
141 198
142 147
142 150
142 152
142 161
142 166
143 167
143 191
143 201
143 205
144 140
144 145
144 146
144 148
144 158
144 159
144 176
144 187
144 197
144 209
144 210
144 221
144 225
144 228
144 231
145 144
145 140
145 153
145 159
145 224
145 237
146 144
146 139
146 168
146 174
146 175
146 181
146 182
146 202
146 216
146 222
147 142
147 170
147 180
147 212
148 144
148 179
148 193
148 194
148 233
149 141
149 171
149 198
149 199
149 238
150 142
150 147
150 154
150 170
150 227
151 144
151 148
151 164
151 189
152 142
152 182
152 215
153 141
153 145
153 157
153 179
153 185
153 224
154 150
154 152
154 155
154 169
154 207
155 154
155 162
156 139
156 184
156 188
156 195
157 141
157 153
158 144
158 221
159 145
159 144
159 177
159 219
161 150
161 142
161 172
161 200
162 155
163 140
163 146
163 175
163 181
163 206
164 151
164 186
165 159
165 173
165 202
166 142
167 143
168 146
169 154
169 207
170 150
170 147
170 190
170 196
170 227
171 149
172 161
172 229
173 165
173 219
174 163
174 140
174 146
175 146
175 163
175 218
176 144
176 211
176 236
177 159
177 219
178 141
178 149
179 153
179 148
179 145
180 147
181 146
181 168
181 163
181 226
182 146
182 152
182 183
183 182
184 156
184 188
185 153
186 151
186 164
187 144
187 209
187 228
187 234
188 156
188 184
188 195
189 151
189 144
189 217
189 220
189 235
190 170
191 143
192 169
193 148
193 233
194 148
194 233
195 188
195 156
195 184
196 170
196 190
197 144
198 141
198 149
199 149
200 161
201 143
201 205
202 144
202 146
202 165
203 213
204 156
204 195
205 201
205 143
206 163
207 154
207 169
208 140
209 144
209 187
209 197
210 144
210 197
210 221
210 234
211 176
212 147
213 202
213 203
213 214
213 230
214 213
215 152
216 146
216 168
217 189
218 175
219 159
219 173
219 177
219 232
220 172
220 189
220 223
221 144
221 210
221 158
221 209
222 146
223 220
224 145
224 153
225 158
225 144
225 187
225 234
226 181
227 196
227 170
227 190
227 150
228 144
228 187
228 209
229 172
230 213
231 144
231 197
231 210
231 187
232 219
233 193
233 148
233 194
234 210
234 187
234 225
234 197
235 189
236 176
236 211
237 145
238 149
238 54
238 91
238 239
239 238
239 240
240 239
241 244
241 245
241 249
244 241
244 246
244 252
245 241
245 247
245 250
246 244
247 245
249 241
250 245
250 251
251 250
252 244
252 250
253 17
253 80
253 179
254 257
255 257
255 258
257 254
257 255
258 255
258 259
259 258
