0.008516
0.033729
0.200934
0
1
0.084527
0.06996
1
0.128928
0.065876
1
0.132961
0.059995
0.006541
0.004261
0.015834
0.011268
1
0.298296
0.031026
0.011203
0.176555
0.019753
0.032165
1
0.0068
0.250833
0.035037
0.041778
0.013212
0.214667
1
1
0.125556
0.050949
0.333636
0.126111
0.080691
0.007177
0.084196
0.018649
0.047764
0.345809
0.02462
0.093079
0.16348
0.00718
0.023044
0.010583
0.031081
0.012678
0
0.0021
0.210603
0.030752
0.177992
0.003359
0.167022
0.499793
0.279858
0.021276
0.016967
0.019031
0.00113
0.255419
0.00893
0.49988
0.003451
0.119107
0.055134
0.002521
0.407372
0.500887
0.499707
0.007037
0.333319
0.009168
0.121146
0.004934
0.021168
0.015177
0.063062
0.234047
0.013622
0.047026
0.192053
0.178364
0.193053
0.268605
0.003352
0.058324
0.016845
0.001534
0.035561
0.143121
0.003512
0.004612
0.006155
0.500154
0.029067
0.005807
0.216258
0.089018
0.277288
0.500257
0.126548
0.000908
0.002758
0.009863
0.2331
0.018982
0
0.000301
0.251587
0.035258
0.004572
0
0
0
0
0
0
0
0
0.200842
1
0.250966
0.16699
0.499781
0
0.08372
0
0
0.014405
0.001821
0.000938
0.000444
0.008476
0.004156
0.123305
0.086189
0.103625
0.085992
1
1
0.078233
1
1
0.099741
1
0.015191
0.091404
0.022815
0.017529
0.001122
0.000174
0.013691
0.029318
0.21388
0.069065
0
0.008842
9.2e-05
0.040119
0.023137
0.020563
0.043352
0.166721
0.338984
0.000174
0.091265
0.250839
0.029654
0.00351
0.212315
0.12933
0.126057
0.01842
0
0.026688
0.501059
0.146467
0.168243
0.084227
0.002595
0.003473
0.007646
0.166201
0.002874
1
0.031068
0.500193
0
0.028763
0.02843
0.002126
0.026527
0.251768
0.266628
0.501094
0.004386
0.298015
0.143272
0
0
0.29848
0.020101
0.000308
0.043058
0.201249
0.170934
0.0512
0.501095
0
0
0.011463
0.333687
0.500613
0.064722
0.007407
0.200893
0.184761
0.499782
0.100545
0.023399
0.172992
0.073336
0.017363
0.16183
0.014906
0
0.201551
0.003682
0.023411
0.068862
0.499972
0.04202
0.039157
0.101064
0.02526
0.012641
0
0
0
0
0
0
0
0
0
0
0
0
0.101112
0
0
0
0
0
0
0
0
