262
720
0 1 0.166667
1 0 0.25
1 2 0.2
2 1 0.166667
2 4 0.0178571
4 2 0.2
4 5 0.0833333
4 6 0.0526316
4 7 0.05
4 18 0.25
4 21 0.05
4 24 0.0526316
4 31 0.05
4 32 0.0416667
4 33 0.125
4 39 0.047619
4 44 0.0714286
4 77 0.1
4 82 0.111111
4 85 0.166667
4 87 0.166667
4 139 0.0588235
5 4 0.0178571
5 15 0.142857
5 22 0.2
5 46 0.0666667
5 48 0.125
6 4 0.0178571
6 11 0.125
6 16 0.142857
6 27 0.5
6 44 0.0714286
7 4 0.0178571
7 8 0.111111
7 26 0.125
7 30 0.166667
7 31 0.05
7 45 0.142857
7 57 0.142857
7 72 0.5
7 109 0.2
8 7 0.05
8 19 0.0769231
8 23 0.25
8 133 0.111111
9 10 0.0769231
9 19 0.0769231
9 29 0.166667
9 40 0.25
10 9 0.0625
10 12 0.0588235
10 35 0.333333
10 73 0.5
10 94 0.142857
11 6 0.0526316
11 24 0.0526316
12 10 0.0769231
12 13 0.0714286
12 20 0.166667
12 38 0.111111
12 60 0.111111
12 76 0.142857
13 9 0.0625
13 12 0.0588235
13 14 0.1
13 20 0.166667
13 61 0.111111
13 70 0.25
14 13 0.0714286
14 20 0.166667
14 70 0.25
15 5 0.0833333
15 83 0.125
16 6 0.0526316
16 25 0.142857
16 78 0.0909091
17 36 0.125
17 37 0.0714286
17 55 0.142857
17 64 0.25
17 103 0.25
17 253 0.1
18 4 0.0178571
19 9 0.0625
19 8 0.111111
19 65 0.25
19 74 0.166667
20 12 0.0588235
20 13 0.0714286
20 14 0.1
21 4 0.0178571
21 18 0.25
21 31 0.05
21 32 0.0416667
21 34 0.142857
21 39 0.047619
21 82 0.111111
21 87 0.166667
21 90 0.2
22 5 0.0833333
22 46 0.0666667
23 8 0.111111
24 4 0.0178571
24 11 0.125
24 26 0.125
24 42 0.333333
24 59 0.25
24 66 0.5
24 86 0.125
25 16 0.142857
25 15 0.142857
26 24 0.0526316
26 7 0.05
26 28 0.166667
26 86 0.125
27 6 0.0526316
28 26 0.125
29 9 0.0625
29 40 0.25
30 7 0.05
30 57 0.142857
30 109 0.2
31 4 0.0178571
31 21 0.05
31 7 0.05
31 58 0.5
31 71 0.333333
31 75 0.333333
31 82 0.111111
31 98 0.5
32 24 0.0526316
32 4 0.0178571
32 21 0.05
32 53 0.142857
32 68 0.0833333
32 88 0.25
32 101 0.166667
32 104 0.5
32 105 0.1
32 113 0.25
33 6 0.0526316
33 4 0.0178571
33 50 0.1
33 81 0.5
34 21 0.05
34 4 0.0178571
34 87 0.166667
35 10 0.0769231
35 31 0.05
36 17 0.0588235
36 43 0.166667
36 99 0.2
37 17 0.0588235
37 47 0.1
37 62 0.166667
37 105 0.1
37 110 0.166667
38 12 0.0588235
38 14 0.1
38 96 0.2
38 107 0.25
39 4 0.0178571
39 18 0.25
39 21 0.05
39 44 0.0714286
39 49 0.142857
39 79 0.25
39 82 0.111111
39 85 0.166667
39 137 0.1
40 9 0.0625
40 29 0.166667
41 19 0.0769231
41 94 0.142857
42 24 0.0526316
43 36 0.125
43 99 0.2
44 39 0.047619
44 4 0.0178571
44 21 0.05
44 6 0.0526316
44 83 0.125
44 84 0.5
44 139 0.0588235
45 31 0.05
45 19 0.0769231
45 10 0.0769231
45 7 0.05
46 5 0.0833333
46 22 0.2
46 25 0.142857
46 52 0.166667
46 63 0.125
46 78 0.0909091
47 37 0.0714286
47 62 0.166667
47 105 0.1
47 110 0.166667
48 15 0.142857
48 5 0.0833333
48 22 0.2
48 95 0.333333
49 4 0.0178571
49 39 0.047619
49 77 0.1
50 33 0.125
50 4 0.0178571
50 56 0.25
50 89 0.25
52 46 0.0666667
52 63 0.125
52 78 0.0909091
53 32 0.0416667
53 68 0.0833333
54 25 0.142857
54 17 0.0588235
54 69 0.125
55 17 0.0588235
55 69 0.125
55 103 0.25
56 50 0.1
56 92 0.25
57 45 0.142857
57 30 0.166667
57 7 0.05
58 31 0.05
59 24 0.0526316
59 86 0.125
60 12 0.0588235
60 68 0.0833333
60 100 0.111111
60 108 0.333333
61 13 0.0714286
61 14 0.1
61 67 0.2
61 94 0.142857
61 100 0.111111
62 47 0.1
62 37 0.0714286
62 110 0.166667
63 52 0.166667
63 46 0.0666667
64 17 0.0588235
64 69 0.125
65 19 0.0769231
65 74 0.166667
66 24 0.0526316
67 61 0.111111
67 106 0.25
68 53 0.142857
68 32 0.0416667
68 60 0.111111
68 88 0.25
68 93 0.25
68 114 0.25
69 42 0.333333
69 44 0.0714286
69 55 0.142857
69 54 0.2
69 64 0.25
70 13 0.0714286
70 14 0.1
71 31 0.05
72 7 0.05
73 10 0.0769231
74 19 0.0769231
74 65 0.25
74 100 0.111111
75 31 0.05
75 71 0.333333
76 60 0.111111
76 12 0.0588235
76 100 0.111111
76 115 0.5
77 39 0.047619
77 4 0.0178571
77 21 0.05
77 49 0.142857
77 85 0.166667
77 90 0.2
78 46 0.0666667
78 52 0.166667
78 16 0.142857
78 80 0.125
78 91 0.142857
79 4 0.0178571
79 39 0.047619
79 49 0.142857
80 78 0.0909091
80 91 0.142857
80 97 0.2
81 33 0.125
82 4 0.0178571
82 39 0.047619
82 21 0.05
82 31 0.05
83 82 0.111111
83 44 0.0714286
83 15 0.142857
84 44 0.0714286
85 39 0.047619
85 77 0.1
85 4 0.0178571
86 24 0.0526316
86 26 0.125
86 59 0.25
86 102 0.5
87 34 0.142857
87 4 0.0178571
87 21 0.05
88 68 0.0833333
88 32 0.0416667
89 50 0.1
89 92 0.25
90 21 0.05
90 77 0.1
90 4 0.0178571
91 80 0.125
91 78 0.0909091
91 97 0.2
92 89 0.25
92 56 0.25
93 68 0.0833333
93 114 0.25
94 61 0.111111
94 10 0.0769231
94 8 0.111111
94 41 0.333333
95 48 0.125
96 38 0.111111
96 107 0.25
97 80 0.125
97 78 0.0909091
97 91 0.142857
98 31 0.05
99 43 0.166667
99 36 0.125
100 61 0.111111
100 19 0.0769231
100 76 0.142857
100 60 0.111111
100 74 0.166667
101 32 0.0416667
101 53 0.142857
101 105 0.1
102 86 0.125
103 17 0.0588235
103 55 0.142857
104 32 0.0416667
105 101 0.166667
105 37 0.0714286
105 32 0.0416667
105 47 0.1
106 67 0.2
106 112 0.333333
107 38 0.111111
107 96 0.2
108 60 0.111111
109 7 0.05
109 30 0.166667
110 47 0.1
110 37 0.0714286
110 62 0.166667
111 4 0.0178571
111 39 0.047619
111 49 0.142857
112 67 0.2
112 106 0.25
113 53 0.142857
113 101 0.166667
113 32 0.0416667
114 93 0.25
114 68 0.0833333
115 76 0.142857
117 121 0.2
118 120 0.5
118 122 0.2
118 123 0.25
119 116 0.333333
120 118 0.0666667
121 117 0.166667
121 118 0.0666667
122 118 0.0666667
123 122 0.2
123 118 0.0666667
123 121 0.2
125 124 0.2
125 126 0.25
125 127 0.166667
125 128 0.5
126 125 0.0769231
127 125 0.0769231
127 130 0.5
128 125 0.0769231
129 126 0.25
129 132 0.5
130 127 0.166667
132 129 0.2
133 8 0.111111
133 96 0.2
133 9 0.0625
133 134 0.125
134 133 0.111111
134 135 0.5
134 136 0.25
135 134 0.125
136 134 0.125
137 108 0.333333
137 39 0.047619
137 109 0.2
137 138 0.5
138 137 0.1
139 44 0.0714286
139 4 0.0178571
139 141 0.0769231
139 146 0.037037
139 156 0.111111
140 144 0.0263158
140 145 0.0666667
140 163 0.0714286
140 174 0.2
140 208 0.5
141 139 0.0588235
141 149 0.0666667
141 153 0.0714286
141 157 0.25
141 198 0.25
142 147 0.0833333
142 150 0.0769231
142 152 0.0909091
142 161 0.0769231
142 166 0.5
143 167 0.166667
143 191 0.5
143 201 0.25
143 205 0.25
144 140 0.0666667
144 145 0.0666667
144 146 0.037037
144 148 0.0909091
144 158 0.166667
144 159 0.0625
144 176 0.125
144 187 0.1
144 197 0.166667
144 209 0.142857
144 210 0.125
144 221 0.142857
144 225 0.166667
144 228 0.142857
144 231 0.2
145 144 0.0263158
145 140 0.0666667
145 153 0.0714286
145 159 0.0625
145 224 0.25
145 237 0.5
146 144 0.0263158
146 139 0.0588235
146 168 0.25
146 174 0.2
146 175 0.125
146 181 0.142857
146 182 0.166667
146 202 0.142857
146 216 0.333333
146 222 0.5
147 142 0.0833333
147 170 0.0909091
147 180 0.5
147 212 0.5
148 144 0.0263158
148 179 0.125
148 193 0.25
148 194 0.25
148 233 0.166667
149 141 0.0769231
149 171 0.25
149 198 0.25
149 199 0.5
149 238 0.1
150 142 0.0833333
150 147 0.0833333
150 154 0.0769231
150 170 0.0909091
150 227 0.166667
151 144 0.0263158
151 148 0.0909091
151 164 0.25
151 189 0.1
152 142 0.0833333
152 182 0.166667
152 215 0.5
153 141 0.0769231
153 145 0.0666667
153 157 0.25
153 179 0.125
153 185 0.2
153 224 0.25
154 150 0.0769231
154 152 0.0909091
154 155 0.142857
154 169 0.142857
154 207 0.25
155 154 0.0769231
155 162 0.5
156 139 0.0588235
156 184 0.142857
156 188 0.166667
156 195 0.125
157 141 0.0769231
157 153 0.0714286
158 144 0.0263158
158 221 0.142857
159 145 0.0666667
159 144 0.0263158
159 177 0.25
159 219 0.0833333
161 150 0.0769231
161 142 0.0833333
161 172 0.142857
161 200 0.5
162 155 0.142857
163 140 0.0666667
163 146 0.037037
163 175 0.125
163 181 0.142857
163 206 0.5
164 151 0.0909091
164 186 0.333333
165 159 0.0625
165 173 0.125
165 202 0.142857
166 142 0.0833333
167 143 0.1
168 146 0.037037
169 154 0.0769231
169 207 0.25
170 150 0.0769231
170 147 0.0833333
170 190 0.25
170 196 0.25
170 227 0.166667
171 149 0.0666667
172 161 0.0769231
172 229 0.5
173 165 0.142857
173 219 0.0833333
174 163 0.0714286
174 140 0.0666667
174 146 0.037037
175 146 0.037037
175 163 0.0714286
175 218 0.5
176 144 0.0263158
176 211 0.333333
176 236 0.333333
177 159 0.0625
177 219 0.0833333
178 141 0.0769231
178 149 0.0666667
179 153 0.0714286
179 148 0.0909091
179 145 0.0666667
180 147 0.0833333
181 146 0.037037
181 168 0.25
181 163 0.0714286
181 226 0.5
182 146 0.037037
182 152 0.0909091
182 183 0.5
183 182 0.166667
184 156 0.111111
184 188 0.166667
185 153 0.0714286
186 151 0.0909091
186 164 0.25
187 144 0.0263158
187 209 0.142857
187 228 0.142857
187 234 0.142857
188 156 0.111111
188 184 0.142857
188 195 0.125
189 151 0.0909091
189 144 0.0263158
189 217 0.5
189 220 0.2
189 235 0.5
190 170 0.0909091
191 143 0.1
192 169 0.142857
193 148 0.0909091
193 233 0.166667
194 148 0.0909091
194 233 0.166667
195 188 0.166667
195 156 0.111111
195 184 0.142857
196 170 0.0909091
196 190 0.25
197 144 0.0263158
198 141 0.0769231
198 149 0.0666667
199 149 0.0666667
200 161 0.0769231
201 143 0.1
201 205 0.25
202 144 0.0263158
202 146 0.037037
202 165 0.142857
203 213 0.125
204 156 0.111111
204 195 0.125
205 201 0.25
205 143 0.1
206 163 0.0714286
207 154 0.0769231
207 169 0.142857
208 140 0.0666667
209 144 0.0263158
209 187 0.1
209 197 0.166667
210 144 0.0263158
210 197 0.166667
210 221 0.142857
210 234 0.142857
211 176 0.125
212 147 0.0833333
213 202 0.142857
213 203 0.25
213 214 0.5
213 230 0.333333
214 213 0.125
215 152 0.0909091
216 146 0.037037
216 168 0.25
217 189 0.1
218 175 0.125
219 159 0.0625
219 173 0.125
219 177 0.25
219 232 0.5
220 172 0.142857
220 189 0.1
220 223 0.5
221 144 0.0263158
221 210 0.125
221 158 0.166667
221 209 0.142857
222 146 0.037037
223 220 0.2
224 145 0.0666667
224 153 0.0714286
225 158 0.166667
225 144 0.0263158
225 187 0.1
225 234 0.142857
226 181 0.142857
227 196 0.25
227 170 0.0909091
227 190 0.25
227 150 0.0769231
228 144 0.0263158
228 187 0.1
228 209 0.142857
229 172 0.142857
230 213 0.125
231 144 0.0263158
231 197 0.166667
231 210 0.125
231 187 0.1
232 219 0.0833333
233 193 0.25
233 148 0.0909091
233 194 0.25
234 210 0.125
234 187 0.1
234 225 0.166667
234 197 0.166667
235 189 0.1
236 176 0.125
236 211 0.333333
237 145 0.0666667
238 149 0.0666667
238 54 0.2
238 91 0.142857
238 239 0.25
239 238 0.1
239 240 0.5
240 239 0.25
241 244 0.125
241 245 0.1
241 249 0.5
244 241 0.125
244 246 0.5
244 252 0.333333
245 241 0.125
245 247 0.5
245 250 0.2
246 244 0.125
247 245 0.1
249 241 0.125
250 245 0.1
250 251 0.5
251 250 0.2
252 244 0.125
252 250 0.2
253 17 0.0588235
253 80 0.125
253 179 0.125
254 257 0.25
255 257 0.25
255 258 0.1
257 254 0.25
257 255 0.166667
258 255 0.166667
258 259 0.5
259 258 0.1
