0 1
0 2
1 0
1 2
2 0
2 1
2 3
3 2
4 5
4 11
4 23
5 4
5 23
6 10
6 18
6 30
6 35
6 38
7 12
7 16
7 17
7 26
7 31
8 21
8 22
8 24
8 34
9 12
10 6
10 11
10 18
10 30
10 38
11 10
11 4
11 5
11 14
12 7
12 9
12 8
12 29
12 39
13 21
13 36
14 11
14 15
15 14
16 7
16 17
16 26
16 31
17 7
17 15
17 16
18 10
18 6
19 21
19 25
19 33
19 37
19 42
20 15
20 11
21 13
21 8
21 19
22 8
22 24
23 4
23 5
23 27
23 28
24 8
24 22
24 34
25 19
25 42
26 7
26 16
27 23
27 28
28 23
28 27
29 12
29 39
29 85
30 10
30 6
31 7
31 26
31 16
32 37
33 19
33 25
33 42
34 8
34 24
35 18
35 10
35 6
36 13
37 32
37 19
37 40
38 6
38 10
38 18
39 29
39 19
39 12
39 41
40 37
41 39
42 25
42 33
42 19
44 43
44 46
45 44
45 46
46 45
46 44
52 55
53 54
53 56
53 74
53 77
54 53
54 63
54 68
54 71
54 81
55 54
55 52
56 53
56 72
58 59
58 60
58 78
58 83
59 58
59 64
59 83
60 59
60 58
60 61
60 78
61 58
61 60
61 62
61 75
61 80
61 84
62 61
63 54
63 68
63 71
63 81
64 58
64 59
64 66
64 79
66 64
66 79
68 54
68 63
68 69
68 76
69 68
70 55
70 63
71 67
71 54
71 63
71 73
71 82
72 53
72 56
72 74
73 53
73 71
74 53
74 72
74 56
75 61
75 62
75 80
76 68
76 69
77 72
77 56
77 53
78 58
78 60
79 66
79 64
80 61
80 75
81 54
81 63
82 71
83 58
83 60
83 59
83 85
84 61
84 80
85 22
85 46
85 29
85 83
85 86
85 88
86 85
86 87
86 89
87 86
87 88
88 85
88 87
88 89
89 86
89 88
89 95
90 91
90 92
90 93
91 90
92 90
92 94
93 90
94 92
95 65
95 89
95 96
95 97
96 95
97 95
