98
238
0 1 0.166667
0 2 0.0666667
1 0 0.25
1 2 0.0666667
2 0 0.25
2 1 0.166667
2 3 0.25
3 2 0.0666667
4 5 0.2
4 11 0.1
4 23 0.1
5 4 0.0833333
5 23 0.1
6 10 0.0769231
6 18 0.125
6 30 0.111111
6 35 0.25
6 38 0.142857
7 12 0.1
7 16 0.0909091
7 17 0.2
7 26 0.166667
7 31 0.2
8 21 0.142857
8 22 0.2
8 24 0.142857
8 34 0.25
9 12 0.1
10 6 0.0555556
10 11 0.1
10 18 0.125
10 30 0.111111
10 38 0.142857
11 10 0.0769231
11 4 0.0833333
11 5 0.2
11 14 0.2
12 7 0.0416667
12 9 0.125
12 8 0.0555556
12 29 0.125
12 39 0.142857
13 21 0.142857
13 36 0.5
14 11 0.1
14 15 0.166667
15 14 0.2
16 7 0.0416667
16 17 0.2
16 26 0.166667
16 31 0.2
17 7 0.0416667
17 15 0.166667
17 16 0.0909091
18 10 0.0769231
18 6 0.0555556
19 21 0.142857
19 25 0.2
19 33 0.142857
19 37 0.166667
19 42 0.166667
20 15 0.166667
20 11 0.1
21 13 0.125
21 8 0.0555556
21 19 0.0625
22 8 0.0555556
22 24 0.142857
23 4 0.0833333
23 5 0.2
23 27 0.25
23 28 0.25
24 8 0.0555556
24 22 0.2
24 34 0.25
25 19 0.0625
25 42 0.166667
26 7 0.0416667
26 16 0.0909091
27 23 0.1
27 28 0.25
28 23 0.1
28 27 0.25
29 12 0.1
29 39 0.142857
29 85 0.0625
30 10 0.0769231
30 6 0.0555556
31 7 0.0416667
31 26 0.166667
31 16 0.0909091
32 37 0.166667
33 19 0.0625
33 25 0.2
33 42 0.166667
34 8 0.0555556
34 24 0.142857
35 18 0.125
35 10 0.0769231
35 6 0.0555556
36 13 0.125
37 32 0.25
37 19 0.0625
37 40 0.5
38 6 0.0555556
38 10 0.0769231
38 18 0.125
39 29 0.125
39 19 0.0625
39 12 0.1
39 41 0.5
40 37 0.166667
41 39 0.142857
42 25 0.2
42 33 0.142857
42 19 0.0625
44 43 0.166667
44 46 0.2
45 44 0.0833333
45 46 0.2
46 45 0.2
46 44 0.0833333
52 55 0.166667
53 54 0.0769231
53 56 0.166667
53 74 0.2
53 77 0.25
54 53 0.0526316
54 63 0.1
54 68 0.0909091
54 71 0.0833333
54 81 0.25
55 54 0.0769231
55 52 0.111111
56 53 0.0526316
56 72 0.166667
58 59 0.125
58 60 0.125
58 78 0.25
58 83 0.142857
59 58 0.0625
59 64 0.0909091
59 83 0.142857
60 59 0.125
60 58 0.0625
60 61 0.0666667
60 78 0.25
61 58 0.0625
61 60 0.125
61 62 0.333333
61 75 0.142857
61 80 0.2
61 84 0.166667
62 61 0.0666667
63 54 0.0769231
63 68 0.0909091
63 71 0.0833333
63 81 0.25
64 58 0.0625
64 59 0.125
64 66 0.25
64 79 0.25
66 64 0.0909091
66 79 0.25
68 54 0.0769231
68 63 0.1
68 69 0.25
68 76 0.2
69 68 0.0909091
70 55 0.166667
70 63 0.1
71 67 0.2
71 54 0.0769231
71 63 0.1
71 73 0.2
71 82 0.5
72 53 0.0526316
72 56 0.166667
72 74 0.2
73 53 0.0526316
73 71 0.0833333
74 53 0.0526316
74 72 0.166667
74 56 0.166667
75 61 0.0666667
75 62 0.333333
75 80 0.2
76 68 0.0909091
76 69 0.25
77 72 0.166667
77 56 0.166667
77 53 0.0526316
78 58 0.0625
78 60 0.125
79 66 0.25
79 64 0.0909091
80 61 0.0666667
80 75 0.142857
81 54 0.0769231
81 63 0.1
82 71 0.0833333
83 58 0.0625
83 60 0.125
83 59 0.125
83 85 0.0625
84 61 0.0666667
84 80 0.2
85 22 0.2
85 46 0.2
85 29 0.125
85 83 0.142857
85 86 0.125
85 88 0.166667
86 85 0.0625
86 87 0.1
86 89 0.142857
87 86 0.125
87 88 0.166667
88 85 0.0625
88 87 0.1
88 89 0.142857
89 86 0.125
89 88 0.166667
89 95 0.05
90 91 0.5
90 92 0.25
90 93 0.5
91 90 0.125
92 90 0.125
92 94 0.25
93 90 0.125
94 92 0.25
95 65 0.125
95 89 0.142857
95 96 0.25
95 97 0.25
96 95 0.05
97 95 0.05
