0
0
0
0
0
0
0
0.000618
0.021635
0.001837
0
1e-06
0.014251
0.01805
5e-06
2.2e-05
8.5e-05
0.000134
0
1
0
0.143491
0.202362
0
0.031994
0.254602
0.000114
0
0
0.125619
0
0.000155
0.04183
0.166945
0.012764
0
0.008989
0.167039
0
0.019731
0.083659
0.009914
0.215912
0.003261
0.019749
0.039929
0.20024
0
0
0
0
0
0
0.015346
0.087427
0
0.003669
0
0.083925
0.047243
0.152345
1
0.371762
0.11041
0.004267
0.000279
0.001273
0.200464
0.01775
0.005241
0
1
0.001631
0.201004
0.003318
0.171204
0.003621
0.003831
0.056318
0.001263
0.249374
0.047601
0.499483
0.154879
0.166794
1
0.130504
0.029532
0.170597
0.041592
1
0.501039
0.250803
0.499573
0.062863
0.002051
0.000543
0.000561
