0 1
0 2
0 25
0 52
0 140
1 0
1 3
1 4
1 11
1 46
1 65
1 89
1 98
1 105
1 108
1 169
2 0
2 7
2 9
2 42
2 45
2 70
2 131
2 147
2 192
3 1
3 5
3 8
3 16
3 21
3 29
3 41
3 92
3 124
3 125
3 135
4 1
4 6
4 13
4 72
4 95
4 150
4 194
5 3
5 14
5 29
5 32
5 102
5 166
6 4
6 30
7 2
7 9
7 70
7 192
8 3
8 10
8 18
8 28
8 56
8 59
8 63
8 64
8 74
8 100
8 109
8 137
8 152
8 154
9 7
9 2
9 33
9 58
9 148
9 181
10 8
10 12
10 18
10 26
10 63
10 71
10 76
10 197
11 1
11 39
11 103
12 10
12 3
12 8
12 15
12 20
12 22
12 24
12 35
12 51
12 57
12 68
12 73
12 84
12 88
13 4
13 19
13 22
13 28
13 88
13 158
13 184
14 5
14 17
14 23
14 67
14 85
14 162
15 12
15 36
15 69
15 81
15 93
15 104
15 114
15 144
16 3
16 11
16 48
16 115
17 14
17 23
17 123
18 10
18 8
18 20
18 34
18 65
18 94
18 118
18 157
18 168
19 13
19 12
19 16
19 130
19 160
20 8
20 18
20 12
20 34
20 37
20 38
20 47
20 60
20 77
20 143
20 163
21 3
21 44
21 135
21 139
22 13
22 12
22 26
22 80
22 158
22 164
23 14
23 17
23 43
24 12
24 8
24 66
24 121
24 196
24 197
25 0
25 126
26 22
26 10
26 31
26 80
27 13
27 50
27 180
28 8
28 12
28 13
28 50
29 3
29 5
29 53
29 78
29 107
29 121
29 165
29 171
30 6
30 17
30 23
30 43
30 54
30 194
31 26
31 50
31 117
32 5
32 106
32 120
32 128
32 171
33 9
33 42
33 61
33 129
33 133
33 145
33 187
34 20
34 18
34 82
34 87
34 159
35 12
36 20
36 15
36 62
36 83
36 112
36 134
36 141
36 151
37 20
37 47
37 60
37 77
37 113
38 20
38 1
38 60
38 105
39 11
39 103
40 38
40 33
40 146
41 3
42 0
42 2
42 33
42 49
42 99
42 133
42 193
43 23
43 30
43 67
44 21
45 7
45 2
45 140
46 1
46 98
46 105
47 20
47 37
48 16
49 42
49 2
49 99
50 31
50 27
50 28
51 12
51 68
51 93
52 0
52 2
52 55
52 75
53 3
53 29
53 5
53 78
53 122
53 165
54 30
55 52
55 177
56 8
56 11
57 12
57 51
58 9
58 181
59 8
59 16
59 11
59 167
59 182
60 38
60 37
60 20
60 79
60 86
60 112
60 183
60 189
61 33
61 153
62 36
62 96
62 141
62 186
63 10
63 8
63 185
64 8
65 1
65 18
65 59
65 90
66 24
66 101
66 102
66 121
66 149
67 43
67 14
68 51
68 12
68 36
69 15
69 81
69 144
70 2
70 7
70 9
70 97
70 136
71 10
72 4
72 91
72 119
72 127
72 191
73 12
73 47
73 170
74 8
75 52
75 161
76 10
76 71
77 37
77 20
77 163
78 53
78 29
78 110
79 60
79 86
79 189
80 26
80 31
80 22
81 15
81 69
81 93
82 34
82 159
83 36
83 62
83 96
83 186
84 12
84 57
85 14
86 60
86 79
87 34
87 82
87 111
87 178
88 12
88 22
88 13
89 1
90 65
90 132
91 72
91 119
92 3
93 81
93 15
93 51
93 69
94 18
94 118
94 131
94 168
95 4
96 83
96 62
96 36
96 134
96 151
97 70
97 2
98 46
98 1
99 42
99 49
100 8
100 137
101 66
101 24
102 5
102 66
102 24
103 11
103 39
104 15
104 69
104 144
105 38
105 46
105 1
105 142
106 32
106 120
106 128
106 139
106 179
107 29
108 1
108 98
109 8
109 152
109 154
110 78
110 165
111 87
111 122
112 83
112 60
112 36
113 37
113 20
113 143
114 15
114 155
115 16
115 48
116 56
117 31
117 26
118 94
118 18
118 157
118 168
119 72
119 91
120 106
120 32
120 162
121 66
121 3
121 29
121 24
121 138
122 53
122 30
122 111
122 162
123 17
124 3
125 3
125 135
126 25
127 72
127 91
127 174
128 32
128 106
129 33
129 61
129 133
130 19
131 2
131 94
131 132
132 65
132 131
132 90
132 169
133 33
133 42
133 129
134 36
134 93
134 96
134 62
135 125
135 3
135 21
136 70
137 8
137 100
138 121
139 21
139 44
139 67
139 106
139 171
139 172
140 0
140 2
140 80
140 45
141 36
141 62
142 105
143 37
143 113
143 20
144 69
144 104
144 15
145 129
145 33
145 153
146 40
147 2
148 9
149 24
149 101
149 66
149 196
150 4
150 95
151 36
151 96
151 186
152 8
152 109
153 61
153 145
153 33
153 187
154 8
154 109
155 114
156 54
157 18
157 118
157 94
157 195
158 72
158 91
158 13
158 22
158 176
159 34
159 82
159 132
160 130
160 13
160 19
160 188
161 75
161 52
161 55
162 122
162 120
162 14
162 32
163 143
163 77
163 20
163 113
163 173
164 22
165 29
165 110
165 53
166 5
167 59
167 182
168 118
168 18
168 94
169 1
169 132
169 98
169 58
169 175
170 73
171 32
171 139
171 29
171 120
171 128
172 139
173 20
173 163
173 113
173 37
174 127
175 169
176 158
177 75
177 55
178 87
179 106
180 27
181 9
181 58
182 167
182 59
183 60
183 86
184 13
185 63
186 62
186 36
186 151
186 83
187 33
187 153
187 145
188 160
188 6
188 27
189 60
189 86
189 79
190 152
190 74
190 8
191 72
191 91
192 7
192 147
192 2
193 42
193 49
194 160
194 30
194 4
195 157
195 118
195 168
195 18
196 24
196 149
197 24
197 10
197 66
197 65
