198
656
0 1 0.0416667
0 2 0.0454545
0 25 0.25
0 52 0.125
0 140 0.166667
1 0 0.0555556
1 3 0.04
1 4 0.0714286
1 11 0.111111
1 46 0.166667
1 65 0.111111
1 89 0.5
1 98 0.166667
1 105 0.125
1 108 0.25
1 169 0.125
2 0 0.0555556
2 7 0.111111
2 9 0.0769231
2 42 0.0769231
2 45 0.2
2 70 0.111111
2 131 0.166667
2 147 0.333333
2 192 0.2
3 1 0.0416667
3 5 0.0666667
3 8 0.03125
3 16 0.111111
3 21 0.1
3 29 0.0625
3 41 0.5
3 92 0.5
3 124 0.5
3 125 0.25
3 135 0.166667
4 1 0.0416667
4 6 0.2
4 13 0.0625
4 72 0.0909091
4 95 0.333333
4 150 0.333333
4 194 0.2
5 3 0.04
5 14 0.0833333
5 29 0.0625
5 32 0.0909091
5 102 0.2
5 166 0.5
6 4 0.0714286
6 30 0.0909091
7 2 0.0454545
7 9 0.0769231
7 70 0.111111
7 192 0.2
8 3 0.04
8 10 0.0625
8 18 0.0526316
8 28 0.142857
8 56 0.25
8 59 0.111111
8 63 0.166667
8 64 0.5
8 74 0.333333
8 100 0.166667
8 109 0.166667
8 137 0.25
8 152 0.2
8 154 0.25
9 7 0.111111
9 2 0.0454545
9 33 0.0625
9 58 0.2
9 148 0.5
9 181 0.25
10 8 0.03125
10 12 0.0344828
10 18 0.0526316
10 26 0.111111
10 63 0.166667
10 71 0.333333
10 76 0.333333
10 197 0.166667
11 1 0.0416667
11 39 0.25
11 103 0.25
12 10 0.0625
12 3 0.04
12 8 0.03125
12 15 0.0625
12 20 0.0416667
12 22 0.0769231
12 24 0.0714286
12 35 0.5
12 51 0.142857
12 57 0.25
12 68 0.2
12 73 0.2
12 84 0.333333
12 88 0.2
13 4 0.0714286
13 19 0.125
13 22 0.0769231
13 28 0.142857
13 88 0.2
13 158 0.125
13 184 0.5
14 5 0.0666667
14 17 0.142857
14 23 0.142857
14 67 0.2
14 85 0.5
14 162 0.142857
15 12 0.0344828
15 36 0.0555556
15 69 0.125
15 81 0.166667
15 93 0.125
15 104 0.2
15 114 0.25
15 144 0.166667
16 3 0.04
16 11 0.111111
16 48 0.333333
16 115 0.333333
17 14 0.0833333
17 23 0.142857
17 123 0.5
18 10 0.0625
18 8 0.03125
18 20 0.0416667
18 34 0.1
18 65 0.111111
18 94 0.111111
18 118 0.111111
18 157 0.142857
18 168 0.142857
19 13 0.0625
19 12 0.0344828
19 16 0.111111
19 130 0.333333
19 160 0.142857
20 8 0.03125
20 18 0.0526316
20 12 0.0344828
20 34 0.1
20 37 0.0833333
20 38 0.125
20 47 0.2
20 60 0.0625
20 77 0.166667
20 143 0.166667
20 163 0.111111
21 3 0.04
21 44 0.333333
21 135 0.166667
21 139 0.1
22 13 0.0625
22 12 0.0344828
22 26 0.111111
22 80 0.166667
22 158 0.125
22 164 0.5
23 14 0.0833333
23 17 0.142857
23 43 0.166667
24 12 0.0344828
24 8 0.03125
24 66 0.0909091
24 121 0.111111
24 196 0.25
24 197 0.166667
25 0 0.0555556
25 126 0.5
26 22 0.0769231
26 10 0.0625
26 31 0.111111
26 80 0.166667
27 13 0.0625
27 50 0.166667
27 180 0.5
28 8 0.03125
28 12 0.0344828
28 13 0.0625
28 50 0.166667
29 3 0.04
29 5 0.0666667
29 53 0.0909091
29 78 0.166667
29 107 0.5
29 121 0.111111
29 165 0.166667
29 171 0.125
30 6 0.2
30 17 0.142857
30 23 0.142857
30 43 0.166667
30 54 0.333333
30 194 0.2
31 26 0.111111
31 50 0.166667
31 117 0.333333
32 5 0.0666667
32 106 0.1
32 120 0.125
32 128 0.2
32 171 0.125
33 9 0.0769231
33 42 0.0769231
33 61 0.2
33 129 0.166667
33 133 0.166667
33 145 0.166667
33 187 0.2
34 20 0.0416667
34 18 0.0526316
34 82 0.2
34 87 0.142857
34 159 0.2
35 12 0.0344828
36 20 0.0416667
36 15 0.0625
36 62 0.1
36 83 0.125
36 112 0.2
36 134 0.166667
36 141 0.25
36 151 0.142857
37 20 0.0416667
37 47 0.2
37 60 0.0625
37 77 0.166667
37 113 0.142857
38 20 0.0416667
38 1 0.0416667
38 60 0.0625
38 105 0.125
39 11 0.111111
39 103 0.25
40 38 0.125
40 33 0.0625
40 146 0.5
41 3 0.04
42 0 0.0555556
42 2 0.0454545
42 33 0.0625
42 49 0.166667
42 99 0.25
42 133 0.166667
42 193 0.333333
43 23 0.142857
43 30 0.0909091
43 67 0.2
44 21 0.1
45 7 0.111111
45 2 0.0454545
45 140 0.166667
46 1 0.0416667
46 98 0.166667
46 105 0.125
47 20 0.0416667
47 37 0.0833333
48 16 0.111111
49 42 0.0769231
49 2 0.0454545
49 99 0.25
50 31 0.111111
50 27 0.166667
50 28 0.142857
51 12 0.0344828
51 68 0.2
51 93 0.125
52 0 0.0555556
52 2 0.0454545
52 55 0.2
52 75 0.2
53 3 0.04
53 29 0.0625
53 5 0.0666667
53 78 0.166667
53 122 0.142857
53 165 0.166667
54 30 0.0909091
55 52 0.125
55 177 0.333333
56 8 0.03125
56 11 0.111111
57 12 0.0344828
57 51 0.142857
58 9 0.0769231
58 181 0.25
59 8 0.03125
59 16 0.111111
59 11 0.111111
59 167 0.25
59 182 0.25
60 38 0.125
60 37 0.0833333
60 20 0.0416667
60 79 0.166667
60 86 0.166667
60 112 0.2
60 183 0.333333
60 189 0.2
61 33 0.0625
61 153 0.142857
62 36 0.0555556
62 96 0.111111
62 141 0.25
62 186 0.142857
63 10 0.0625
63 8 0.03125
63 185 0.5
64 8 0.03125
65 1 0.0416667
65 18 0.0526316
65 59 0.111111
65 90 0.25
66 24 0.0714286
66 101 0.25
66 102 0.2
66 121 0.111111
66 149 0.166667
67 43 0.166667
67 14 0.0833333
68 51 0.142857
68 12 0.0344828
68 36 0.0555556
69 15 0.0625
69 81 0.166667
69 144 0.166667
70 2 0.0454545
70 7 0.111111
70 9 0.0769231
70 97 0.333333
70 136 0.5
71 10 0.0625
72 4 0.0714286
72 91 0.142857
72 119 0.25
72 127 0.2
72 191 0.333333
73 12 0.0344828
73 47 0.2
73 170 0.5
74 8 0.03125
75 52 0.125
75 161 0.25
76 10 0.0625
76 71 0.333333
77 37 0.0833333
77 20 0.0416667
77 163 0.111111
78 53 0.0909091
78 29 0.0625
78 110 0.25
79 60 0.0625
79 86 0.166667
79 189 0.2
80 26 0.111111
80 31 0.111111
80 22 0.0769231
81 15 0.0625
81 69 0.125
81 93 0.125
82 34 0.1
82 159 0.2
83 36 0.0555556
83 62 0.1
83 96 0.111111
83 186 0.142857
84 12 0.0344828
84 57 0.25
85 14 0.0833333
86 60 0.0625
86 79 0.166667
87 34 0.1
87 82 0.2
87 111 0.25
87 178 0.5
88 12 0.0344828
88 22 0.0769231
88 13 0.0625
89 1 0.0416667
90 65 0.111111
90 132 0.125
91 72 0.0909091
91 119 0.25
92 3 0.04
93 81 0.166667
93 15 0.0625
93 51 0.142857
93 69 0.125
94 18 0.0526316
94 118 0.111111
94 131 0.166667
94 168 0.142857
95 4 0.0714286
96 83 0.125
96 62 0.1
96 36 0.0555556
96 134 0.166667
96 151 0.142857
97 70 0.111111
97 2 0.0454545
98 46 0.166667
98 1 0.0416667
99 42 0.0769231
99 49 0.166667
100 8 0.03125
100 137 0.25
101 66 0.0909091
101 24 0.0714286
102 5 0.0666667
102 66 0.0909091
102 24 0.0714286
103 11 0.111111
103 39 0.25
104 15 0.0625
104 69 0.125
104 144 0.166667
105 38 0.125
105 46 0.166667
105 1 0.0416667
105 142 0.5
106 32 0.0909091
106 120 0.125
106 128 0.2
106 139 0.1
106 179 0.5
107 29 0.0625
108 1 0.0416667
108 98 0.166667
109 8 0.03125
109 152 0.2
109 154 0.25
110 78 0.166667
110 165 0.166667
111 87 0.142857
111 122 0.142857
112 83 0.125
112 60 0.0625
112 36 0.0555556
113 37 0.0833333
113 20 0.0416667
113 143 0.166667
114 15 0.0625
114 155 0.5
115 16 0.111111
115 48 0.333333
116 56 0.25
117 31 0.111111
117 26 0.111111
118 94 0.111111
118 18 0.0526316
118 157 0.142857
118 168 0.142857
119 72 0.0909091
119 91 0.142857
120 106 0.1
120 32 0.0909091
120 162 0.142857
121 66 0.0909091
121 3 0.04
121 29 0.0625
121 24 0.0714286
121 138 0.5
122 53 0.0909091
122 30 0.0909091
122 111 0.25
122 162 0.142857
123 17 0.142857
124 3 0.04
125 3 0.04
125 135 0.166667
126 25 0.25
127 72 0.0909091
127 91 0.142857
127 174 0.5
128 32 0.0909091
128 106 0.1
129 33 0.0625
129 61 0.2
129 133 0.166667
130 19 0.125
131 2 0.0454545
131 94 0.111111
131 132 0.125
132 65 0.111111
132 131 0.166667
132 90 0.25
132 169 0.125
133 33 0.0625
133 42 0.0769231
133 129 0.166667
134 36 0.0555556
134 93 0.125
134 96 0.111111
134 62 0.1
135 125 0.25
135 3 0.04
135 21 0.1
136 70 0.111111
137 8 0.03125
137 100 0.166667
138 121 0.111111
139 21 0.1
139 44 0.333333
139 67 0.2
139 106 0.1
139 171 0.125
139 172 0.5
140 0 0.0555556
140 2 0.0454545
140 80 0.166667
140 45 0.2
141 36 0.0555556
141 62 0.1
142 105 0.125
143 37 0.0833333
143 113 0.142857
143 20 0.0416667
144 69 0.125
144 104 0.2
144 15 0.0625
145 129 0.166667
145 33 0.0625
145 153 0.142857
146 40 0.25
147 2 0.0454545
148 9 0.0769231
149 24 0.0714286
149 101 0.25
149 66 0.0909091
149 196 0.25
150 4 0.0714286
150 95 0.333333
151 36 0.0555556
151 96 0.111111
151 186 0.142857
152 8 0.03125
152 109 0.166667
153 61 0.2
153 145 0.166667
153 33 0.0625
153 187 0.2
154 8 0.03125
154 109 0.166667
155 114 0.25
156 54 0.333333
157 18 0.0526316
157 118 0.111111
157 94 0.111111
157 195 0.2
158 72 0.0909091
158 91 0.142857
158 13 0.0625
158 22 0.0769231
158 176 0.5
159 34 0.1
159 82 0.2
159 132 0.125
160 130 0.333333
160 13 0.0625
160 19 0.125
160 188 0.25
161 75 0.2
161 52 0.125
161 55 0.2
162 122 0.142857
162 120 0.125
162 14 0.0833333
162 32 0.0909091
163 143 0.166667
163 77 0.166667
163 20 0.0416667
163 113 0.142857
163 173 0.2
164 22 0.0769231
165 29 0.0625
165 110 0.25
165 53 0.0909091
166 5 0.0666667
167 59 0.111111
167 182 0.25
168 118 0.111111
168 18 0.0526316
168 94 0.111111
169 1 0.0416667
169 132 0.125
169 98 0.166667
169 58 0.2
169 175 0.5
170 73 0.2
171 32 0.0909091
171 139 0.1
171 29 0.0625
171 120 0.125
171 128 0.2
172 139 0.1
173 20 0.0416667
173 163 0.111111
173 113 0.142857
173 37 0.0833333
174 127 0.2
175 169 0.125
176 158 0.125
177 75 0.2
177 55 0.2
178 87 0.142857
179 106 0.1
180 27 0.166667
181 9 0.0769231
181 58 0.2
182 167 0.25
182 59 0.111111
183 60 0.0625
183 86 0.166667
184 13 0.0625
185 63 0.166667
186 62 0.1
186 36 0.0555556
186 151 0.142857
186 83 0.125
187 33 0.0625
187 153 0.142857
187 145 0.166667
188 160 0.142857
188 6 0.2
188 27 0.166667
189 60 0.0625
189 86 0.166667
189 79 0.166667
190 152 0.2
190 74 0.333333
190 8 0.03125
191 72 0.0909091
191 91 0.142857
192 7 0.111111
192 147 0.333333
192 2 0.0454545
193 42 0.0769231
193 49 0.166667
194 160 0.142857
194 30 0.0909091
194 4 0.0714286
195 157 0.142857
195 118 0.111111
195 168 0.142857
195 18 0.0526316
196 24 0.0714286
196 149 0.166667
197 24 0.0714286
197 10 0.0625
197 66 0.0909091
197 65 0.111111
