0.118714
1
1
1
0.14001
0.136349
0.031496
0.177614
1
0.168839
0.136317
0.161446
1
1
1
0.066813
0.137084
0.163223
0.071497
0.1266
0.097969
0.234821
0.180747
0.168734
0.077158
0.029696
0.039735
0.008512
0.265577
0.078848
0.014718
0.013978
0.054107
1
0.016884
0.500312
0.029659
0.098109
0.152432
0.04834
0
0.500762
0.160168
0.086791
0.379681
0.204051
0.216042
0.07609
0.055917
0.039426
0.046078
0.205578
0.014864
0.011181
0.004895
0.003165
0.250282
0.312794
0.065128
0.124681
1
0.243729
0.007596
0.184769
0.500207
0.126161
0.01432
0.364797
0.229736
0.017136
0.128279
0.05528
0.027579
0.200042
0.333821
0.003121
0.045611
0.03303
0.015054
0.226939
0.043808
0.018606
0.004377
0.02925
0.334045
0.502157
0.266686
0.003174
0.361369
0.500363
0.040159
0.026192
0.50086
0.035579
0.02951
0.057177
0.005114
0.042833
0.243363
0.046722
0.202016
0.004775
0.029799
0.048025
0.015653
0.162517
0.111534
0.039297
0.250322
0.228374
0.007133
0.006039
0.204233
0.018703
0.016677
0.04575
0
0.004669
0.013523
0.012534
0.053512
0.018641
0.022363
0.081724
0.49991
0.287659
0.014877
0.005424
0.057266
0.219475
0.047393
0.170279
0.040811
0.212963
0.005596
0.231167
0.064464
0.28208
0.009259
1
0.052424
0.008859
0.081538
0.020546
0.015335
0.202628
0
0.384027
0.084259
0.00552
0.046907
0.005564
0.233267
0.087177
0.287619
0.008484
0
0.011657
0.144756
0.003964
0.021987
0.000796
0.147294
0.01423
0.090766
0.015001
0.067892
0.036977
0.015767
0.128826
0.099845
0.137548
0.50074
0.002793
0.002701
0.064498
0.072424
0.001055
0.001625
0.055957
0.004223
0.054609
0.03706
0.333456
0.501121
0.092305
0.005722
0.209837
0.005484
0.232357
0
0.009238
0.225618
0.053208
0.030341
0.002361
0.019666
0.034884
