41 1
41 34
41 30
41 8
41 2
22 4
22 5
23 7
23 21
23 33
0 2
0 6
0 12
0 16
0 19
0 20
0 36
24 3
43 44
43 46
43 48
25 33
25 38
1 7
1 9
1 41
2 0
2 3
2 7
2 10
2 13
2 31
44 43
44 50
44 55
44 63
44 67
63 44
26 11
26 15
3 2
3 7
3 8
3 18
3 24
3 31
3 32
3 34
4 2
4 3
4 5
4 11
4 17
4 22
5 4
5 11
5 22
64 45
64 54
6 0
6 28
45 46
45 49
45 54
45 64
27 11
27 15
7 3
7 2
7 1
7 21
7 23
8 3
8 18
8 34
46 43
46 45
46 47
46 51
46 52
46 62
47 46
47 51
47 57
47 60
48 43
28 6
9 1
9 18
49 45
50 47
50 44
50 58
50 61
50 65
65 61
65 50
65 58
51 46
51 47
51 66
29 17
29 1
29 14
52 46
52 47
52 53
66 51
10 2
10 13
10 31
53 52
30 12
30 37
31 2
31 3
31 10
31 35
32 3
32 24
33 17
33 7
33 25
33 23
11 5
11 4
11 0
11 15
11 26
11 27
34 8
34 3
34 41
35 31
54 45
54 64
36 0
36 19
55 44
12 0
12 5
12 30
12 37
67 44
67 56
13 2
13 10
14 7
14 29
37 12
37 30
68 69
56 44
56 67
69 68
15 11
15 26
38 25
57 47
58 50
70 71
16 0
59 49
71 70
60 47
61 50
61 58
17 4
17 5
17 29
17 33
18 3
18 8
18 9
19 0
19 16
20 11
20 0
21 7
21 23
62 46
