72
181
41 1 0.111111
41 34 0.166667
41 30 0.2
41 8 0.142857
41 2 0.0625
22 4 0.0714286
22 5 0.1
23 7 0.0769231
23 21 0.25
23 33 0.111111
0 2 0.0625
0 6 0.25
0 12 0.111111
0 16 0.333333
0 19 0.25
0 20 0.333333
0 36 0.333333
24 3 0.0526316
43 44 0.0833333
43 46 0.0769231
43 48 0.5
25 33 0.111111
25 38 0.5
1 7 0.0769231
1 9 0.25
1 41 0.111111
2 0 0.047619
2 3 0.0526316
2 7 0.0769231
2 10 0.166667
2 13 0.25
2 31 0.111111
44 43 0.0833333
44 50 0.0909091
44 55 0.5
44 63 0.5
44 67 0.25
63 44 0.0833333
26 11 0.0833333
26 15 0.2
3 2 0.0625
3 7 0.0769231
3 8 0.142857
3 18 0.166667
3 24 0.333333
3 31 0.111111
3 32 0.333333
3 34 0.166667
4 2 0.0625
4 3 0.0526316
4 5 0.1
4 11 0.0833333
4 17 0.111111
4 22 0.25
5 4 0.0714286
5 11 0.0833333
5 22 0.25
64 45 0.0833333
64 54 0.25
6 0 0.047619
6 28 0.5
45 46 0.0769231
45 49 0.142857
45 54 0.25
45 64 0.166667
27 11 0.0833333
27 15 0.2
7 3 0.0526316
7 2 0.0625
7 1 0.111111
7 21 0.25
7 23 0.166667
8 3 0.0526316
8 18 0.166667
8 34 0.166667
46 43 0.0833333
46 45 0.0833333
46 47 0.0833333
46 51 0.142857
46 52 0.142857
46 62 0.5
47 46 0.0769231
47 51 0.142857
47 57 0.333333
47 60 0.5
48 43 0.0833333
28 6 0.25
9 1 0.111111
9 18 0.166667
49 45 0.0833333
50 47 0.0833333
50 44 0.0833333
50 58 0.25
50 61 0.25
50 65 0.166667
65 61 0.25
65 50 0.0909091
65 58 0.25
51 46 0.0769231
51 47 0.0833333
51 66 0.5
29 17 0.111111
29 1 0.111111
29 14 0.333333
52 46 0.0769231
52 47 0.0833333
52 53 0.5
66 51 0.142857
10 2 0.0625
10 13 0.25
10 31 0.111111
53 52 0.142857
30 12 0.111111
30 37 0.25
31 2 0.0625
31 3 0.0526316
31 10 0.166667
31 35 0.5
32 3 0.0526316
32 24 0.333333
33 17 0.111111
33 7 0.0769231
33 25 0.142857
33 23 0.166667
11 5 0.1
11 4 0.0714286
11 0 0.047619
11 15 0.2
11 26 0.25
11 27 0.333333
34 8 0.142857
34 3 0.0526316
34 41 0.111111
35 31 0.111111
54 45 0.0833333
54 64 0.166667
36 0 0.047619
36 19 0.25
55 44 0.0833333
12 0 0.047619
12 5 0.1
12 30 0.2
12 37 0.25
67 44 0.0833333
67 56 0.2
13 2 0.0625
13 10 0.166667
14 7 0.0769231
14 29 0.142857
37 12 0.111111
37 30 0.2
68 69 0.5
56 44 0.0833333
56 67 0.25
69 68 0.25
15 11 0.0833333
15 26 0.25
38 25 0.142857
57 47 0.0833333
58 50 0.0909091
70 71 0.5
16 0 0.047619
59 49 0.142857
71 70 0.25
60 47 0.0833333
61 50 0.0909091
61 58 0.25
17 4 0.0714286
17 5 0.1
17 29 0.142857
17 33 0.111111
18 3 0.0526316
18 8 0.142857
18 9 0.25
19 0 0.047619
19 16 0.333333
20 11 0.0833333
20 0 0.047619
21 7 0.0769231
21 23 0.166667
62 46 0.0769231
