1
0.017008
0.134735
1
0.003326
0.014273
0.250384
0.086725
0.1853
0.050137
0.046976
0.028933
0.11205
0.042681
3.4e-05
0.008382
0.402473
0.000615
0.190794
0.313301
0.333915
0.024329
0.004301
0.017428
0.407535
0.000249
0.008698
0.009818
0.125561
9.9e-05
0.031583
0.126685
0.334322
0.001934
0.189856
0.063569
0.333226
0.033504
0.000147
0
0
0.02278
0
0.161018
1
0.083977
1
0.112118
0.080185
0.011878
0.091169
0.155469
0.142626
0.071517
0.023875
0.500038
0.050625
0.037684
0.030158
0
0.055978
0.025641
0.499712
0.49998
0.017008
0.015124
0.077644
0.251477
0
0
0
0
