0 1
1 0
2 4
2 5
2 6
2 11
2 12
2 19
2 23
2 36
2 50
3 8
3 22
3 53
4 2
4 30
4 37
5 2
5 12
5 34
5 65
5 66
6 2
6 19
6 33
6 35
6 36
6 42
6 86
7 10
7 48
7 69
8 3
8 10
8 14
8 32
9 3
9 49
10 7
10 8
10 21
11 2
11 12
11 15
11 37
11 57
12 5
12 2
12 11
12 39
12 47
13 5
13 17
13 20
13 39
13 64
14 8
14 32
14 55
15 11
16 26
16 31
17 13
17 64
18 7
18 10
18 51
19 6
19 2
19 25
19 45
20 13
20 41
21 10
21 8
21 14
21 24
21 28
21 40
21 43
22 3
22 40
22 49
22 53
23 2
24 21
24 28
24 43
25 19
25 45
26 16
26 27
26 38
26 70
27 26
27 70
28 21
28 24
29 26
29 27
29 38
30 4
31 16
31 153
32 8
32 14
32 55
33 6
33 56
34 5
34 66
35 6
36 2
36 6
36 60
36 71
37 4
37 11
37 30
37 38
38 26
38 27
38 29
38 37
39 13
39 12
39 72
40 3
40 22
40 21
40 52
41 20
42 6
42 35
42 33
42 56
43 21
43 24
44 68
44 73
44 74
45 19
45 25
46 41
46 58
46 63
47 12
48 44
48 7
48 67
49 3
49 9
49 22
50 2
51 18
51 61
51 85
52 40
53 9
53 22
53 3
55 14
55 32
56 6
56 42
56 33
57 11
57 15
58 46
58 59
59 58
60 48
60 36
61 18
61 51
62 58
63 46
64 13
64 17
65 5
65 34
66 65
66 5
66 34
67 48
68 44
69 7
70 54
70 26
70 27
70 29
71 36
72 39
73 25
73 44
73 68
73 74
74 37
74 73
74 44
74 76
75 77
75 80
76 74
76 78
77 75
78 76
80 75
83 84
84 83
85 18
85 3
85 51
85 24
86 45
86 57
86 6
86 88
86 89
86 92
86 101
86 109
86 110
86 146
87 88
87 90
87 91
87 102
87 107
87 119
87 125
88 87
88 86
88 115
88 126
88 130
88 151
89 86
89 88
89 95
89 122
90 87
90 116
90 118
90 120
90 128
90 134
90 135
90 138
91 87
91 96
92 86
92 94
92 95
93 111
94 92
94 103
94 106
94 146
94 147
94 150
95 89
95 92
96 91
97 141
98 100
98 104
98 105
99 88
99 113
100 98
100 104
100 105
100 127
101 86
102 87
103 94
103 106
103 108
103 147
104 98
104 100
104 111
105 98
105 100
105 127
106 94
106 86
106 103
107 87
108 103
108 94
108 113
109 86
109 92
110 86
111 93
111 104
112 97
112 130
112 131
112 140
113 108
113 103
113 99
113 139
113 150
114 91
114 93
115 88
116 90
116 118
116 120
116 132
116 135
116 136
116 138
117 115
117 123
118 90
118 116
118 120
119 87
120 90
120 116
120 118
120 128
120 132
121 95
122 89
122 129
122 142
123 117
123 88
123 133
124 88
124 99
124 115
124 151
125 87
125 111
125 135
126 115
126 88
127 100
127 105
127 98
128 120
128 90
128 132
128 135
129 122
129 142
129 143
130 112
130 88
130 124
130 115
131 88
131 112
131 145
131 150
132 120
132 116
132 128
132 149
133 123
134 90
134 120
134 128
135 90
135 128
135 116
135 125
135 137
136 116
136 128
136 120
136 90
137 135
138 116
138 90
138 120
139 113
140 112
141 97
142 129
142 122
142 143
143 122
143 129
143 142
144 86
144 152
145 131
146 86
146 94
146 103
146 108
147 103
147 94
148 111
148 104
149 142
149 123
149 124
149 132
150 94
150 131
150 92
150 113
151 88
151 126
151 124
152 144
153 124
153 31
153 154
154 153
158 159
159 158
