0
0
1
0.017576
0.169052
0.154567
0.142494
0.007729
0.106833
0.001667
0.121446
0.118096
0.106933
1
0.155509
0.119778
3.3e-05
0.296939
0
0.112415
0.167082
1
0.01114
0.499787
0.180345
0.063363
0.000414
0.000485
0.279736
0.00045
0.047895
7e-06
0.047343
0.032962
0.042589
0.053107
0.140807
0.028481
0.003093
0.179624
0.12611
0.023891
0.024728
0.279624
0.00027
0.21815
0
0.053792
0.002782
0.002385
0.500496
0
0.031645
0.004714
4.1e-05
0.047619
0.010951
0.268346
0
0
0.020257
0
0
0
0.297584
0.045699
0.036932
0.001423
6.4e-05
0.003828
0.00014
0.070375
0.089775
3.3e-05
2.9e-05
1
5e-06
0.501175
2e-06
0
0.499693
0
0
0
0
0
1
1
0.135719
0.10312
0.144563
0.142824
0.143026
0.006262
0.054066
0.047717
0.071459
0.166593
0.000296
0.256651
0.000314
0.500055
0.50081
0.112067
0.002931
9.5e-05
0.03239
0.333783
0.155821
0.251191
0.501163
0.031624
1
1
0
0.061333
1
0.000801
0.202989
0.500135
0.142246
0
0.01526
0.004784
0.029826
0.220023
0.040169
7.6e-05
0.074957
0.003649
0.184402
0.114248
0.146224
0.002375
0.024225
0.136635
0.200569
0.068325
0.222051
0.500562
0.50022
0.042053
0.006425
0.001881
0
0.057242
0.172628
0.039776
0
0.029393
0.160184
0.03209
0
0
0
0
0
0
0
0
0
0
