162
421
0 1 0.25
1 0 0.333333
2 4 0.166667
2 5 0.0769231
2 6 0.0666667
2 11 0.0833333
2 12 0.0769231
2 19 0.0833333
2 23 0.5
2 36 0.125
2 50 0.5
3 8 0.0833333
3 22 0.0769231
3 53 0.166667
4 2 0.0416667
4 30 0.25
4 37 0.1
5 2 0.0416667
5 12 0.0769231
5 34 0.2
5 65 0.25
5 66 0.2
6 2 0.0416667
6 19 0.0833333
6 33 0.2
6 35 0.333333
6 36 0.125
6 42 0.166667
6 86 0.0384615
7 10 0.111111
7 48 0.1
7 69 0.5
8 3 0.0714286
8 10 0.111111
8 14 0.142857
8 32 0.166667
9 3 0.0714286
9 49 0.2
10 7 0.0625
10 8 0.0833333
10 21 0.0714286
11 2 0.0416667
11 12 0.0769231
11 15 0.333333
11 37 0.1
11 57 0.25
12 5 0.0769231
12 2 0.0416667
12 11 0.0833333
12 39 0.166667
12 47 0.5
13 5 0.0769231
13 17 0.25
13 20 0.166667
13 39 0.166667
13 64 0.25
14 8 0.0833333
14 32 0.166667
14 55 0.25
15 11 0.0833333
16 26 0.1
16 31 0.2
17 13 0.0909091
17 64 0.25
18 7 0.0625
18 10 0.111111
18 51 0.166667
19 6 0.0666667
19 2 0.0416667
19 25 0.2
19 45 0.2
20 13 0.0909091
20 41 0.142857
21 10 0.111111
21 8 0.0833333
21 14 0.142857
21 24 0.125
21 28 0.25
21 40 0.125
21 43 0.25
22 3 0.0714286
22 40 0.125
22 49 0.2
22 53 0.166667
23 2 0.0416667
24 21 0.0714286
24 28 0.25
24 43 0.25
25 19 0.0833333
25 45 0.2
26 16 0.0909091
26 27 0.125
26 38 0.111111
26 70 0.166667
27 26 0.1
27 70 0.166667
28 21 0.0714286
28 24 0.125
29 26 0.1
29 27 0.125
29 38 0.111111
30 4 0.166667
31 16 0.0909091
31 153 0.0833333
32 8 0.0833333
32 14 0.142857
32 55 0.25
33 6 0.0666667
33 56 0.2
34 5 0.0769231
34 66 0.2
35 6 0.0666667
36 2 0.0416667
36 6 0.0666667
36 60 0.142857
36 71 0.5
37 4 0.166667
37 11 0.0833333
37 30 0.25
37 38 0.111111
38 26 0.1
38 27 0.125
38 29 0.142857
38 37 0.1
39 13 0.0909091
39 12 0.0769231
39 72 0.5
40 3 0.0714286
40 22 0.0769231
40 21 0.0714286
40 52 0.25
41 20 0.166667
42 6 0.0666667
42 35 0.333333
42 33 0.2
42 56 0.2
43 21 0.0714286
43 24 0.125
44 68 0.25
44 73 0.125
44 74 0.0769231
45 19 0.0833333
45 25 0.2
46 41 0.142857
46 58 0.125
46 63 0.5
47 12 0.0769231
48 44 0.1
48 7 0.0625
48 67 0.5
49 3 0.0714286
49 9 0.25
49 22 0.0769231
50 2 0.0416667
51 18 0.125
51 61 0.333333
51 85 0.125
52 40 0.125
53 9 0.25
53 22 0.0769231
53 3 0.0714286
55 14 0.142857
55 32 0.166667
56 6 0.0666667
56 42 0.166667
56 33 0.2
57 11 0.0833333
57 15 0.333333
58 46 0.125
58 59 0.5
59 58 0.125
60 48 0.1
60 36 0.125
61 18 0.125
61 51 0.166667
62 58 0.125
63 46 0.125
64 13 0.0909091
64 17 0.25
65 5 0.0769231
65 34 0.2
66 65 0.25
66 5 0.0769231
66 34 0.2
67 48 0.1
68 44 0.1
69 7 0.0625
70 54 0.333333
70 26 0.1
70 27 0.125
70 29 0.142857
71 36 0.125
72 39 0.166667
73 25 0.2
73 44 0.1
73 68 0.25
73 74 0.0769231
74 37 0.1
74 73 0.125
74 44 0.1
74 76 0.25
75 77 0.5
75 80 0.5
76 74 0.0769231
76 78 0.5
77 75 0.125
78 76 0.25
80 75 0.125
83 84 0.5
84 83 0.25
85 18 0.125
85 3 0.0714286
85 51 0.166667
85 24 0.125
86 45 0.2
86 57 0.25
86 6 0.0666667
86 88 0.0526316
86 89 0.1
86 92 0.1
86 101 0.5
86 109 0.25
86 110 0.5
86 146 0.166667
87 88 0.0526316
87 90 0.0526316
87 91 0.142857
87 102 0.5
87 107 0.333333
87 119 0.5
87 125 0.2
88 87 0.0454545
88 86 0.0384615
88 115 0.166667
88 126 0.25
88 130 0.166667
88 151 0.2
89 86 0.0384615
89 88 0.0526316
89 95 0.2
89 122 0.142857
90 87 0.0454545
90 116 0.0714286
90 118 0.166667
90 120 0.0769231
90 128 0.1
90 134 0.166667
90 135 0.1
90 138 0.2
91 87 0.0454545
91 96 0.5
92 86 0.0384615
92 94 0.0714286
92 95 0.2
93 111 0.142857
94 92 0.1
94 103 0.0833333
94 106 0.2
94 146 0.166667
94 147 0.25
94 150 0.142857
95 89 0.1
95 92 0.1
96 91 0.142857
97 141 0.25
98 100 0.1
98 104 0.0909091
98 105 0.142857
99 88 0.0526316
99 113 0.111111
100 98 0.0909091
100 104 0.0909091
100 105 0.142857
100 127 0.2
101 86 0.0384615
102 87 0.0454545
103 94 0.0714286
103 106 0.2
103 108 0.125
103 147 0.25
104 98 0.0909091
104 100 0.1
104 111 0.142857
105 98 0.0909091
105 100 0.1
105 127 0.2
106 94 0.0714286
106 86 0.0384615
106 103 0.0833333
107 87 0.0454545
108 103 0.0833333
108 94 0.0714286
108 113 0.111111
109 86 0.0384615
109 92 0.1
110 86 0.0384615
111 93 0.2
111 104 0.0909091
112 97 0.166667
112 130 0.166667
112 131 0.1
112 140 0.5
113 108 0.125
113 103 0.0833333
113 99 0.25
113 139 0.5
113 150 0.142857
114 91 0.142857
114 93 0.2
115 88 0.0526316
116 90 0.0526316
116 118 0.166667
116 120 0.0769231
116 132 0.125
116 135 0.1
116 136 0.2
116 138 0.2
117 115 0.166667
117 123 0.166667
118 90 0.0526316
118 116 0.0714286
118 120 0.0769231
119 87 0.0454545
120 90 0.0526316
120 116 0.0714286
120 118 0.166667
120 128 0.1
120 132 0.125
121 95 0.2
122 89 0.1
122 129 0.166667
122 142 0.142857
123 117 0.166667
123 88 0.0526316
123 133 0.5
124 88 0.0526316
124 99 0.25
124 115 0.166667
124 151 0.2
125 87 0.0454545
125 111 0.142857
125 135 0.1
126 115 0.166667
126 88 0.0526316
127 100 0.1
127 105 0.142857
127 98 0.0909091
128 120 0.0769231
128 90 0.0526316
128 132 0.125
128 135 0.1
129 122 0.142857
129 142 0.142857
129 143 0.2
130 112 0.0909091
130 88 0.0526316
130 124 0.125
130 115 0.166667
131 88 0.0526316
131 112 0.0909091
131 145 0.5
131 150 0.142857
132 120 0.0769231
132 116 0.0714286
132 128 0.1
132 149 0.2
133 123 0.166667
134 90 0.0526316
134 120 0.0769231
134 128 0.1
135 90 0.0526316
135 128 0.1
135 116 0.0714286
135 125 0.2
135 137 0.5
136 116 0.0714286
136 128 0.1
136 120 0.0769231
136 90 0.0526316
137 135 0.1
138 116 0.0714286
138 90 0.0526316
138 120 0.0769231
139 113 0.111111
140 112 0.0909091
141 97 0.166667
142 129 0.166667
142 122 0.142857
142 143 0.2
143 122 0.142857
143 129 0.166667
143 142 0.142857
144 86 0.0384615
144 152 0.5
145 131 0.1
146 86 0.0384615
146 94 0.0714286
146 103 0.0833333
146 108 0.125
147 103 0.0833333
147 94 0.0714286
148 111 0.142857
148 104 0.0909091
149 142 0.142857
149 123 0.166667
149 124 0.125
149 132 0.125
150 94 0.0714286
150 131 0.1
150 92 0.1
150 113 0.111111
151 88 0.0526316
151 126 0.25
151 124 0.125
152 144 0.2
153 124 0.125
153 31 0.2
153 154 0.25
154 153 0.0833333
158 159 0.25
159 158 0.333333
