0 1
1 0
1 3
3 1
4 2
4 5
4 11
4 24
4 82
5 4
5 6
5 15
5 17
5 21
5 27
5 89
6 5
6 17
6 26
6 27
6 36
6 52
6 68
6 83
7 8
7 25
7 30
7 35
7 42
7 58
8 7
8 9
8 10
9 8
9 16
9 46
9 59
10 8
10 60
10 76
10 80
11 4
11 12
11 20
11 22
11 36
11 43
11 49
11 73
11 88
11 101
12 11
12 14
12 43
13 44
13 61
14 11
14 12
14 73
15 5
15 65
16 9
17 5
17 6
17 35
17 41
17 79
17 86
19 4
20 11
20 12
21 5
21 27
21 56
21 71
22 11
22 34
22 39
23 28
23 37
23 64
23 70
23 75
24 5
24 4
24 29
24 48
25 7
26 6
26 7
26 32
26 35
26 38
26 40
27 21
27 6
27 5
27 33
27 46
28 23
28 45
29 24
29 48
30 7
31 23
31 37
31 64
31 72
31 75
32 26
32 38
32 40
32 53
32 58
32 63
32 74
33 27
34 22
34 101
35 7
35 26
35 17
35 46
35 47
35 84
36 11
36 14
36 6
37 23
37 31
37 55
38 32
38 26
38 40
38 53
38 63
39 22
40 38
40 32
40 26
41 17
41 86
42 7
42 37
42 69
43 14
43 11
43 12
44 5
44 13
45 28
46 27
46 33
46 9
46 35
46 77
47 35
47 84
48 29
48 24
48 50
48 54
49 14
49 12
49 11
49 88
50 48
52 6
52 83
53 32
53 38
54 48
55 37
56 21
56 15
56 85
57 81
58 32
58 7
58 26
58 30
58 66
59 44
59 9
59 67
60 10
61 13
62 49
62 11
62 12
62 14
62 73
63 26
63 53
63 38
63 32
63 40
63 74
63 78
64 23
64 31
65 15
66 58
67 59
68 6
69 42
70 23
70 75
71 21
72 31
72 23
72 64
72 75
73 14
73 62
73 11
73 88
73 93
73 101
73 179
74 53
74 32
74 63
74 26
75 23
75 31
75 70
75 72
76 10
76 80
77 46
78 32
78 63
78 38
78 26
79 17
79 41
80 10
80 76
81 57
82 4
83 52
83 6
84 35
84 47
85 56
86 17
86 41
88 62
88 49
88 11
88 14
88 73
89 5
91 92
92 91
93 2
93 68
93 48
93 73
93 12
93 95
94 96
94 98
95 93
96 94
97 94
98 94
101 11
101 34
101 12
101 4
101 73
101 102
101 103
101 105
101 110
101 115
102 101
102 104
102 125
102 128
102 136
102 152
103 101
103 102
103 105
103 116
103 118
103 122
103 150
103 168
104 102
104 139
105 103
105 101
105 114
106 113
106 116
106 133
106 145
107 108
107 129
107 166
108 107
108 119
108 130
108 132
108 167
108 174
109 148
109 149
109 169
110 101
110 112
110 114
110 165
110 172
111 117
111 140
111 143
112 110
113 106
113 134
113 137
113 154
113 159
114 105
114 110
114 118
114 122
114 135
115 101
115 169
116 103
116 106
116 120
116 127
116 153
116 157
117 111
117 140
118 103
118 114
118 135
118 138
118 155
118 161
119 108
119 132
119 156
119 174
120 116
120 121
120 127
120 157
121 118
121 116
121 113
121 120
121 123
121 141
121 170
121 177
122 118
122 103
122 114
122 175
123 119
123 121
123 109
123 145
123 149
123 158
123 173
124 149
124 169
125 102
125 151
125 176
125 178
126 154
127 116
127 120
128 119
128 102
128 131
128 139
128 144
129 107
129 166
130 108
130 156
131 128
131 144
132 108
132 119
133 106
133 154
134 113
134 137
135 102
135 118
135 114
135 142
136 102
137 134
137 113
137 159
138 118
139 104
139 128
139 160
139 163
140 117
140 111
140 143
141 121
141 177
142 135
143 140
143 111
144 128
144 131
145 106
145 123
146 107
147 139
147 135
148 109
148 171
149 123
149 124
149 109
150 103
151 125
152 102
153 116
153 120
154 113
154 126
154 133
155 118
156 108
156 130
156 119
156 174
157 116
157 120
158 123
159 113
159 134
159 137
160 139
161 118
161 155
162 112
163 139
164 101
165 110
165 172
166 107
166 129
167 117
167 111
167 140
167 132
167 108
168 103
169 124
169 115
169 109
170 121
171 148
171 109
172 110
172 165
173 123
174 108
174 156
174 119
175 122
176 125
176 151
177 141
177 121
178 176
178 125
179 49
179 12
179 73
179 114
179 180
180 179
182 183
182 184
182 187
183 182
184 182
184 187
186 184
186 182
187 182
187 181
187 184
189 190
190 189
193 191
193 194
193 195
194 193
194 195
195 193
195 194
