0
0
0.008457
0
0.043466
0.046677
1
0.008171
0.000686
0.000708
6.2e-05
1
0.096491
1e-06
0.068305
0.0069
0.000245
0.062036
0
0
0.251158
0.01166
0.112797
5e-06
0.131884
0.00137
0.141861
0.070209
0
0.183184
0.004232
1.4e-05
0.128587
0.011248
0.03173
0.016624
0.265101
0.000135
0.156595
0.056311
0.188484
0.018164
0.001063
0.215042
9e-06
0
0.009686
0.004845
1
0.145189
0.500488
0
0.298391
0.225105
0.500647
7e-05
0.001622
0
0.017119
0.000148
1.6e-05
0
0.033296
1
3e-06
0.003445
0.008573
6.6e-05
0.334533
0.000345
1e-06
0.005749
4e-06
0.091144
0.182951
2e-06
1.8e-05
0.004892
0.201173
0.020772
1e-05
0
0.021593
0.298081
0.004842
0.000798
0.018404
0
0.148537
0.023517
0
0
0
0.007536
0
0.003736
0
0
0
0
0
0.078698
0.079877
1
0.107438
0.116183
0.025837
0.058795
1
0.094375
0.013614
0.0166
0.002262
0.073553
0.099475
0.024697
0.111545
0.039503
1
0.199507
0.129946
1
0.091467
1
0.025223
0.006668
0.002149
0.057552
0.097051
0.017574
0.261333
0.028941
0.255638
0.004517
0.019468
0.12044
0.019931
0.016558
0.500777
1
0.029887
0.297897
0.030514
0.01099
0.028836
0.127402
0
0
0.023841
0.134968
0.50113
0.002714
0.039957
0.037312
0.010943
0.406923
0.087824
0.057932
0.500491
0.017114
0.499811
0.333307
0
0.500653
0
0.002707
0.017559
0.166642
0.499968
0.022886
0.500245
0.008001
0.003844
0.500161
0.200483
0.045871
0.001989
0.297558
0.00135
0.011333
0.001821
0
0
0
0
0
0
0
0
0
0
0
0
0
0
0
0
0
0
