199
514
0 1 0.0833333
1 0 0.166667
1 3 0.5
3 1 0.0833333
4 2 0.166667
4 5 0.0357143
4 11 0.0322581
4 24 0.111111
4 82 0.5
5 4 0.0344828
5 6 0.047619
5 15 0.142857
5 17 0.0588235
5 21 0.1
5 27 0.0666667
5 89 0.5
6 5 0.0357143
6 17 0.0588235
6 26 0.0526316
6 27 0.0666667
6 36 0.142857
6 52 0.25
6 68 0.333333
6 83 0.25
7 8 0.0769231
7 25 0.166667
7 30 0.166667
7 35 0.0769231
7 42 0.125
7 58 0.125
8 7 0.0454545
8 9 0.0666667
8 10 0.0833333
9 8 0.0769231
9 16 0.333333
9 46 0.111111
9 59 0.2
10 8 0.0769231
10 60 0.25
10 76 0.25
10 80 0.142857
11 4 0.0344828
11 12 0.0555556
11 20 0.25
11 22 0.111111
11 36 0.142857
11 43 0.2
11 49 0.125
11 73 0.0714286
11 88 0.125
11 101 0.0344828
12 11 0.0322581
12 14 0.0714286
12 43 0.2
13 44 0.0833333
13 61 0.5
14 11 0.0322581
14 12 0.0555556
14 73 0.0714286
15 5 0.0357143
15 65 0.5
16 9 0.0666667
17 5 0.0357143
17 6 0.047619
17 35 0.0769231
17 41 0.2
17 79 0.333333
17 86 0.25
19 4 0.0344828
20 11 0.0322581
20 12 0.0555556
21 5 0.0357143
21 27 0.0666667
21 56 0.142857
21 71 0.5
22 11 0.0322581
22 34 0.166667
22 39 0.5
23 28 0.166667
23 37 0.142857
23 64 0.166667
23 70 0.25
23 75 0.125
24 5 0.0357143
24 4 0.0344828
24 29 0.166667
24 48 0.111111
25 7 0.0454545
26 6 0.047619
26 7 0.0454545
26 32 0.0666667
26 35 0.0769231
26 38 0.0909091
26 40 0.142857
27 21 0.1
27 6 0.047619
27 5 0.0357143
27 33 0.142857
27 46 0.111111
28 23 0.0526316
28 45 0.5
29 24 0.111111
29 48 0.111111
30 7 0.0454545
31 23 0.0526316
31 37 0.142857
31 64 0.166667
31 72 0.166667
31 75 0.125
32 26 0.0526316
32 38 0.0909091
32 40 0.142857
32 53 0.166667
32 58 0.125
32 63 0.0909091
32 74 0.166667
33 27 0.0666667
34 22 0.111111
34 101 0.0344828
35 7 0.0454545
35 26 0.0526316
35 17 0.0588235
35 46 0.111111
35 47 0.25
35 84 0.25
36 11 0.0322581
36 14 0.0714286
36 6 0.047619
37 23 0.0526316
37 31 0.1
37 55 0.5
38 32 0.0666667
38 26 0.0526316
38 40 0.142857
38 53 0.166667
38 63 0.0909091
39 22 0.111111
40 38 0.0909091
40 32 0.0666667
40 26 0.0526316
41 17 0.0588235
41 86 0.25
42 7 0.0454545
42 37 0.142857
42 69 0.333333
43 14 0.0714286
43 11 0.0322581
43 12 0.0555556
44 5 0.0357143
44 13 0.166667
45 28 0.166667
46 27 0.0666667
46 33 0.142857
46 9 0.0666667
46 35 0.0769231
46 77 0.5
47 35 0.0769231
47 84 0.25
48 29 0.166667
48 24 0.111111
48 50 0.5
48 54 0.5
49 14 0.0714286
49 12 0.0555556
49 11 0.0322581
49 88 0.125
50 48 0.111111
52 6 0.047619
52 83 0.25
53 32 0.0666667
53 38 0.0909091
54 48 0.111111
55 37 0.142857
56 21 0.1
56 15 0.142857
56 85 0.5
57 81 0.5
58 32 0.0666667
58 7 0.0454545
58 26 0.0526316
58 30 0.166667
58 66 0.5
59 44 0.0833333
59 9 0.0666667
59 67 0.5
60 10 0.0833333
61 13 0.166667
62 49 0.125
62 11 0.0322581
62 12 0.0555556
62 14 0.0714286
62 73 0.0714286
63 26 0.0526316
63 53 0.166667
63 38 0.0909091
63 32 0.0666667
63 40 0.142857
63 74 0.166667
63 78 0.2
64 23 0.0526316
64 31 0.1
65 15 0.142857
66 58 0.125
67 59 0.2
68 6 0.047619
69 42 0.125
70 23 0.0526316
70 75 0.125
71 21 0.1
72 31 0.1
72 23 0.0526316
72 64 0.166667
72 75 0.125
73 14 0.0714286
73 62 0.142857
73 11 0.0322581
73 88 0.125
73 93 0.0833333
73 101 0.0344828
73 179 0.125
74 53 0.166667
74 32 0.0666667
74 63 0.0909091
74 26 0.0526316
75 23 0.0526316
75 31 0.1
75 70 0.25
75 72 0.166667
76 10 0.0833333
76 80 0.142857
77 46 0.111111
78 32 0.0666667
78 63 0.0909091
78 38 0.0909091
78 26 0.0526316
79 17 0.0588235
79 41 0.2
80 10 0.0833333
80 76 0.25
81 57 0.25
82 4 0.0344828
83 52 0.25
83 6 0.047619
84 35 0.0769231
84 47 0.25
85 56 0.142857
86 17 0.0588235
86 41 0.2
88 62 0.142857
88 49 0.125
88 11 0.0322581
88 14 0.0714286
88 73 0.0714286
89 5 0.0357143
91 92 0.5
92 91 0.166667
93 2 0.166667
93 68 0.333333
93 48 0.111111
93 73 0.0714286
93 12 0.0555556
93 95 0.5
94 96 0.25
94 98 0.5
95 93 0.0833333
96 94 0.0909091
97 94 0.0909091
98 94 0.0909091
101 11 0.0322581
101 34 0.166667
101 12 0.0555556
101 4 0.0344828
101 73 0.0714286
101 102 0.0588235
101 103 0.0384615
101 105 0.1
101 110 0.0769231
101 115 0.25
102 101 0.0344828
102 104 0.1
102 125 0.0833333
102 128 0.0909091
102 136 0.25
102 152 0.5
103 101 0.0344828
103 102 0.0588235
103 105 0.1
103 116 0.0526316
103 118 0.0555556
103 122 0.0833333
103 150 0.5
103 168 0.5
104 102 0.0588235
104 139 0.0909091
105 103 0.0384615
105 101 0.0344828
105 114 0.0769231
106 113 0.0714286
106 116 0.0526316
106 133 0.125
106 145 0.125
107 108 0.0625
107 129 0.25
107 166 0.25
108 107 0.0588235
108 119 0.0833333
108 130 0.25
108 132 0.2
108 167 0.166667
108 174 0.166667
109 148 0.25
109 149 0.125
109 169 0.166667
110 101 0.0344828
110 112 0.166667
110 114 0.0769231
110 165 0.166667
110 172 0.25
111 117 0.2
111 140 0.142857
111 143 0.25
112 110 0.0769231
113 106 0.0833333
113 134 0.2
113 137 0.166667
113 154 0.142857
113 159 0.2
114 105 0.1
114 110 0.0769231
114 118 0.0555556
114 122 0.0833333
114 135 0.111111
115 101 0.0344828
115 169 0.166667
116 103 0.0384615
116 106 0.0833333
116 120 0.111111
116 127 0.25
116 153 0.333333
116 157 0.25
117 111 0.0714286
117 140 0.142857
118 103 0.0384615
118 114 0.0769231
118 135 0.111111
118 138 0.5
118 155 0.333333
118 161 0.333333
119 108 0.0625
119 132 0.2
119 156 0.142857
119 174 0.166667
120 116 0.0526316
120 121 0.0666667
120 127 0.25
120 157 0.25
121 118 0.0555556
121 116 0.0526316
121 113 0.0714286
121 120 0.111111
121 123 0.0714286
121 141 0.25
121 170 0.5
121 177 0.25
122 118 0.0555556
122 103 0.0384615
122 114 0.0769231
122 175 0.5
123 119 0.0833333
123 121 0.0666667
123 109 0.0833333
123 145 0.125
123 149 0.125
123 158 0.5
123 173 0.5
124 149 0.125
124 169 0.166667
125 102 0.0588235
125 151 0.333333
125 176 0.25
125 178 0.2
126 154 0.142857
127 116 0.0526316
127 120 0.111111
128 119 0.0833333
128 102 0.0588235
128 131 0.25
128 139 0.0909091
128 144 0.25
129 107 0.0588235
129 166 0.25
130 108 0.0625
130 156 0.142857
131 128 0.0909091
131 144 0.25
132 108 0.0625
132 119 0.0833333
133 106 0.0833333
133 154 0.142857
134 113 0.0714286
134 137 0.166667
135 102 0.0588235
135 118 0.0555556
135 114 0.0769231
135 142 0.25
136 102 0.0588235
137 134 0.2
137 113 0.0714286
137 159 0.2
138 118 0.0555556
139 104 0.1
139 128 0.0909091
139 160 0.5
139 163 0.5
140 117 0.2
140 111 0.0714286
140 143 0.25
141 121 0.0666667
141 177 0.25
142 135 0.111111
143 140 0.142857
143 111 0.0714286
144 128 0.0909091
144 131 0.25
145 106 0.0833333
145 123 0.0714286
146 107 0.0588235
147 139 0.0909091
147 135 0.111111
148 109 0.0833333
148 171 0.333333
149 123 0.0714286
149 124 0.166667
149 109 0.0833333
150 103 0.0384615
151 125 0.0833333
152 102 0.0588235
153 116 0.0526316
153 120 0.111111
154 113 0.0714286
154 126 0.2
154 133 0.125
155 118 0.0555556
156 108 0.0625
156 130 0.25
156 119 0.0833333
156 174 0.166667
157 116 0.0526316
157 120 0.111111
158 123 0.0714286
159 113 0.0714286
159 134 0.2
159 137 0.166667
160 139 0.0909091
161 118 0.0555556
161 155 0.333333
162 112 0.166667
163 139 0.0909091
164 101 0.0344828
165 110 0.0769231
165 172 0.25
166 107 0.0588235
166 129 0.25
167 117 0.2
167 111 0.0714286
167 140 0.142857
167 132 0.2
167 108 0.0625
168 103 0.0384615
169 124 0.166667
169 115 0.25
169 109 0.0833333
170 121 0.0666667
171 148 0.25
171 109 0.0833333
172 110 0.0769231
172 165 0.166667
173 123 0.0714286
174 108 0.0625
174 156 0.142857
174 119 0.0833333
175 122 0.0833333
176 125 0.0833333
176 151 0.333333
177 141 0.25
177 121 0.0666667
178 176 0.25
178 125 0.0833333
179 49 0.125
179 12 0.0555556
179 73 0.0714286
179 114 0.0769231
179 180 0.166667
180 179 0.125
182 183 0.142857
182 184 0.111111
182 187 0.111111
183 182 0.0666667
184 182 0.0666667
184 187 0.111111
186 184 0.111111
186 182 0.0666667
187 182 0.0666667
187 181 0.2
187 184 0.111111
189 190 0.25
190 189 0.166667
193 191 0.2
193 194 0.25
193 195 0.25
194 193 0.142857
194 195 0.25
195 193 0.142857
195 194 0.25
