0 1
0 3
0 52
0 58
0 70
0 73
0 79
1 0
1 2
1 4
1 7
1 28
1 44
1 80
1 96
2 1
2 5
2 8
2 10
2 11
2 19
2 21
2 25
2 75
3 0
3 9
3 16
3 31
3 55
3 59
3 61
3 118
3 142
4 1
4 6
4 40
4 42
4 47
4 83
4 110
5 2
5 11
5 12
5 22
5 23
5 48
5 54
5 92
6 4
6 63
6 98
6 112
6 115
7 1
7 85
7 88
7 144
8 2
8 9
8 13
8 15
8 17
8 19
8 21
8 24
8 26
8 34
8 45
8 46
8 84
8 87
8 101
8 103
8 136
8 160
8 185
8 189
9 8
9 3
9 12
9 16
9 82
10 2
10 12
10 14
10 53
10 146
11 2
11 5
11 22
11 36
11 37
11 38
11 192
12 10
12 9
12 5
12 63
12 108
12 145
13 8
13 15
13 17
13 189
14 2
14 10
14 28
15 8
15 13
15 24
15 30
15 59
15 60
15 65
15 135
15 140
15 153
16 9
16 3
16 27
16 51
17 8
17 13
17 21
17 34
17 45
17 87
18 1
18 7
18 32
18 39
18 57
18 64
18 104
18 122
18 150
18 159
19 8
19 2
19 26
19 122
19 162
20 2
20 75
21 2
21 8
21 17
21 66
21 166
21 177
22 5
22 2
22 11
22 75
22 113
22 147
23 5
23 54
23 92
24 8
24 15
24 33
24 40
24 49
24 121
24 130
24 140
24 161
24 187
25 20
25 2
26 19
26 8
26 175
27 16
28 14
28 1
28 29
28 97
28 113
29 14
29 28
29 64
29 81
30 15
30 49
30 58
30 154
30 165
31 3
31 170
31 180
32 18
32 64
32 123
33 24
33 6
34 17
34 13
34 8
34 35
34 46
34 84
34 101
34 114
34 189
35 8
35 34
35 38
35 40
35 50
35 67
35 72
35 111
35 134
35 178
36 4
36 11
36 43
36 50
37 11
37 38
37 50
37 108
37 138
37 155
38 37
38 11
38 35
38 157
38 197
39 18
39 19
39 1
39 122
40 35
40 24
40 36
40 4
40 47
40 67
40 125
40 132
40 194
41 37
41 95
41 152
42 4
42 110
43 36
43 51
43 100
44 1
44 7
44 88
44 96
45 17
45 13
45 8
45 46
45 101
45 105
45 114
45 160
46 8
46 17
46 34
46 45
46 87
46 105
46 160
46 185
47 40
47 4
47 62
47 74
47 94
47 109
47 151
48 5
48 23
49 30
49 24
49 8
49 68
49 117
49 137
50 37
50 35
50 36
50 38
50 83
50 119
50 128
50 163
51 24
51 43
51 16
52 0
52 86
52 93
52 99
52 106
52 179
53 10
53 75
53 108
54 5
54 19
54 36
54 23
54 56
54 120
54 164
54 173
54 182
55 3
55 131
56 54
56 69
57 32
57 18
57 64
57 104
57 123
57 159
58 30
58 0
58 60
58 79
59 15
59 3
60 15
60 58
61 3
61 55
62 47
62 94
63 6
63 12
63 71
63 149
63 158
64 57
64 32
64 18
64 29
64 76
64 90
64 107
64 128
65 15
66 21
67 38
67 40
67 35
67 127
67 141
67 174
68 49
68 117
68 129
69 56
69 68
69 26
69 54
70 0
71 63
71 148
71 158
72 35
73 0
74 47
74 62
75 20
75 2
75 22
75 53
76 1
76 64
76 77
76 91
76 184
76 196
77 76
77 78
77 85
77 91
77 181
77 196
78 77
78 4
78 50
79 58
79 0
80 69
80 1
80 7
80 126
80 169
81 29
81 133
81 191
82 9
83 50
83 4
84 34
84 45
84 8
84 105
84 160
84 189
85 77
85 7
85 76
86 52
86 93
86 99
87 8
87 46
87 17
87 89
87 139
87 165
88 7
88 18
88 44
88 102
89 87
90 64
90 181
91 76
91 77
91 184
91 196
92 5
92 23
92 140
93 86
93 52
94 62
94 47
94 109
94 143
95 41
95 152
96 44
96 7
96 1
97 28
97 81
97 167
97 188
98 6
99 52
99 86
99 106
100 43
101 34
101 17
101 8
101 45
102 88
103 72
103 8
103 17
103 84
104 18
104 57
105 45
105 84
105 8
105 46
106 52
106 86
106 99
106 142
107 64
107 90
108 12
108 53
108 10
108 37
108 124
109 94
109 47
109 134
109 143
109 151
110 4
110 42
111 67
111 35
111 134
112 6
113 22
113 75
113 28
113 147
114 34
114 13
114 45
114 8
115 6
115 149
116 60
116 73
116 168
116 172
117 49
117 68
117 137
118 3
119 50
119 163
120 56
120 54
121 24
122 39
122 18
122 19
123 57
123 32
123 159
124 108
125 40
126 80
126 169
127 67
128 64
128 78
128 113
128 50
129 68
129 49
129 117
130 121
130 24
130 140
130 161
131 55
131 142
132 40
132 194
133 81
134 109
134 35
134 62
134 111
134 156
135 15
135 59
136 8
136 34
136 13
136 45
137 68
137 49
137 117
138 37
139 87
140 24
140 92
140 15
140 130
141 67
141 127
142 3
142 131
142 106
142 183
142 195
143 62
143 94
143 109
143 151
144 1
144 7
145 12
146 10
147 113
147 22
148 71
148 146
148 98
148 8
148 63
149 71
149 63
149 115
150 104
150 18
150 190
151 109
151 47
151 143
152 95
152 41
152 192
153 15
154 30
155 37
155 138
156 134
157 38
157 180
158 63
158 71
159 123
159 18
159 57
159 190
160 46
160 8
160 84
160 45
161 24
161 130
162 19
163 50
163 119
164 54
165 87
165 30
165 193
166 21
167 97
167 188
168 116
168 172
169 126
169 80
170 31
171 49
171 117
171 137
171 68
172 116
172 168
173 54
173 120
174 67
174 38
174 170
174 127
174 176
175 26
176 174
177 21
178 35
179 52
179 99
179 86
179 186
180 38
180 40
180 31
180 157
180 11
181 90
181 77
181 64
182 54
182 173
183 142
183 195
184 76
184 91
184 77
185 8
185 46
185 114
185 84
186 0
186 179
187 24
187 130
188 97
188 167
189 8
189 34
189 84
189 13
190 32
190 159
190 18
190 150
191 81
192 11
192 152
193 165
194 40
194 132
195 142
195 183
196 91
196 76
196 77
197 38
197 157
