198
700
0 1 0.0454545
0 3 0.0555556
0 52 0.0833333
0 58 0.125
0 70 0.5
0 73 0.333333
0 79 0.25
1 0 0.047619
1 2 0.047619
1 4 0.0625
1 7 0.0833333
1 28 0.1
1 44 0.142857
1 80 0.125
1 96 0.2
2 1 0.0454545
2 5 0.0625
2 8 0.0212766
2 10 0.0909091
2 11 0.0666667
2 19 0.0833333
2 21 0.0833333
2 25 0.333333
2 75 0.111111
3 0 0.047619
3 9 0.1
3 16 0.125
3 31 0.166667
3 55 0.2
3 59 0.2
3 61 0.333333
3 118 0.5
3 142 0.1
4 1 0.0454545
4 6 0.0909091
4 40 0.05
4 42 0.25
4 47 0.0714286
4 83 0.25
4 110 0.25
5 2 0.047619
5 11 0.0666667
5 12 0.0833333
5 22 0.0833333
5 23 0.142857
5 48 0.333333
5 54 0.0588235
5 92 0.166667
6 4 0.0625
6 63 0.0909091
6 98 0.333333
6 112 0.5
6 115 0.25
7 1 0.0454545
7 85 0.2
7 88 0.142857
7 144 0.333333
8 2 0.047619
8 9 0.1
8 13 0.0833333
8 15 0.05
8 17 0.0666667
8 19 0.0833333
8 21 0.0833333
8 24 0.047619
8 26 0.142857
8 34 0.0555556
8 45 0.0588235
8 46 0.0666667
8 84 0.0769231
8 87 0.0769231
8 101 0.142857
8 103 0.2
8 136 0.2
8 160 0.125
8 185 0.166667
8 189 0.125
9 8 0.0212766
9 3 0.0555556
9 12 0.0833333
9 16 0.125
9 82 0.5
10 2 0.047619
10 12 0.0833333
10 14 0.166667
10 53 0.166667
10 146 0.333333
11 2 0.047619
11 5 0.0625
11 22 0.0833333
11 36 0.111111
11 37 0.0769231
11 38 0.0714286
11 192 0.25
12 10 0.0909091
12 9 0.1
12 5 0.0625
12 63 0.0909091
12 108 0.111111
12 145 0.5
13 8 0.0212766
13 15 0.05
13 17 0.0666667
13 189 0.125
14 2 0.047619
14 10 0.0909091
14 28 0.1
15 8 0.0212766
15 13 0.0833333
15 24 0.047619
15 30 0.1
15 59 0.2
15 60 0.2
15 65 0.5
15 135 0.333333
15 140 0.125
15 153 0.5
16 9 0.1
16 3 0.0555556
16 27 0.5
16 51 0.2
17 8 0.0212766
17 13 0.0833333
17 21 0.0833333
17 34 0.0555556
17 45 0.0588235
17 87 0.0769231
18 1 0.0454545
18 7 0.0833333
18 32 0.125
18 39 0.166667
18 57 0.0909091
18 64 0.0588235
18 104 0.2
18 122 0.166667
18 150 0.2
18 159 0.125
19 8 0.0212766
19 2 0.047619
19 26 0.142857
19 122 0.166667
19 162 0.5
20 2 0.047619
20 75 0.111111
21 2 0.047619
21 8 0.0212766
21 17 0.0666667
21 66 0.5
21 166 0.5
21 177 0.5
22 5 0.0625
22 2 0.047619
22 11 0.0666667
22 75 0.111111
22 113 0.125
22 147 0.25
23 5 0.0625
23 54 0.0588235
23 92 0.166667
24 8 0.0212766
24 15 0.05
24 33 0.333333
24 40 0.05
24 49 0.0769231
24 121 0.333333
24 130 0.111111
24 140 0.125
24 161 0.25
24 187 0.333333
25 20 0.25
25 2 0.047619
26 19 0.0833333
26 8 0.0212766
26 175 0.5
27 16 0.125
28 14 0.166667
28 1 0.0454545
28 29 0.142857
28 97 0.142857
28 113 0.125
29 14 0.166667
29 28 0.1
29 64 0.0588235
29 81 0.142857
30 15 0.05
30 49 0.0769231
30 58 0.125
30 154 0.5
30 165 0.142857
31 3 0.0555556
31 170 0.333333
31 180 0.125
32 18 0.05
32 64 0.0588235
32 123 0.166667
33 24 0.047619
33 6 0.0909091
34 17 0.0666667
34 13 0.0833333
34 8 0.0212766
34 35 0.047619
34 46 0.0666667
34 84 0.0769231
34 101 0.142857
34 114 0.142857
34 189 0.125
35 8 0.0212766
35 34 0.0555556
35 38 0.0714286
35 40 0.05
35 50 0.0588235
35 67 0.0769231
35 72 0.333333
35 111 0.2
35 134 0.111111
35 178 0.333333
36 4 0.0625
36 11 0.0666667
36 43 0.166667
36 50 0.0588235
37 11 0.0666667
37 38 0.0714286
37 50 0.0588235
37 108 0.111111
37 138 0.333333
37 155 0.333333
38 37 0.0769231
38 11 0.0666667
38 35 0.047619
38 157 0.2
38 197 0.333333
39 18 0.05
39 19 0.0833333
39 1 0.0454545
39 122 0.166667
40 35 0.047619
40 24 0.047619
40 36 0.111111
40 4 0.0625
40 47 0.0714286
40 67 0.0769231
40 125 0.5
40 132 0.25
40 194 0.25
41 37 0.0769231
41 95 0.25
41 152 0.166667
42 4 0.0625
42 110 0.25
43 36 0.111111
43 51 0.2
43 100 0.5
44 1 0.0454545
44 7 0.0833333
44 88 0.142857
44 96 0.2
45 17 0.0666667
45 13 0.0833333
45 8 0.0212766
45 46 0.0666667
45 101 0.142857
45 105 0.142857
45 114 0.142857
45 160 0.125
46 8 0.0212766
46 17 0.0666667
46 34 0.0555556
46 45 0.0588235
46 87 0.0769231
46 105 0.142857
46 160 0.125
46 185 0.166667
47 40 0.05
47 4 0.0625
47 62 0.142857
47 74 0.333333
47 94 0.125
47 109 0.1
47 151 0.166667
48 5 0.0625
48 23 0.142857
49 30 0.1
49 24 0.047619
49 8 0.0212766
49 68 0.111111
49 117 0.125
49 137 0.166667
50 37 0.0769231
50 35 0.047619
50 36 0.111111
50 38 0.0714286
50 83 0.25
50 119 0.25
50 128 0.166667
50 163 0.25
51 24 0.047619
51 43 0.166667
51 16 0.125
52 0 0.047619
52 86 0.125
52 93 0.25
52 99 0.142857
52 106 0.142857
52 179 0.166667
53 10 0.0909091
53 75 0.111111
53 108 0.111111
54 5 0.0625
54 19 0.0833333
54 36 0.111111
54 23 0.142857
54 56 0.2
54 120 0.25
54 164 0.5
54 173 0.25
54 182 0.333333
55 3 0.0555556
55 131 0.25
56 54 0.0588235
56 69 0.166667
57 32 0.125
57 18 0.05
57 64 0.0588235
57 104 0.2
57 123 0.166667
57 159 0.125
58 30 0.1
58 0 0.047619
58 60 0.2
58 79 0.25
59 15 0.05
59 3 0.0555556
60 15 0.05
60 58 0.125
61 3 0.0555556
61 55 0.2
62 47 0.0714286
62 94 0.125
63 6 0.0909091
63 12 0.0833333
63 71 0.142857
63 149 0.2
63 158 0.25
64 57 0.0909091
64 32 0.125
64 18 0.05
64 29 0.142857
64 76 0.0833333
64 90 0.2
64 107 0.333333
64 128 0.166667
65 15 0.05
66 21 0.0833333
67 38 0.0714286
67 40 0.05
67 35 0.047619
67 127 0.25
67 141 0.333333
67 174 0.142857
68 49 0.0769231
68 117 0.125
68 129 0.25
69 56 0.2
69 68 0.111111
69 26 0.142857
69 54 0.0588235
70 0 0.047619
71 63 0.0909091
71 148 0.166667
71 158 0.25
72 35 0.047619
73 0 0.047619
74 47 0.0714286
74 62 0.142857
75 20 0.25
75 2 0.047619
75 22 0.0833333
75 53 0.166667
76 1 0.0454545
76 64 0.0588235
76 77 0.0769231
76 91 0.125
76 184 0.2
76 196 0.166667
77 76 0.0833333
77 78 0.2
77 85 0.2
77 91 0.125
77 181 0.2
77 196 0.166667
78 77 0.0769231
78 4 0.0625
78 50 0.0588235
79 58 0.125
79 0 0.047619
80 69 0.166667
80 1 0.0454545
80 7 0.0833333
80 126 0.25
80 169 0.25
81 29 0.142857
81 133 0.5
81 191 0.5
82 9 0.1
83 50 0.0588235
83 4 0.0625
84 34 0.0555556
84 45 0.0588235
84 8 0.0212766
84 105 0.142857
84 160 0.125
84 189 0.125
85 77 0.0769231
85 7 0.0833333
85 76 0.0833333
86 52 0.0833333
86 93 0.25
86 99 0.142857
87 8 0.0212766
87 46 0.0666667
87 17 0.0666667
87 89 0.5
87 139 0.5
87 165 0.142857
88 7 0.0833333
88 18 0.05
88 44 0.142857
88 102 0.5
89 87 0.0769231
90 64 0.0588235
90 181 0.2
91 76 0.0833333
91 77 0.0769231
91 184 0.2
91 196 0.166667
92 5 0.0625
92 23 0.142857
92 140 0.125
93 86 0.125
93 52 0.0833333
94 62 0.142857
94 47 0.0714286
94 109 0.1
94 143 0.142857
95 41 0.2
95 152 0.166667
96 44 0.142857
96 7 0.0833333
96 1 0.0454545
97 28 0.1
97 81 0.142857
97 167 0.25
97 188 0.25
98 6 0.0909091
99 52 0.0833333
99 86 0.125
99 106 0.142857
100 43 0.166667
101 34 0.0555556
101 17 0.0666667
101 8 0.0212766
101 45 0.0588235
102 88 0.142857
103 72 0.333333
103 8 0.0212766
103 17 0.0666667
103 84 0.0769231
104 18 0.05
104 57 0.0909091
105 45 0.0588235
105 84 0.0769231
105 8 0.0212766
105 46 0.0666667
106 52 0.0833333
106 86 0.125
106 99 0.142857
106 142 0.1
107 64 0.0588235
107 90 0.2
108 12 0.0833333
108 53 0.166667
108 10 0.0909091
108 37 0.0769231
108 124 0.5
109 94 0.125
109 47 0.0714286
109 134 0.111111
109 143 0.142857
109 151 0.166667
110 4 0.0625
110 42 0.25
111 67 0.0769231
111 35 0.047619
111 134 0.111111
112 6 0.0909091
113 22 0.0833333
113 75 0.111111
113 28 0.1
113 147 0.25
114 34 0.0555556
114 13 0.0833333
114 45 0.0588235
114 8 0.0212766
115 6 0.0909091
115 149 0.2
116 60 0.2
116 73 0.333333
116 168 0.25
116 172 0.25
117 49 0.0769231
117 68 0.111111
117 137 0.166667
118 3 0.0555556
119 50 0.0588235
119 163 0.25
120 56 0.2
120 54 0.0588235
121 24 0.047619
122 39 0.166667
122 18 0.05
122 19 0.0833333
123 57 0.0909091
123 32 0.125
123 159 0.125
124 108 0.111111
125 40 0.05
126 80 0.125
126 169 0.25
127 67 0.0769231
128 64 0.0588235
128 78 0.2
128 113 0.125
128 50 0.0588235
129 68 0.111111
129 49 0.0769231
129 117 0.125
130 121 0.333333
130 24 0.047619
130 140 0.125
130 161 0.25
131 55 0.2
131 142 0.1
132 40 0.05
132 194 0.25
133 81 0.142857
134 109 0.1
134 35 0.047619
134 62 0.142857
134 111 0.2
134 156 0.5
135 15 0.05
135 59 0.2
136 8 0.0212766
136 34 0.0555556
136 13 0.0833333
136 45 0.0588235
137 68 0.111111
137 49 0.0769231
137 117 0.125
138 37 0.0769231
139 87 0.0769231
140 24 0.047619
140 92 0.166667
140 15 0.05
140 130 0.111111
141 67 0.0769231
141 127 0.25
142 3 0.0555556
142 131 0.25
142 106 0.142857
142 183 0.25
142 195 0.25
143 62 0.142857
143 94 0.125
143 109 0.1
143 151 0.166667
144 1 0.0454545
144 7 0.0833333
145 12 0.0833333
146 10 0.0909091
147 113 0.125
147 22 0.0833333
148 71 0.142857
148 146 0.333333
148 98 0.333333
148 8 0.0212766
148 63 0.0909091
149 71 0.142857
149 63 0.0909091
149 115 0.25
150 104 0.2
150 18 0.05
150 190 0.142857
151 109 0.1
151 47 0.0714286
151 143 0.142857
152 95 0.25
152 41 0.2
152 192 0.25
153 15 0.05
154 30 0.1
155 37 0.0769231
155 138 0.333333
156 134 0.111111
157 38 0.0714286
157 180 0.125
158 63 0.0909091
158 71 0.142857
159 123 0.166667
159 18 0.05
159 57 0.0909091
159 190 0.142857
160 46 0.0666667
160 8 0.0212766
160 84 0.0769231
160 45 0.0588235
161 24 0.047619
161 130 0.111111
162 19 0.0833333
163 50 0.0588235
163 119 0.25
164 54 0.0588235
165 87 0.0769231
165 30 0.1
165 193 0.5
166 21 0.0833333
167 97 0.142857
167 188 0.25
168 116 0.166667
168 172 0.25
169 126 0.25
169 80 0.125
170 31 0.166667
171 49 0.0769231
171 117 0.125
171 137 0.166667
171 68 0.111111
172 116 0.166667
172 168 0.25
173 54 0.0588235
173 120 0.25
174 67 0.0769231
174 38 0.0714286
174 170 0.333333
174 127 0.25
174 176 0.5
175 26 0.142857
176 174 0.142857
177 21 0.0833333
178 35 0.047619
179 52 0.0833333
179 99 0.142857
179 86 0.125
179 186 0.333333
180 38 0.0714286
180 40 0.05
180 31 0.166667
180 157 0.2
180 11 0.0666667
181 90 0.2
181 77 0.0769231
181 64 0.0588235
182 54 0.0588235
182 173 0.25
183 142 0.1
183 195 0.25
184 76 0.0833333
184 91 0.125
184 77 0.0769231
185 8 0.0212766
185 46 0.0666667
185 114 0.142857
185 84 0.0769231
186 0 0.047619
186 179 0.166667
187 24 0.047619
187 130 0.111111
188 97 0.142857
188 167 0.25
189 8 0.0212766
189 34 0.0555556
189 84 0.0769231
189 13 0.0833333
190 32 0.125
190 159 0.125
190 18 0.05
190 150 0.2
191 81 0.142857
192 11 0.0666667
192 152 0.166667
193 165 0.142857
194 40 0.05
194 132 0.25
195 142 0.1
195 183 0.25
196 91 0.125
196 76 0.0833333
196 77 0.0769231
197 38 0.0714286
197 157 0.2
