0.053499
0.07163
0.119159
1
0.107505
0.14274
0.048036
0.091371
1
0.282358
0.112754
0.05108
1
0.214298
0.022659
1
0.156352
0.183762
1
0.20529
0.01522
1
0.019945
0.170752
1
0.03971
0.171292
0.078209
0.012966
0.01345
0.112034
0.167518
0.157098
0.333152
0.110732
0.108618
0.302467
0.094584
0.095285
0.19364
1
0.000563
0.032253
0.055387
0.013725
0.112102
0.106239
0.079326
0.047735
0.084734
1
0.040825
0.006015
0.04174
1
0.257871
0.250542
0.129923
0.046324
0.403609
0.204786
0.333458
0.018662
0.09458
0.082891
0.500083
0.500829
0.08579
0.016951
0.043057
0.026521
0.018904
0.099889
0.017814
0.026473
0.023312
0.009084
0.005352
0.035998
0.02387
0.009104
0.00224
0.141575
0.267846
0.133329
0.019135
0.003339
0.097582
0.014721
0.04869
0.02108
0.002192
0.089648
0.0022
0.013295
0.000632
0.016218
0.001834
0.016982
0.00361
0.027618
0.168484
0.007255
0.201053
0.25027
0.048415
0.016233
0.027902
0.122382
0.011973
0.032422
0.02401
0.023929
0.02621
0.055288
0.016414
0
0.014219
0.500531
0.298402
0.309786
0.377519
0.215726
0.067452
0.06138
0.500548
0.002605
0.028786
0.177289
0.004251
0.192284
0.0874
0.297664
0.001142
0.015345
0.333016
0.200909
0.015944
0.038629
0.049014
0.257215
0.028572
0.107276
0.005331
0.030541
0.500258
0.038441
0.011114
0.003208
0.021254
0.204212
0.015045
0.002169
0.500897
0.056249
0.031537
0.007753
0.028341
0.02664
0.146493
0.16044
0.282266
0.102824
0.297465
0.500196
0.029282
0.500347
0.000538
0
0.002683
0.059577
0
0
0.313177
0.012286
0.085661
0.00623
0.500583
0.036224
0.000998
0.023817
0.005294
0.333649
0.032256
0.002163
0.179403
0.000346
0.332884
0.000555
0.171952
0.04828
0.001122
0.012728
0.014837
0.298136
0.032054
0.002528
0.031813
