16 6
17 24
17 27
31 32
32 31
32 33
32 34
32 35
32 36
32 37
32 41
1 2
1 3
1 6
1 13
1 23
2 1
2 4
2 10
2 28
33 32
18 15
18 7
19 7
34 32
34 40
3 1
3 2
3 26
35 32
35 34
35 38
35 39
35 42
42 35
42 38
4 2
4 5
4 7
20 8
21 8
21 20
5 2
5 4
5 7
5 8
6 1
6 11
6 12
6 16
7 4
7 5
7 9
7 15
7 19
7 25
36 32
8 4
8 5
8 20
8 21
22 12
23 1
23 13
24 17
24 25
25 15
25 17
25 24
25 7
43 36
43 32
43 37
37 32
26 3
27 17
27 24
9 7
9 15
10 4
10 2
10 5
28 5
28 2
11 7
11 1
11 6
11 14
38 35
38 39
38 40
38 42
39 35
39 38
12 6
12 22
13 1
40 32
40 38
40 34
40 35
46 47
14 11
15 7
15 9
15 18
15 25
47 46
41 36
41 32
