48
110
16 6 0.0909091
17 24 0.2
17 27 0.333333
31 32 0.05
32 31 0.125
32 33 0.5
32 34 0.2
32 35 0.0833333
32 36 0.25
32 37 0.333333
32 41 0.166667
1 2 0.0909091
1 3 0.2
1 6 0.0909091
1 13 0.333333
1 23 0.333333
2 1 0.0769231
2 4 0.111111
2 10 0.2
2 28 0.333333
33 32 0.05
18 15 0.111111
18 7 0.0625
19 7 0.0625
34 32 0.05
34 40 0.166667
3 1 0.0769231
3 2 0.0909091
3 26 0.5
35 32 0.05
35 34 0.2
35 38 0.125
35 39 0.25
35 42 0.25
42 35 0.0833333
42 38 0.125
4 2 0.0909091
4 5 0.0909091
4 7 0.0625
20 8 0.125
21 8 0.125
21 20 0.333333
5 2 0.0909091
5 4 0.111111
5 7 0.0625
5 8 0.125
6 1 0.0769231
6 11 0.166667
6 12 0.166667
6 16 0.5
7 4 0.111111
7 5 0.0909091
7 9 0.25
7 15 0.111111
7 19 0.5
7 25 0.142857
36 32 0.05
8 4 0.111111
8 5 0.0909091
8 20 0.333333
8 21 0.2
22 12 0.166667
23 1 0.0769231
23 13 0.333333
24 17 0.142857
24 25 0.142857
25 15 0.111111
25 17 0.142857
25 24 0.2
25 7 0.0625
43 36 0.25
43 32 0.05
43 37 0.333333
37 32 0.05
26 3 0.2
27 17 0.142857
27 24 0.2
9 7 0.0625
9 15 0.111111
10 4 0.111111
10 2 0.0909091
10 5 0.0909091
28 5 0.0909091
28 2 0.0909091
11 7 0.0625
11 1 0.0769231
11 6 0.0909091
11 14 0.5
38 35 0.0833333
38 39 0.25
38 40 0.166667
38 42 0.25
39 35 0.0833333
39 38 0.125
12 6 0.0909091
12 22 0.5
13 1 0.0769231
40 32 0.05
40 38 0.125
40 34 0.2
40 35 0.0833333
46 47 0.5
14 11 0.166667
15 7 0.0625
15 9 0.25
15 18 0.333333
15 25 0.142857
47 46 0.2
41 36 0.25
41 32 0.05
