0 1
1 0
1 2
2 1
2 0
3 37
4 5
4 6
4 7
4 11
4 14
4 15
4 23
4 26
4 31
4 32
4 42
5 4
6 4
6 12
6 16
6 18
6 24
6 43
6 44
6 50
7 4
7 9
7 12
7 21
7 30
7 46
8 10
8 40
9 7
10 8
10 27
10 40
11 4
11 15
11 20
11 31
12 6
12 7
12 4
12 17
12 27
12 35
12 47
13 6
13 20
13 25
13 28
13 29
13 34
14 11
14 4
14 15
15 4
15 14
15 11
15 23
15 26
15 31
15 32
15 42
16 6
16 18
17 12
18 6
18 16
19 10
19 8
20 15
20 11
20 4
20 13
20 22
21 7
21 49
22 19
22 20
22 63
22 119
23 4
23 15
24 6
24 43
24 44
25 13
26 4
26 15
27 12
27 8
27 10
27 33
27 41
27 48
28 13
29 28
29 13
30 4
30 7
31 11
31 15
31 14
31 4
32 15
32 23
32 4
33 27
33 38
33 48
33 50
34 13
34 28
34 25
34 119
35 12
35 17
36 21
36 9
36 7
36 49
37 3
38 27
38 33
38 19
38 45
38 47
39 38
40 8
40 10
41 27
42 4
42 15
43 24
43 6
43 50
44 43
44 24
44 6
45 38
46 7
46 21
47 12
47 38
48 33
48 27
49 7
49 36
49 9
49 21
50 6
50 33
50 43
50 51
50 55
51 50
51 52
51 53
52 51
52 53
53 52
53 51
54 53
55 50
56 57
56 60
57 56
58 59
59 58
60 56
63 38
63 4
63 22
63 64
64 63
65 66
65 73
65 74
65 76
65 79
65 94
65 96
65 104
66 65
66 67
66 69
66 73
66 75
66 76
66 77
66 89
66 98
66 109
67 66
67 96
68 70
68 85
69 66
69 71
70 68
70 81
70 110
71 69
72 65
72 74
72 100
73 66
73 65
73 84
73 92
73 95
73 97
73 99
74 72
74 65
75 66
76 65
76 66
76 88
77 67
77 66
77 75
77 109
78 73
78 84
78 95
78 97
78 105
78 107
79 65
79 72
79 100
80 82
80 83
80 90
80 91
80 93
80 106
81 70
81 110
81 112
82 80
82 83
83 80
83 82
83 101
84 73
84 78
85 68
85 86
85 103
85 105
85 121
86 85
86 87
86 103
86 121
87 86
87 85
88 69
88 76
89 66
89 77
89 109
90 80
90 91
91 82
91 80
91 90
91 93
92 73
93 82
93 80
93 90
93 91
93 106
94 65
94 105
95 73
95 78
96 67
96 65
96 108
97 73
97 78
97 105
98 66
98 77
99 95
99 78
99 73
100 72
100 65
100 79
101 83
102 68
103 86
103 85
103 87
104 65
104 74
104 100
105 97
105 94
105 78
105 85
106 93
106 80
106 87
106 111
106 113
107 78
107 95
107 84
108 96
109 66
109 77
109 89
110 81
110 88
110 70
111 106
112 81
112 70
113 106
115 116
115 117
116 115
116 118
117 115
118 116
119 103
119 22
119 34
119 120
120 119
121 86
121 85
121 68
121 122
122 121
122 123
123 122
123 124
124 123
