0
0
0
0
1
0.125823
1
0.060571
0.030609
0.015794
0.033293
0.16221
0.091973
1
0.155824
0.114576
0.29781
0.03742
0.297692
0.169239
0.126956
0.012799
0.011866
0.250729
0.186583
0.362736
0.270388
0.104568
0.335841
0.333986
0.015206
0.172689
0.217817
0.147592
0.126603
0.030452
0.000454
0
1
0
0.015153
0.052352
0.270104
0.177035
0.227332
0.500437
0.020094
0.264579
0.06016
0.002171
0.098402
0.009861
0.001177
0.002091
0
0.049122
0
0
0
0
0
0
0
0.001479
0.000723
1
1
0.242478
0.002094
0.11774
0.000248
0.029616
0.083886
0.108965
0.2469
0.36778
0.265917
0.151939
0.008921
0.208654
0.060418
3.9e-05
0.036493
0.011841
0.023416
0.014264
0.015835
0.143226
0.053617
0.229884
0.041309
0.031195
0.027139
0.132268
0.202155
0.023198
0.133518
0.023006
0.333741
0.027335
0.084432
0.005983
0
0.006961
0.249975
0.026712
1
0.002251
0.066934
0.212705
5e-05
0.500483
1.3e-05
0.50032
0
0
0
0
0
0.013889
0.006973
0.002223
0.000541
9.8e-05
2.9e-05
0
0
