127
348
0 1 0.2
1 0 0.0909091
1 2 0.2
2 1 0.2
2 0 0.0909091
3 37 0.5
4 5 0.125
4 6 0.0434783
4 7 0.0555556
4 11 0.111111
4 14 0.125
4 15 0.047619
4 23 0.2
4 26 0.25
4 31 0.142857
4 32 0.2
4 42 0.25
5 4 0.0263158
6 4 0.0263158
6 12 0.0666667
6 16 0.25
6 18 0.25
6 24 0.142857
6 43 0.125
6 44 0.2
6 50 0.0769231
7 4 0.0263158
7 9 0.25
7 12 0.0666667
7 21 0.166667
7 30 0.25
7 46 0.333333
8 10 0.111111
8 40 0.25
9 7 0.0555556
10 8 0.1
10 27 0.0833333
10 40 0.25
11 4 0.0263158
11 15 0.047619
11 20 0.111111
11 31 0.142857
12 6 0.0434783
12 7 0.0555556
12 4 0.0263158
12 17 0.333333
12 27 0.0833333
12 35 0.333333
12 47 0.25
13 6 0.0434783
13 20 0.111111
13 25 0.333333
13 28 0.25
13 29 0.333333
13 34 0.125
14 11 0.111111
14 4 0.0263158
14 15 0.047619
15 4 0.0263158
15 14 0.125
15 11 0.111111
15 23 0.2
15 26 0.25
15 31 0.142857
15 32 0.2
15 42 0.25
16 6 0.0434783
16 18 0.25
17 12 0.0666667
18 6 0.0434783
18 16 0.25
19 10 0.111111
19 8 0.1
20 15 0.047619
20 11 0.111111
20 4 0.0263158
20 13 0.0714286
20 22 0.0833333
21 7 0.0555556
21 49 0.166667
22 19 0.166667
22 20 0.111111
22 63 0.125
22 119 0.1
23 4 0.0263158
23 15 0.047619
24 6 0.0434783
24 43 0.125
24 44 0.2
25 13 0.0714286
26 4 0.0263158
26 15 0.047619
27 12 0.0666667
27 8 0.1
27 10 0.111111
27 33 0.125
27 41 0.5
27 48 0.25
28 13 0.0714286
29 28 0.25
29 13 0.0714286
30 4 0.0263158
30 7 0.0555556
31 11 0.111111
31 15 0.047619
31 14 0.125
31 4 0.0263158
32 15 0.047619
32 23 0.2
32 4 0.0263158
33 27 0.0833333
33 38 0.0714286
33 48 0.25
33 50 0.0769231
34 13 0.0714286
34 28 0.25
34 25 0.333333
34 119 0.1
35 12 0.0666667
35 17 0.333333
36 21 0.166667
36 9 0.25
36 7 0.0555556
36 49 0.166667
37 3 0.111111
38 27 0.0833333
38 33 0.125
38 19 0.166667
38 45 0.5
38 47 0.25
39 38 0.0714286
40 8 0.1
40 10 0.111111
41 27 0.0833333
42 4 0.0263158
42 15 0.047619
43 24 0.142857
43 6 0.0434783
43 50 0.0769231
44 43 0.125
44 24 0.142857
44 6 0.0434783
45 38 0.0714286
46 7 0.0555556
46 21 0.166667
47 12 0.0666667
47 38 0.0714286
48 33 0.125
48 27 0.0833333
49 7 0.0555556
49 36 0.2
49 9 0.25
49 21 0.166667
50 6 0.0434783
50 33 0.125
50 43 0.125
50 51 0.1
50 55 0.5
51 50 0.0769231
51 52 0.1
51 53 0.2
52 51 0.1
52 53 0.2
53 52 0.1
53 51 0.1
54 53 0.2
55 50 0.0769231
56 57 0.25
56 60 0.5
57 56 0.1
58 59 0.5
59 58 0.25
60 56 0.1
63 38 0.0714286
63 4 0.0263158
63 22 0.0833333
63 64 0.5
64 63 0.125
65 66 0.03125
65 73 0.0555556
65 74 0.2
65 76 0.142857
65 79 0.2
65 94 0.2
65 96 0.111111
65 104 0.25
66 65 0.0344828
66 67 0.2
66 69 0.111111
66 73 0.0555556
66 75 0.333333
66 76 0.142857
66 77 0.0909091
66 89 0.2
66 98 0.333333
66 109 0.166667
67 66 0.03125
67 96 0.111111
68 70 0.125
68 85 0.0769231
69 66 0.03125
69 71 0.25
70 68 0.125
70 81 0.142857
70 110 0.142857
71 69 0.111111
72 65 0.0344828
72 74 0.2
72 100 0.166667
73 66 0.03125
73 65 0.0344828
73 84 0.2
73 92 0.25
73 95 0.166667
73 97 0.166667
73 99 0.25
74 72 0.166667
74 65 0.0344828
75 66 0.03125
76 65 0.0344828
76 66 0.03125
76 88 0.2
77 67 0.2
77 66 0.03125
77 75 0.333333
77 109 0.166667
78 73 0.0555556
78 84 0.2
78 95 0.166667
78 97 0.166667
78 105 0.111111
78 107 0.25
79 65 0.0344828
79 72 0.166667
79 100 0.166667
80 82 0.166667
80 83 0.125
80 90 0.2
80 91 0.142857
80 93 0.125
80 106 0.0909091
81 70 0.125
81 110 0.142857
81 112 0.333333
82 80 0.05
82 83 0.125
83 80 0.05
83 82 0.166667
83 101 0.5
84 73 0.0555556
84 78 0.0769231
85 68 0.125
85 86 0.1
85 103 0.166667
85 105 0.111111
85 121 0.0769231
86 85 0.0769231
86 87 0.142857
86 103 0.166667
86 121 0.0769231
87 86 0.1
87 85 0.0769231
88 69 0.111111
88 76 0.142857
89 66 0.03125
89 77 0.0909091
89 109 0.166667
90 80 0.05
90 91 0.142857
91 82 0.166667
91 80 0.05
91 90 0.2
91 93 0.125
92 73 0.0555556
93 82 0.166667
93 80 0.05
93 90 0.2
93 91 0.142857
93 106 0.0909091
94 65 0.0344828
94 105 0.111111
95 73 0.0555556
95 78 0.0769231
96 67 0.2
96 65 0.0344828
96 108 0.5
97 73 0.0555556
97 78 0.0769231
97 105 0.111111
98 66 0.03125
98 77 0.0909091
99 95 0.166667
99 78 0.0769231
99 73 0.0555556
100 72 0.166667
100 65 0.0344828
100 79 0.2
101 83 0.125
102 68 0.125
103 86 0.1
103 85 0.0769231
103 87 0.142857
104 65 0.0344828
104 74 0.2
104 100 0.166667
105 97 0.166667
105 94 0.2
105 78 0.0769231
105 85 0.0769231
106 93 0.125
106 80 0.05
106 87 0.142857
106 111 0.5
106 113 0.5
107 78 0.0769231
107 95 0.166667
107 84 0.2
108 96 0.111111
109 66 0.03125
109 77 0.0909091
109 89 0.2
110 81 0.142857
110 88 0.2
110 70 0.125
111 106 0.0909091
112 81 0.142857
112 70 0.125
113 106 0.0909091
115 116 0.125
115 117 0.5
116 115 0.1
116 118 0.25
117 115 0.1
118 116 0.125
119 103 0.166667
119 22 0.0833333
119 34 0.125
119 120 0.5
120 119 0.1
121 86 0.1
121 85 0.0769231
121 68 0.125
121 122 0.25
122 121 0.0769231
122 123 0.166667
123 122 0.25
123 124 0.333333
124 123 0.166667
