0 1
1 0
2 0
2 3
2 7
2 12
2 13
2 15
2 17
2 20
3 2
3 5
3 10
3 15
3 18
3 33
3 98
5 3
5 6
5 26
5 34
5 38
6 5
6 11
6 27
6 34
7 4
7 2
8 9
8 14
8 19
8 23
8 24
9 8
10 3
10 29
10 33
11 6
11 27
12 2
12 13
12 28
12 44
13 12
13 2
13 17
13 28
14 8
14 9
15 3
15 2
15 19
15 22
15 31
17 2
17 13
18 3
18 29
19 14
19 8
19 15
19 4
20 2
20 13
21 25
21 98
22 15
22 31
23 8
23 9
23 14
23 36
24 8
25 21
26 5
26 29
27 6
27 11
28 13
28 2
28 12
29 26
29 10
29 5
29 18
29 30
29 32
29 37
30 29
31 22
31 15
32 29
32 30
33 3
33 10
34 6
34 5
36 23
37 8
37 25
37 29
38 5
38 26
39 40
40 39
42 43
43 42
44 12
44 31
45 53
45 56
45 57
45 59
45 75
45 82
45 85
46 47
46 49
46 52
46 60
46 79
46 80
46 83
46 84
46 94
47 46
47 49
47 58
47 72
48 66
48 86
48 90
49 48
49 46
49 47
49 55
49 64
49 69
50 48
50 53
50 67
50 70
50 71
50 73
51 48
51 81
51 91
52 46
52 65
52 78
53 45
53 50
53 74
54 50
54 55
55 54
55 49
55 61
55 62
56 45
56 85
57 50
57 45
57 76
57 88
58 47
59 45
59 85
60 46
60 93
61 55
62 55
63 54
63 61
64 49
65 52
66 48
66 86
67 50
67 70
68 65
68 52
69 61
69 49
70 50
70 67
71 50
72 47
73 50
74 53
75 45
75 63
76 57
76 88
76 92
77 65
77 52
78 52
79 46
79 80
79 94
80 46
80 79
80 83
80 94
81 51
82 45
82 56
82 85
83 46
83 80
84 46
85 82
85 45
85 59
85 56
86 48
86 66
86 87
86 90
87 86
87 48
88 57
88 76
89 60
90 48
90 86
91 51
92 88
92 76
92 57
93 60
94 80
94 46
94 79
95 96
96 95
97 96
98 3
98 33
98 21
98 99
99 98
100 101
100 102
101 100
101 104
102 100
102 103
103 100
103 102
104 101
