0.200351
0.100264
1
0.093249
0.088553
0.079879
0.008465
0.333579
0.018172
0.004602
0.180401
0.002494
0.147942
0.182261
0.00815
0.110097
0
0.280558
0.265727
0.021113
0.333719
0.011589
0.032438
0.002569
0.003625
0.084156
0.214431
0.002587
0.063203
1
0.407638
0.02954
0.333215
0.054429
0.01435
0
0.001296
0.25039
0.026691
0
0
0
0
0
0.016395
1
1
0.134337
0.153906
0.086112
1
1
0.091383
0.265933
0.009345
0.009689
0.261592
0.090712
0.067607
0.282656
0.143128
0.013793
0.002015
0.066688
0.043223
0.018503
0.033935
0.298787
0
0.021416
0.297697
0.500401
0.067119
0.500616
0.132593
0.333504
0.018103
0
0.045768
0.215356
0.193385
0.501282
0.228286
0.282335
0.250773
0.198416
0.02176
0.007177
0.021453
0
0.041881
0.499765
0.00441
0.071811
0.215661
0
0
0
0.009646
0.004809
0
0
0
0
0
