0 1
0 14
0 50
0 90
0 105
0 127
1 0
1 2
1 6
1 9
1 116
1 132
1 133
2 1
2 3
2 34
2 39
2 74
2 184
3 2
3 6
3 7
3 15
3 129
3 183
3 184
4 1
4 12
5 3
5 2
5 54
5 60
5 63
5 64
5 161
6 1
6 3
6 8
6 9
6 11
6 13
6 20
6 26
6 27
6 28
6 38
6 52
6 55
6 67
6 111
6 163
7 3
7 46
7 102
8 6
8 17
8 19
8 36
8 51
8 57
8 88
8 91
8 146
8 148
9 6
9 1
9 10
9 18
9 31
9 41
9 119
10 9
10 19
10 29
10 30
10 35
10 40
10 115
10 125
10 126
11 6
11 15
11 16
11 20
11 23
11 24
11 32
11 85
11 118
11 132
12 4
12 22
13 6
13 26
13 37
13 68
13 83
13 121
14 0
14 59
14 61
15 11
15 3
15 6
15 99
15 140
16 11
16 25
16 109
16 181
16 182
17 10
17 8
17 19
17 33
17 57
17 72
17 95
17 96
17 110
18 9
18 4
18 21
18 166
19 10
19 17
19 8
19 91
20 11
20 6
20 15
20 42
20 77
20 104
20 122
20 141
20 147
20 169
21 18
22 12
22 4
22 97
23 11
23 24
23 85
24 23
24 18
24 11
24 66
24 132
25 16
25 48
25 109
25 181
25 182
26 6
26 13
26 128
26 136
27 6
27 28
27 134
28 6
28 27
28 55
28 163
29 10
29 49
29 100
29 168
30 10
30 98
30 100
30 114
31 9
31 17
31 58
31 149
31 174
32 6
32 11
32 27
32 76
32 167
32 191
32 195
33 17
33 29
33 47
33 65
33 157
33 172
33 173
34 2
34 155
35 10
35 40
35 49
35 115
36 8
36 21
36 44
36 62
36 75
37 13
37 79
37 124
37 152
37 159
37 193
38 6
38 27
38 28
38 54
38 73
38 108
38 189
39 34
39 2
39 74
39 155
39 192
40 10
40 35
41 9
41 10
41 65
41 92
41 132
41 145
41 188
42 20
42 25
42 11
42 16
42 43
42 78
42 94
43 42
43 78
43 94
43 131
43 139
44 36
44 45
45 44
45 21
45 81
46 7
47 17
47 33
47 43
48 25
48 171
48 182
49 29
49 35
49 100
49 143
49 187
50 0
51 8
52 6
52 28
52 53
52 56
52 79
52 153
52 158
52 190
53 52
53 79
53 101
53 193
54 5
54 38
54 64
54 196
55 6
55 27
55 28
55 67
55 134
56 52
56 93
56 158
56 190
57 17
57 8
57 89
57 113
57 149
58 31
58 154
59 57
59 14
59 87
59 120
60 5
60 70
61 14
61 69
62 36
62 75
63 5
63 70
64 5
64 54
64 81
65 33
65 41
65 31
65 71
65 86
66 24
67 6
67 26
67 55
67 156
68 13
68 83
69 61
69 103
69 117
70 60
70 63
70 5
71 65
71 197
72 17
72 96
73 38
73 108
73 189
74 2
74 39
75 36
75 62
76 32
76 195
77 20
77 141
78 42
78 43
78 150
79 53
79 37
79 52
79 123
80 13
80 44
80 33
80 68
80 107
80 159
81 21
81 45
81 64
81 177
82 39
82 2
82 3
83 13
83 68
83 84
84 32
84 25
84 83
84 48
84 52
84 151
84 177
85 11
85 23
86 65
86 71
87 59
87 165
87 173
88 8
88 148
89 57
89 130
90 0
90 186
91 19
91 8
92 41
92 145
93 56
93 52
94 42
94 78
94 43
94 131
94 139
95 17
96 17
96 72
97 22
97 4
97 103
98 30
98 114
99 15
99 129
99 140
100 98
100 30
100 49
100 29
100 162
101 53
102 7
102 137
103 69
103 97
104 20
105 0
106 60
106 30
106 91
107 80
108 38
108 73
108 189
109 25
109 16
109 182
110 17
111 15
111 6
111 38
111 129
111 194
112 46
112 7
113 57
114 98
114 30
115 40
115 35
115 10
116 1
116 105
117 69
117 14
118 11
118 85
119 9
120 59
121 13
121 83
121 68
122 77
122 20
122 104
122 169
123 79
123 124
123 142
124 123
124 37
124 164
124 176
125 40
125 10
126 10
126 35
126 40
127 0
127 50
128 26
129 99
129 3
129 111
129 170
130 89
131 43
131 94
131 42
131 150
132 41
132 11
132 1
132 24
133 1
134 27
134 6
134 55
134 163
135 26
135 128
136 135
136 26
137 102
138 35
138 40
138 10
139 94
139 78
139 131
139 43
140 15
140 99
141 20
141 77
142 53
142 123
142 144
142 160
142 179
143 29
143 49
143 175
143 187
144 142
144 160
145 41
145 92
146 8
146 88
146 185
147 141
147 20
148 8
148 88
149 31
149 57
150 94
150 78
150 131
150 42
151 84
152 37
152 193
153 52
153 93
154 31
154 58
155 2
155 39
155 34
155 74
156 67
157 33
158 93
158 52
158 56
159 80
159 37
160 144
160 142
161 5
161 100
162 100
163 134
163 6
163 28
164 124
165 87
166 18
167 32
168 49
168 29
168 143
168 178
168 187
169 122
169 77
169 20
170 129
171 48
171 16
171 25
172 33
173 33
173 87
173 120
174 31
174 58
175 143
175 168
175 29
175 49
175 180
176 164
176 124
177 45
177 81
177 84
178 49
178 168
178 29
178 187
179 144
179 142
180 175
181 48
181 109
181 25
181 16
182 109
182 25
182 48
182 16
182 181
183 3
183 7
184 2
184 3
185 146
186 90
187 168
187 49
187 178
187 143
188 41
188 145
188 100
189 38
189 108
189 73
190 56
190 153
190 52
191 32
191 82
192 2
192 39
192 196
193 152
193 37
193 53
193 84
194 111
195 32
195 76
196 192
196 54
197 71
197 65
197 86
