1
0.143563
0.086686
0.138698
0.004463
1
1
0.022536
1
0.149194
1
0.146106
0.001144
0.168779
0.144598
0.124722
0.019417
1
0.026462
0.348534
1
0.041813
0.000268
0.032672
0.023542
0.008506
0.129578
0.248565
0.162663
0.165111
0.117665
0.02667
1
1
0.021314
0.16087
0.119025
0.032642
0.09582
0.019404
0.224869
0.022009
0.079841
0.031368
0.217477
0.0412
0.007485
0.25065
0.002633
0.030676
0.407535
0.50093
0.059403
0.008434
0.153062
0.1469
0.01077
0.176804
0.006793
0.034466
0.209332
0.036183
0.035385
0.258439
0.186498
0.10213
0.011905
0.159985
0.195402
0.005142
0.088754
0.024762
0.289361
0.020926
0.021532
0.035325
0.299031
0.256384
0.015568
0.012215
1
0.031932
0.083887
0.043727
0.005168
0.041331
0.026723
0.038485
0.271483
0.044258
0.166539
0.25395
0.006493
0.007201
0.012095
0.501412
0.241486
0.000304
0.038612
0.030266
0.056662
0.004255
0.005586
0.001333
0.377381
0.344126
0
0.499996
0.020932
0.004804
0.50038
0.128154
0
0.088173
0.036397
0.223571
0.04791
0.001664
0.048933
0.074932
0.074864
0.042321
0.194713
0.002021
0.004345
0.333961
0.250772
0.333838
0.046303
0.036188
0.022025
0.006398
0.040364
0.071916
0.079548
0.014543
0.043304
0.002792
0
0.006952
0.036681
0.287762
0.000201
0.006759
5.6e-05
0.00624
0.200749
0.333075
0.294489
0.049806
0.003561
0.002601
0.009291
0.013991
0.002241
0.006598
0.079965
0.500287
0.01355
0.253587
6.5e-05
0.33371
0.028387
0.193991
0.001784
0.01922
0.013212
0.500181
0.018982
0.227319
0.018278
0.000624
0.500519
0.202484
0.008829
0.001011
0.001469
0.007342
0.004293
7.1e-05
0.000527
0.004329
0.003566
0.04624
0.054489
0.100389
0.083273
0.007222
0.005494
0.020874
0.013497
0.334345
0.011304
0.006714
0.064109
0.298476
0.039106
0.00612
