31 24
31 6
31 3
31 32
31 33
32 31
32 33
11 4
33 31
33 32
12 3
50 42
50 43
50 62
35 36
35 38
35 42
35 48
35 56
51 39
52 39
52 47
0 1
0 17
13 2
13 3
14 0
53 40
54 49
54 55
1 0
1 4
1 22
1 62
36 35
36 37
37 36
37 39
37 40
37 44
55 54
15 7
15 19
38 35
39 37
39 47
39 48
39 51
2 24
2 25
16 9
56 41
56 35
40 37
40 53
40 58
3 7
3 12
3 13
3 26
3 31
3 62
4 1
4 2
4 6
4 9
4 11
4 21
4 23
4 29
41 35
41 36
41 56
5 10
17 0
17 18
6 4
18 17
19 7
19 15
20 0
20 17
42 35
42 43
42 50
42 57
21 4
21 23
43 42
7 3
7 1
7 15
57 42
57 43
58 40
44 37
22 1
23 4
23 21
24 2
25 2
9 0
9 4
9 16
46 38
46 43
26 3
47 39
47 48
47 52
27 28
28 27
48 35
48 47
48 39
62 1
62 50
62 3
10 5
29 5
29 4
29 30
49 54
30 29
