17 4
17 8
50 37
50 42
50 58
51 46
51 42
52 45
52 40
52 44
52 35
0 1
0 3
0 4
0 5
0 7
0 11
0 23
0 27
53 38
35 42
35 47
35 48
35 49
35 52
35 59
54 41
54 36
54 62
1 0
1 2
1 4
1 9
1 15
1 24
36 56
36 63
37 38
55 35
55 47
55 59
56 36
38 37
38 40
38 53
38 61
18 14
39 36
39 41
39 44
39 45
39 60
19 8
19 5
57 41
57 42
2 1
20 9
20 1
21 8
21 5
21 12
58 50
3 0
3 4
3 5
3 30
4 1
4 0
4 3
4 17
59 35
59 55
59 47
22 16
22 7
22 25
60 39
60 44
60 45
23 0
23 3
40 38
5 3
5 0
5 6
5 8
5 12
5 13
5 19
5 21
5 28
5 31
24 1
24 32
41 39
41 43
41 54
41 57
25 22
25 7
25 6
26 7
61 38
27 0
27 23
62 54
42 35
42 40
42 46
42 50
42 51
42 57
43 41
28 8
28 5
6 5
6 7
6 25
6 29
7 6
7 0
7 16
7 22
7 25
7 26
63 36
63 56
29 6
8 5
8 13
8 17
8 21
8 28
30 0
30 3
44 39
9 5
9 1
11 0
11 1
11 3
31 12
31 28
31 5
45 44
45 39
45 60
32 24
48 35
48 38
12 5
13 8
13 5
13 12
66 67
67 66
67 68
68 67
46 42
47 35
47 55
47 59
14 11
14 18
15 1
15 2
49 35
16 7
16 22
