69
170
17 4 0.125
17 8 0.0909091
50 37 0.166667
50 42 0.0833333
50 58 0.5
51 46 0.333333
51 42 0.0833333
52 45 0.166667
52 40 0.166667
52 44 0.2
52 35 0.0625
0 1 0.0588235
0 3 0.1
0 4 0.125
0 5 0.0416667
0 7 0.0769231
0 11 0.142857
0 23 0.25
0 27 0.333333
53 38 0.0909091
35 42 0.0833333
35 47 0.166667
35 48 0.25
35 49 0.5
35 52 0.2
35 59 0.166667
54 41 0.1
54 36 0.1
54 62 0.5
1 0 0.0434783
1 2 0.333333
1 4 0.125
1 9 0.25
1 15 0.333333
1 24 0.166667
36 56 0.333333
36 63 0.333333
37 38 0.0909091
55 35 0.0625
55 47 0.166667
55 59 0.166667
56 36 0.1
38 37 0.166667
38 40 0.166667
38 53 0.5
38 61 0.5
18 14 0.2
39 36 0.1
39 41 0.1
39 44 0.2
39 45 0.166667
39 60 0.2
19 8 0.0909091
19 5 0.0416667
57 41 0.1
57 42 0.0833333
2 1 0.0588235
20 9 0.25
20 1 0.0588235
21 8 0.0909091
21 5 0.0416667
21 12 0.2
58 50 0.111111
3 0 0.0434783
3 4 0.125
3 5 0.0416667
3 30 0.333333
4 1 0.0588235
4 0 0.0434783
4 3 0.1
4 17 0.25
59 35 0.0625
59 55 0.2
59 47 0.166667
22 16 0.25
22 7 0.0769231
22 25 0.166667
60 39 0.0909091
60 44 0.2
60 45 0.166667
23 0 0.0434783
23 3 0.1
40 38 0.0909091
5 3 0.1
5 0 0.0434783
5 6 0.1
5 8 0.0909091
5 12 0.2
5 13 0.111111
5 19 0.333333
5 21 0.2
5 28 0.2
5 31 0.25
24 1 0.0588235
24 32 0.25
41 39 0.0909091
41 43 0.5
41 54 0.142857
41 57 0.25
25 22 0.125
25 7 0.0769231
25 6 0.1
26 7 0.0769231
61 38 0.0909091
27 0 0.0434783
27 23 0.25
62 54 0.142857
42 35 0.0625
42 40 0.166667
42 46 0.333333
42 50 0.111111
42 51 0.333333
42 57 0.25
43 41 0.1
28 8 0.0909091
28 5 0.0416667
6 5 0.0416667
6 7 0.0769231
6 25 0.166667
6 29 0.5
7 6 0.1
7 0 0.0434783
7 16 0.25
7 22 0.125
7 25 0.166667
7 26 0.5
63 36 0.1
63 56 0.333333
29 6 0.1
8 5 0.0416667
8 13 0.111111
8 17 0.25
8 21 0.2
8 28 0.2
30 0 0.0434783
30 3 0.1
44 39 0.0909091
9 5 0.0416667
9 1 0.0588235
11 0 0.0434783
11 1 0.0588235
11 3 0.1
31 12 0.2
31 28 0.2
31 5 0.0416667
45 44 0.2
45 39 0.0909091
45 60 0.2
32 24 0.166667
48 35 0.0625
48 38 0.0909091
12 5 0.0416667
13 8 0.0909091
13 5 0.0416667
13 12 0.2
66 67 0.25
67 66 0.25
67 68 0.5
68 67 0.25
46 42 0.0833333
47 35 0.0625
47 55 0.2
47 59 0.166667
14 11 0.142857
14 18 0.333333
15 1 0.0588235
15 2 0.333333
49 35 0.0625
16 7 0.0769231
16 22 0.125
