0.13736
1
0.407678
0.130755
0.157731
1
0.206836
1
0.164968
0.250816
0
0.019633
0.292983
0.127622
0
0.333326
0.27759
0.077386
0
0.333908
0
0.224672
0.174508
0.042904
0.166088
0.214758
0.499802
0.045621
0.263295
0.103608
0.043379
0.250736
0.041702
0
0
1
0.000853
0.006055
0.027302
0.007932
0.050804
0.002882
0.084055
0.00146
0.046983
0.034227
0.034416
0.193809
0.251089
0.500843
0.009467
0.028081
0.201038
0.013613
0.000476
0.073571
0.000356
0.021438
0.004723
0.193801
0.00809
0.013699
0.000232
0.000271
0
0
0
0
0
