0 1
1 0
2 4
3 4
4 3
4 2
6 7
6 9
6 10
6 14
6 27
7 6
8 9
8 10
8 12
8 14
8 17
9 6
9 8
9 7
9 12
9 25
9 65
10 6
10 8
10 20
10 23
11 13
11 15
11 19
11 21
11 28
11 32
11 40
11 41
11 53
12 8
12 9
12 30
12 42
13 11
13 33
13 41
13 49
14 6
14 8
14 18
14 34
15 11
15 6
15 35
15 44
15 50
15 51
16 9
16 29
16 31
16 39
16 48
16 56
17 12
17 8
17 47
18 14
18 42
18 46
19 11
19 28
19 32
19 38
19 41
20 10
21 11
21 19
21 22
21 23
21 37
21 55
21 57
22 21
22 55
23 10
23 21
23 52
23 60
23 64
24 11
24 26
24 36
25 9
25 58
26 24
26 54
26 66
27 6
28 19
28 11
28 13
28 33
29 11
29 16
29 43
29 61
30 12
31 16
32 11
32 19
32 40
33 11
33 28
33 32
33 13
33 53
34 14
35 15
35 45
36 24
37 21
38 19
38 11
38 28
38 13
39 16
39 29
39 55
40 11
40 32
41 11
41 13
41 19
41 62
42 12
42 18
43 29
44 35
44 15
44 50
45 35
45 44
45 15
45 51
46 18
47 17
48 16
48 29
48 43
49 19
49 13
49 28
50 15
50 44
50 35
50 45
50 59
51 45
51 15
52 23
52 60
52 64
53 11
53 19
53 33
54 26
55 21
55 22
55 39
56 16
57 21
58 25
59 35
59 44
59 50
60 23
60 52
60 64
61 29
62 41
62 11
63 29
64 23
64 52
64 60
65 9
66 26
67 68
68 67
69 67
72 14
72 73
73 72
73 74
73 75
74 73
74 76
75 73
75 76
75 78
76 75
76 74
76 77
76 78
77 76
78 76
78 75
79 60
80 23
80 40
80 13
80 81
81 80
82 86
83 85
83 90
83 95
83 106
83 108
83 110
84 91
84 98
84 104
85 83
85 132
86 82
86 89
86 94
86 102
86 109
86 127
87 101
88 84
88 93
88 112
88 116
89 86
89 94
89 102
89 127
90 83
91 84
91 93
91 107
91 128
92 84
92 97
92 123
93 91
93 88
93 112
94 86
94 84
94 89
94 104
95 83
95 90
96 88
96 130
97 92
97 123
98 84
99 100
100 99
101 87
101 113
101 124
102 86
102 89
102 109
102 120
103 83
103 111
103 119
103 125
104 98
104 94
104 84
104 111
104 115
104 133
105 98
105 84
106 83
107 91
108 83
109 86
109 102
109 89
110 83
110 106
111 104
111 98
111 103
111 118
111 121
112 93
112 88
112 126
113 101
113 114
113 122
113 129
114 113
115 104
116 88
118 111
118 131
119 103
119 125
120 102
120 104
120 115
120 109
120 86
121 111
121 90
121 131
122 113
122 114
123 92
123 97
124 101
125 103
125 119
126 112
127 89
127 86
127 132
128 91
128 107
129 113
129 114
129 122
130 96
131 121
131 118
132 85
132 127
132 89
133 104
134 121
134 84
135 11
135 109
135 139
135 140
136 137
136 138
137 136
138 136
139 135
140 135
140 139
142 143
143 142
144 145
145 144
145 146
146 145
