0
0
0
0
0
0
0.108071
0.352363
0.077927
1
0.025746
1
0.067582
0.119445
0.019066
0.083759
1
0.015755
0.005881
0.189985
0.012961
1
0.285155
0.073105
0.142829
0.250985
1
0.054115
0.13868
0.080243
0.033914
0.499718
0.193821
0.05021
0.004762
0.015466
0.071358
0.499783
0.038155
0.131941
0.228305
0.157131
0.017629
0.106256
0.014077
0.00645
0.002903
0.007873
0.251096
0.023843
0.010596
0.021569
0.015455
0.204484
0.499969
0.216443
0.500473
0.499986
0.125337
0.002665
0.013829
0.04005
0.039564
0
0.0156
0.334418
0.501269
0
0
0
0
0
0.004144
0.045872
0.170567
0.203988
1
0.333115
0.283263
0
0
0
0.001595
1
0.093625
0.112082
0.007943
0
0.000159
0.011815
0.316902
0.011755
0
0.001717
0.11191
0.333535
0
0
0.227859
0
0
0
0.002538
0.011258
1
0
0.407688
0.004848
0.333103
0.001517
0.33237
0.090636
0.000225
0
0
0.333831
8.2e-05
0
0.023149
0.0034
0.000411
0.016001
0
0
0
0.003332
6.5e-05
0.005705
0.003969
0
0
0.00922
0.016596
0.499875
0
0
0
0
0
0
0
0
0
0
0
0
0
