0 1
1 0
1 2
2 1
2 4
3 2
3 9
4 2
4 9
5 6
5 9
6 5
9 5
9 3
9 4
9 10
9 13
9 15
9 21
9 35
9 41
9 107
10 9
10 11
10 12
10 14
10 18
10 40
10 55
11 10
11 14
11 20
11 22
11 23
11 26
11 27
11 38
11 39
11 86
12 10
12 17
12 25
12 40
12 55
13 9
14 11
14 10
14 19
14 28
14 33
14 36
14 37
14 72
15 9
15 16
15 73
16 15
16 59
16 129
17 12
17 55
18 10
18 29
18 58
18 73
18 84
19 14
19 46
19 60
19 70
19 104
20 11
20 24
20 43
20 50
20 53
20 67
21 9
21 13
21 34
21 62
22 11
22 24
22 29
22 48
22 57
22 69
23 11
24 22
24 20
25 12
25 17
25 37
26 11
26 27
26 46
26 86
27 11
27 26
27 23
27 88
28 14
28 61
29 18
29 11
29 22
29 30
29 31
29 45
29 102
30 29
30 66
30 81
31 29
31 80
32 10
33 20
33 14
33 100
34 21
34 62
35 9
35 62
36 14
36 33
36 51
36 98
36 99
37 14
37 25
37 44
37 64
37 91
37 239
38 11
38 27
38 88
39 11
39 97
39 103
40 10
40 12
41 9
41 13
42 10
42 47
43 20
43 67
44 37
45 29
46 11
46 19
46 26
46 68
46 94
46 101
46 111
47 42
48 22
49 37
49 25
50 20
51 36
51 12
51 96
52 31
52 30
52 75
52 77
53 20
54 27
54 38
54 23
54 26
55 10
55 12
55 17
55 78
55 79
56 63
56 71
57 22
57 69
58 18
58 40
59 30
59 16
59 15
59 81
59 90
60 19
61 28
61 89
62 35
62 9
62 34
62 21
63 56
63 70
64 37
64 65
65 64
65 239
66 30
66 81
67 20
67 43
68 46
68 111
69 22
69 57
70 63
70 19
70 83
70 95
71 56
71 19
71 76
72 14
72 74
72 85
73 15
73 41
73 18
74 72
74 93
75 52
75 77
76 71
77 41
77 21
77 62
77 52
77 75
78 55
78 79
79 55
79 78
80 31
81 30
81 59
81 66
82 41
83 70
84 18
85 72
85 74
85 93
85 239
86 11
86 26
86 27
87 89
87 105
88 27
88 38
88 70
89 61
89 87
90 59
90 30
91 37
91 44
92 102
93 72
93 85
93 74
94 46
94 68
94 111
95 70
95 83
96 51
97 39
98 36
99 36
99 72
100 33
101 46
101 106
102 29
102 10
102 92
103 39
103 97
104 60
104 19
105 87
105 46
105 110
106 101
107 9
108 48
109 20
109 43
109 53
110 105
111 68
111 94
111 46
114 116
116 114
117 51
117 12
117 70
117 121
118 119
119 118
120 122
121 117
121 123
122 120
123 121
123 122
124 127
127 9
127 62
127 124
127 90
127 128
128 127
129 16
129 35
129 130
129 132
129 144
129 156
129 162
129 171
129 179
129 192
129 203
129 211
130 129
130 133
130 135
130 138
130 142
130 147
130 159
130 169
130 189
130 220
131 134
131 212
132 129
132 139
132 224
133 130
133 153
133 155
133 172
134 131
134 133
134 137
134 143
134 157
134 161
134 164
134 165
134 176
134 182
134 184
134 185
134 186
134 223
134 226
135 130
135 136
135 150
135 169
135 170
135 207
136 135
137 134
137 151
137 162
137 175
137 230
138 130
138 145
138 218
138 219
139 132
139 146
139 162
139 177
141 130
141 138
141 169
141 216
142 130
142 174
143 134
143 154
143 161
143 163
143 186
143 196
143 226
144 129
144 162
144 179
144 203
144 211
145 138
146 139
146 177
147 130
148 168
148 200
148 208
149 160
149 187
149 188
149 193
150 149
150 136
150 135
150 152
150 174
150 225
151 137
151 166
151 173
151 221
152 150
152 225
153 133
153 155
153 210
154 134
154 143
154 157
154 182
154 195
154 202
155 133
155 153
155 172
155 182
156 129
157 134
157 154
157 158
157 191
157 194
157 204
157 227
158 157
159 130
159 133
159 135
160 149
160 187
160 207
161 134
161 143
161 164
161 184
161 197
161 201
161 226
161 231
162 139
162 137
162 144
162 129
163 143
163 154
163 168
163 188
164 134
164 161
164 176
164 185
164 197
165 164
165 134
165 167
165 213
165 222
165 231
166 151
166 221
167 165
168 163
168 148
168 178
168 190
168 214
168 229
169 135
169 141
169 130
169 174
170 135
170 181
171 129
172 133
172 155
173 151
174 150
174 169
174 142
175 137
175 156
176 134
176 164
176 185
176 226
177 139
177 146
177 224
178 168
178 214
179 129
179 137
179 144
179 217
181 170
182 133
182 155
182 154
182 134
183 141
183 216
184 134
184 161
185 164
185 134
185 176
185 186
185 197
186 185
186 161
186 143
186 134
186 198
187 160
187 149
187 193
188 163
188 149
189 130
190 168
190 163
190 178
190 199
190 200
191 157
192 129
192 144
192 203
193 149
193 187
194 157
194 204
195 154
196 143
196 148
197 161
197 164
197 185
197 198
198 161
198 143
198 197
198 176
198 186
198 223
198 226
199 190
199 209
200 148
200 190
200 205
201 197
201 184
201 143
201 198
201 161
201 223
202 154
203 144
203 129
203 192
204 157
204 194
205 200
206 188
206 150
206 208
206 219
206 228
207 135
207 160
207 187
208 148
208 206
209 190
209 196
209 199
209 215
210 153
210 133
211 144
211 129
212 131
213 165
213 167
213 220
213 222
214 178
214 168
214 229
215 209
216 141
216 183
217 179
218 138
219 138
219 174
219 206
219 131
220 165
220 147
220 213
220 130
220 138
221 151
221 166
221 173
222 165
222 213
223 161
223 201
223 198
223 134
223 240
224 177
224 132
225 152
225 150
226 161
226 143
226 198
226 176
226 134
227 157
227 204
228 206
229 178
229 168
229 214
230 137
231 165
231 161
231 222
231 138
232 233
233 232
233 234
233 236
233 238
234 233
234 236
235 236
235 237
236 235
236 233
236 234
237 235
238 233
239 65
239 85
239 37
240 175
240 204
240 223
240 241
240 243
240 246
241 240
241 242
241 245
242 241
243 240
243 244
244 243
245 241
246 240
247 240
247 246
