0.004789
0.019135
0.113974
0.334657
0.26383
0.167192
0.083694
0
0
1
0.11173
1
0.023708
0.29105
0.103396
0.157935
0.11452
0.007777
0.101701
0.18109
1
0.086128
0.159035
0.279956
0.187413
0.003119
0.240813
0.157975
0.020641
1
0.102276
0.200767
0
0.136622
0.028204
0.237035
1
0.00673
0.169251
0.126365
0.022446
0.130206
0
0.227848
0.001924
0.500735
1
0
0.039845
0
0.500918
0.142925
0
0.334351
0
0.01387
0.041618
0.047052
0.025551
0.012215
0.073679
0.005201
0.030781
0.250374
0.001661
0.000478
0.023599
0.194605
0.255087
0.047228
1
0.005891
0.037646
0.042302
0.008588
0
0.00291
0
0.004142
0.004156
0.100482
0.02157
0
0.408162
0.051026
0.005681
0.235679
0.000155
0.035784
0.001262
0.002449
0.001352
0.025122
0.00272
0.1671
0.333285
0.071502
0.05168
0.501331
0.200941
0.068257
0.167404
0.200696
0.042238
0.060633
3.1e-05
0.083402
0.50111
0
0
1.4e-05
0.216603
0
0
0
0
0
0
0
0
0
0
0
0
0
0
0
0
0
1
1
0.129716
0.126979
0.168583
1
0.070849
0.031955
0.107589
0.101433
0.023702
0
0.010387
0.208158
0.093245
0.161531
0.050767
0.004486
0.366002
0.021503
0.027066
0.093112
0.009106
0.026886
0.025524
0.088355
0.039424
0.235735
1
0.500259
0.165825
0.007655
0.099477
0.153947
0.022675
0.12758
0.078374
0.002609
0.035276
0.003743
0.093087
0.017821
0.334126
0.049551
0.002759
0.068469
0.216228
0.149873
0.009567
0.000973
0.088393
0
0.008966
0.137876
0.000872
0.184201
0.123773
0.134728
0.007669
0.203287
0.499221
0.000575
0.500886
0.230376
0.008306
0.314667
0.044225
0.010369
0.045637
0.044884
0.000153
0.002753
0.038552
0.044103
0.213739
0.371536
0.001408
1
0.015205
0.200673
2e-05
0.008517
0.276989
0.065157
0.033507
0.000845
1e-05
0.002582
0.04434
0.016977
0.179626
0.144438
0.002207
0.026532
0.214668
0.032908
0.022491
0.131574
0.334247
0.500254
0.00088
0.053841
0.029167
0
0
0
0
0
0
0
0.001234
1
0.125759
0.031516
0.250232
0.12509
0.063104
0.333707
0
0
0
