250
694
0 1 0.166667
1 0 0.25
1 2 0.2
2 1 0.166667
2 4 0.25
3 2 0.2
3 9 0.0384615
4 2 0.2
4 9 0.0384615
5 6 0.5
5 9 0.0384615
6 5 0.166667
9 5 0.166667
9 3 0.333333
9 4 0.25
9 10 0.047619
9 13 0.25
9 15 0.142857
9 21 0.0833333
9 35 0.125
9 41 0.125
9 107 0.5
10 9 0.0384615
10 11 0.0357143
10 12 0.0833333
10 14 0.0434783
10 18 0.0909091
10 40 0.142857
10 55 0.1
11 10 0.047619
11 14 0.0434783
11 20 0.0555556
11 22 0.0769231
11 23 0.25
11 26 0.111111
11 27 0.1
11 38 0.166667
11 39 0.125
11 86 0.2
12 10 0.047619
12 17 0.2
12 25 0.1
12 40 0.142857
12 55 0.1
13 9 0.0384615
14 11 0.0357143
14 10 0.047619
14 19 0.0909091
14 28 0.2
14 33 0.125
14 36 0.0666667
14 37 0.0625
14 72 0.125
15 9 0.0384615
15 16 0.1
15 73 0.166667
16 15 0.142857
16 59 0.0909091
16 129 0.0333333
17 12 0.0833333
17 55 0.1
18 10 0.047619
18 29 0.0625
18 58 0.25
18 73 0.166667
18 84 0.5
19 14 0.0434783
19 46 0.0625
19 60 0.333333
19 70 0.0833333
19 104 0.333333
20 11 0.0357143
20 24 0.166667
20 43 0.2
20 50 0.5
20 53 0.333333
20 67 0.166667
21 9 0.0384615
21 13 0.25
21 34 0.25
21 62 0.0909091
22 11 0.0357143
22 24 0.166667
22 29 0.0625
22 48 0.25
22 57 0.25
22 69 0.25
23 11 0.0357143
24 22 0.0769231
24 20 0.0555556
25 12 0.0833333
25 17 0.2
25 37 0.0625
26 11 0.0357143
26 27 0.1
26 46 0.0625
26 86 0.2
27 11 0.0357143
27 26 0.111111
27 23 0.25
27 88 0.111111
28 14 0.0434783
28 61 0.25
29 18 0.0909091
29 11 0.0357143
29 22 0.0769231
29 30 0.1
29 31 0.2
29 45 0.5
29 102 0.2
30 29 0.0625
30 66 0.2
30 81 0.166667
31 29 0.0625
31 80 0.5
32 10 0.047619
33 20 0.0555556
33 14 0.0434783
33 100 0.5
34 21 0.0833333
34 62 0.0909091
35 9 0.0384615
35 62 0.0909091
36 14 0.0434783
36 33 0.125
36 51 0.142857
36 98 0.5
36 99 0.2
37 14 0.0434783
37 25 0.1
37 44 0.25
37 64 0.25
37 91 0.2
37 239 0.1
38 11 0.0357143
38 27 0.1
38 88 0.111111
39 11 0.0357143
39 97 0.333333
39 103 0.333333
40 10 0.047619
40 12 0.0833333
41 9 0.0384615
41 13 0.25
42 10 0.047619
42 47 0.5
43 20 0.0555556
43 67 0.166667
44 37 0.0625
45 29 0.0625
46 11 0.0357143
46 19 0.0909091
46 26 0.111111
46 68 0.2
46 94 0.142857
46 101 0.166667
46 111 0.166667
47 42 0.166667
48 22 0.0769231
49 37 0.0625
49 25 0.1
50 20 0.0555556
51 36 0.0666667
51 12 0.0833333
51 96 0.5
52 31 0.2
52 30 0.1
52 75 0.25
52 77 0.142857
53 20 0.0555556
54 27 0.1
54 38 0.166667
54 23 0.25
54 26 0.111111
55 10 0.047619
55 12 0.0833333
55 17 0.2
55 78 0.25
55 79 0.25
56 63 0.25
56 71 0.142857
57 22 0.0769231
57 69 0.25
58 18 0.0909091
58 40 0.142857
59 30 0.1
59 16 0.1
59 15 0.142857
59 81 0.166667
59 90 0.2
60 19 0.0909091
61 28 0.2
61 89 0.25
62 35 0.125
62 9 0.0384615
62 34 0.25
62 21 0.0833333
63 56 0.166667
63 70 0.0833333
64 37 0.0625
64 65 0.166667
65 64 0.25
65 239 0.1
66 30 0.1
66 81 0.166667
67 20 0.0555556
67 43 0.2
68 46 0.0625
68 111 0.166667
69 22 0.0769231
69 57 0.25
70 63 0.25
70 19 0.0909091
70 83 0.333333
70 95 0.333333
71 56 0.166667
71 19 0.0909091
71 76 0.5
72 14 0.0434783
72 74 0.2
72 85 0.142857
73 15 0.142857
73 41 0.125
73 18 0.0909091
74 72 0.125
74 93 0.2
75 52 0.166667
75 77 0.142857
76 71 0.142857
77 41 0.125
77 21 0.0833333
77 62 0.0909091
77 52 0.166667
77 75 0.25
78 55 0.1
78 79 0.25
79 55 0.1
79 78 0.25
80 31 0.2
81 30 0.1
81 59 0.0909091
81 66 0.2
82 41 0.125
83 70 0.0833333
84 18 0.0909091
85 72 0.125
85 74 0.2
85 93 0.2
85 239 0.1
86 11 0.0357143
86 26 0.111111
86 27 0.1
87 89 0.25
87 105 0.142857
88 27 0.1
88 38 0.166667
88 70 0.0833333
89 61 0.25
89 87 0.125
90 59 0.0909091
90 30 0.1
91 37 0.0625
91 44 0.25
92 102 0.2
93 72 0.125
93 85 0.142857
93 74 0.2
94 46 0.0625
94 68 0.2
94 111 0.166667
95 70 0.0833333
95 83 0.333333
96 51 0.142857
97 39 0.125
98 36 0.0666667
99 36 0.0666667
99 72 0.125
100 33 0.125
101 46 0.0625
101 106 0.5
102 29 0.0625
102 10 0.047619
102 92 0.125
103 39 0.125
103 97 0.333333
104 60 0.333333
104 19 0.0909091
105 87 0.125
105 46 0.0625
105 110 0.5
106 101 0.166667
107 9 0.0384615
108 48 0.25
109 20 0.0555556
109 43 0.2
109 53 0.333333
110 105 0.142857
111 68 0.2
111 94 0.142857
111 46 0.0625
114 116 0.25
116 114 0.2
117 51 0.142857
117 12 0.0833333
117 70 0.0833333
117 121 0.25
118 119 0.5
119 118 0.25
120 122 0.333333
121 117 0.0909091
121 123 0.333333
122 120 0.25
123 121 0.25
123 122 0.333333
124 127 0.111111
127 9 0.0384615
127 62 0.0909091
127 124 0.25
127 90 0.2
127 128 0.5
128 127 0.111111
129 16 0.1
129 35 0.125
129 130 0.04
129 132 0.125
129 144 0.0909091
129 156 0.2
129 162 0.125
129 171 0.333333
129 179 0.0769231
129 192 0.2
129 203 0.166667
129 211 0.25
130 129 0.0333333
130 133 0.0769231
130 135 0.0526316
130 138 0.0769231
130 142 0.2
130 147 0.333333
130 159 0.166667
130 169 0.0833333
130 189 0.5
130 220 0.142857
131 134 0.0285714
131 212 0.5
132 129 0.0333333
132 139 0.0833333
132 224 0.25
133 130 0.04
133 153 0.125
133 155 0.111111
133 172 0.25
134 131 0.111111
134 133 0.0769231
134 137 0.0769231
134 143 0.0625
134 157 0.0526316
134 161 0.0526316
134 164 0.0909091
134 165 0.0666667
134 176 0.111111
134 182 0.125
134 184 0.166667
134 185 0.0909091
134 186 0.111111
134 223 0.111111
134 226 0.1
135 130 0.04
135 136 0.2
135 150 0.0833333
135 169 0.0833333
135 170 0.25
135 207 0.2
136 135 0.0526316
137 134 0.0285714
137 151 0.0833333
137 162 0.125
137 175 0.2
137 230 0.5
138 130 0.04
138 145 0.5
138 218 0.166667
138 219 0.166667
139 132 0.125
139 146 0.142857
139 162 0.125
139 177 0.166667
141 130 0.04
141 138 0.0769231
141 169 0.0833333
141 216 0.25
142 130 0.04
142 174 0.125
143 134 0.0285714
143 154 0.0714286
143 161 0.0526316
143 163 0.0769231
143 186 0.111111
143 196 0.111111
143 226 0.1
144 129 0.0333333
144 162 0.125
144 179 0.0769231
144 203 0.166667
144 211 0.25
145 138 0.0769231
146 139 0.0833333
146 177 0.166667
147 130 0.04
148 168 0.0833333
148 200 0.125
148 208 0.2
149 160 0.166667
149 187 0.142857
149 188 0.2
149 193 0.25
150 149 0.0909091
150 136 0.2
150 135 0.0526316
150 152 0.25
150 174 0.125
150 225 0.2
151 137 0.0769231
151 166 0.25
151 173 0.25
151 221 0.2
152 150 0.0833333
152 225 0.2
153 133 0.0769231
153 155 0.111111
153 210 0.333333
154 134 0.0285714
154 143 0.0625
154 157 0.0526316
154 182 0.125
154 195 0.5
154 202 0.5
155 133 0.0769231
155 153 0.125
155 172 0.25
155 182 0.125
156 129 0.0333333
157 134 0.0285714
157 154 0.0714286
157 158 0.5
157 191 0.5
157 194 0.25
157 204 0.166667
157 227 0.333333
158 157 0.0526316
159 130 0.04
159 133 0.0769231
159 135 0.0526316
160 149 0.0909091
160 187 0.142857
160 207 0.2
161 134 0.0285714
161 143 0.0625
161 164 0.0909091
161 184 0.166667
161 197 0.111111
161 201 0.125
161 226 0.1
161 231 0.166667
162 139 0.0833333
162 137 0.0769231
162 144 0.0909091
162 129 0.0333333
163 143 0.0625
163 154 0.0714286
163 168 0.0833333
163 188 0.2
164 134 0.0285714
164 161 0.0526316
164 176 0.111111
164 185 0.0909091
164 197 0.111111
165 164 0.0909091
165 134 0.0285714
165 167 0.333333
165 213 0.142857
165 222 0.2
165 231 0.166667
166 151 0.0833333
166 221 0.2
167 165 0.0666667
168 163 0.0769231
168 148 0.1
168 178 0.166667
168 190 0.0909091
168 214 0.166667
168 229 0.2
169 135 0.0526316
169 141 0.111111
169 130 0.04
169 174 0.125
170 135 0.0526316
170 181 0.5
171 129 0.0333333
172 133 0.0769231
172 155 0.111111
173 151 0.0833333
174 150 0.0833333
174 169 0.0833333
174 142 0.2
175 137 0.0769231
175 156 0.2
176 134 0.0285714
176 164 0.0909091
176 185 0.0909091
176 226 0.1
177 139 0.0833333
177 146 0.142857
177 224 0.25
178 168 0.0833333
178 214 0.166667
179 129 0.0333333
179 137 0.0769231
179 144 0.0909091
179 217 0.5
181 170 0.25
182 133 0.0769231
182 155 0.111111
182 154 0.0714286
182 134 0.0285714
183 141 0.111111
183 216 0.25
184 134 0.0285714
184 161 0.0526316
185 164 0.0909091
185 134 0.0285714
185 176 0.111111
185 186 0.111111
185 197 0.111111
186 185 0.0909091
186 161 0.0526316
186 143 0.0625
186 134 0.0285714
186 198 0.0833333
187 160 0.166667
187 149 0.0909091
187 193 0.25
188 163 0.0769231
188 149 0.0909091
189 130 0.04
190 168 0.0833333
190 163 0.0769231
190 178 0.166667
190 199 0.25
190 200 0.125
191 157 0.0526316
192 129 0.0333333
192 144 0.0909091
192 203 0.166667
193 149 0.0909091
193 187 0.142857
194 157 0.0526316
194 204 0.166667
195 154 0.0714286
196 143 0.0625
196 148 0.1
197 161 0.0526316
197 164 0.0909091
197 185 0.0909091
197 198 0.0833333
198 161 0.0526316
198 143 0.0625
198 197 0.111111
198 176 0.111111
198 186 0.111111
198 223 0.111111
198 226 0.1
199 190 0.0909091
199 209 0.111111
200 148 0.1
200 190 0.0909091
200 205 0.5
201 197 0.111111
201 184 0.166667
201 143 0.0625
201 198 0.0833333
201 161 0.0526316
201 223 0.111111
202 154 0.0714286
203 144 0.0909091
203 129 0.0333333
203 192 0.2
204 157 0.0526316
204 194 0.25
205 200 0.125
206 188 0.2
206 150 0.0833333
206 208 0.2
206 219 0.166667
206 228 0.5
207 135 0.0526316
207 160 0.166667
207 187 0.142857
208 148 0.1
208 206 0.0833333
209 190 0.0909091
209 196 0.111111
209 199 0.25
209 215 0.5
210 153 0.125
210 133 0.0769231
211 144 0.0909091
211 129 0.0333333
212 131 0.111111
213 165 0.0666667
213 167 0.333333
213 220 0.142857
213 222 0.2
214 178 0.166667
214 168 0.0833333
214 229 0.2
215 209 0.111111
216 141 0.111111
216 183 0.333333
217 179 0.0769231
218 138 0.0769231
219 138 0.0769231
219 174 0.125
219 206 0.0833333
219 131 0.111111
220 165 0.0666667
220 147 0.333333
220 213 0.142857
220 130 0.04
220 138 0.0769231
221 151 0.0833333
221 166 0.25
221 173 0.25
222 165 0.0666667
222 213 0.142857
223 161 0.0526316
223 201 0.125
223 198 0.0833333
223 134 0.0285714
223 240 0.0769231
224 177 0.166667
224 132 0.125
225 152 0.25
225 150 0.0833333
226 161 0.0526316
226 143 0.0625
226 198 0.0833333
226 176 0.111111
226 134 0.0285714
227 157 0.0526316
227 204 0.166667
228 206 0.0833333
229 178 0.166667
229 168 0.0833333
229 214 0.166667
230 137 0.0769231
231 165 0.0666667
231 161 0.0526316
231 222 0.2
231 138 0.0769231
232 233 0.1
233 232 0.125
233 234 0.25
233 236 0.125
233 238 0.5
234 233 0.1
234 236 0.125
235 236 0.125
235 237 0.5
236 235 0.1
236 233 0.1
236 234 0.25
237 235 0.1
238 233 0.1
239 65 0.166667
239 85 0.142857
239 37 0.0625
240 175 0.2
240 204 0.166667
240 223 0.111111
240 241 0.125
240 243 0.25
240 246 0.333333
241 240 0.0769231
241 242 0.25
241 245 0.5
242 241 0.125
243 240 0.0769231
243 244 0.5
244 243 0.25
245 241 0.125
246 240 0.0769231
247 240 0.0769231
247 246 0.333333
