0 1
0 2
0 3
0 5
0 7
0 8
0 9
0 14
0 27
0 36
0 70
0 81
0 86
0 90
0 97
0 114
1 0
1 4
1 11
1 34
1 37
1 45
1 52
1 148
2 0
2 15
2 100
3 0
3 28
3 130
3 179
4 1
4 33
4 52
4 56
4 58
4 62
4 107
4 148
4 156
4 182
5 0
5 12
5 16
5 35
5 74
5 118
5 124
5 139
6 0
6 13
6 38
6 43
6 48
6 53
6 55
6 80
6 95
6 98
6 161
6 163
7 0
7 10
7 18
7 72
7 90
7 101
7 183
8 0
8 15
8 20
8 36
8 88
8 171
9 0
9 17
9 19
9 24
9 32
9 83
9 115
10 7
10 18
10 32
10 41
10 50
10 66
10 69
10 123
10 202
11 1
11 37
11 44
11 136
11 210
12 5
12 2
12 0
12 8
12 21
12 25
13 6
13 3
13 18
13 42
13 46
13 153
13 198
14 0
14 54
14 61
14 70
14 99
14 115
14 125
14 158
14 160
14 179
14 208
14 209
15 8
15 2
15 22
15 23
15 30
15 59
15 116
15 135
15 151
15 186
16 0
16 5
16 26
16 60
16 172
17 9
18 13
18 10
18 7
18 21
18 144
18 188
18 205
19 9
20 8
21 12
21 18
21 6
21 76
21 146
21 188
22 15
22 116
22 135
22 151
22 152
22 186
23 15
24 19
24 9
24 31
24 48
24 106
25 12
25 47
25 133
25 165
26 16
26 29
26 30
26 36
26 94
26 185
27 17
27 0
28 3
29 26
29 36
29 82
30 22
30 26
30 15
30 8
30 59
30 128
31 24
31 49
31 51
31 87
31 102
31 127
31 137
32 19
32 10
32 9
32 142
32 147
32 177
32 196
33 4
33 1
33 64
34 1
34 40
34 54
34 84
34 105
34 154
34 178
34 180
35 12
35 5
35 16
35 15
35 96
35 120
36 8
36 0
36 30
36 26
36 29
36 63
36 92
37 11
37 1
38 6
38 13
38 79
38 145
38 200
39 1
40 4
40 34
40 37
40 52
40 73
40 83
40 104
40 105
40 113
41 10
41 70
41 123
42 13
42 191
43 6
43 55
43 73
43 170
43 201
44 11
44 33
45 1
45 57
45 157
46 13
46 18
46 65
46 111
46 206
47 25
47 165
47 174
48 24
48 6
48 68
48 106
48 118
49 31
49 51
50 10
50 41
50 69
50 123
51 31
51 49
51 5
51 124
52 40
52 1
52 4
52 71
52 75
52 77
53 6
53 78
54 34
54 14
54 184
54 187
55 43
55 53
55 6
56 4
57 45
57 164
58 4
58 62
58 148
58 192
59 30
59 15
59 74
60 16
61 14
61 99
61 158
61 160
61 208
62 58
62 4
62 112
62 193
63 36
63 92
63 131
64 33
65 46
65 111
65 206
66 10
66 50
66 70
67 15
67 22
67 23
67 152
67 186
68 48
69 50
69 10
69 89
69 93
69 168
70 10
70 14
70 41
70 0
70 66
70 108
70 134
71 52
71 85
71 104
72 7
72 166
72 183
73 40
73 43
73 77
73 105
74 5
74 22
74 20
74 59
74 91
74 143
74 149
74 197
75 52
76 21
76 146
77 73
77 52
77 104
77 117
78 53
79 38
79 170
79 200
80 6
81 0
81 86
81 159
82 29
82 26
82 185
83 55
83 9
83 40
83 103
83 170
84 34
85 71
86 81
86 0
86 97
86 159
87 31
87 49
88 15
88 8
88 7
88 109
89 69
90 7
90 0
90 102
90 121
90 176
91 74
91 122
92 63
92 36
92 110
93 11
93 69
93 141
93 167
93 189
94 26
94 185
95 6
95 137
95 163
96 35
97 0
97 86
98 6
98 95
99 61
99 14
99 155
99 158
100 2
101 7
101 166
102 87
102 31
102 90
102 17
103 83
104 40
104 77
104 71
104 173
105 73
105 40
105 34
105 126
106 24
106 48
106 40
107 4
108 70
108 89
108 129
109 88
110 92
110 36
111 46
111 65
111 206
112 62
112 193
113 40
114 0
114 86
115 14
115 9
115 61
115 99
115 150
115 187
115 194
116 15
116 22
116 140
117 77
118 5
118 48
118 138
119 62
119 83
119 9
119 168
119 207
120 35
120 195
121 90
121 176
122 91
123 41
123 10
123 50
123 166
123 202
124 5
124 51
125 14
125 61
125 160
126 105
127 31
127 124
127 49
127 87
127 199
128 30
128 132
129 108
130 3
130 179
131 63
131 36
132 128
132 47
132 12
132 30
132 169
133 25
133 47
133 174
134 70
135 15
135 22
135 116
136 11
137 53
137 31
137 95
138 118
139 5
140 15
140 116
140 135
141 93
141 40
141 69
141 106
142 32
143 74
144 18
144 166
145 38
145 79
146 21
146 76
147 32
147 142
148 4
148 1
148 58
148 162
148 178
149 74
149 139
149 5
150 115
151 15
151 22
151 152
152 15
152 22
152 67
152 151
152 169
153 13
153 43
154 34
154 178
154 180
155 14
155 61
155 99
155 160
155 208
156 58
156 4
156 107
156 182
157 57
157 45
158 99
158 14
158 61
159 86
159 0
159 81
160 125
160 14
160 61
160 155
161 6
161 95
162 148
163 6
163 95
164 45
164 57
165 47
165 133
165 25
166 144
166 123
166 72
166 18
166 101
166 175
166 181
166 204
167 93
168 69
168 32
168 119
169 132
169 152
170 79
170 43
170 40
170 83
171 8
171 20
172 16
172 60
173 104
173 40
173 37
174 133
174 25
174 47
175 166
176 121
176 90
177 142
177 32
178 34
178 154
178 148
178 203
179 3
179 14
179 130
180 34
180 154
181 166
181 175
182 4
182 156
183 7
183 72
184 54
185 26
185 94
185 82
186 23
186 22
186 15
186 67
187 54
187 19
187 178
187 115
188 21
188 38
188 79
188 18
189 93
189 167
190 69
191 42
192 4
192 58
193 62
193 112
194 115
194 150
195 120
196 32
196 142
197 74
198 13
199 127
200 79
200 38
200 145
201 43
202 10
202 123
202 41
203 178
204 31
204 138
204 166
205 18
205 144
206 65
206 46
206 111
207 119
208 61
208 125
208 14
208 155
208 99
208 209
209 99
209 14
209 208
210 136
210 11
