1
0.135801
0.266941
0.229254
1
0.138399
1
0.102101
0.155285
0.166984
0.073183
0.026936
0.015577
1
1
1
0.016748
0.160932
0.147605
0.252408
0.281438
0.016888
0.146541
0.284138
0.139121
0.001836
0.016278
0.333285
0.114283
0.014779
0.113017
1
1
0.168784
0.078008
0.015263
0.072442
0.191089
0.104576
0
1
0.044613
0.250269
0.146219
0.008955
0.019579
0.111605
0.000654
0.116498
0.239887
0.028081
0.176753
0.173235
0.226257
0.135382
0.200851
0.50094
0.005029
0.153314
0.315653
0.006827
0.140784
0.125509
0.010451
0.084838
0.024393
0.040152
0.027425
0.058091
0.008295
0.131873
0.049682
0.182164
0.159218
1
0.087055
0.005107
0.056181
0.113253
0.026568
0.500325
0.148235
0.003592
0.117551
0.039086
0.024732
0.18289
0.252497
0.019543
0.011252
0.124462
0.251188
0.013535
0.000782
0.004694
0.229105
0.0076
0.280886
0.333255
0.153411
0.13347
0.267663
0.182432
0.058661
0.133527
0.149505
0.041025
0.378549
0.026647
0.009816
0.004477
0.024243
0.037409
0.250391
0.334261
0.097736
0.180907
0.027801
0.041396
0.000255
0.003882
0.03568
0.125537
0.111118
0.087009
0.203875
0.074523
0.142237
0.028611
0.013316
0.101116
0.003482
0.003512
0.00042
0.043873
0.190884
0.011
0.234479
0.09275
0.123751
0.045314
0.000181
0.35087
0.50039
0.228641
0.031127
0.004969
0.332491
0.126148
0.250523
0.039856
0.162259
0.036167
0.33447
0.01524
0.054292
0.201898
0.00649
0.203305
0.063377
0.163397
0.200896
0.063165
0.288917
0.00168
0.000465
1
0.000322
0.001637
0.009608
0.040078
0.03132
0.005634
0.033388
0.00018
0.408178
0.029866
0.333661
0.02761
0.202756
0.022106
0.333439
0.282086
0.054911
0.068253
0.003822
0.160036
0.038109
0.026824
0.000248
0
0.083704
0.051049
0.037559
0.032447
0.001914
0.3339
0.500789
0.500599
0.070905
0.02501
0.073253
0.035823
0.013807
0.250804
0.049288
0.024583
0.00011
0.133877
0.218391
0.0091
