0 1
0 2
1 0
2 0
3 5
5 3
6 8
6 17
6 27
7 25
7 29
7 32
8 6
8 10
8 27
8 40
8 54
8 64
8 73
9 12
9 18
9 21
9 23
9 38
10 8
10 15
10 39
10 44
10 58
10 62
10 75
11 6
11 46
11 53
12 10
12 9
12 14
12 31
12 35
13 42
14 12
14 35
15 10
15 39
15 44
15 58
15 62
15 63
15 76
16 7
16 61
16 181
17 8
17 6
17 37
17 47
17 77
18 9
18 43
19 13
19 6
19 28
19 30
19 50
19 56
20 10
20 22
20 43
21 9
21 38
21 66
21 69
22 10
22 9
22 20
23 9
25 7
25 34
25 78
26 12
26 14
27 8
27 6
27 36
27 57
28 19
28 50
28 56
29 7
29 60
30 19
31 12
31 61
32 7
33 8
33 48
33 49
33 65
34 25
34 66
34 78
35 12
35 14
36 27
36 57
37 17
38 9
38 21
38 81
39 15
39 10
39 62
39 63
40 8
40 70
41 12
41 50
42 13
42 59
43 20
43 18
43 21
43 67
43 79
44 10
44 15
44 39
45 74
46 11
47 17
48 33
48 65
49 33
49 48
49 65
49 189
50 28
50 19
50 41
51 41
51 26
52 29
52 74
53 46
53 11
54 8
54 64
54 70
54 73
55 7
55 68
56 28
56 19
57 36
57 27
58 39
58 10
58 15
58 63
58 75
59 42
60 29
61 16
61 31
62 10
62 15
62 58
62 39
63 15
63 58
63 39
63 76
64 8
64 54
64 70
65 33
65 48
65 49
66 21
66 43
66 34
66 9
66 80
67 43
68 55
69 38
69 21
69 9
70 40
70 8
70 54
70 64
72 53
72 27
73 64
73 54
73 70
73 8
74 52
74 45
74 20
75 10
75 58
75 15
76 15
76 63
76 10
76 39
77 17
78 34
78 25
79 43
79 67
80 66
81 38
81 21
81 82
82 81
83 84
84 83
84 87
87 84
90 91
90 92
91 90
91 92
92 90
92 91
93 102
93 103
93 105
93 106
93 112
93 114
93 115
93 146
93 152
93 171
94 95
94 110
94 117
94 144
95 94
95 98
96 99
96 101
96 111
96 137
97 107
97 119
97 125
98 95
98 130
99 96
99 101
99 134
100 109
100 120
101 96
101 99
101 140
102 93
102 155
103 93
103 116
103 121
103 148
103 165
104 95
104 109
104 123
104 147
104 159
105 93
105 108
105 121
105 126
105 132
105 162
106 93
106 112
107 97
108 105
108 126
108 132
108 154
108 162
109 100
109 104
109 113
109 138
109 139
109 163
109 189
110 94
110 117
111 96
111 101
111 124
111 142
112 93
112 106
112 115
112 171
113 109
114 93
115 112
115 93
115 125
115 156
116 103
116 121
116 128
116 165
117 94
117 110
117 118
117 127
118 117
118 127
119 97
119 115
119 122
119 150
120 100
120 131
120 143
120 145
120 164
120 166
121 105
121 116
121 103
121 108
121 153
121 169
122 119
122 144
122 150
123 104
123 147
124 111
125 97
125 115
126 105
126 108
127 117
127 118
128 116
128 103
128 148
129 95
129 167
130 98
130 136
130 149
131 120
131 99
131 157
132 108
132 105
132 154
132 162
133 135
134 99
135 124
135 133
136 130
136 151
136 160
137 96
138 109
138 113
138 139
139 109
139 138
139 113
139 163
140 101
141 105
141 108
141 126
142 111
143 120
143 145
143 164
143 166
144 122
144 119
144 94
145 143
145 120
145 109
145 158
146 93
147 104
147 123
148 103
148 128
149 130
150 122
150 119
151 136
152 146
152 93
152 112
153 121
154 105
154 108
154 132
155 102
155 170
156 115
157 131
158 145
159 123
159 104
160 136
161 135
161 132
161 105
162 108
162 132
162 105
163 109
163 139
164 143
164 120
165 103
165 148
165 116
166 120
166 143
166 164
167 129
167 95
168 119
169 121
170 155
171 93
171 112
172 95
172 173
173 172
174 176
175 177
176 174
177 175
178 177
181 10
181 145
181 139
181 16
181 182
181 183
181 184
181 188
182 181
182 183
182 184
183 181
183 182
184 181
184 182
184 185
184 186
185 184
185 186
186 184
186 185
187 185
187 184
188 181
189 49
189 109
189 190
190 189
190 191
190 192
191 190
192 190
