0
0
0
0
0
0
0.153952
0.004562
1
0.01593
0.162506
0
0.002721
0.200338
0.000567
1
0.07173
1
0.167988
1
0.091208
0.072866
0.010196
0.005392
0
0.00097
0
0.095817
0.141947
0.000579
0.334092
0.002399
0.002244
8.3e-05
0.001266
0.000758
0.026698
0.501156
0.011621
0.170797
0.26109
0.030605
0.050117
1
0.224837
0
0
0.500802
0.000158
0.000702
0.184515
0
0
0
0.168438
0
0.158664
0.016736
0.146641
0.016659
0.000315
0.012107
0.181071
0.156579
0.189184
0.000149
0.008164
0.407818
0
0.018268
0.083583
0
0
0.187486
0
0.059871
0.186178
0.500617
0.000498
0.333701
0.004036
0.001652
0.000829
0
0
0
0
0
0
0
0
0
0
1
0.006618
0.090655
0.000801
0.001269
0.008311
0.011021
0.072116
0.001054
0.100929
0.173572
1
0.108841
0.276368
0.000656
0.076429
0.088663
0.001721
5.7e-05
0.157916
0.06191
0.250473
0.095509
0.147995
0.000728
0.000243
0.000234
1
1
0.000203
0.291992
8e-06
0.015804
0.035809
0.000219
0.037901
0
0.001022
0.142823
0.022125
0
0.005526
0
0.000111
0.000405
0.043485
0.137355
0.000528
0
1.9e-05
0.196915
0.001308
0.252023
0.389055
0.298658
0.050524
0.000516
0.000114
4e-05
0.251372
0.50126
0.01938
0.020221
0.047955
0.071433
0.12581
0.333538
3e-05
0
0.032668
0.054304
0.262348
0.06166
0.228
0
0
0.499931
0.010153
0.27617
0
0
0
0
0
0
0
0
0
1
0.183895
0.279267
0.105035
0.025359
0.030046
0
0.500869
0.005119
0.00089
0.000227
0.000423
