0 1
0 2
1 0
2 0
3 0
3 4
4 3
5 6
5 7
5 8
5 12
5 17
5 101
6 5
6 11
6 58
7 5
7 15
7 27
7 28
7 36
7 41
7 48
7 70
7 87
8 5
8 9
8 47
8 56
8 221
9 6
9 8
9 10
10 9
10 16
10 36
10 56
11 6
11 58
12 5
12 17
12 23
12 32
12 44
12 61
12 101
13 21
13 22
13 74
14 18
14 55
14 80
15 7
16 10
16 33
16 36
16 56
17 5
17 12
17 44
18 14
18 24
18 30
18 50
18 88
19 7
19 34
19 69
19 78
20 40
21 13
21 20
21 43
22 13
22 77
23 12
23 5
23 17
23 44
23 61
24 14
24 18
24 30
24 50
25 24
25 10
25 31
25 33
25 51
25 80
26 32
26 49
26 53
26 84
27 7
27 28
27 41
28 7
28 27
28 48
28 70
29 19
29 8
29 45
29 91
30 24
30 18
31 25
32 12
32 17
32 26
32 23
32 38
32 57
32 62
33 16
33 25
33 10
33 86
33 90
34 19
34 35
34 59
34 67
34 96
34 97
35 34
35 97
36 7
36 16
36 10
36 52
37 30
38 32
38 57
38 62
39 19
40 20
40 72
41 28
41 27
41 7
41 42
41 100
41 104
42 41
42 71
42 94
43 21
43 46
43 54
43 98
44 17
44 12
44 23
44 66
45 29
45 67
46 43
47 8
47 64
48 7
48 28
48 27
48 68
48 75
48 89
49 26
49 84
50 18
50 24
50 14
50 55
50 60
50 80
50 88
51 25
52 36
53 49
53 26
53 13
53 65
53 93
54 43
55 14
55 50
55 24
55 60
56 8
56 10
56 16
56 86
57 32
57 38
57 62
58 44
58 19
58 6
58 11
58 63
59 34
59 35
59 67
59 96
59 97
59 103
60 14
60 50
60 18
60 55
61 12
61 23
62 38
62 32
62 57
63 58
63 92
64 47
65 53
66 44
67 34
67 45
67 59
67 73
68 48
68 82
68 83
68 89
69 19
70 7
70 28
71 42
72 40
73 67
74 13
75 68
75 48
75 89
76 29
76 58
76 19
76 17
76 85
77 22
77 79
77 98
78 19
78 92
79 77
80 14
80 50
80 25
80 24
82 68
82 7
82 32
82 48
82 34
82 231
83 68
83 48
84 26
84 49
85 76
86 33
86 56
87 7
87 27
88 50
88 18
88 14
89 68
89 75
89 48
90 33
91 29
92 78
92 19
92 63
93 53
93 65
94 42
94 95
94 99
94 105
95 94
96 34
96 59
96 97
97 35
97 96
97 34
97 59
98 43
98 77
98 102
99 94
99 95
100 41
100 104
101 61
101 12
101 5
101 23
102 98
103 34
103 97
103 59
104 100
104 41
105 99
105 94
105 95
106 110
107 113
108 109
109 108
110 106
110 112
112 110
112 106
113 107
114 116
114 118
116 114
118 114
121 122
121 123
121 130
121 141
122 121
122 153
122 187
123 121
123 128
123 187
123 199
123 211
124 126
124 135
124 136
124 137
124 142
124 157
124 231
125 131
125 138
125 166
125 173
126 124
127 129
127 133
127 140
127 162
128 123
129 125
129 127
129 179
130 121
130 141
131 125
131 139
131 177
132 127
132 150
133 127
133 129
133 140
133 144
133 163
133 164
133 180
134 135
134 161
134 171
134 197
134 204
134 206
134 219
135 124
135 134
135 137
135 154
135 191
135 218
136 124
136 142
136 159
136 181
137 124
137 135
137 152
137 209
138 125
139 131
139 149
139 194
140 133
140 127
140 136
140 147
140 165
140 172
140 196
140 208
141 130
141 121
142 124
142 136
142 203
143 132
144 133
144 164
144 180
145 148
145 151
145 155
145 158
146 137
146 160
146 169
147 140
147 170
147 175
147 176
147 184
148 145
148 155
149 139
149 194
150 132
151 145
152 137
152 190
152 209
153 122
154 135
154 183
154 192
154 218
155 145
155 148
156 166
156 168
156 182
157 124
157 135
158 155
158 145
159 136
159 163
160 146
160 169
161 134
162 127
162 205
163 159
163 136
163 133
163 167
163 198
163 202
164 133
164 144
165 140
165 172
165 185
165 208
166 125
166 156
166 174
166 207
167 163
167 198
167 202
168 156
168 178
168 182
169 160
169 146
170 147
170 175
170 181
171 134
171 192
171 197
171 204
171 206
172 140
172 165
172 185
173 125
174 166
174 207
175 147
175 170
175 176
175 184
175 200
176 147
176 175
176 181
176 184
177 131
178 168
178 156
179 129
179 189
180 144
180 133
181 176
181 136
181 170
181 195
181 201
181 216
182 156
182 168
183 154
183 135
183 191
184 176
184 175
184 147
185 165
185 140
185 172
185 208
186 184
186 193
187 123
187 122
187 153
187 215
188 134
189 179
190 137
190 152
191 183
191 135
191 218
192 134
192 154
192 171
192 183
192 217
192 220
193 186
194 149
194 139
194 214
195 181
195 216
196 140
196 185
197 134
197 171
197 210
198 163
198 167
198 202
199 123
199 211
200 147
200 175
200 176
201 158
201 181
201 195
201 212
202 198
202 163
202 167
203 142
204 171
204 134
204 219
205 162
205 127
205 150
205 213
206 171
206 134
206 188
207 174
207 166
208 165
208 185
208 140
209 137
209 152
210 131
210 197
210 188
210 171
211 123
211 199
211 215
212 201
213 205
214 194
214 185
215 211
215 187
216 195
216 181
217 192
217 220
218 183
218 191
218 154
218 135
219 134
219 204
220 217
220 192
221 8
221 140
221 222
222 221
223 224
223 225
223 227
223 228
223 229
224 223
225 223
225 227
227 225
227 223
227 229
228 223
228 225
228 231
229 223
229 225
229 227
231 228
231 5
231 124
231 82
231 232
232 231
234 231
234 235
234 237
235 234
235 236
236 234
236 235
237 234
237 235
238 46
238 132
238 130
238 205
238 239
238 240
239 238
240 238
240 241
241 240
241 242
242 241
