0
0
0
0
0
0.072093
0.010058
1
0.007401
0.018617
0.124057
0.002737
0.094974
0.067034
0.021441
0.500499
0.044663
0.139078
0.016079
0.006736
0.00226
0.012104
0.013778
0.11366
0.115165
1
0.211073
0.154905
0.135304
0.002031
0.021132
0.499934
1
0.09423
0.118031
0.242864
0.140267
0
0.214378
0
0.000232
0.087304
0.008802
0.043124
0.037085
0.020307
0.333438
0.001534
0.075981
0.237141
0.020805
0.501202
0.070368
1
0.010997
0.006224
0.023476
0.21411
0.001403
1
0.004303
0.037149
0.188903
0.000415
0.000773
0.407407
0.018518
0.122506
0.01272
0.003428
0.271975
0.004409
0.00012
0.061346
0.033669
0.017406
0
0.002101
0.001713
0.00106
0.145285
0
0.012076
0.004247
0.104612
0
0.022935
0.333254
0.005134
0.016024
0.047082
0.001025
0.000331
0.333577
0.000877
0.000302
0.204145
0.184117
0.00741
0.000244
0.025989
0.027247
0.00378
0.250844
0.026003
0.000228
0
0
0
0
0
0
0
0
0
0
0
0
0
0
0
0.027149
0.003483
0.002342
1
1
0.250237
0.102745
0.000576
0.02559
0.200603
0.115676
0.105919
0.079063
1
0.153768
0.238834
0.095369
0.499836
0.01454
1
0.054346
0.134868
0
0.014247
1
0
0.11817
0.293381
0.002712
0.080502
0.501118
0.01924
0.00135
0.024435
0.270465
0.008221
0.333211
0.190283
0.060754
0
0.500014
0.059647
0.010729
0.022282
0.171436
0.090733
0.00233
0.001629
0
0.183921
0.138334
0.197433
0.500647
0.027048
0.043461
0.127205
0.057718
0.000411
0.004276
0.022194
1
0.002343
0.010621
0.03464
0.092999
0
0.00087
0.084752
0.002141
0.006354
0.022913
0.016174
0
0.002336
0.265941
0.333227
0.183499
0.002306
0.000689
0.010782
0.166497
0.002321
0.067594
0.199292
0.145667
0.220399
0.027091
0.197045
0.026898
0.036843
0.000391
0.083141
0.072783
0.000445
0.0003
0.293198
0.004782
0.026894
0.129994
0.004804
0.000642
0.000303
1
0.332917
0.217483
0
0.220704
0.212302
0.23094
0
0.08554
0.042887
0
0
0
0
0
1
0.16661
0.200962
0.050085
0.025041
