243
664
0 1 0.166667
0 2 0.5
1 0 0.125
2 0 0.125
3 0 0.125
3 4 0.333333
4 3 0.0909091
5 6 0.111111
5 7 0.04
5 8 0.0625
5 12 0.0714286
5 17 0.111111
5 101 0.166667
6 5 0.05
6 11 0.25
6 58 0.111111
7 5 0.05
7 15 0.5
7 27 0.1
7 28 0.0909091
7 36 0.125
7 41 0.0769231
7 48 0.0666667
7 70 0.25
7 87 0.333333
8 5 0.05
8 9 0.142857
8 47 0.2
8 56 0.125
8 221 0.0909091
9 6 0.111111
9 8 0.0625
9 10 0.1
10 9 0.142857
10 16 0.125
10 36 0.125
10 56 0.125
11 6 0.111111
11 58 0.111111
12 5 0.05
12 17 0.111111
12 23 0.1
12 32 0.0769231
12 44 0.111111
12 61 0.166667
12 101 0.166667
13 21 0.111111
13 22 0.2
13 74 0.5
14 18 0.0909091
14 55 0.142857
14 80 0.142857
15 7 0.04
16 10 0.1
16 33 0.0909091
16 36 0.125
16 56 0.125
17 5 0.05
17 12 0.0714286
17 44 0.111111
18 14 0.0714286
18 24 0.1
18 30 0.166667
18 50 0.0769231
18 88 0.142857
19 7 0.04
19 34 0.0625
19 69 0.5
19 78 0.25
20 40 0.1
21 13 0.0666667
21 20 0.2
21 43 0.125
22 13 0.0666667
22 77 0.1
23 12 0.0714286
23 5 0.05
23 17 0.111111
23 44 0.111111
23 61 0.166667
24 14 0.0714286
24 18 0.0909091
24 30 0.166667
24 50 0.0769231
25 24 0.1
25 10 0.1
25 31 0.5
25 33 0.0909091
25 51 0.5
25 80 0.142857
26 32 0.0769231
26 49 0.2
26 53 0.125
26 84 0.25
27 7 0.04
27 28 0.0909091
27 41 0.0769231
28 7 0.04
28 27 0.1
28 48 0.0666667
28 70 0.25
29 19 0.0555556
29 8 0.0625
29 45 0.166667
29 91 0.5
30 24 0.1
30 18 0.0909091
31 25 0.0714286
32 12 0.0714286
32 17 0.111111
32 26 0.1
32 23 0.1
32 38 0.166667
32 57 0.166667
32 62 0.142857
33 16 0.125
33 25 0.0714286
33 10 0.1
33 86 0.2
33 90 0.5
34 19 0.0555556
34 35 0.2
34 59 0.0833333
34 67 0.111111
34 96 0.166667
34 97 0.111111
35 34 0.0625
35 97 0.111111
36 7 0.04
36 16 0.125
36 10 0.1
36 52 0.5
37 30 0.166667
38 32 0.0769231
38 57 0.166667
38 62 0.142857
39 19 0.0555556
40 20 0.2
40 72 0.5
41 28 0.0909091
41 27 0.1
41 7 0.04
41 42 0.1
41 100 0.25
41 104 0.25
42 41 0.0769231
42 71 0.5
42 94 0.1
43 21 0.111111
43 46 0.333333
43 54 0.25
43 98 0.166667
44 17 0.111111
44 12 0.0714286
44 23 0.1
44 66 0.5
45 29 0.1
45 67 0.111111
46 43 0.125
47 8 0.0625
47 64 0.5
48 7 0.04
48 28 0.0909091
48 27 0.1
48 68 0.111111
48 75 0.2
48 89 0.166667
49 26 0.1
49 84 0.25
50 18 0.0909091
50 24 0.1
50 14 0.0714286
50 55 0.142857
50 60 0.166667
50 80 0.142857
50 88 0.142857
51 25 0.0714286
52 36 0.125
53 49 0.2
53 26 0.1
53 13 0.0666667
53 65 0.333333
53 93 0.333333
54 43 0.125
55 14 0.0714286
55 50 0.0769231
55 24 0.1
55 60 0.166667
56 8 0.0625
56 10 0.1
56 16 0.125
56 86 0.2
57 32 0.0769231
57 38 0.166667
57 62 0.142857
58 44 0.111111
58 19 0.0555556
58 6 0.111111
58 11 0.25
58 63 0.25
59 34 0.0625
59 35 0.2
59 67 0.111111
59 96 0.166667
59 97 0.111111
59 103 0.25
60 14 0.0714286
60 50 0.0769231
60 18 0.0909091
60 55 0.142857
61 12 0.0714286
61 23 0.1
62 38 0.166667
62 32 0.0769231
62 57 0.166667
63 58 0.111111
63 92 0.166667
64 47 0.2
65 53 0.125
66 44 0.111111
67 34 0.0625
67 45 0.166667
67 59 0.0833333
67 73 0.5
68 48 0.0666667
68 82 0.125
68 83 0.333333
68 89 0.166667
69 19 0.0555556
70 7 0.04
70 28 0.0909091
71 42 0.1
72 40 0.1
73 67 0.111111
74 13 0.0666667
75 68 0.111111
75 48 0.0666667
75 89 0.166667
76 29 0.1
76 58 0.111111
76 19 0.0555556
76 17 0.111111
76 85 0.5
77 22 0.2
77 79 0.5
77 98 0.166667
78 19 0.0555556
78 92 0.166667
79 77 0.1
80 14 0.0714286
80 50 0.0769231
80 25 0.0714286
80 24 0.1
82 68 0.111111
82 7 0.04
82 32 0.0769231
82 48 0.0666667
82 34 0.0625
82 231 0.0714286
83 68 0.111111
83 48 0.0666667
84 26 0.1
84 49 0.2
85 76 0.166667
86 33 0.0909091
86 56 0.125
87 7 0.04
87 27 0.1
88 50 0.0769231
88 18 0.0909091
88 14 0.0714286
89 68 0.111111
89 75 0.2
89 48 0.0666667
90 33 0.0909091
91 29 0.1
92 78 0.25
92 19 0.0555556
92 63 0.25
93 53 0.125
93 65 0.333333
94 42 0.1
94 95 0.25
94 99 0.25
94 105 0.25
95 94 0.1
96 34 0.0625
96 59 0.0833333
96 97 0.111111
97 35 0.2
97 96 0.166667
97 34 0.0625
97 59 0.0833333
98 43 0.125
98 77 0.1
98 102 0.5
99 94 0.1
99 95 0.25
100 41 0.0769231
100 104 0.25
101 61 0.166667
101 12 0.0714286
101 5 0.05
101 23 0.1
102 98 0.166667
103 34 0.0625
103 97 0.111111
103 59 0.0833333
104 100 0.25
104 41 0.0769231
105 99 0.25
105 94 0.1
105 95 0.25
106 110 0.25
107 113 0.5
108 109 0.5
109 108 0.25
110 106 0.0833333
110 112 0.333333
112 110 0.25
112 106 0.0833333
113 107 0.25
114 116 0.333333
114 118 0.5
116 114 0.142857
118 114 0.142857
121 122 0.125
121 123 0.0833333
121 130 0.2
121 141 0.25
122 121 0.111111
122 153 0.333333
122 187 0.142857
123 121 0.111111
123 128 0.25
123 187 0.142857
123 199 0.25
123 211 0.125
124 126 0.25
124 135 0.0666667
124 136 0.0833333
124 137 0.0833333
124 142 0.111111
124 157 0.333333
124 231 0.0714286
125 131 0.111111
125 138 0.5
125 166 0.0909091
125 173 0.5
126 124 0.0454545
127 129 0.142857
127 133 0.0714286
127 140 0.0555556
127 162 0.25
128 123 0.0833333
129 125 0.0714286
129 127 0.0769231
129 179 0.166667
130 121 0.111111
130 141 0.25
131 125 0.0714286
131 139 0.125
131 177 0.5
132 127 0.0769231
132 150 0.333333
133 127 0.0769231
133 129 0.142857
133 140 0.0555556
133 144 0.125
133 163 0.0769231
133 164 0.25
133 180 0.25
134 135 0.0666667
134 161 0.5
134 171 0.0909091
134 197 0.166667
134 204 0.166667
134 206 0.2
134 219 0.111111
135 124 0.0454545
135 134 0.0454545
135 137 0.0833333
135 154 0.125
135 191 0.125
135 218 0.142857
136 124 0.0454545
136 142 0.111111
136 159 0.25
136 181 0.0833333
137 124 0.0454545
137 135 0.0666667
137 152 0.166667
137 209 0.25
138 125 0.0714286
139 131 0.111111
139 149 0.166667
139 194 0.142857
140 133 0.0714286
140 127 0.0769231
140 136 0.0833333
140 147 0.0909091
140 165 0.125
140 172 0.166667
140 196 0.333333
140 208 0.166667
141 130 0.2
141 121 0.111111
142 124 0.0454545
142 136 0.0833333
142 203 0.5
143 132 0.1
144 133 0.0714286
144 164 0.25
144 180 0.25
145 148 0.25
145 151 0.5
145 155 0.2
145 158 0.166667
146 137 0.0833333
146 160 0.25
146 169 0.166667
147 140 0.0555556
147 170 0.166667
147 175 0.1
147 176 0.111111
147 184 0.125
148 145 0.1
148 155 0.2
149 139 0.125
149 194 0.142857
150 132 0.1
151 145 0.1
152 137 0.0833333
152 190 0.333333
152 209 0.25
153 122 0.125
154 135 0.0666667
154 183 0.125
154 192 0.1
154 218 0.142857
155 145 0.1
155 148 0.25
156 166 0.0909091
156 168 0.166667
156 182 0.25
157 124 0.0454545
157 135 0.0666667
158 155 0.2
158 145 0.1
159 136 0.0833333
159 163 0.0769231
160 146 0.111111
160 169 0.166667
161 134 0.0454545
162 127 0.0769231
162 205 0.142857
163 159 0.25
163 136 0.0833333
163 133 0.0714286
163 167 0.166667
163 198 0.166667
163 202 0.166667
164 133 0.0714286
164 144 0.125
165 140 0.0555556
165 172 0.166667
165 185 0.111111
165 208 0.166667
166 125 0.0714286
166 156 0.0909091
166 174 0.25
166 207 0.25
167 163 0.0769231
167 198 0.166667
167 202 0.166667
168 156 0.0909091
168 178 0.25
168 182 0.25
169 160 0.25
169 146 0.111111
170 147 0.0909091
170 175 0.1
170 181 0.0833333
171 134 0.0454545
171 192 0.1
171 197 0.166667
171 204 0.166667
171 206 0.2
172 140 0.0555556
172 165 0.125
172 185 0.111111
173 125 0.0714286
174 166 0.0909091
174 207 0.25
175 147 0.0909091
175 170 0.166667
175 176 0.111111
175 184 0.125
175 200 0.25
176 147 0.0909091
176 175 0.1
176 181 0.0833333
176 184 0.125
177 131 0.111111
178 168 0.166667
178 156 0.0909091
179 129 0.142857
179 189 0.5
180 144 0.125
180 133 0.0714286
181 176 0.111111
181 136 0.0833333
181 170 0.166667
181 195 0.2
181 201 0.166667
181 216 0.25
182 156 0.0909091
182 168 0.166667
183 154 0.125
183 135 0.0666667
183 191 0.125
184 176 0.111111
184 175 0.1
184 147 0.0909091
185 165 0.125
185 140 0.0555556
185 172 0.166667
185 208 0.166667
186 184 0.125
186 193 0.5
187 123 0.0833333
187 122 0.125
187 153 0.333333
187 215 0.25
188 134 0.0454545
189 179 0.166667
190 137 0.0833333
190 152 0.166667
191 183 0.125
191 135 0.0666667
191 218 0.142857
192 134 0.0454545
192 154 0.125
192 171 0.0909091
192 183 0.125
192 217 0.25
192 220 0.25
193 186 0.2
194 149 0.166667
194 139 0.125
194 214 0.2
195 181 0.0833333
195 216 0.25
196 140 0.0555556
196 185 0.111111
197 134 0.0454545
197 171 0.0909091
197 210 0.2
198 163 0.0769231
198 167 0.166667
198 202 0.166667
199 123 0.0833333
199 211 0.125
200 147 0.0909091
200 175 0.1
200 176 0.111111
201 158 0.166667
201 181 0.0833333
201 195 0.2
201 212 0.5
202 198 0.166667
202 163 0.0769231
202 167 0.166667
203 142 0.111111
204 171 0.0909091
204 134 0.0454545
204 219 0.111111
205 162 0.25
205 127 0.0769231
205 150 0.333333
205 213 0.5
206 171 0.0909091
206 134 0.0454545
206 188 0.333333
207 174 0.25
207 166 0.0909091
208 165 0.125
208 185 0.111111
208 140 0.0555556
209 137 0.0833333
209 152 0.166667
210 131 0.111111
210 197 0.166667
210 188 0.333333
210 171 0.0909091
211 123 0.0833333
211 199 0.25
211 215 0.25
212 201 0.166667
213 205 0.142857
214 194 0.142857
214 185 0.111111
215 211 0.125
215 187 0.142857
216 195 0.2
216 181 0.0833333
217 192 0.1
217 220 0.25
218 183 0.125
218 191 0.125
218 154 0.125
218 135 0.0666667
219 134 0.0454545
219 204 0.166667
220 217 0.25
220 192 0.1
221 8 0.0625
221 140 0.0555556
221 222 0.5
222 221 0.0909091
223 224 0.333333
223 225 0.142857
223 227 0.166667
223 228 0.2
223 229 0.2
224 223 0.0625
225 223 0.0625
225 227 0.166667
227 225 0.142857
227 223 0.0625
227 229 0.2
228 223 0.0625
228 225 0.142857
228 231 0.0714286
229 223 0.0625
229 225 0.142857
229 227 0.166667
231 228 0.2
231 5 0.05
231 124 0.0454545
231 82 0.125
231 232 0.5
232 231 0.0714286
234 231 0.0714286
234 235 0.2
234 237 0.2
235 234 0.125
235 236 0.2
236 234 0.125
236 235 0.2
237 234 0.125
237 235 0.2
238 46 0.333333
238 132 0.1
238 130 0.2
238 205 0.142857
238 239 0.166667
238 240 0.2
239 238 0.1
240 238 0.1
240 241 0.25
241 240 0.2
241 242 0.5
242 241 0.25
