0 1
0 8
0 16
0 23
0 41
0 86
0 89
1 0
1 2
1 3
1 6
1 7
1 9
1 18
1 19
1 28
1 47
1 62
1 64
1 73
1 75
1 80
1 87
1 98
1 130
1 134
1 137
1 142
1 194
2 1
2 36
2 192
2 207
3 1
3 15
3 22
3 35
3 44
3 84
3 153
3 160
3 166
4 1
4 5
4 42
4 60
4 101
4 109
4 200
5 4
5 1
5 58
5 116
5 165
6 1
6 12
6 14
6 47
6 65
6 69
6 175
7 1
7 207
8 0
8 17
8 37
9 1
9 10
9 11
9 13
9 48
9 132
9 168
9 178
10 9
10 33
10 67
10 69
11 9
11 20
11 21
11 25
11 29
11 68
11 82
11 120
11 128
11 135
11 139
11 145
12 6
12 51
12 144
13 9
13 52
13 159
14 6
14 51
14 57
14 83
15 3
15 35
15 70
15 104
16 0
16 55
16 86
16 89
16 179
17 8
17 93
18 1
18 31
18 36
18 77
19 1
19 26
19 30
19 62
19 73
19 99
20 11
20 21
20 29
20 68
20 82
20 128
21 20
21 11
21 10
21 24
21 34
21 163
22 3
22 43
22 44
22 56
22 95
23 0
23 27
23 61
23 114
23 126
24 21
24 34
24 38
24 92
25 11
25 20
25 136
25 149
25 159
25 172
26 19
26 30
26 62
26 73
26 75
26 99
27 23
27 79
27 81
27 89
28 1
28 64
29 20
29 11
29 4
29 39
29 45
29 46
29 53
29 75
29 110
29 146
29 150
29 186
30 19
30 26
30 62
30 75
31 18
31 32
31 63
31 71
31 180
31 181
31 182
31 188
31 210
32 31
32 4
32 1
32 102
33 10
33 67
33 78
33 163
33 191
34 21
34 24
34 36
34 38
34 68
34 92
35 15
35 3
35 44
35 54
35 104
35 111
36 18
36 34
36 2
36 42
36 78
37 8
37 17
37 40
37 52
37 93
37 174
37 197
38 24
38 14
38 1
38 34
38 33
38 42
39 29
39 25
39 46
39 59
40 37
40 17
40 52
40 85
40 112
40 143
41 0
41 16
41 39
41 183
42 36
42 4
42 38
43 22
43 3
43 49
43 71
43 76
43 84
43 105
43 122
43 151
44 3
44 35
44 22
45 29
45 91
45 158
46 29
46 39
46 154
46 161
46 206
47 1
47 6
47 50
47 97
47 169
47 204
48 9
48 132
49 43
49 105
49 122
50 47
50 97
50 129
50 169
50 204
51 14
51 12
51 66
51 202
52 40
52 37
52 13
52 93
52 113
52 174
52 195
53 29
54 35
55 16
55 86
55 89
56 22
56 95
57 14
58 5
58 79
58 81
59 39
60 4
61 23
61 114
61 126
62 19
62 26
62 1
62 30
62 106
62 108
62 125
63 31
64 1
64 28
64 62
64 6
64 107
64 115
64 184
65 6
66 51
67 10
67 33
68 34
68 11
68 21
68 20
68 209
69 29
69 67
69 6
69 10
69 72
69 133
69 156
69 161
70 15
70 33
70 21
70 131
70 170
70 191
71 31
71 43
71 103
71 157
72 69
72 45
72 138
72 201
73 1
73 19
73 4
73 26
73 74
73 81
73 94
73 106
74 73
75 26
75 29
75 1
75 30
75 91
75 150
76 43
76 49
76 105
76 122
76 124
77 22
77 56
77 18
78 36
78 72
78 33
78 167
79 27
79 58
79 162
79 193
80 1
80 28
80 87
80 98
80 177
81 16
81 73
81 27
81 58
81 96
81 205
82 20
82 11
83 14
83 3
83 103
83 121
84 3
84 43
84 103
85 40
85 93
85 113
85 118
86 16
86 0
86 19
86 55
86 88
86 96
87 80
87 1
88 86
89 16
89 55
89 0
89 27
89 100
89 148
90 12
91 45
91 75
91 117
92 34
92 24
92 21
92 163
93 17
93 8
93 37
93 85
93 52
93 113
93 174
93 179
93 197
94 73
95 22
95 56
96 86
96 81
96 23
96 88
97 47
97 50
97 169
97 204
98 80
98 1
98 18
98 123
98 196
99 5
99 19
99 26
99 30
100 89
101 4
101 200
102 32
103 71
103 83
103 51
103 84
104 35
104 15
104 176
105 43
105 49
105 76
106 62
106 73
107 64
107 127
107 140
108 62
108 125
109 4
109 200
110 29
110 45
110 164
111 35
112 40
113 85
113 52
113 93
113 119
114 23
114 61
114 126
115 6
115 64
115 140
116 5
117 91
118 85
119 68
119 113
120 11
120 20
121 83
122 76
122 49
122 43
123 98
123 196
123 199
124 122
124 43
124 76
125 62
125 108
126 23
126 61
126 114
127 28
127 107
127 7
127 1
128 82
128 20
128 11
129 50
129 103
129 4
129 12
129 109
129 141
129 173
130 1
130 87
130 134
131 70
132 48
132 9
133 69
133 170
134 130
134 1
135 20
135 11
135 120
135 145
136 25
136 149
136 172
137 1
137 134
137 11
138 72
138 189
139 11
139 187
140 115
140 64
140 107
140 171
140 184
141 129
142 130
142 1
143 27
143 40
143 112
143 155
143 203
144 12
144 185
145 135
145 11
145 82
146 39
146 75
146 29
146 183
147 83
147 121
148 89
148 79
149 25
149 136
150 146
150 75
150 53
150 29
151 43
151 124
151 49
152 133
153 3
153 160
154 46
154 206
155 143
155 89
156 69
156 161
157 71
158 45
159 25
159 13
160 3
160 153
161 156
161 69
161 154
161 46
162 79
162 193
163 92
163 21
163 33
164 110
165 5
166 3
166 160
167 78
168 25
168 136
168 145
168 9
169 47
169 97
169 50
169 204
170 70
170 133
170 46
171 140
171 64
171 107
172 25
172 136
173 129
174 93
174 37
174 52
175 6
176 104
176 122
176 124
176 151
177 1
177 80
178 9
178 132
179 93
179 16
179 148
180 31
180 63
180 181
180 182
181 180
181 31
181 182
181 210
182 180
182 31
182 181
182 188
183 146
183 41
184 64
184 140
185 12
185 144
186 29
187 139
188 182
188 31
188 63
189 138
190 168
191 70
191 67
191 33
191 10
192 2
193 79
193 162
194 1
195 52
195 208
196 98
196 123
197 37
197 8
197 93
198 111
199 123
199 98
199 196
200 4
200 109
200 101
201 72
202 51
203 183
203 143
204 47
204 97
204 50
204 169
205 81
206 46
206 154
207 7
207 2
208 195
209 68
210 181
210 63
210 31
210 180
