0.079186
1
0.132682
1
0.176428
0.024328
1
0.146982
0.190378
0.116804
0.02869
1
0.214135
0.040194
0.119401
0.135281
0.028853
0.226468
0.222577
0.163914
0.195145
0.082793
0.192225
0.019957
0.014139
0.089217
0.11097
0.125529
0.191298
1
0.052377
1
0.125528
0.006761
0.021754
0.087947
0.040021
0.128375
0.007882
0.140595
0.146935
0.029569
0.035951
1
0.203015
0.152617
0.103738
0.155634
0.034763
0.197435
0.099795
0.053684
0.108498
0.376688
0.044046
0.01066
0.056824
0.059583
0.023772
0.070591
0.088412
0.004329
0.104898
0.286527
0.074195
0.500523
0.026796
0.017878
0.122664
0.074407
0.014037
0.203425
0.0102
1
0.501133
0.17997
0.148522
0.055869
0.00661
0.022845
0.109395
0.10127
0.246815
0.034619
0.321733
0.155311
0.011606
0.245588
0.009617
0.046185
0
0.053671
0.00699
1
0.499857
0.05785
0.018535
0.037918
0.109892
0.044566
0.023029
0.057746
0.063034
0.161881
0.036023
0.207743
0.267813
0.009904
0.031284
0.232021
0.200665
0.029057
0.360571
0.152355
0.004328
0.015328
0.012252
0.026999
0.077467
0.038239
0.286653
0.011616
0.16662
0.021146
0.058285
0.031125
0.00433
0.001949
0.229662
1
0.188007
0.007029
0.034319
0.015509
0.266319
0.190424
0.017423
0.251082
0.002595
0.250527
0.004679
0.499746
0.333679
1
0.05397
0.192597
0.175204
0
0.060513
0.025322
0.19096
0.202325
0
0.298776
0.029079
0.333552
0.023638
0.101835
0.076218
0.031469
0.292569
0.02422
0.006933
0.015423
0.100356
0.012255
0.334087
0.003292
0.0196
0.038316
0.005766
0.000919
0.017149
0.501077
0.148923
0.499893
0.007249
0.036366
0.038869
0.202918
0.145777
0.174888
0.178692
0.100482
0.019174
0.01811
0.500375
0.125881
0.225879
0.001252
0
0.002603
0.066502
0.006765
0.500405
0.027237
0.025587
0.219547
0
0.005255
0.071065
0.005166
0.026813
0.333586
0.038284
0.05085
0.030766
0.067374
0.013508
0.06146
0.188662
