0 1
0 2
1 0
2 0
5 6
5 8
5 9
5 10
5 13
5 16
5 17
5 18
5 21
5 22
5 25
6 5
6 8
6 18
6 23
7 24
8 6
8 5
8 11
8 12
9 5
9 7
9 20
9 49
10 5
10 13
10 15
10 53
10 64
11 8
11 37
12 8
12 14
12 18
12 52
13 5
13 10
13 19
13 50
14 12
14 57
14 65
14 142
15 10
15 5
15 27
15 33
15 34
15 41
15 44
15 45
15 58
16 5
17 5
17 29
17 39
17 55
17 59
18 6
18 12
18 5
18 26
18 28
18 32
18 35
19 13
20 9
20 49
21 5
21 22
21 25
22 5
22 21
22 25
23 6
24 7
25 5
25 22
25 21
26 18
26 35
27 15
27 41
27 44
27 46
28 18
28 30
28 31
29 17
29 15
29 36
29 42
29 60
30 28
31 28
32 18
32 38
32 40
32 47
33 27
33 15
33 34
33 44
33 58
33 62
34 15
34 33
34 41
34 44
34 45
34 54
34 62
35 18
35 26
36 29
36 51
36 56
36 60
37 14
37 11
37 43
37 48
38 32
39 17
40 32
40 47
40 61
40 63
41 33
41 34
41 27
41 15
41 45
41 46
41 54
41 58
41 62
42 29
42 36
42 51
43 37
44 27
44 34
44 33
44 15
44 58
45 15
45 41
45 34
46 27
46 41
46 15
47 38
47 40
47 32
48 37
49 20
49 9
50 13
51 42
51 36
51 56
52 12
53 10
54 15
54 34
54 44
54 41
54 33
55 17
55 59
56 51
56 36
56 29
57 14
57 65
58 33
58 44
58 41
58 34
58 15
59 17
59 55
60 29
60 36
61 40
61 6
61 32
61 47
62 34
62 41
62 46
62 33
63 28
63 40
64 10
65 14
65 57
66 67
66 69
67 66
68 66
68 67
69 66
69 67
70 71
70 72
70 73
71 70
71 73
72 70
72 71
73 71
73 70
75 76
75 81
75 86
75 87
75 135
76 75
76 77
76 78
76 126
77 76
77 78
77 80
77 83
77 84
77 85
77 98
77 99
77 100
77 109
77 114
78 76
78 77
78 79
79 78
79 102
80 77
80 82
80 98
80 106
80 127
80 134
81 75
81 86
81 91
82 80
82 94
83 77
83 85
83 88
83 95
83 98
83 109
83 111
84 77
84 83
84 85
84 99
85 84
85 77
85 83
85 88
85 95
85 99
85 111
85 114
86 75
86 81
86 90
86 93
86 96
86 105
86 117
87 75
87 81
87 112
87 118
88 83
88 85
88 77
88 109
88 114
89 86
89 101
89 110
89 120
89 123
89 131
89 136
90 86
90 93
90 96
90 105
91 81
91 75
92 90
92 86
92 96
92 105
92 117
93 90
93 86
93 117
94 82
94 97
94 129
95 83
95 85
95 108
96 86
96 92
96 90
96 107
96 121
96 128
97 94
98 77
98 83
98 85
98 80
98 103
98 137
99 88
99 77
99 84
99 85
100 77
100 111
100 142
101 89
101 104
101 120
101 123
102 79
102 113
102 125
103 98
104 96
104 101
104 122
105 86
105 92
105 90
106 80
107 96
107 121
107 128
107 130
107 132
108 95
108 83
108 99
108 139
109 77
109 108
109 80
109 83
109 88
109 115
109 119
109 138
110 89
110 101
111 77
111 100
111 85
111 83
112 87
112 116
113 102
113 79
114 85
114 77
114 88
115 109
116 112
116 87
117 93
117 86
117 92
117 90
118 116
118 87
119 109
120 89
120 101
120 143
121 107
121 96
121 130
122 104
123 89
123 101
123 131
125 102
125 79
126 76
127 80
128 107
128 96
129 94
130 121
130 96
130 107
130 132
130 133
131 89
131 123
131 120
132 130
132 128
132 96
132 107
133 128
133 107
133 96
133 130
134 80
135 75
135 81
136 120
136 89
136 123
136 101
137 98
137 103
138 109
139 108
140 41
140 83
140 34
142 100
142 14
143 120
143 101
143 144
143 145
144 143
144 145
145 143
145 144
146 147
146 148
147 146
147 148
148 147
148 146
