0
0
0
0
0
1
0.055749
0.022343
0.119351
0.111911
1
0.155499
0.027684
0.191243
0.10375
0.11687
0.50148
0.077149
0.059914
0.095345
0.032036
0.21087
0.210842
0.02789
0.007468
0.16596
0.011529
0.15643
0.008708
0.005916
0.004305
0.004406
0.005412
0.120445
0.108709
0.013876
0.000955
1
0.002054
0.038644
0.000816
1
0.001246
0.499998
0.062569
0.167573
0.208411
0.001038
0.250512
0.027029
0.095734
0.000392
0.01377
0.501271
0.121448
0.022959
0.000266
0.030895
0.113026
0.022841
0.001628
0.000139
0.168229
0.000185
0.500887
0.030769
0
0
0
0
0
0
0
0
0
0.012926
0.111003
1
0.12196
0.02042
1
0.007194
0.101042
0.108911
0.167443
0.083289
0.063273
0.001005
0.144583
1
0.010037
0.002321
0.003348
0.013073
0.009336
0.03331
0.005039
0.002414
0.168074
0.144346
0.172095
0.13955
0.003498
0.06857
0.015543
0.012208
0.499842
0.000606
0.11391
1
0.334266
0.050697
0.000224
0.000694
0.19425
0.333468
0.000129
0.010841
0.000331
0.499762
0.185509
0.000976
0.007725
0.205291
0
0.000691
0.055509
0.250564
0.000888
0.00243
0.000165
0.229619
0.000126
4.1e-05
0.500535
0.00435
0.200951
0.056268
0.500588
0.057217
0
0
0.027236
0.010441
0.001779
0.002889
0
0
0
