0 1
0 2
0 5
1 0
1 3
2 0
2 4
2 5
3 1
4 2
4 5
5 2
5 0
5 4
5 6
6 5
7 11
7 17
7 21
7 27
7 30
7 58
7 78
7 92
8 47
8 80
8 95
9 10
9 12
9 13
9 35
9 62
9 97
9 106
10 9
10 13
10 18
10 20
10 26
10 31
10 65
10 67
10 242
11 7
11 16
11 24
11 77
12 9
12 28
12 37
12 71
12 83
12 87
13 9
13 10
13 40
13 52
13 70
14 22
14 23
14 41
14 91
14 101
15 34
15 82
16 11
16 7
16 43
16 50
17 7
18 10
18 20
18 26
18 29
18 35
18 230
19 14
19 22
19 36
19 42
19 57
20 10
20 18
20 21
20 25
20 37
20 55
20 60
20 76
20 85
20 90
20 102
21 7
21 20
21 39
21 44
21 59
21 74
21 81
21 84
22 19
22 14
22 79
22 88
22 100
23 14
23 8
23 25
23 38
23 41
24 11
24 32
24 34
24 50
25 23
25 20
25 33
25 46
26 18
26 10
26 31
26 65
27 7
27 13
27 17
27 61
27 65
27 82
27 93
28 12
28 71
29 10
29 18
29 20
29 59
29 63
30 7
30 17
31 25
31 26
31 10
31 45
31 91
32 24
32 56
33 25
34 15
34 24
34 51
34 232
35 18
35 9
35 10
35 91
35 98
35 103
36 19
36 8
36 47
36 53
36 80
37 20
37 13
37 12
37 54
37 64
37 66
37 72
37 96
38 23
39 21
40 13
40 70
41 36
41 23
41 14
41 48
42 19
42 57
43 16
44 21
44 89
45 31
46 33
46 25
47 36
47 8
48 41
49 9
49 20
49 28
50 24
50 16
50 15
50 68
51 34
52 13
52 40
53 36
54 37
54 66
54 128
55 20
55 85
56 32
57 19
57 42
58 7
58 17
59 21
59 29
59 69
59 132
60 20
61 27
62 9
63 29
64 54
64 37
64 66
64 72
64 96
65 27
65 26
65 29
65 10
65 75
66 37
66 54
66 64
66 72
67 18
67 10
68 50
69 59
70 40
70 13
71 12
71 28
71 83
71 87
71 105
72 54
72 66
72 64
72 37
72 96
73 14
73 23
73 86
74 21
74 81
75 65
76 20
76 55
76 102
77 71
77 32
77 11
78 7
79 22
80 23
80 53
80 36
80 8
80 132
81 74
81 44
81 21
81 84
81 89
81 242
82 27
82 15
82 16
82 43
82 99
83 71
83 12
83 87
84 81
84 21
84 89
85 55
85 20
86 73
87 12
87 71
87 83
87 105
88 22
88 79
88 100
89 81
89 44
89 21
89 84
90 55
90 20
90 102
91 14
91 31
91 35
91 94
92 7
92 30
93 27
94 91
95 8
96 64
96 37
96 72
96 66
97 9
97 106
98 35
99 82
100 22
100 88
101 14
102 76
102 90
102 20
103 35
103 98
104 15
105 71
105 87
105 12
106 77
106 97
106 9
107 110
107 112
107 116
108 111
108 115
110 107
111 108
112 107
112 114
114 112
114 116
115 108
116 107
116 109
116 114
116 112
117 118
117 119
118 117
118 124
119 117
119 121
119 123
119 126
120 121
121 120
121 119
123 119
123 118
123 124
123 127
124 118
124 123
124 125
125 124
126 119
127 123
128 54
128 11
128 129
129 128
130 128
130 131
131 130
132 53
132 63
132 59
132 80
132 133
133 132
134 135
134 148
134 151
134 213
135 134
135 136
135 139
135 185
135 213
136 135
136 137
136 138
136 141
136 144
136 145
136 146
136 150
136 155
136 158
136 160
136 178
136 203
136 230
137 136
137 139
137 140
137 141
137 142
137 147
137 170
137 179
138 136
138 144
138 149
138 161
138 168
138 180
139 137
139 135
139 136
139 173
139 191
140 137
140 143
140 177
140 211
140 212
141 137
141 136
141 139
141 152
141 164
141 175
141 181
141 192
141 195
141 206
142 137
142 170
143 140
143 154
143 177
143 211
143 212
144 136
144 138
144 184
144 189
145 136
145 146
145 187
146 136
146 145
146 158
146 203
147 136
147 137
147 145
147 163
147 205
147 216
147 220
148 134
149 138
149 166
149 183
149 198
149 218
150 136
150 145
150 146
150 157
150 162
150 176
150 214
151 148
151 134
151 217
152 141
152 143
152 137
152 140
152 153
152 165
152 172
153 152
153 165
153 172
153 186
153 190
154 143
154 208
154 212
155 136
155 146
155 156
155 159
155 166
155 199
155 201
155 215
156 155
156 166
156 174
156 218
157 150
157 221
158 136
158 145
158 146
158 160
158 187
159 155
159 171
159 201
159 215
160 136
160 144
160 158
160 200
161 138
161 168
162 150
162 176
162 214
163 147
163 220
164 141
164 192
165 152
165 153
165 196
166 156
166 149
166 155
166 182
167 151
167 134
167 135
168 138
168 161
168 169
168 223
169 147
169 143
169 168
169 154
169 155
169 197
170 137
170 142
171 159
171 155
172 152
172 165
172 153
172 186
172 190
173 139
173 185
173 191
174 156
175 141
176 150
176 162
176 214
177 143
177 140
177 212
178 139
178 136
178 150
178 185
178 219
179 137
179 170
180 138
180 168
180 161
181 164
181 141
181 175
181 206
182 166
182 183
182 193
182 232
183 182
183 149
183 204
183 209
184 144
185 173
185 135
185 178
185 207
186 153
186 172
186 152
186 196
187 145
187 136
187 158
187 203
188 144
188 184
189 188
189 144
190 172
190 165
190 186
190 153
191 139
191 173
192 141
192 164
193 156
193 182
193 194
193 202
193 210
194 193
194 202
195 192
195 141
196 172
196 165
196 186
196 152
197 169
198 149
198 218
199 155
199 171
200 160
201 171
201 155
201 159
202 194
202 193
203 187
203 136
203 146
204 183
205 147
206 181
206 164
206 141
207 185
208 154
208 140
208 143
209 204
209 183
210 194
210 193
211 154
211 177
211 143
211 140
212 177
212 143
212 154
212 140
212 211
213 134
213 135
214 150
214 176
214 162
215 159
215 199
215 155
216 147
216 167
217 134
217 151
217 221
218 198
218 149
218 156
218 169
219 178
220 147
220 163
221 217
221 157
223 168
223 199
223 224
223 225
223 226
223 227
223 228
223 229
224 223
224 229
225 223
226 223
226 227
226 228
226 229
227 223
227 226
227 228
228 227
228 223
228 226
229 224
229 223
229 226
230 121
230 136
230 18
230 231
231 230
232 193
232 34
232 182
232 233
232 237
233 232
233 234
233 235
234 233
235 233
235 236
235 239
236 235
237 232
238 236
238 241
239 235
239 240
240 239
241 238
242 21
242 10
242 136
242 81
242 243
242 246
243 242
243 245
243 247
245 243
246 242
247 243
