248
750
0 1 0.25
0 2 0.166667
0 5 0.0625
1 0 0.166667
1 3 0.5
2 0 0.166667
2 4 0.25
2 5 0.0625
3 1 0.25
4 2 0.166667
4 5 0.0625
5 2 0.166667
5 0 0.166667
5 4 0.25
5 6 0.5
6 5 0.0625
7 11 0.1
7 17 0.2
7 21 0.047619
7 27 0.0833333
7 30 0.25
7 58 0.333333
7 78 0.5
7 92 0.333333
8 47 0.2
8 80 0.125
8 95 0.5
9 10 0.0333333
9 12 0.0714286
9 13 0.0714286
9 35 0.0769231
9 62 0.5
9 97 0.25
9 106 0.2
10 9 0.0434783
10 13 0.0714286
10 18 0.0769231
10 20 0.0357143
10 26 0.125
10 31 0.1
10 65 0.1
10 67 0.333333
10 242 0.1
11 7 0.0526316
11 16 0.125
11 24 0.0909091
11 77 0.2
12 9 0.0434783
12 28 0.2
12 37 0.0666667
12 71 0.0909091
12 83 0.166667
12 87 0.125
13 9 0.0434783
13 10 0.0333333
13 40 0.166667
13 52 0.333333
13 70 0.25
14 22 0.1
14 23 0.0769231
14 41 0.142857
14 91 0.125
14 101 0.5
15 34 0.125
15 82 0.125
16 11 0.1
16 7 0.0526316
16 43 0.333333
16 50 0.125
17 7 0.0526316
18 10 0.0333333
18 20 0.0357143
18 26 0.125
18 29 0.0909091
18 35 0.0769231
18 230 0.1
19 14 0.0625
19 22 0.1
19 36 0.0769231
19 42 0.25
19 57 0.25
20 10 0.0333333
20 18 0.0769231
20 21 0.047619
20 25 0.1
20 37 0.0666667
20 55 0.166667
20 60 0.5
20 76 0.2
20 85 0.25
20 90 0.2
20 102 0.166667
21 7 0.0526316
21 20 0.0357143
21 39 0.5
21 44 0.2
21 59 0.125
21 74 0.25
21 81 0.0909091
21 84 0.166667
22 19 0.0909091
22 14 0.0625
22 79 0.333333
22 88 0.2
22 100 0.25
23 14 0.0625
23 8 0.0833333
23 25 0.1
23 38 0.5
23 41 0.142857
24 11 0.1
24 32 0.2
24 34 0.125
24 50 0.125
25 23 0.0769231
25 20 0.0357143
25 33 0.333333
25 46 0.333333
26 18 0.0769231
26 10 0.0333333
26 31 0.1
26 65 0.1
27 7 0.0526316
27 13 0.0714286
27 17 0.2
27 61 0.5
27 65 0.1
27 82 0.125
27 93 0.5
28 12 0.0714286
28 71 0.0909091
29 10 0.0333333
29 18 0.0769231
29 20 0.0357143
29 59 0.125
29 63 0.333333
30 7 0.0526316
30 17 0.2
31 25 0.1
31 26 0.125
31 10 0.0333333
31 45 0.5
31 91 0.125
32 24 0.0909091
32 56 0.5
33 25 0.1
34 15 0.125
34 24 0.0909091
34 51 0.5
34 232 0.1
35 18 0.0769231
35 9 0.0434783
35 10 0.0333333
35 91 0.125
35 98 0.333333
35 103 0.333333
36 19 0.0909091
36 8 0.0833333
36 47 0.2
36 53 0.25
36 80 0.125
37 20 0.0357143
37 13 0.0714286
37 12 0.0714286
37 54 0.125
37 64 0.111111
37 66 0.1
37 72 0.111111
37 96 0.142857
38 23 0.0769231
39 21 0.047619
40 13 0.0714286
40 70 0.25
41 36 0.0769231
41 23 0.0769231
41 14 0.0625
41 48 0.5
42 19 0.0909091
42 57 0.25
43 16 0.125
44 21 0.047619
44 89 0.142857
45 31 0.1
46 33 0.333333
46 25 0.1
47 36 0.0769231
47 8 0.0833333
48 41 0.142857
49 9 0.0434783
49 20 0.0357143
49 28 0.2
50 24 0.0909091
50 16 0.125
50 15 0.125
50 68 0.333333
51 34 0.125
52 13 0.0714286
52 40 0.166667
53 36 0.0769231
54 37 0.0666667
54 66 0.1
54 128 0.1
55 20 0.0357143
55 85 0.25
56 32 0.2
57 19 0.0909091
57 42 0.25
58 7 0.0526316
58 17 0.2
59 21 0.047619
59 29 0.0909091
59 69 0.5
59 132 0.111111
60 20 0.0357143
61 27 0.0833333
62 9 0.0434783
63 29 0.0909091
64 54 0.125
64 37 0.0666667
64 66 0.1
64 72 0.111111
64 96 0.142857
65 27 0.0833333
65 26 0.125
65 29 0.0909091
65 10 0.0333333
65 75 0.5
66 37 0.0666667
66 54 0.125
66 64 0.111111
66 72 0.111111
67 18 0.0769231
67 10 0.0333333
68 50 0.125
69 59 0.125
70 40 0.166667
70 13 0.0714286
71 12 0.0714286
71 28 0.2
71 83 0.166667
71 87 0.125
71 105 0.2
72 54 0.125
72 66 0.1
72 64 0.111111
72 37 0.0666667
72 96 0.142857
73 14 0.0625
73 23 0.0769231
73 86 0.5
74 21 0.047619
74 81 0.0909091
75 65 0.1
76 20 0.0357143
76 55 0.166667
76 102 0.166667
77 71 0.0909091
77 32 0.2
77 11 0.1
78 7 0.0526316
79 22 0.1
80 23 0.0769231
80 53 0.25
80 36 0.0769231
80 8 0.0833333
80 132 0.111111
81 74 0.25
81 44 0.2
81 21 0.047619
81 84 0.166667
81 89 0.142857
81 242 0.1
82 27 0.0833333
82 15 0.125
82 16 0.125
82 43 0.333333
82 99 0.5
83 71 0.0909091
83 12 0.0714286
83 87 0.125
84 81 0.0909091
84 21 0.047619
84 89 0.142857
85 55 0.166667
85 20 0.0357143
86 73 0.25
87 12 0.0714286
87 71 0.0909091
87 83 0.166667
87 105 0.2
88 22 0.1
88 79 0.333333
88 100 0.25
89 81 0.0909091
89 44 0.2
89 21 0.047619
89 84 0.166667
90 55 0.166667
90 20 0.0357143
90 102 0.166667
91 14 0.0625
91 31 0.1
91 35 0.0769231
91 94 0.5
92 7 0.0526316
92 30 0.25
93 27 0.0833333
94 91 0.125
95 8 0.0833333
96 64 0.111111
96 37 0.0666667
96 72 0.111111
96 66 0.1
97 9 0.0434783
97 106 0.2
98 35 0.0769231
99 82 0.125
100 22 0.1
100 88 0.2
101 14 0.0625
102 76 0.2
102 90 0.2
102 20 0.0357143
103 35 0.0769231
103 98 0.333333
104 15 0.125
105 71 0.0909091
105 87 0.125
105 12 0.0714286
106 77 0.2
106 97 0.25
106 9 0.0434783
107 110 0.5
107 112 0.2
107 116 0.166667
108 111 0.5
108 115 0.5
110 107 0.125
111 108 0.0909091
112 107 0.125
112 114 0.25
114 112 0.2
114 116 0.166667
115 108 0.0909091
116 107 0.125
116 109 0.333333
116 114 0.25
116 112 0.2
117 118 0.142857
117 119 0.1
118 117 0.166667
118 124 0.166667
119 117 0.166667
119 121 0.142857
119 123 0.142857
119 126 0.5
120 121 0.142857
121 120 0.166667
121 119 0.1
123 119 0.1
123 118 0.142857
123 124 0.166667
123 127 0.5
124 118 0.142857
124 123 0.142857
124 125 0.5
125 124 0.166667
126 119 0.1
127 123 0.142857
128 54 0.125
128 11 0.1
128 129 0.5
129 128 0.1
130 128 0.1
130 131 0.5
131 130 0.2
132 53 0.25
132 63 0.333333
132 59 0.125
132 80 0.125
132 133 0.5
133 132 0.111111
134 135 0.0625
134 148 0.2
134 151 0.1
134 213 0.25
135 134 0.0625
135 136 0.0263158
135 139 0.0909091
135 185 0.125
135 213 0.25
136 135 0.0625
136 137 0.047619
136 138 0.0769231
136 141 0.0526316
136 144 0.1
136 145 0.111111
136 146 0.1
136 150 0.0769231
136 155 0.0588235
136 158 0.111111
136 160 0.142857
136 178 0.125
136 203 0.166667
136 230 0.1
137 136 0.0263158
137 139 0.0909091
137 140 0.0833333
137 141 0.0526316
137 142 0.166667
137 147 0.0769231
137 170 0.2
137 179 0.333333
138 136 0.0263158
138 144 0.1
138 149 0.0769231
138 161 0.166667
138 168 0.111111
138 180 0.25
139 137 0.047619
139 135 0.0625
139 136 0.0263158
139 173 0.166667
139 191 0.25
140 137 0.047619
140 143 0.0769231
140 177 0.142857
140 211 0.142857
140 212 0.111111
141 137 0.047619
141 136 0.0263158
141 139 0.0909091
141 152 0.0769231
141 164 0.166667
141 175 0.333333
141 181 0.166667
141 192 0.2
141 195 0.333333
141 206 0.2
142 137 0.047619
142 170 0.2
143 140 0.0833333
143 154 0.125
143 177 0.142857
143 211 0.142857
143 212 0.111111
144 136 0.0263158
144 138 0.0769231
144 184 0.333333
144 189 0.333333
145 136 0.0263158
145 146 0.1
145 187 0.142857
146 136 0.0263158
146 145 0.111111
146 158 0.111111
146 203 0.166667
147 136 0.0263158
147 137 0.047619
147 145 0.111111
147 163 0.25
147 205 0.5
147 216 0.333333
147 220 0.25
148 134 0.0625
149 138 0.0769231
149 166 0.125
149 183 0.125
149 198 0.25
149 218 0.142857
150 136 0.0263158
150 145 0.111111
150 146 0.1
150 157 0.125
150 162 0.166667
150 176 0.166667
150 214 0.166667
151 148 0.2
151 134 0.0625
151 217 0.2
152 141 0.0526316
152 143 0.0769231
152 137 0.047619
152 140 0.0833333
152 153 0.0909091
152 165 0.125
152 172 0.1
153 152 0.0769231
153 165 0.125
153 172 0.1
153 186 0.125
153 190 0.166667
154 143 0.0769231
154 208 0.25
154 212 0.111111
155 136 0.0263158
155 146 0.1
155 156 0.111111
155 159 0.125
155 166 0.125
155 199 0.2
155 201 0.2
155 215 0.2
156 155 0.0588235
156 166 0.125
156 174 0.5
156 218 0.142857
157 150 0.0769231
157 221 0.25
158 136 0.0263158
158 145 0.111111
158 146 0.1
158 160 0.142857
158 187 0.142857
159 155 0.0588235
159 171 0.2
159 201 0.2
159 215 0.2
160 136 0.0263158
160 144 0.1
160 158 0.111111
160 200 0.5
161 138 0.0769231
161 168 0.111111
162 150 0.0769231
162 176 0.166667
162 214 0.166667
163 147 0.0769231
163 220 0.25
164 141 0.0526316
164 192 0.2
165 152 0.0769231
165 153 0.0909091
165 196 0.166667
166 156 0.111111
166 149 0.0769231
166 155 0.0588235
166 182 0.125
167 151 0.1
167 134 0.0625
167 135 0.0625
168 138 0.0769231
168 161 0.166667
168 169 0.0909091
168 223 0.0434783
169 147 0.0769231
169 143 0.0769231
169 168 0.111111
169 154 0.125
169 155 0.0588235
169 197 0.5
170 137 0.047619
170 142 0.166667
171 159 0.125
171 155 0.0588235
172 152 0.0769231
172 165 0.125
172 153 0.0909091
172 186 0.125
172 190 0.166667
173 139 0.0909091
173 185 0.125
173 191 0.25
174 156 0.111111
175 141 0.0526316
176 150 0.0769231
176 162 0.166667
176 214 0.166667
177 143 0.0769231
177 140 0.0833333
177 212 0.111111
178 139 0.0909091
178 136 0.0263158
178 150 0.0769231
178 185 0.125
178 219 0.5
179 137 0.047619
179 170 0.2
180 138 0.0769231
180 168 0.111111
180 161 0.166667
181 164 0.166667
181 141 0.0526316
181 175 0.333333
181 206 0.2
182 166 0.125
182 183 0.125
182 193 0.1
182 232 0.1
183 182 0.125
183 149 0.0769231
183 204 0.333333
183 209 0.333333
184 144 0.1
185 173 0.166667
185 135 0.0625
185 178 0.125
185 207 0.5
186 153 0.0909091
186 172 0.1
186 152 0.0769231
186 196 0.166667
187 145 0.111111
187 136 0.0263158
187 158 0.111111
187 203 0.166667
188 144 0.1
188 184 0.333333
189 188 0.333333
189 144 0.1
190 172 0.1
190 165 0.125
190 186 0.125
190 153 0.0909091
191 139 0.0909091
191 173 0.166667
192 141 0.0526316
192 164 0.166667
193 156 0.111111
193 182 0.125
193 194 0.2
193 202 0.25
193 210 0.333333
194 193 0.1
194 202 0.25
195 192 0.2
195 141 0.0526316
196 172 0.1
196 165 0.125
196 186 0.125
196 152 0.0769231
197 169 0.0909091
198 149 0.0769231
198 218 0.142857
199 155 0.0588235
199 171 0.2
200 160 0.142857
201 171 0.2
201 155 0.0588235
201 159 0.125
202 194 0.2
202 193 0.1
203 187 0.142857
203 136 0.0263158
203 146 0.1
204 183 0.125
205 147 0.0769231
206 181 0.166667
206 164 0.166667
206 141 0.0526316
207 185 0.125
208 154 0.125
208 140 0.0833333
208 143 0.0769231
209 204 0.333333
209 183 0.125
210 194 0.2
210 193 0.1
211 154 0.125
211 177 0.142857
211 143 0.0769231
211 140 0.0833333
212 177 0.142857
212 143 0.0769231
212 154 0.125
212 140 0.0833333
212 211 0.142857
213 134 0.0625
213 135 0.0625
214 150 0.0769231
214 176 0.166667
214 162 0.166667
215 159 0.125
215 199 0.2
215 155 0.0588235
216 147 0.0769231
216 167 0.25
217 134 0.0625
217 151 0.1
217 221 0.25
218 198 0.25
218 149 0.0769231
218 156 0.111111
218 169 0.0909091
219 178 0.125
220 147 0.0769231
220 163 0.25
221 217 0.2
221 157 0.125
223 168 0.111111
223 199 0.2
223 224 0.166667
223 225 0.25
223 226 0.125
223 227 0.125
223 228 0.166667
223 229 0.166667
224 223 0.0434783
224 229 0.166667
225 223 0.0434783
226 223 0.0434783
226 227 0.125
226 228 0.166667
226 229 0.166667
227 223 0.0434783
227 226 0.125
227 228 0.166667
228 227 0.125
228 223 0.0434783
228 226 0.125
229 224 0.166667
229 223 0.0434783
229 226 0.125
230 121 0.142857
230 136 0.0263158
230 18 0.0769231
230 231 0.5
231 230 0.1
232 193 0.1
232 34 0.125
232 182 0.125
232 233 0.166667
232 237 0.5
233 232 0.1
233 234 0.5
233 235 0.125
234 233 0.166667
235 233 0.166667
235 236 0.333333
235 239 0.25
236 235 0.125
237 232 0.1
238 236 0.333333
238 241 0.5
239 235 0.125
239 240 0.5
240 239 0.25
241 238 0.333333
242 21 0.047619
242 10 0.0333333
242 136 0.0263158
242 81 0.0909091
242 243 0.125
242 246 0.5
243 242 0.1
243 245 0.5
243 247 0.5
245 243 0.125
246 242 0.1
247 243 0.125
