0.194843
0.04897
0.223813
0.024489
0.28592
1
0.501479
1
0.023336
1
0.083706
0.108537
0.077228
0.149009
1
0.032398
0.034118
0.441334
0.102738
0.013048
1
0.099497
0.101507
0.103148
0.022872
0.11224
0.038176
1
0.018383
0.060167
0.313409
0.025334
0.017904
0.046059
0.128946
0.0923
0.04301
0.071277
0.051605
0.049987
0.036813
0.154477
0.00387
0.050258
0.022682
0.012643
0.037398
0.012962
0.077398
0
0.007043
0.064357
0.049612
0.277798
0.012357
0.262126
0.009003
0.003765
0.334038
0.141258
0.499973
0.500799
0.500638
0.340679
0.010872
0.109947
0.010985
0.028121
0.002403
0.070537
0.043288
0.016542
0.011085
0
0.027101
0.054952
0.231901
0.068342
0.500756
0.039139
0.129893
0.013712
0.127699
0.016568
0.018919
0.293943
0
0.013265
0.024628
0.007183
0.231833
0.135871
0.332962
0.500336
0.067968
0.011728
0.012513
0.288006
0.037686
0.06403
0.029289
0.500904
0.222044
0.030785
0
0.005776
0.240647
0
0
0
0
0
0
0
0
0
0
0.000258
6.7e-05
0.001583
0.002666
0.0157
0
0.000237
4.3e-05
1.9e-05
0.000787
0.000113
0.001246
0.000635
0
0
1
0.501014
0.011735
0.07618
1
0.145253
0.095156
0.117984
0.019512
1
0.029588
0.009034
0.123719
0.254417
0.240349
1
0.004202
0.022029
0.086374
0.009605
0.077037
0.008675
0.003743
1
0.137919
0.010874
0.153897
0.180618
0.160033
0.038421
0.018627
0.297292
0.256897
0.011697
0.155018
0.084613
0.123855
0.013217
0.040491
0.148128
0.008827
0.027786
0.069077
0.377111
0.018814
0.004861
0.126775
0.048366
0.023822
0.19391
0.152014
0.021563
0.04456
0.027979
0.002641
0.082376
0.013925
0.041324
0.002824
0.033973
0.288404
0.113916
0.033532
0.334252
0.002392
0.006586
0.010714
0.389243
0.080194
0.225602
0.034151
0.205757
0.008742
0.501043
0.227656
0.014076
0.000925
0.007273
0.038128
0.004412
0.003896
0.021278
0.018746
0.226517
0.334341
0.002413
0.022789
0.063543
0.297326
0.003183
0
1
0.193314
0.25124
0.181808
0.163983
0.207409
0.211137
0.109948
0.054969
1
0.16616
0.083383
0.021091
0.00699
0.500336
0
0.005314
0.002614
0
0.009861
0.001236
0
0.000598
0.004969
0.000669
