0 1
16 3
16 21
33 18
33 31
33 6
33 32
33 34
34 33
53 47
53 42
53 46
1 0
1 2
54 35
17 5
52 46
52 42
52 47
52 62
52 63
18 10
18 14
18 25
18 29
2 1
55 40
55 50
55 56
3 4
3 5
3 7
3 16
19 13
19 8
35 36
35 37
35 40
35 54
35 57
56 40
56 55
56 44
56 60
20 9
36 35
37 35
37 36
37 41
37 57
4 3
4 6
4 10
4 14
4 15
57 37
57 35
38 39
38 44
38 49
58 41
58 61
21 16
21 7
5 3
5 6
5 9
5 11
5 12
5 17
5 22
22 9
22 5
39 38
39 49
59 44
6 4
6 5
6 8
6 26
6 33
6 68
23 16
24 18
24 68
40 35
40 43
40 50
40 55
40 56
25 24
25 18
60 56
41 37
41 35
41 40
41 42
41 48
41 51
41 58
41 61
42 41
42 46
42 47
42 53
43 40
43 45
43 51
61 58
61 41
44 38
44 39
44 48
44 59
62 52
62 64
26 6
45 43
63 52
63 62
64 38
64 62
46 42
46 52
46 53
47 42
47 46
47 52
47 53
7 3
8 6
8 13
8 19
9 5
9 20
9 22
9 29
48 44
48 39
48 41
68 6
68 41
68 24
27 28
10 4
10 18
28 27
49 38
49 39
11 5
29 9
29 22
29 18
29 30
30 29
30 31
30 32
50 40
12 5
13 8
31 30
31 33
32 30
32 31
51 43
51 45
51 41
14 4
14 18
15 4
15 10
