0
0
0
0.072877
0.018912
1
0.161382
0.024707
0.020268
0.129701
0.020203
0.500287
0.250848
0.008105
0.023896
0.006321
0.010258
0.500404
0.078853
0.006618
0.064819
0.002053
0.18531
0
0.010044
0.02599
0.080416
0
0
0.02137
0.050737
0.231004
0.17083
1
0.500539
0.068467
0.055666
0.107271
0.008705
0.02945
0.083775
1
0.24212
0.035388
0.027797
0.047917
0.19717
0.17756
0.201242
0.009223
0.032165
0.167783
1
0.094323
0.017229
0.018765
0.013789
0.04242
0.297187
0.006995
0.00688
0.297809
0.254417
0.33412
0.050902
0
0
0
0.015135
0
