70
171
0 1 0.166667
16 3 0.0714286
16 21 0.2
33 18 0.0769231
33 31 0.2
33 6 0.0833333
33 32 0.166667
33 34 0.5
34 33 0.0909091
53 47 0.142857
53 42 0.111111
53 46 0.142857
1 0 0.25
1 2 0.5
54 35 0.0555556
17 5 0.0555556
52 46 0.142857
52 42 0.111111
52 47 0.142857
52 62 0.2
52 63 0.333333
18 10 0.2
18 14 0.25
18 25 0.333333
18 29 0.0833333
2 1 0.166667
55 40 0.0769231
55 50 0.333333
55 56 0.142857
3 4 0.0714286
3 5 0.0555556
3 7 0.333333
3 16 0.142857
19 13 0.333333
19 8 0.125
35 36 0.333333
35 37 0.1
35 40 0.0769231
35 54 0.25
35 57 0.25
56 40 0.0769231
56 55 0.2
56 44 0.125
56 60 0.5
20 9 0.111111
36 35 0.0555556
37 35 0.0555556
37 36 0.333333
37 41 0.0555556
37 57 0.25
4 3 0.0714286
4 6 0.0833333
4 10 0.2
4 14 0.25
4 15 0.333333
57 37 0.1
57 35 0.0555556
38 39 0.125
38 44 0.125
38 49 0.25
58 41 0.0555556
58 61 0.25
21 16 0.142857
21 7 0.333333
5 3 0.0714286
5 6 0.0833333
5 9 0.111111
5 11 0.5
5 12 0.25
5 17 0.5
5 22 0.166667
22 9 0.111111
22 5 0.0555556
39 38 0.0769231
39 49 0.25
59 44 0.125
6 4 0.0714286
6 5 0.0555556
6 8 0.125
6 26 0.5
6 33 0.0909091
6 68 0.0909091
23 16 0.142857
24 18 0.0769231
24 68 0.0909091
40 35 0.0555556
40 43 0.125
40 50 0.333333
40 55 0.2
40 56 0.142857
25 24 0.25
25 18 0.0769231
60 56 0.142857
41 37 0.1
41 35 0.0555556
41 40 0.0769231
41 42 0.111111
41 48 0.2
41 51 0.166667
41 58 0.25
41 61 0.25
42 41 0.0555556
42 46 0.142857
42 47 0.142857
42 53 0.166667
43 40 0.0769231
43 45 0.25
43 51 0.166667
61 58 0.25
61 41 0.0555556
44 38 0.0769231
44 39 0.125
44 48 0.2
44 59 0.25
62 52 0.111111
62 64 0.2
26 6 0.0833333
45 43 0.125
63 52 0.111111
63 62 0.2
64 38 0.0769231
64 62 0.2
46 42 0.111111
46 52 0.111111
46 53 0.166667
47 42 0.111111
47 46 0.142857
47 52 0.111111
47 53 0.166667
7 3 0.0714286
8 6 0.0833333
8 13 0.333333
8 19 0.333333
9 5 0.0555556
9 20 0.5
9 22 0.166667
9 29 0.0833333
48 44 0.125
48 39 0.125
48 41 0.0555556
68 6 0.0833333
68 41 0.0555556
68 24 0.25
27 28 0.5
10 4 0.0714286
10 18 0.0769231
28 27 0.25
49 38 0.0769231
49 39 0.125
11 5 0.0555556
29 9 0.111111
29 22 0.166667
29 18 0.0769231
29 30 0.125
30 29 0.0833333
30 31 0.2
30 32 0.166667
50 40 0.0769231
12 5 0.0555556
13 8 0.125
31 30 0.125
31 33 0.0909091
32 30 0.125
32 31 0.2
51 43 0.125
51 45 0.25
51 41 0.0555556
14 4 0.0714286
14 18 0.0769231
15 4 0.0714286
15 10 0.2
