1 3
2 1
3 1
3 4
3 5
3 15
3 23
4 3
4 6
4 27
4 68
4 75
5 3
5 12
5 23
5 29
5 38
5 40
5 52
6 4
6 7
6 21
6 62
7 6
7 8
7 13
7 41
7 49
7 59
8 7
8 41
8 59
9 16
9 35
9 76
10 9
10 69
11 3
11 4
11 24
11 47
11 58
11 63
11 65
12 5
12 30
13 7
13 8
13 14
13 17
13 28
13 33
13 50
13 73
14 13
14 17
14 50
15 3
15 42
15 64
15 87
16 9
16 19
17 13
17 14
17 18
17 32
18 14
18 17
18 13
18 28
18 33
18 50
19 9
19 16
19 22
19 26
20 36
21 6
21 7
21 8
22 16
22 19
22 56
22 57
23 3
23 5
23 67
24 11
24 32
24 47
24 51
24 58
24 63
24 65
24 66
25 24
25 36
26 16
26 19
26 9
26 20
26 39
27 4
27 48
27 55
27 74
28 14
28 13
28 18
28 45
29 5
29 38
29 52
30 12
30 34
30 43
30 60
30 70
31 7
32 17
32 24
32 33
32 37
33 32
33 18
33 13
33 28
34 30
34 57
35 16
35 9
35 19
35 20
36 20
36 25
37 32
38 5
38 29
39 26
40 29
40 5
41 8
41 7
41 54
41 59
42 15
42 64
43 27
43 30
44 25
44 46
44 53
45 14
45 17
45 28
45 73
45 87
46 44
47 11
47 24
47 66
48 27
49 41
49 7
49 61
50 17
50 18
50 13
50 14
51 24
51 71
51 72
51 87
52 5
52 29
52 38
53 44
53 46
54 7
54 41
54 8
55 27
55 74
56 22
57 22
57 56
57 34
58 24
58 11
59 7
59 41
59 8
60 30
60 70
61 49
62 6
63 11
63 24
63 66
64 15
64 42
65 24
65 47
65 11
66 63
66 24
66 47
67 23
68 4
68 75
69 10
70 30
70 60
71 51
71 87
72 51
73 13
73 18
73 45
73 28
73 153
74 55
74 27
75 4
75 68
76 19
76 9
78 79
78 80
79 78
79 81
79 82
80 78
81 79
81 82
81 83
82 79
82 81
83 81
84 85
85 84
87 15
87 45
87 71
87 51
87 88
87 89
88 87
89 87
89 88
90 92
90 94
90 96
90 99
90 103
90 109
91 90
91 103
91 108
91 131
92 90
92 94
92 99
92 110
93 95
93 113
94 90
94 92
94 98
94 101
94 102
94 121
94 132
95 93
95 104
95 112
96 92
96 90
96 119
98 94
98 115
98 122
98 124
98 141
99 90
99 92
99 136
100 98
100 124
100 139
101 94
101 105
101 114
101 138
102 94
102 132
102 142
103 91
103 96
103 90
103 108
103 116
103 123
104 95
104 111
104 112
105 101
105 138
108 91
108 103
108 117
109 90
109 92
109 127
109 144
110 92
110 90
111 104
111 112
112 104
112 111
112 95
112 119
112 133
112 140
113 93
114 101
114 105
114 130
114 137
115 98
115 100
115 122
115 141
116 103
117 108
118 143
119 112
119 96
119 120
119 128
119 129
120 95
120 119
120 125
120 134
121 94
121 101
122 115
122 98
122 141
123 103
124 115
124 98
124 100
124 141
125 120
126 92
126 90
126 102
126 153
127 109
128 119
129 119
130 114
130 137
131 91
132 102
132 94
132 142
133 112
133 104
133 140
134 120
135 109
136 99
137 130
137 114
138 101
138 105
139 124
139 100
140 95
140 112
140 133
141 98
141 115
141 124
141 122
142 94
142 132
142 102
143 118
144 109
146 148
147 146
148 146
148 149
149 148
153 141
153 126
153 73
153 92
153 155
154 153
154 157
155 153
155 156
156 155
157 154
