0
0.005844
0
0.076102
0.090934
1
0.015102
0.05892
0.097109
0
0
0.117887
0.166839
1
0.133086
0.107509
4e-06
0.155691
0.057116
6e-06
0
0.0019
6.2e-05
0.175729
1
0
0
1
0.159312
0.193399
0.010593
0
0.15746
0.165123
0.001735
0
0
0.078778
0.261203
0
0.200607
0.020763
0.025781
0.002156
0
0.155756
0
0.204156
0.500772
0.011733
0.162916
0.192944
0.228429
0
0.005211
0.241053
0.000133
0.000371
0.270559
0.027957
0.002042
0.005831
0.007652
0.208333
0.031004
0.218011
0.216028
0.087412
0.027139
0
0.00206
0.284518
0.096598
0.1416
0.288017
0.027078
0
0
0
0
0
0
0
0
0
0
0
1
0.166966
0.201344
0.124961
0.093652
0.091804
0.003967
1
0.023759
0.246608
0
0.077115
0.030294
0.003208
0.100807
0.14813
1
0.019861
0.026504
0
0
0.135087
0.013966
0.030261
0.024525
0.084911
0.001962
0.014491
0.010967
0.50073
0.067789
0
1
0.100845
0.333612
0.015771
0.251079
0.009187
0.050493
0.00165
0.007008
0.499559
0.499931
0.004361
0.046989
0.186895
0.019844
0.050344
0
0.015028
0.004369
0.029492
0.001055
0.019763
0.013026
0.063596
0
0.001167
0
0
0
0
0
0
0
0
0.01193
0
0.002385
0.000606
0
