0 10
1 6
2 10
2 13
3 7
3 12
3 22
3 33
4 5
4 7
4 11
4 19
4 28
5 4
5 27
6 1
6 5
6 25
6 36
7 3
7 4
7 5
7 9
7 17
8 29
8 37
9 7
10 2
10 0
11 4
11 15
11 18
12 3
12 33
13 2
14 7
15 11
16 23
17 9
17 7
17 14
18 11
18 20
18 24
18 26
18 31
19 4
19 28
20 18
20 24
20 26
21 6
21 2
22 12
22 3
23 16
24 18
24 20
24 31
24 32
25 6
26 20
26 18
27 5
28 4
28 19
29 8
29 37
30 7
30 17
31 24
31 18
31 20
31 32
32 0
32 31
32 20
32 24
33 3
33 12
35 8
35 16
35 2
36 6
36 25
37 8
37 29
38 39
39 38
39 41
41 39
44 45
44 47
45 44
46 49
46 50
46 51
46 58
46 65
47 44
48 55
49 46
49 50
49 51
50 46
50 49
50 57
50 62
51 46
51 49
51 52
52 51
53 48
53 54
53 64
53 66
53 68
54 53
54 66
54 68
55 48
56 55
56 61
56 63
57 50
58 46
58 49
58 60
59 67
60 46
60 58
61 56
62 50
63 56
63 57
64 53
64 66
65 46
65 49
66 53
66 64
66 54
66 68
67 59
68 66
68 54
68 53
70 71
71 70
72 57
72 68
72 73
72 74
73 72
74 72
75 4
75 76
76 75
