77
158
0 10 0.25
1 6 0.1
2 10 0.25
2 13 0.333333
3 7 0.0769231
3 12 0.2
3 22 0.333333
3 33 0.25
4 5 0.166667
4 7 0.0769231
4 11 0.125
4 19 0.25
4 28 0.25
5 4 0.0555556
5 27 0.25
6 1 0.2
6 5 0.166667
6 25 0.333333
6 36 0.333333
7 3 0.0833333
7 4 0.0555556
7 5 0.166667
7 9 0.333333
7 17 0.142857
8 29 0.25
8 37 0.25
9 7 0.0769231
10 2 0.0769231
10 0 0.1
11 4 0.0555556
11 15 0.5
11 18 0.0714286
12 3 0.0833333
12 33 0.25
13 2 0.0769231
14 7 0.0769231
15 11 0.125
16 23 0.5
17 9 0.333333
17 7 0.0769231
17 14 0.5
18 11 0.125
18 20 0.125
18 24 0.125
18 26 0.25
18 31 0.142857
19 4 0.0555556
19 28 0.25
20 18 0.0714286
20 24 0.125
20 26 0.25
21 6 0.1
21 2 0.0769231
22 12 0.2
22 3 0.0833333
23 16 0.142857
24 18 0.0714286
24 20 0.125
24 31 0.142857
24 32 0.166667
25 6 0.1
26 20 0.125
26 18 0.0714286
27 5 0.166667
28 4 0.0555556
28 19 0.25
29 8 0.0909091
29 37 0.25
30 7 0.0769231
30 17 0.142857
31 24 0.125
31 18 0.0714286
31 20 0.125
31 32 0.166667
32 0 0.1
32 31 0.142857
32 20 0.125
32 24 0.125
33 3 0.0833333
33 12 0.2
35 8 0.0909091
35 16 0.142857
35 2 0.0769231
36 6 0.1
36 25 0.333333
37 8 0.0909091
37 29 0.25
38 39 0.2
39 38 0.25
39 41 0.5
41 39 0.2
44 45 0.25
44 47 0.166667
45 44 0.1
46 49 0.1
46 50 0.111111
46 51 0.166667
46 58 0.2
46 65 0.333333
47 44 0.1
48 55 0.333333
49 46 0.05
49 50 0.111111
49 51 0.166667
50 46 0.05
50 49 0.1
50 57 0.166667
50 62 0.5
51 46 0.05
51 49 0.1
51 52 0.5
52 51 0.166667
53 48 0.125
53 54 0.125
53 64 0.25
53 66 0.125
53 68 0.142857
54 53 0.0769231
54 66 0.125
54 68 0.142857
55 48 0.125
56 55 0.333333
56 61 0.5
56 63 0.25
57 50 0.111111
58 46 0.05
58 49 0.1
58 60 0.2
59 67 0.5
60 46 0.05
60 58 0.2
61 56 0.111111
62 50 0.111111
63 56 0.111111
63 57 0.166667
64 53 0.0769231
64 66 0.125
65 46 0.05
65 49 0.1
66 53 0.0769231
66 64 0.25
66 54 0.125
66 68 0.142857
67 59 0.25
68 66 0.125
68 54 0.125
68 53 0.0769231
70 71 0.5
71 70 0.125
72 57 0.166667
72 68 0.142857
72 73 0.125
72 74 0.25
73 72 0.0625
74 72 0.0625
75 4 0.0555556
75 76 0.5
76 75 0.0714286
