50 42
50 54
19 13
19 4
19 18
51 40
51 53
51 57
0 1
0 2
0 4
0 7
0 12
0 15
1 0
1 3
1 12
1 15
40 41
40 51
40 55
40 57
52 46
53 51
53 40
53 56
53 57
54 42
54 50
2 0
2 6
2 7
3 1
3 15
20 5
20 31
21 15
21 22
4 0
4 16
4 19
4 25
22 15
22 21
5 20
23 17
23 12
23 7
23 27
55 40
55 51
55 57
24 13
24 10
25 4
6 2
6 9
6 11
26 11
26 5
26 9
26 30
26 33
7 2
7 0
7 23
27 23
27 16
56 40
56 53
56 51
41 40
41 44
42 43
42 46
42 47
42 49
42 50
42 54
42 58
43 42
8 0
8 2
44 41
28 14
9 6
9 11
9 14
9 26
9 29
9 30
57 55
57 53
57 40
57 51
29 9
30 26
30 9
58 42
58 54
10 24
31 20
11 6
11 9
11 26
11 32
12 0
12 1
12 23
59 4
59 42
13 18
32 14
32 5
32 11
33 26
46 42
46 47
46 52
47 42
47 46
14 9
14 1
14 28
15 0
15 1
15 3
15 21
15 22
16 4
16 12
17 7
17 23
35 14
35 1
35 36
36 35
36 37
36 38
36 39
48 47
37 36
38 36
18 13
49 42
39 36
