0 1
0 3
1 0
1 2
2 1
2 4
2 5
3 0
4 2
5 2
5 4
5 6
5 7
5 8
5 9
5 12
6 10
6 11
6 5
7 5
8 9
8 5
9 8
9 5
10 6
11 6
12 33
12 36
12 5
12 177
12 106
12 13
12 14
12 16
12 17
12 147
12 55
12 24
12 90
12 28
12 158
12 63
13 99
13 20
13 27
13 12
13 65
14 16
14 18
14 22
14 170
14 95
14 12
14 77
14 15
15 114
15 238
15 70
15 57
15 45
15 14
15 205
16 72
16 168
16 12
16 14
16 193
17 80
17 123
17 89
17 23
17 25
17 26
17 107
17 12
17 58
17 126
17 61
18 48
18 82
18 19
18 221
18 14
19 160
19 18
19 70
19 136
19 75
19 82
20 49
20 50
20 152
20 194
20 13
20 78
20 31
21 208
21 34
21 71
21 41
21 139
21 161
21 111
21 16
21 145
21 53
21 92
21 222
22 32
22 96
22 35
22 132
22 14
22 184
22 73
22 46
23 112
23 17
23 59
23 38
23 123
24 49
24 67
24 68
24 12
24 43
24 28
24 63
25 256
25 17
25 37
25 22
25 40
25 91
25 44
25 102
25 30
25 127
26 256
26 17
26 131
26 171
26 39
26 193
26 23
26 29
27 105
27 51
27 148
27 13
27 169
28 64
28 120
28 134
28 22
28 24
28 74
28 12
29 26
29 219
29 52
29 151
30 25
30 37
30 166
31 68
31 210
31 20
32 22
32 183
33 119
33 56
33 42
33 12
33 61
33 109
34 176
34 145
34 98
34 21
34 198
34 71
34 41
34 111
34 92
34 161
34 53
35 22
36 100
36 147
36 12
36 158
36 79
37 153
37 25
37 59
37 30
37 87
38 104
38 138
38 23
39 26
39 131
39 461
40 25
40 91
41 34
41 21
41 85
42 33
43 24
43 49
43 63
44 66
44 70
44 215
44 25
44 30
44 47
45 200
45 51
45 15
46 22
47 66
47 44
47 101
48 18
49 464
49 83
49 20
49 134
49 24
49 43
50 148
50 84
50 69
50 86
50 178
50 20
50 141
51 88
51 27
51 45
51 238
51 213
52 29
53 41
53 34
53 21
53 101
54 256
54 164
54 151
54 52
54 219
54 29
55 115
55 83
55 150
55 12
55 43
55 60
55 94
56 129
56 33
56 109
56 94
56 119
57 15
58 256
58 17
58 110
58 81
58 61
58 206
59 130
59 37
59 23
59 76
59 173
59 142
59 159
60 83
60 124
60 150
60 55
61 17
61 181
61 33
61 204
61 58
61 156
61 62
62 61
63 128
63 113
63 118
63 129
63 24
63 90
63 43
63 12
63 175
64 137
64 180
64 28
64 46
65 99
65 13
66 44
66 70
66 47
67 187
67 24
67 43
67 140
67 93
67 94
68 118
68 103
68 24
68 43
68 174
68 31
69 50
69 84
69 178
69 86
70 97
70 66
70 19
70 116
70 37
70 44
70 114
70 15
71 104
71 34
71 21
72 16
72 185
72 193
73 96
73 22
74 28
74 134
75 18
75 19
75 172
76 481
76 133
76 118
76 59
76 156
76 142
76 159
77 122
77 14
78 152
78 194
78 20
78 261
79 36
79 12
80 17
81 58
81 461
82 18
82 19
83 49
83 43
83 60
83 55
84 50
84 69
84 86
85 41
86 50
86 84
86 69
86 141
87 144
87 37
88 51
88 213
89 17
89 123
89 126
89 223
90 64
90 188
90 179
90 217
90 12
90 124
90 61
90 63
91 40
91 25
92 34
92 21
92 117
93 464
93 67
94 56
94 67
94 55
95 14
96 73
96 22
97 170
97 70
98 34
98 197
99 65
99 13
99 105
100 12
100 36
100 177
101 41
101 143
101 125
101 53
101 47
102 96
102 108
102 195
102 196
102 182
102 22
102 25
102 44
103 68
103 174
104 201
104 218
104 263
104 38
104 71
105 99
105 216
105 27
106 12
107 17
107 89
108 189
108 102
109 56
109 33
109 119
110 58
111 34
111 139
111 21
112 162
112 163
112 135
112 121
112 23
112 29
112 61
113 63
114 170
114 205
114 70
114 15
115 60
115 55
116 70
117 92
118 76
118 167
118 68
118 238
118 63
119 56
119 33
119 109
120 73
120 74
120 28
120 190
120 46
121 112
121 162
121 163
121 135
122 72
122 77
123 17
123 165
123 23
123 89
123 186
123 61
124 55
124 217
124 90
124 223
124 28
124 60
125 155
125 101
126 89
126 17
127 40
127 25
128 175
128 63
129 209
129 149
129 223
129 56
129 63
129 109
129 207
129 61
130 59
130 76
130 173
130 159
131 26
131 39
132 96
132 22
133 130
133 59
133 76
134 49
134 74
134 28
135 112
135 121
135 162
136 19
136 172
137 64
138 38
139 21
139 111
140 187
140 67
140 93
141 50
141 27
141 84
141 69
141 86
142 130
142 59
142 76
143 101
143 47
144 87
145 176
145 34
145 21
146 50
146 69
147 464
147 36
147 106
147 12
148 50
148 27
149 129
149 157
150 115
150 60
150 55
151 154
151 164
151 29
151 54
152 194
152 20
152 78
153 37
154 54
154 151
155 125
156 59
156 76
156 61
156 142
157 129
157 209
157 149
157 207
158 36
158 12
159 130
159 59
159 76
159 133
160 19
161 176
161 145
161 34
161 208
161 21
162 112
162 121
162 135
163 112
163 121
164 256
164 139
164 29
164 54
164 151
165 186
165 123
166 30
167 118
168 16
168 199
168 164
168 203
168 143
169 27
170 97
170 114
170 214
170 14
171 26
172 136
172 75
172 167
173 130
173 59
173 159
174 68
174 103
175 128
175 261
175 63
176 145
176 34
176 161
176 263
176 222
176 111
177 100
177 106
177 12
178 50
178 84
178 69
178 86
179 90
180 64
181 61
182 195
182 102
183 32
184 22
185 72
186 123
186 165
187 67
187 140
187 93
188 90
189 108
190 120
191 115
191 60
191 55
192 148
193 72
193 40
193 26
193 16
193 143
194 152
194 20
194 78
195 196
195 182
195 102
196 195
196 182
196 102
197 98
197 218
197 263
198 98
198 34
198 197
199 168
199 203
200 45
200 205
201 104
202 123
202 165
203 168
203 199
204 61
205 200
205 114
205 59
205 15
206 58
206 211
207 129
207 157
207 209
208 161
208 34
208 21
209 129
209 157
209 207
210 31
211 58
211 206
212 68
212 103
213 88
213 51
214 170
215 44
216 105
217 90
217 124
218 104
218 66
218 197
219 29
219 54
219 151
220 204
220 61
220 181
221 18
221 147
222 176
222 161
222 21
223 224
223 33
223 226
223 230
223 129
223 89
223 124
223 94
224 225
224 226
224 227
224 230
224 234
224 223
225 224
225 232
225 234
226 224
226 227
226 228
226 231
226 236
226 237
226 223
227 224
227 226
227 223
228 226
228 227
228 229
229 235
229 228
230 224
230 223
231 226
232 225
232 227
232 238
232 233
233 232
234 224
234 225
235 229
236 226
236 237
237 226
237 236
238 240
238 241
238 242
238 51
238 245
238 118
238 243
238 232
238 239
238 76
238 15
239 250
239 238
240 246
240 238
241 244
241 254
241 247
241 249
241 251
241 238
242 243
242 238
242 247
243 249
243 242
243 238
244 241
244 255
245 238
246 240
246 241
246 248
247 241
247 242
247 253
247 238
247 255
248 246
249 241
249 243
249 252
250 244
250 239
251 241
252 249
252 243
252 241
253 247
254 241
254 251
255 244
255 247
256 257
256 258
256 259
256 164
256 54
256 25
256 26
256 58
256 461
257 256
258 256
259 256
260 259
261 24
261 27
261 262
261 78
261 175
262 261
263 176
263 264
263 197
263 353
263 104
263 300
264 272
264 265
264 379
264 276
264 263
265 288
265 395
265 324
265 391
265 264
265 298
265 267
265 269
265 285
265 274
265 431
265 278
265 347
265 266
266 336
266 306
266 309
266 390
266 327
266 392
266 265
266 268
266 317
266 271
267 265
267 347
267 388
267 269
267 270
268 351
268 275
268 421
268 454
268 279
268 266
268 299
268 271
269 272
269 424
269 275
269 422
269 294
269 393
269 328
269 265
269 267
269 481
269 303
270 273
270 402
270 420
270 409
270 345
270 282
270 267
270 271
271 266
271 268
271 277
271 270
271 287
272 280
272 313
272 323
272 276
272 292
272 289
272 264
272 281
272 269
272 318
272 296
273 416
273 362
273 326
273 270
273 418
274 384
274 385
274 338
274 291
274 433
274 311
274 265
274 410
274 359
274 333
274 426
275 352
275 316
275 279
275 268
275 266
275 284
275 269
276 272
276 296
276 264
276 379
276 285
276 383
277 271
278 265
278 298
278 395
278 479
279 320
279 460
279 275
279 268
280 272
280 432
280 436
280 357
280 310
280 377
280 330
280 283
281 272
282 368
282 308
282 270
283 296
283 374
283 280
283 445
283 285
283 413
284 304
284 290
284 291
284 286
284 275
284 355
284 317
284 302
285 311
285 276
285 295
285 340
285 265
285 283
285 269
286 284
286 334
286 447
287 293
287 426
287 277
287 271
288 265
288 329
288 305
289 272
289 292
289 457
289 313
289 399
289 332
289 335
290 404
290 378
290 291
290 284
290 302
291 290
291 355
291 326
291 297
291 331
291 284
291 274
292 272
292 281
292 387
292 393
292 289
293 425
293 356
293 269
293 287
294 280
294 419
294 269
294 325
295 314
295 285
296 272
296 321
296 276
296 283
296 364
296 413
297 291
298 322
298 342
298 278
298 361
298 265
298 346
298 418
298 349
298 301
298 319
299 268
299 422
300 400
300 389
300 263
300 455
300 396
300 381
301 322
301 403
301 342
301 361
301 298
301 319
302 456
302 290
302 284
303 307
303 269
303 414
303 367
304 284
305 288
305 265
305 337
306 312
306 392
306 266
307 352
307 371
307 372
307 358
307 278
307 311
307 265
307 315
307 397
307 303
308 368
308 282
308 268
308 438
308 407
309 266
309 370
309 340
309 341
310 432
310 434
310 436
310 357
310 280
310 377
311 448
311 274
311 307
311 309
311 264
311 285
311 350
312 354
312 440
312 266
312 306
312 270
312 442
313 272
313 289
313 348
314 343
314 310
314 295
315 427
315 307
315 397
316 401
316 306
316 275
316 388
316 441
316 298
316 301
316 271
317 266
317 284
317 290
317 366
317 327
318 272
318 281
319 418
319 437
319 342
319 298
319 349
319 346
319 301
320 353
320 299
320 279
321 296
321 313
321 337
321 305
322 298
322 346
322 324
322 301
322 437
323 272
323 281
323 344
324 322
324 347
324 278
324 428
324 265
324 458
324 363
324 380
325 419
325 294
326 288
326 273
326 291
326 376
326 267
326 411
326 430
326 319
327 266
327 317
327 394
328 269
329 288
329 347
330 280
330 371
330 323
330 459
331 291
332 289
332 450
332 399
333 384
333 433
333 274
333 359
333 426
333 410
334 358
334 286
334 447
335 289
335 450
335 404
336 266
337 408
337 305
337 321
338 337
338 274
339 393
339 371
339 292
339 387
340 451
340 309
340 285
341 370
341 309
342 361
342 298
342 301
342 319
343 314
344 323
345 409
345 402
345 420
345 270
346 481
346 322
346 342
346 492
346 298
346 349
346 301
346 319
347 288
347 265
347 267
347 324
347 329
348 313
349 361
349 298
349 346
349 319
350 317
350 311
351 268
352 386
352 275
352 405
352 406
352 375
352 360
352 307
352 268
353 320
353 263
354 312
354 398
355 297
355 291
355 284
355 277
355 317
356 425
356 293
357 280
357 432
357 310
358 369
358 307
358 373
358 382
358 365
358 334
359 384
359 385
359 274
359 333
359 433
360 352
360 386
360 406
361 298
361 319
361 349
361 342
361 301
362 416
362 273
363 380
363 458
363 324
364 296
364 321
365 369
365 358
366 317
367 414
367 303
368 282
368 308
369 457
369 382
369 404
369 365
369 358
370 341
370 309
371 339
371 307
371 330
371 315
371 439
372 315
372 307
373 365
373 358
374 283
375 352
376 416
376 411
376 326
377 280
377 434
377 357
377 310
378 290
378 284
379 264
379 417
379 276
380 428
380 363
380 324
381 300
381 455
382 369
382 365
382 358
383 276
384 274
384 333
384 359
385 433
385 274
385 359
386 352
386 360
386 405
386 406
386 375
387 339
387 292
388 275
388 267
388 316
388 435
389 400
389 300
389 381
390 266
391 265
392 266
392 306
393 452
393 339
393 307
393 292
393 269
394 327
395 265
395 431
395 278
395 391
396 453
396 300
396 381
396 407
397 307
397 315
398 354
398 446
399 289
399 450
399 332
400 300
400 412
400 396
400 389
401 316
401 438
402 345
402 270
403 267
403 322
403 363
403 301
403 270
404 369
404 378
404 290
404 358
404 335
405 352
405 386
405 447
405 375
406 360
406 352
406 386
406 303
406 367
407 368
407 396
407 308
407 423
408 337
409 345
409 270
410 274
410 333
411 376
411 430
411 326
412 400
413 296
413 283
413 429
414 303
414 367
415 440
415 396
415 381
415 263
416 376
416 273
416 362
416 326
417 379
418 273
418 298
418 319
419 325
419 294
420 345
420 270
421 268
421 351
422 481
422 299
422 406
422 443
422 444
422 269
422 479
423 407
424 269
425 356
425 293
425 287
426 274
426 333
426 287
427 315
427 307
427 372
427 397
428 380
428 363
428 324
429 413
430 376
430 411
430 326
431 265
431 395
432 280
432 377
432 357
432 310
433 464
433 385
433 274
433 333
433 359
434 377
434 357
434 310
435 388
436 280
436 357
436 310
437 322
437 301
437 342
437 319
438 401
438 308
439 371
440 312
440 415
441 316
442 312
443 422
444 443
444 422
445 283
446 398
447 286
447 334
447 405
448 311
449 418
450 289
450 457
450 399
450 332
450 335
451 340
452 393
453 396
454 268
455 300
455 381
456 302
457 369
457 450
457 335
457 289
457 399
458 363
458 324
459 330
460 279
461 256
461 81
461 227
461 462
461 39
462 461
462 463
463 462
464 466
464 433
464 465
464 147
464 468
464 470
464 49
464 56
464 93
465 464
465 466
466 464
466 465
466 467
466 469
466 474
466 477
467 472
467 466
467 474
468 464
468 476
468 471
469 466
470 464
470 477
471 473
471 468
472 474
472 467
472 475
473 471
474 472
474 466
474 467
474 479
475 472
476 468
477 466
477 474
477 470
477 469
478 472
479 480
479 402
479 422
479 278
479 474
479 270
480 479
481 482
481 485
481 422
481 346
481 76
481 269
481 159
482 481
482 490
482 483
482 486
482 487
483 482
483 484
484 483
485 488
485 481
486 482
487 481
487 482
487 489
488 485
489 491
489 487
490 482
490 486
491 489
492 496
492 162
492 346
492 493
492 268
492 386
492 61
493 497
493 499
493 492
493 494
494 493
494 495
495 498
495 494
496 492
497 493
498 495
499 493
