3 4
4 3
5 10
5 28
5 32
5 38
5 45
5 61
6 65
6 74
7 5
7 22
8 34
8 66
9 5
9 11
9 15
9 20
9 43
9 54
9 82
10 5
10 38
10 61
11 9
11 5
11 56
12 16
12 21
12 49
12 62
12 78
14 12
14 27
14 39
14 67
15 9
15 6
15 19
16 12
16 21
17 29
17 36
17 47
17 52
18 70
19 15
20 9
20 54
21 16
21 12
21 24
21 27
21 59
21 69
22 7
22 25
22 30
22 33
22 63
22 188
23 31
23 57
23 60
24 21
24 27
24 69
25 22
26 68
27 21
27 14
27 24
27 42
27 46
27 48
27 71
27 75
27 76
28 5
28 10
28 45
29 17
29 36
30 25
30 22
31 23
32 5
32 28
32 10
32 40
33 22
33 64
34 8
35 44
36 17
36 29
36 51
37 23
37 55
38 5
38 28
38 10
38 40
38 58
39 14
40 5
40 38
40 32
40 50
40 58
40 77
41 10
41 5
42 27
42 76
43 9
44 35
44 67
45 32
45 28
45 5
45 58
46 27
46 48
46 75
47 17
47 13
47 36
48 46
48 27
48 71
49 12
50 40
50 77
51 36
51 17
52 17
53 16
53 12
54 20
54 9
54 195
55 37
56 11
57 23
57 31
58 38
58 40
58 45
59 21
59 24
60 23
61 5
61 10
61 32
61 78
62 12
63 22
63 25
63 188
64 33
65 6
65 11
66 8
66 34
67 14
67 48
67 44
67 35
68 26
69 24
69 21
70 18
70 72
71 27
71 46
71 48
72 70
72 55
73 14
74 6
75 27
75 46
75 48
76 27
76 42
77 50
77 40
78 61
78 12
78 80
78 96
79 78
80 78
82 9
82 21
82 83
83 82
83 84
83 88
83 93
84 83
84 87
84 90
85 86
86 85
87 84
87 90
88 83
88 82
90 87
90 84
91 89
91 92
91 193
92 89
92 91
93 83
96 78
96 24
96 97
96 99
96 109
96 111
96 120
96 121
96 125
96 169
96 170
97 96
97 123
98 103
98 120
98 129
98 135
98 175
99 96
99 104
99 105
99 115
99 169
100 110
100 113
100 127
100 156
101 98
101 150
101 164
102 106
102 157
103 98
103 135
103 175
104 99
104 141
105 99
105 104
105 114
105 139
105 140
105 172
106 102
107 108
107 116
107 167
108 107
108 116
108 122
108 133
108 134
109 96
110 100
110 118
110 128
110 145
110 147
110 155
110 166
111 96
112 110
112 98
113 100
113 97
113 118
113 161
113 165
114 105
114 117
114 123
114 163
114 182
115 99
116 107
116 108
116 122
117 96
117 114
118 113
118 110
118 123
118 126
118 144
118 171
118 173
119 98
119 120
119 135
119 175
120 119
120 96
120 98
120 136
120 148
120 158
120 159
120 179
121 96
121 111
122 116
122 108
122 107
122 125
122 134
123 97
123 118
123 114
123 124
123 154
124 123
124 154
125 96
125 122
125 132
125 138
125 174
126 118
126 144
127 100
127 130
127 184
128 110
128 145
128 146
129 98
129 101
129 103
129 168
129 181
130 127
130 142
130 143
130 151
131 102
131 170
132 125
132 174
133 108
133 116
133 107
133 122
133 134
134 107
134 108
134 116
134 122
134 133
134 137
135 98
135 103
135 119
135 175
136 120
137 134
137 116
138 125
138 169
138 185
138 186
139 105
139 140
139 141
139 172
140 105
140 139
141 99
141 139
141 104
141 105
142 130
143 142
143 130
143 151
144 126
144 118
144 171
145 110
145 128
145 146
145 147
145 155
145 166
146 145
146 110
146 128
146 147
147 145
147 146
147 110
148 136
148 120
149 129
149 162
149 178
150 101
150 176
151 130
151 142
151 143
152 130
152 153
152 160
152 177
152 178
153 152
153 178
154 124
154 123
154 188
155 145
155 147
155 127
155 110
156 100
157 102
157 131
158 136
158 120
159 120
160 152
160 153
161 113
162 149
162 177
163 114
164 101
165 113
166 146
166 110
166 145
166 128
167 116
167 107
168 129
169 96
169 99
169 138
170 96
170 131
170 117
170 102
171 118
171 144
172 105
172 139
173 118
173 144
174 125
174 132
175 103
175 98
175 119
175 135
176 150
177 152
177 162
177 153
178 149
178 177
178 153
178 152
178 160
179 120
179 136
179 148
180 96
181 129
181 168
182 114
183 120
183 96
183 118
184 127
185 138
186 115
186 138
186 99
188 63
188 22
188 97
188 123
188 154
188 189
188 190
189 188
189 191
190 188
191 189
193 46
193 91
193 70
193 194
194 193
195 54
195 196
196 195
196 198
197 195
198 196
