0
0
0
0
0
0.04481
0.01512
0.009484
0
1
0.009312
0.072096
1
0.050377
0.083986
0.166807
0.161155
1
0
0.083811
0.282531
0.15692
0.094638
1
0.229935
0.076144
0
1
0.00914
0.275866
0.011878
0.407075
0.008733
0.015764
0
0.001852
0.161335
0
0.006162
0.042136
0.001093
0
0.298086
0.250924
0.003228
0.00761
0.169594
0.250894
0.188139
0.333925
0.000344
0.053684
0.500593
0
0.201256
0
0.03617
0.333285
0.002308
0.052288
0.50106
0.019573
0.50022
0.214046
0.007829
0.002544
0
0.011874
0
0.09158
0
0.226411
0
0
0.00746
0.224638
0.297027
0.000313
0.089967
0
0.022566
0
0.071833
0.007002
0.000768
0
0
0.000216
0.002343
0
0.000167
0
0
0.003532
0
0
1
0.331938
0.063468
0.118974
0.009516
0.000523
0.025236
0.015977
0.223257
1
0.003606
0.001063
0.001251
0.50034
0.056186
0.408612
0
0.084092
0.083779
0.031221
0.001371
0.025087
1
0.113578
1
0.333858
0.010347
0.162344
0.05682
0.102584
0.282322
0.001627
0.008082
0.005774
0.000148
0.042158
0.030611
0.000248
0.001059
0.025578
0.332993
0.000344
0.028545
0.1845
0.280029
0.065473
5.6e-05
4.3e-05
0.187306
0.00635
0.004007
0.009927
0.297312
0
7.1e-05
3.9e-05
0
0
0.191178
0.007826
0.004827
0.003608
0.333381
0.500953
0
0.042198
0
0.02797
0.000278
0.027831
0.010052
0.000339
0.002361
0.184373
0.166563
0.227921
0.280171
0.333869
0.030574
0.025491
4.1e-05
0
0
0.250826
0
0.0019
0.042219
0
0.000836
0.014205
0.005785
0
1
0.071751
0.500379
0.023952
0
0
0
0.0097
0.001623
0
0.00033
0
