0 2
19 13
19 15
19 17
19 26
35 2
35 34
35 23
1 2
36 16
36 5
36 30
36 9
36 37
36 38
36 39
36 40
36 43
36 44
36 46
37 36
37 42
37 48
2 1
2 0
2 3
2 4
2 6
2 9
2 12
2 13
2 28
20 16
3 2
44 39
44 36
44 43
4 2
4 5
5 4
5 14
5 15
5 16
5 36
38 36
38 41
38 45
6 2
6 7
6 8
6 10
6 11
6 13
6 18
45 38
39 36
39 44
39 46
21 16
21 20
21 25
21 27
7 6
7 9
7 11
22 12
22 10
46 39
46 36
23 19
23 15
24 13
25 20
25 16
25 21
8 6
8 18
47 40
47 36
26 19
26 15
26 29
9 2
9 8
9 7
48 37
10 7
10 6
10 8
10 22
27 21
27 20
27 16
11 7
11 6
12 2
12 3
12 17
49 50
40 36
50 49
28 2
13 6
13 2
13 8
13 14
13 16
13 19
13 24
29 26
43 36
43 39
43 44
30 6
30 18
30 36
31 32
41 38
14 13
14 5
32 31
54 55
55 54
15 5
15 4
15 23
15 26
42 37
16 13
16 5
16 20
16 21
16 27
17 14
17 12
17 16
18 6
18 8
18 30
34 35
