56
140
0 2 0.0384615
19 13 0.0666667
19 15 0.0909091
19 17 0.166667
19 26 0.166667
35 2 0.0384615
35 34 0.25
35 23 0.2
1 2 0.0384615
36 16 0.0666667
36 5 0.1
36 30 0.2
36 9 0.125
36 37 0.125
36 38 0.166667
36 39 0.0909091
36 40 0.333333
36 43 0.2
36 44 0.166667
36 46 0.25
37 36 0.0333333
37 42 0.5
37 48 0.25
2 1 0.166667
2 0 0.333333
2 3 0.25
2 4 0.142857
2 6 0.0625
2 9 0.125
2 12 0.125
2 13 0.0666667
2 28 0.5
20 16 0.0666667
3 2 0.0384615
44 39 0.0909091
44 36 0.0333333
44 43 0.2
4 2 0.0384615
4 5 0.1
5 4 0.142857
5 14 0.2
5 15 0.0909091
5 16 0.0666667
5 36 0.0333333
38 36 0.0333333
38 41 0.5
38 45 0.5
6 2 0.0384615
6 7 0.142857
6 8 0.111111
6 10 0.166667
6 11 0.25
6 13 0.0666667
6 18 0.166667
45 38 0.166667
39 36 0.0333333
39 44 0.166667
39 46 0.25
21 16 0.0666667
21 20 0.125
21 25 0.25
21 27 0.2
7 6 0.0625
7 9 0.125
7 11 0.25
22 12 0.125
22 10 0.166667
46 39 0.0909091
46 36 0.0333333
23 19 0.111111
23 15 0.0909091
24 13 0.0666667
25 20 0.125
25 16 0.0666667
25 21 0.111111
8 6 0.0625
8 18 0.166667
47 40 0.333333
47 36 0.0333333
26 19 0.111111
26 15 0.0909091
26 29 0.5
9 2 0.0384615
9 8 0.111111
9 7 0.142857
48 37 0.125
10 7 0.142857
10 6 0.0625
10 8 0.111111
10 22 0.333333
27 21 0.111111
27 20 0.125
27 16 0.0666667
11 7 0.142857
11 6 0.0625
12 2 0.0384615
12 3 0.25
12 17 0.166667
49 50 0.5
40 36 0.0333333
50 49 0.25
28 2 0.0384615
13 6 0.0625
13 2 0.0384615
13 8 0.111111
13 14 0.2
13 16 0.0666667
13 19 0.111111
13 24 0.5
29 26 0.166667
43 36 0.0333333
43 39 0.0909091
43 44 0.166667
30 6 0.0625
30 18 0.166667
30 36 0.0333333
31 32 0.5
41 38 0.166667
14 13 0.0666667
14 5 0.1
32 31 0.166667
54 55 0.5
55 54 0.25
15 5 0.1
15 4 0.142857
15 23 0.2
15 26 0.166667
42 37 0.125
16 13 0.0666667
16 5 0.1
16 20 0.125
16 21 0.111111
16 27 0.2
17 14 0.2
17 12 0.125
17 16 0.0666667
18 6 0.0625
18 8 0.111111
18 30 0.2
34 35 0.111111
