1 2
1 3
2 1
2 4
3 1
4 2
5 29
5 96
5 115
6 12
6 21
7 41
7 49
7 62
8 9
8 13
8 17
8 36
8 45
8 95
9 8
9 30
9 63
10 11
10 44
11 10
11 44
11 92
12 6
12 50
13 8
13 36
13 79
14 16
14 26
14 97
15 20
15 22
15 24
15 26
15 31
15 112
16 14
16 38
16 65
16 117
17 13
17 8
17 36
18 39
18 47
18 70
18 75
18 89
18 103
18 249
19 20
19 21
19 28
19 33
19 51
19 54
19 55
19 61
19 72
19 86
20 15
20 19
20 21
20 25
20 43
20 69
20 114
21 6
21 19
21 20
21 23
21 46
21 78
21 94
22 15
22 31
22 34
22 112
23 21
23 6
23 42
24 15
24 22
25 20
26 16
26 14
26 15
26 32
26 44
27 19
27 67
27 72
27 86
28 19
28 61
29 5
29 21
29 46
29 90
29 96
30 5
30 9
30 37
30 48
31 15
31 22
31 34
32 26
33 19
33 15
33 58
33 85
34 31
34 15
34 22
34 35
34 40
34 101
34 105
34 109
34 234
35 34
35 9
35 52
35 74
35 82
36 8
36 17
36 13
36 57
36 64
36 79
36 95
37 30
38 16
38 14
38 49
38 56
38 60
38 80
38 84
38 107
38 117
38 249
39 18
40 34
40 77
40 101
40 105
40 109
41 7
41 66
41 113
42 23
42 49
42 85
43 20
43 25
43 69
43 114
44 11
44 26
44 10
45 8
45 17
45 13
45 48
45 68
45 81
45 83
45 87
45 111
46 21
46 29
47 18
47 89
48 30
48 45
48 68
48 71
48 88
48 98
49 7
49 42
49 38
49 59
50 12
50 30
51 19
51 28
51 27
51 54
51 55
51 86
52 35
53 21
54 19
54 51
54 67
55 19
55 51
55 27
56 38
57 8
57 36
57 13
57 64
57 79
58 33
59 49
60 38
61 19
61 51
61 28
61 55
62 7
63 9
64 36
64 57
64 5
65 14
65 16
66 41
67 27
67 51
67 61
67 54
68 48
68 45
69 20
69 43
69 114
70 18
70 66
70 91
71 48
72 55
72 51
72 27
72 19
72 81
72 99
72 104
72 116
74 35
74 52
75 18
77 34
77 40
77 39
78 21
79 8
79 57
79 13
79 36
80 38
80 60
80 56
81 72
81 9
81 45
81 20
82 74
82 35
82 52
83 45
84 38
84 60
84 107
85 42
85 23
85 33
86 19
86 27
86 51
86 28
87 45
88 48
88 8
88 93
89 18
89 47
90 5
90 29
91 70
92 10
92 11
93 88
94 21
95 36
95 8
95 57
96 5
96 29
96 106
97 14
97 65
97 16
97 49
97 249
98 48
99 72
100 41
101 34
101 40
101 105
102 73
102 48
102 30
102 37
103 18
103 31
103 110
104 99
104 72
105 40
105 101
105 34
106 96
107 38
107 84
108 70
109 34
109 40
110 103
111 45
111 87
111 244
112 22
112 15
113 41
114 69
114 20
114 43
115 5
116 72
117 65
117 16
117 14
117 38
118 121
118 122
118 126
120 119
121 118
121 123
122 118
123 121
126 118
127 104
127 33
127 55
127 128
127 129
127 132
127 138
128 127
128 130
129 127
129 132
129 133
129 139
130 128
130 134
132 129
132 127
133 129
133 127
134 130
134 136
136 134
136 137
137 136
138 127
139 129
140 142
142 140
143 183
143 202
144 147
144 154
144 155
144 179
144 193
144 216
144 218
145 146
145 155
145 197
145 229
145 233
146 145
146 159
147 144
147 150
147 155
147 176
147 179
147 193
147 216
147 218
148 143
148 149
148 161
148 188
148 198
149 148
149 146
149 163
149 170
149 189
150 147
150 144
150 155
150 156
150 179
150 234
151 206
151 226
152 153
152 157
152 168
152 190
153 152
153 164
153 172
153 244
154 147
154 144
154 215
154 222
154 226
155 144
155 145
155 147
155 150
156 150
156 158
156 161
156 184
156 198
156 207
156 217
157 152
157 177
157 178
157 210
158 156
158 174
158 205
158 224
159 146
160 143
160 145
160 181
160 201
161 148
161 156
161 185
161 200
162 187
163 149
163 167
164 153
164 165
164 180
165 164
165 169
166 143
167 163
168 152
168 171
169 165
169 171
169 199
170 149
170 189
171 152
171 168
171 169
171 219
172 153
172 173
172 176
172 196
172 227
172 244
173 172
173 176
173 196
173 227
174 158
174 205
174 224
174 230
175 166
175 191
176 147
176 144
176 172
176 173
176 208
177 157
177 178
177 210
178 177
178 157
178 195
178 210
179 147
179 144
179 150
180 164
180 209
181 160
181 201
183 143
183 202
184 156
184 207
185 161
185 158
185 211
186 160
186 194
186 197
186 203
186 232
187 162
187 185
187 149
187 214
188 148
189 170
189 149
189 228
190 152
190 168
190 212
191 175
192 204
193 144
193 147
193 179
194 186
194 203
194 232
195 178
195 157
196 172
196 173
196 227
197 145
197 186
197 221
197 223
198 156
198 148
199 169
199 214
200 161
201 160
201 181
201 231
202 183
202 143
202 160
203 186
203 194
204 192
205 158
205 174
206 151
207 156
207 184
207 217
208 176
209 180
209 164
210 178
210 157
210 177
211 185
212 168
212 152
212 190
213 166
214 199
214 187
215 144
215 154
216 193
216 144
216 147
216 220
217 207
217 156
217 234
218 147
218 144
218 179
219 171
220 216
221 197
221 223
222 154
223 197
223 221
224 158
224 174
224 205
224 230
225 214
226 154
226 151
227 172
227 173
227 196
228 154
228 222
228 189
229 145
229 233
230 224
230 174
230 205
230 158
231 202
231 146
231 160
231 201
232 186
232 194
233 145
233 229
234 215
234 150
234 34
234 217
235 236
236 235
236 238
236 239
237 240
238 236
238 241
239 236
240 237
241 238
242 120
242 7
242 243
243 242
244 172
244 111
244 153
244 245
245 244
245 246
245 247
246 245
247 245
247 248
248 247
249 18
249 97
249 38
249 31
250 249
250 251
251 250
