0
0
0
0
0
0.021135
0.101765
0.00818
0.165606
0.083328
0.000397
0.000402
0.011375
0.278452
0.100844
0.096098
0.109123
0.323378
1
1
0.128494
1
0.125435
0.130931
0.010651
0.048125
0.017651
0.184811
0.238742
0.016023
0.119399
0.176538
0.008813
0.235879
1
0.10022
1
0.039816
1
0.340875
0.156663
0.004822
0.036078
0.024159
0.002223
1
0.167555
0.29768
1
0.095257
0.002287
0.206317
0.024197
0
0.198261
0.363021
0.389205
0.169516
0.117885
0.047638
0.340209
0.176529
0.004145
0.041892
0.225419
0.050751
0.035911
0.061544
0.437261
0.02775
0.1431
0.500342
1
0
0.02999
0.49975
0
0.031683
0.500962
0.192261
0.250717
0.305872
0.02508
0.500241
0.24198
0.038117
0.187201
0.376877
0.16646
0.29753
0.00321
0.071397
0.000136
0.083362
0.501515
0.225749
0.005277
0.02907
0.500482
0.430387
0
0.210417
0
0.11189
0.438223
0.210284
0.002628
0.289485
0
0.276514
0.056156
0.200313
0.053778
0.002437
0.027677
0.010491
0.500876
0.18015
1
0
0
0.200356
0.501026
0.100288
0
0
0.50122
1
0.100738
0.153835
0.025156
0
0.273512
0.051087
0.006317
0
0.001628
0.000792
0.500693
0.076579
0
0
0
0.001614
0.098603
0.012153
0.001771
1
0.020626
0.001629
0.201843
0.000214
0.000201
0.002688
0.008447
0.156731
1
2.1e-05
0.092449
0.000872
4.3e-05
0.101884
0
0.000265
0.00039
9.1e-05
0
7.4e-05
5.1e-05
1e-05
0.000466
7e-06
0.010821
0.015535
0.014946
0
0.111877
6e-06
3e-06
0.161522
0.000114
9e-06
0
0.00046
0.286412
0.014402
0.000121
0
0.010318
0.000272
4.6e-05
0
0
0.198027
3.3e-05
2e-06
0.004771
0.00138
0.168083
3e-06
0.051
1.2e-05
0.000355
3.1e-05
0
0.019673
0.000105
0.225013
0.056076
3e-05
6e-06
0.007295
9e-06
0
1e-06
0.020169
0.136761
0.207963
0.215104
6e-06
0.068421
0.000439
0.002852
0.000424
0.015073
0
0.002117
0.004821
3.5e-05
0.003497
0.004728
2e-06
3.1e-05
0.003577
0.113145
0
0
0
0
0
0
0
0
0
0.019054
0.0017
0.00034
0.000263
0.00014
0.161424
0
0
