252
677
1 2 0.25
1 3 0.5
2 1 0.125
2 4 0.5
3 1 0.125
4 2 0.25
5 29 0.0833333
5 96 0.142857
5 115 0.5
6 12 0.111111
6 21 0.0526316
7 41 0.111111
7 49 0.0909091
7 62 0.5
8 9 0.125
8 13 0.111111
8 17 0.166667
8 36 0.0714286
8 45 0.0625
8 95 0.2
9 8 0.0526316
9 30 0.111111
9 63 0.5
10 11 0.166667
10 44 0.125
11 10 0.142857
11 44 0.125
11 92 0.333333
12 6 0.0909091
12 50 0.2
13 8 0.0526316
13 36 0.0714286
13 79 0.142857
14 16 0.0833333
14 26 0.0909091
14 97 0.111111
15 20 0.0555556
15 22 0.1
15 24 0.111111
15 26 0.0909091
15 31 0.125
15 112 0.25
16 14 0.0769231
16 38 0.047619
16 65 0.166667
16 117 0.166667
17 13 0.111111
17 8 0.0526316
17 36 0.0714286
18 39 0.333333
18 47 0.25
18 70 0.142857
18 75 0.5
18 89 0.25
18 103 0.111111
18 249 0.0833333
19 20 0.0555556
19 21 0.0526316
19 28 0.166667
19 33 0.125
19 51 0.0769231
19 54 0.166667
19 55 0.125
19 61 0.142857
19 72 0.0666667
19 86 0.142857
20 15 0.0588235
20 19 0.0416667
20 21 0.0526316
20 25 0.333333
20 43 0.142857
20 69 0.166667
20 114 0.166667
21 6 0.0909091
21 19 0.0416667
21 20 0.0555556
21 23 0.125
21 46 0.166667
21 78 0.5
21 94 0.5
22 15 0.0588235
22 31 0.125
22 34 0.0555556
22 112 0.25
23 21 0.0526316
23 6 0.0909091
23 42 0.142857
24 15 0.0588235
24 22 0.1
25 20 0.0555556
26 16 0.0833333
26 14 0.0769231
26 15 0.0588235
26 32 0.5
26 44 0.125
27 19 0.0416667
27 67 0.166667
27 72 0.0666667
27 86 0.142857
28 19 0.0416667
28 61 0.142857
29 5 0.0588235
29 21 0.0526316
29 46 0.166667
29 90 0.2
29 96 0.142857
30 5 0.0588235
30 9 0.125
30 37 0.333333
30 48 0.0588235
31 15 0.0588235
31 22 0.1
31 34 0.0555556
32 26 0.0909091
33 19 0.0416667
33 15 0.0588235
33 58 0.5
33 85 0.142857
34 31 0.125
34 15 0.0588235
34 22 0.1
34 35 0.1
34 40 0.1
34 101 0.166667
34 105 0.166667
34 109 0.25
34 234 0.0833333
35 34 0.0555556
35 9 0.125
35 52 0.166667
35 74 0.25
35 82 0.25
36 8 0.0526316
36 17 0.166667
36 13 0.111111
36 57 0.111111
36 64 0.2
36 79 0.142857
36 95 0.2
37 30 0.111111
38 16 0.0833333
38 14 0.0769231
38 49 0.0909091
38 56 0.333333
38 60 0.25
38 80 0.25
38 84 0.2
38 107 0.25
38 117 0.166667
38 249 0.0833333
39 18 0.0588235
40 34 0.0555556
40 77 0.2
40 101 0.166667
40 105 0.166667
40 109 0.25
41 7 0.0833333
41 66 0.25
41 113 0.5
42 23 0.125
42 49 0.0909091
42 85 0.142857
43 20 0.0555556
43 25 0.333333
43 69 0.166667
43 114 0.166667
44 11 0.166667
44 26 0.0909091
44 10 0.142857
45 8 0.0526316
45 17 0.166667
45 13 0.111111
45 48 0.0588235
45 68 0.25
45 81 0.166667
45 83 0.5
45 87 0.333333
45 111 0.2
46 21 0.0526316
46 29 0.0833333
47 18 0.0588235
47 89 0.25
48 30 0.111111
48 45 0.0625
48 68 0.25
48 71 0.5
48 88 0.166667
48 98 0.5
49 7 0.0833333
49 42 0.142857
49 38 0.047619
49 59 0.5
50 12 0.111111
50 30 0.111111
51 19 0.0416667
51 28 0.166667
51 27 0.111111
51 54 0.166667
51 55 0.125
51 86 0.142857
52 35 0.1
53 21 0.0526316
54 19 0.0416667
54 51 0.0769231
54 67 0.166667
55 19 0.0416667
55 51 0.0769231
55 27 0.111111
56 38 0.047619
57 8 0.0526316
57 36 0.0714286
57 13 0.111111
57 64 0.2
57 79 0.142857
58 33 0.125
59 49 0.0909091
60 38 0.047619
61 19 0.0416667
61 51 0.0769231
61 28 0.166667
61 55 0.125
62 7 0.0833333
63 9 0.125
64 36 0.0714286
64 57 0.111111
64 5 0.0588235
65 14 0.0769231
65 16 0.0833333
66 41 0.111111
67 27 0.111111
67 51 0.0769231
67 61 0.142857
67 54 0.166667
68 48 0.0588235
68 45 0.0625
69 20 0.0555556
69 43 0.142857
69 114 0.166667
70 18 0.0588235
70 66 0.25
70 91 0.5
71 48 0.0588235
72 55 0.125
72 51 0.0769231
72 27 0.111111
72 19 0.0416667
72 81 0.166667
72 99 0.333333
72 104 0.25
72 116 0.5
74 35 0.1
74 52 0.166667
75 18 0.0588235
77 34 0.0555556
77 40 0.1
77 39 0.333333
78 21 0.0526316
79 8 0.0526316
79 57 0.111111
79 13 0.111111
79 36 0.0714286
80 38 0.047619
80 60 0.25
80 56 0.333333
81 72 0.0666667
81 9 0.125
81 45 0.0625
81 20 0.0555556
82 74 0.25
82 35 0.1
82 52 0.166667
83 45 0.0625
84 38 0.047619
84 60 0.25
84 107 0.25
85 42 0.142857
85 23 0.125
85 33 0.125
86 19 0.0416667
86 27 0.111111
86 51 0.0769231
86 28 0.166667
87 45 0.0625
88 48 0.0588235
88 8 0.0526316
88 93 0.5
89 18 0.0588235
89 47 0.25
90 5 0.0588235
90 29 0.0833333
91 70 0.142857
92 10 0.142857
92 11 0.166667
93 88 0.166667
94 21 0.0526316
95 36 0.0714286
95 8 0.0526316
95 57 0.111111
96 5 0.0588235
96 29 0.0833333
96 106 0.5
97 14 0.0769231
97 65 0.166667
97 16 0.0833333
97 49 0.0909091
97 249 0.0833333
98 48 0.0588235
99 72 0.0666667
100 41 0.111111
101 34 0.0555556
101 40 0.1
101 105 0.166667
102 73 0.2
102 48 0.0588235
102 30 0.111111
102 37 0.333333
103 18 0.0588235
103 31 0.125
103 110 0.5
104 99 0.333333
104 72 0.0666667
105 40 0.1
105 101 0.166667
105 34 0.0555556
106 96 0.142857
107 38 0.047619
107 84 0.2
108 70 0.142857
109 34 0.0555556
109 40 0.1
110 103 0.111111
111 45 0.0625
111 87 0.333333
111 244 0.0909091
112 22 0.1
112 15 0.0588235
113 41 0.111111
114 69 0.166667
114 20 0.0555556
114 43 0.142857
115 5 0.0588235
116 72 0.0666667
117 65 0.166667
117 16 0.0833333
117 14 0.0769231
117 38 0.047619
118 121 0.2
118 122 0.5
118 126 0.5
120 119 0.333333
121 118 0.125
121 123 0.5
122 118 0.125
123 121 0.2
126 118 0.125
127 104 0.25
127 33 0.125
127 55 0.125
127 128 0.1
127 129 0.125
127 132 0.25
127 138 0.5
128 127 0.0555556
128 130 0.25
129 127 0.0555556
129 132 0.25
129 133 0.333333
129 139 0.5
130 128 0.1
130 134 0.25
132 129 0.125
132 127 0.0555556
133 129 0.125
133 127 0.0555556
134 130 0.25
134 136 0.25
136 134 0.25
136 137 0.5
137 136 0.25
138 127 0.0555556
139 129 0.125
140 142 0.25
142 140 0.25
143 183 0.25
143 202 0.166667
144 147 0.0588235
144 154 0.0714286
144 155 0.125
144 179 0.1
144 193 0.166667
144 216 0.125
144 218 0.2
145 146 0.125
145 155 0.125
145 197 0.111111
145 229 0.25
145 233 0.25
146 145 0.0769231
146 159 0.5
147 144 0.047619
147 150 0.0909091
147 155 0.125
147 176 0.111111
147 179 0.1
147 193 0.166667
147 216 0.125
147 218 0.2
148 143 0.0769231
148 149 0.0833333
148 161 0.1
148 188 0.5
148 198 0.166667
149 148 0.0769231
149 146 0.125
149 163 0.166667
149 170 0.25
149 189 0.125
150 147 0.0588235
150 144 0.047619
150 155 0.125
150 156 0.0625
150 179 0.1
150 234 0.0833333
151 206 0.5
151 226 0.25
152 153 0.0909091
152 157 0.1
152 168 0.166667
152 190 0.2
153 152 0.0833333
153 164 0.142857
153 172 0.0714286
153 244 0.0909091
154 147 0.0588235
154 144 0.047619
154 215 0.166667
154 222 0.333333
154 226 0.25
155 144 0.047619
155 145 0.0769231
155 147 0.0588235
155 150 0.0909091
156 150 0.0909091
156 158 0.0909091
156 161 0.1
156 184 0.25
156 198 0.166667
156 207 0.166667
156 217 0.166667
157 152 0.0833333
157 177 0.166667
157 178 0.0833333
157 210 0.166667
158 156 0.0625
158 174 0.125
158 205 0.166667
158 224 0.142857
159 146 0.125
160 143 0.0769231
160 145 0.0769231
160 181 0.2
160 201 0.166667
161 148 0.0769231
161 156 0.0625
161 185 0.142857
161 200 0.5
162 187 0.142857
163 149 0.0833333
163 167 0.25
164 153 0.0909091
164 165 0.25
164 180 0.25
165 164 0.142857
165 169 0.166667
166 143 0.0769231
167 163 0.166667
168 152 0.0833333
168 171 0.111111
169 165 0.25
169 171 0.111111
169 199 0.25
170 149 0.0833333
170 189 0.125
171 152 0.0833333
171 168 0.166667
171 169 0.166667
171 219 0.5
172 153 0.0909091
172 173 0.125
172 176 0.111111
172 196 0.166667
172 227 0.166667
172 244 0.0909091
173 172 0.0714286
173 176 0.111111
173 196 0.166667
173 227 0.166667
174 158 0.0909091
174 205 0.166667
174 224 0.142857
174 230 0.166667
175 166 0.2
175 191 0.333333
176 147 0.0588235
176 144 0.047619
176 172 0.0714286
176 173 0.125
176 208 0.5
177 157 0.1
177 178 0.0833333
177 210 0.166667
178 177 0.166667
178 157 0.1
178 195 0.333333
178 210 0.166667
179 147 0.0588235
179 144 0.047619
179 150 0.0909091
180 164 0.142857
180 209 0.333333
181 160 0.1
181 201 0.166667
183 143 0.0769231
183 202 0.166667
184 156 0.0625
184 207 0.166667
185 161 0.1
185 158 0.0909091
185 211 0.5
186 160 0.1
186 194 0.166667
186 197 0.111111
186 203 0.25
186 232 0.166667
187 162 0.25
187 185 0.142857
187 149 0.0833333
187 214 0.2
188 148 0.0769231
189 170 0.25
189 149 0.0833333
189 228 0.166667
190 152 0.0833333
190 168 0.166667
190 212 0.25
191 175 0.166667
192 204 0.2
193 144 0.047619
193 147 0.0588235
193 179 0.1
194 186 0.0714286
194 203 0.25
194 232 0.166667
195 178 0.0833333
195 157 0.1
196 172 0.0714286
196 173 0.125
196 227 0.166667
197 145 0.0769231
197 186 0.0714286
197 221 0.25
197 223 0.25
198 156 0.0625
198 148 0.0769231
199 169 0.166667
199 214 0.2
200 161 0.1
201 160 0.1
201 181 0.2
201 231 0.166667
202 183 0.25
202 143 0.0769231
202 160 0.1
203 186 0.0714286
203 194 0.166667
204 192 0.25
205 158 0.0909091
205 174 0.125
206 151 0.1
207 156 0.0625
207 184 0.25
207 217 0.166667
208 176 0.111111
209 180 0.25
209 164 0.142857
210 178 0.0833333
210 157 0.1
210 177 0.166667
211 185 0.142857
212 168 0.166667
212 152 0.0833333
212 190 0.2
213 166 0.2
214 199 0.25
214 187 0.142857
215 144 0.047619
215 154 0.0714286
216 193 0.166667
216 144 0.047619
216 147 0.0588235
216 220 0.5
217 207 0.166667
217 156 0.0625
217 234 0.0833333
218 147 0.0588235
218 144 0.047619
218 179 0.1
219 171 0.111111
220 216 0.125
221 197 0.111111
221 223 0.25
222 154 0.0714286
223 197 0.111111
223 221 0.25
224 158 0.0909091
224 174 0.125
224 205 0.166667
224 230 0.166667
225 214 0.2
226 154 0.0714286
226 151 0.1
227 172 0.0714286
227 173 0.125
227 196 0.166667
228 154 0.0714286
228 222 0.333333
228 189 0.125
229 145 0.0769231
229 233 0.25
230 224 0.142857
230 174 0.125
230 205 0.166667
230 158 0.0909091
231 202 0.166667
231 146 0.125
231 160 0.1
231 201 0.166667
232 186 0.0714286
232 194 0.166667
233 145 0.0769231
233 229 0.25
234 215 0.166667
234 150 0.0909091
234 34 0.0555556
234 217 0.166667
235 236 0.125
236 235 0.166667
236 238 0.25
236 239 0.5
237 240 0.2
238 236 0.125
238 241 0.333333
239 236 0.125
240 237 0.2
241 238 0.25
242 120 0.25
242 7 0.0833333
242 243 0.5
243 242 0.125
244 172 0.0714286
244 111 0.2
244 153 0.0909091
244 245 0.0909091
245 244 0.0909091
245 246 0.2
245 247 0.166667
246 245 0.0909091
247 245 0.0909091
247 248 0.5
248 247 0.166667
249 18 0.0588235
249 97 0.111111
249 38 0.047619
249 31 0.125
250 249 0.0833333
250 251 0.333333
251 250 0.125
