0 1
0 8
0 9
0 25
0 43
0 66
0 69
0 116
0 146
0 173
0 203
1 0
1 2
1 4
1 33
1 129
1 169
1 210
2 1
2 3
2 5
2 10
2 12
2 47
2 90
2 133
2 202
3 2
3 14
3 18
3 119
3 122
3 189
4 1
4 5
4 6
4 75
4 169
4 204
5 4
5 2
5 6
5 17
5 39
5 60
5 86
6 5
6 4
6 7
6 16
6 21
6 22
6 23
6 28
6 32
6 188
7 6
8 0
8 11
8 34
8 55
8 69
8 76
8 160
9 0
9 14
9 25
9 42
9 119
10 2
10 18
10 194
11 8
11 13
12 2
12 29
12 53
12 71
12 92
12 103
12 108
12 164
12 176
13 11
14 12
14 3
14 9
14 15
14 19
14 24
14 26
14 44
14 59
14 77
14 190
14 196
15 14
15 27
15 39
15 142
15 167
16 5
16 6
16 7
16 53
16 177
17 5
17 15
17 20
17 60
17 70
17 84
17 100
17 120
17 144
17 174
18 3
18 10
18 30
18 40
18 46
18 50
18 95
19 14
19 20
19 64
19 70
19 85
19 132
19 145
19 156
19 209
20 17
20 19
20 36
20 99
20 105
20 134
20 139
20 179
21 6
21 7
21 82
21 188
22 5
22 6
22 109
22 117
23 6
24 14
24 77
25 0
25 9
25 30
25 37
25 48
25 74
25 125
26 14
26 59
26 190
27 15
27 70
27 142
28 6
28 51
28 206
29 12
29 31
29 34
29 45
29 89
29 130
29 191
30 19
30 20
30 25
30 18
30 35
30 62
30 74
30 83
30 140
31 29
31 45
31 130
31 191
32 6
32 21
32 7
32 151
32 197
32 207
33 1
33 102
34 8
34 29
34 54
34 106
35 30
35 83
36 20
36 99
36 105
36 134
36 139
36 143
36 180
37 25
37 38
37 44
37 63
38 0
38 37
38 13
38 8
38 49
38 63
38 138
39 17
39 5
39 15
39 94
39 110
39 181
40 18
40 104
40 133
41 33
41 1
41 5
41 61
41 73
41 87
41 96
41 114
41 123
42 9
42 104
42 150
43 0
43 72
43 106
43 159
43 161
44 37
44 14
44 57
44 62
44 195
45 29
45 31
45 20
45 48
45 104
46 18
46 67
46 95
46 157
46 165
47 2
47 133
47 202
48 20
48 25
48 18
48 45
48 31
48 52
49 29
49 38
49 56
49 126
49 136
49 193
50 18
51 28
52 9
52 48
52 19
52 199
53 12
53 16
53 58
53 149
53 183
54 34
55 8
55 81
55 182
56 49
56 80
56 140
56 152
57 30
57 56
57 44
57 35
58 53
59 26
59 45
59 14
59 65
59 131
60 17
60 5
60 79
60 91
60 128
61 41
61 114
61 123
62 30
62 3
62 44
62 68
62 97
62 101
62 187
63 37
63 38
63 78
63 118
63 203
64 19
64 85
64 132
64 145
64 156
64 209
65 59
65 131
66 0
66 98
66 111
67 18
67 46
67 50
67 163
68 3
68 62
69 0
69 66
69 8
69 137
70 17
70 27
70 19
70 79
70 154
71 12
72 43
72 106
73 41
74 25
74 30
74 138
75 4
75 169
76 8
77 26
77 14
77 17
77 24
77 12
77 112
77 113
77 147
78 63
79 70
79 60
79 86
79 88
79 107
79 198
80 56
81 55
81 157
81 182
82 21
82 6
82 188
83 30
83 35
84 53
84 17
84 153
84 177
84 206
85 64
85 19
85 209
86 5
86 79
86 93
87 41
87 61
87 73
87 200
88 79
89 49
89 31
89 29
89 148
90 2
90 47
90 202
91 60
91 128
92 12
92 103
92 176
93 86
94 39
95 18
95 46
95 119
95 194
96 41
96 61
97 62
98 66
98 111
99 36
99 20
99 139
99 143
100 17
100 168
101 62
101 30
101 114
102 33
102 135
103 12
103 92
104 45
104 40
104 46
104 42
104 158
104 184
105 20
105 36
105 99
106 72
106 43
106 34
106 178
107 79
107 171
107 198
107 208
108 12
108 103
109 22
110 39
111 98
111 66
112 77
112 147
113 77
113 112
113 147
114 61
114 41
114 101
115 101
115 57
116 69
116 0
116 178
117 109
117 22
118 63
118 25
119 3
119 46
119 95
119 9
119 127
120 17
120 144
120 168
120 174
121 8
121 11
121 126
121 162
122 3
122 124
122 186
123 61
123 96
123 41
123 200
124 122
124 127
124 166
124 186
125 25
126 49
126 121
126 38
126 81
126 155
127 124
127 119
127 42
127 141
127 175
128 91
128 60
129 1
130 29
130 31
130 191
131 59
131 65
132 64
132 19
132 0
133 47
133 2
133 40
133 172
134 99
134 20
134 36
134 143
134 179
135 102
136 49
137 69
138 38
138 74
138 193
139 20
139 36
139 134
139 99
140 35
140 56
140 30
141 127
142 15
142 27
142 167
143 36
143 134
143 99
143 180
144 17
144 120
144 168
145 64
145 19
146 0
146 173
147 77
147 112
147 113
148 89
149 53
149 183
150 42
151 32
151 197
152 80
152 56
153 84
154 70
155 126
156 64
156 19
156 85
157 46
157 104
157 9
157 81
157 18
157 185
158 104
159 43
159 72
160 8
161 43
161 159
161 72
162 121
163 67
164 12
164 103
165 95
165 46
165 18
166 124
166 122
166 186
167 142
167 15
168 100
168 17
168 120
168 144
169 1
169 4
169 75
170 117
170 60
170 32
171 79
171 88
171 107
172 133
173 0
173 146
174 144
174 120
174 168
174 17
175 127
175 141
176 20
176 143
176 12
176 92
176 205
177 16
177 60
177 84
177 128
177 192
177 206
178 116
178 106
178 45
179 20
179 134
179 36
180 36
180 143
180 20
180 99
181 39
182 81
182 55
183 149
183 53
184 104
184 158
185 157
186 122
186 166
186 124
187 62
188 82
188 6
188 21
189 3
190 14
190 26
191 31
191 130
191 29
192 177
192 206
193 138
193 49
194 95
194 46
194 10
194 201
195 44
196 26
196 14
197 32
197 151
198 79
198 107
198 88
198 208
199 52
200 123
200 87
201 194
202 2
202 47
202 90
203 0
203 78
203 63
204 4
205 176
206 28
206 84
206 177
206 192
207 1
207 32
207 61
208 107
208 79
208 198
209 64
209 19
209 85
210 1
