211
708
0 1 0.0625
0 8 0.0625
0 9 0.0833333
0 25 0.0666667
0 43 0.0769231
0 66 0.142857
0 69 0.125
0 116 0.2
0 146 0.25
0 173 0.25
0 203 0.2
1 0 0.0357143
1 2 0.0555556
1 4 0.0833333
1 33 0.2
1 129 0.5
1 169 0.166667
1 210 0.5
2 1 0.0625
2 3 0.0625
2 5 0.0526316
2 10 0.166667
2 12 0.0454545
2 47 0.125
2 90 0.142857
2 133 0.125
2 202 0.166667
3 2 0.0555556
3 14 0.0416667
3 18 0.0555556
3 119 0.111111
3 122 0.142857
3 189 0.5
4 1 0.0625
4 5 0.0526316
4 6 0.047619
4 75 0.25
4 169 0.166667
4 204 0.5
5 4 0.0833333
5 2 0.0555556
5 6 0.047619
5 17 0.0454545
5 39 0.0909091
5 60 0.0833333
5 86 0.111111
6 5 0.0526316
6 4 0.0833333
6 7 0.2
6 16 0.125
6 21 0.125
6 22 0.142857
6 23 0.5
6 28 0.166667
6 32 0.0909091
6 188 0.166667
7 6 0.047619
8 0 0.0357143
8 11 0.2
8 34 0.111111
8 55 0.166667
8 69 0.125
8 76 0.5
8 160 0.5
9 0 0.0357143
9 14 0.0416667
9 25 0.0666667
9 42 0.142857
9 119 0.111111
10 2 0.0555556
10 18 0.0555556
10 194 0.142857
11 8 0.0625
11 13 0.333333
12 2 0.0555556
12 29 0.0666667
12 53 0.0909091
12 71 0.5
12 92 0.166667
12 103 0.166667
12 108 0.333333
12 164 0.333333
12 176 0.125
13 11 0.2
14 12 0.0454545
14 3 0.0625
14 9 0.0833333
14 15 0.0769231
14 19 0.0454545
14 24 0.25
14 26 0.1
14 44 0.1
14 59 0.111111
14 77 0.0769231
14 190 0.25
14 196 0.333333
15 14 0.0416667
15 27 0.166667
15 39 0.0909091
15 142 0.166667
15 167 0.25
16 5 0.0526316
16 6 0.047619
16 7 0.2
16 53 0.0909091
16 177 0.1
17 5 0.0526316
17 15 0.0769231
17 20 0.0434783
17 60 0.0833333
17 70 0.0833333
17 84 0.111111
17 100 0.25
17 120 0.125
17 144 0.142857
17 174 0.166667
18 3 0.0625
18 10 0.166667
18 30 0.0555556
18 40 0.166667
18 46 0.0714286
18 50 0.333333
18 95 0.111111
19 14 0.0416667
19 20 0.0434783
19 64 0.0833333
19 70 0.0833333
19 85 0.142857
19 132 0.2
19 145 0.25
19 156 0.2
19 209 0.142857
20 17 0.0454545
20 19 0.0454545
20 36 0.0666667
20 99 0.0909091
20 105 0.2
20 134 0.1
20 139 0.142857
20 179 0.2
21 6 0.047619
21 7 0.2
21 82 0.2
21 188 0.166667
22 5 0.0526316
22 6 0.047619
22 109 0.333333
22 117 0.25
23 6 0.047619
24 14 0.0416667
24 77 0.0769231
25 0 0.0357143
25 9 0.0833333
25 30 0.0555556
25 37 0.125
25 48 0.111111
25 74 0.166667
25 125 0.5
26 14 0.0416667
26 59 0.111111
26 190 0.25
27 15 0.0769231
27 70 0.0833333
27 142 0.166667
28 6 0.047619
28 51 0.5
28 206 0.125
29 12 0.0454545
29 31 0.1
29 34 0.111111
29 45 0.0909091
29 89 0.166667
29 130 0.142857
29 191 0.166667
30 19 0.0454545
30 20 0.0434783
30 25 0.0666667
30 18 0.0555556
30 35 0.166667
30 62 0.0769231
30 74 0.166667
30 83 0.25
30 140 0.2
31 29 0.0666667
31 45 0.0909091
31 130 0.142857
31 191 0.166667
32 6 0.047619
32 21 0.125
32 7 0.2
32 151 0.25
32 197 0.25
32 207 0.25
33 1 0.0625
33 102 0.25
34 8 0.0625
34 29 0.0666667
34 54 0.5
34 106 0.125
35 30 0.0555556
35 83 0.25
36 20 0.0434783
36 99 0.0909091
36 105 0.2
36 134 0.1
36 139 0.142857
36 143 0.111111
36 180 0.166667
37 25 0.0666667
37 38 0.0714286
37 44 0.1
37 63 0.1
38 0 0.0357143
38 37 0.125
38 13 0.333333
38 8 0.0625
38 49 0.0833333
38 63 0.1
38 138 0.166667
39 17 0.0454545
39 5 0.0526316
39 15 0.0769231
39 94 0.5
39 110 0.5
39 181 0.5
40 18 0.0555556
40 104 0.0833333
40 133 0.125
41 33 0.2
41 1 0.0625
41 5 0.0526316
41 61 0.111111
41 73 0.333333
41 87 0.166667
41 96 0.25
41 114 0.166667
41 123 0.142857
42 9 0.0833333
42 104 0.0833333
42 150 0.5
43 0 0.0357143
43 72 0.166667
43 106 0.125
43 159 0.2
43 161 0.25
44 37 0.125
44 14 0.0416667
44 57 0.166667
44 62 0.0769231
44 195 0.5
45 29 0.0666667
45 31 0.1
45 20 0.0434783
45 48 0.111111
45 104 0.0833333
46 18 0.0555556
46 67 0.166667
46 95 0.111111
46 157 0.111111
46 165 0.25
47 2 0.0555556
47 133 0.125
47 202 0.166667
48 20 0.0434783
48 25 0.0666667
48 18 0.0555556
48 45 0.0909091
48 31 0.1
48 52 0.166667
49 29 0.0666667
49 38 0.0714286
49 56 0.111111
49 126 0.125
49 136 0.5
49 193 0.25
50 18 0.0555556
51 28 0.166667
52 9 0.0833333
52 48 0.111111
52 19 0.0454545
52 199 0.5
53 12 0.0454545
53 16 0.125
53 58 0.5
53 149 0.25
53 183 0.25
54 34 0.111111
55 8 0.0625
55 81 0.142857
55 182 0.25
56 49 0.0833333
56 80 0.333333
56 140 0.2
56 152 0.333333
57 30 0.0555556
57 56 0.111111
57 44 0.1
57 35 0.166667
58 53 0.0909091
59 26 0.1
59 45 0.0909091
59 14 0.0416667
59 65 0.25
59 131 0.25
60 17 0.0454545
60 5 0.0526316
60 79 0.0588235
60 91 0.25
60 128 0.142857
61 41 0.0666667
61 114 0.166667
61 123 0.142857
62 30 0.0555556
62 3 0.0625
62 44 0.1
62 68 0.333333
62 97 0.5
62 101 0.166667
62 187 0.5
63 37 0.125
63 38 0.0714286
63 78 0.333333
63 118 0.333333
63 203 0.2
64 19 0.0454545
64 85 0.142857
64 132 0.2
64 145 0.25
64 156 0.2
64 209 0.142857
65 59 0.111111
65 131 0.25
66 0 0.0357143
66 98 0.25
66 111 0.25
67 18 0.0555556
67 46 0.0714286
67 50 0.333333
67 163 0.5
68 3 0.0625
68 62 0.0769231
69 0 0.0357143
69 66 0.142857
69 8 0.0625
69 137 0.5
70 17 0.0454545
70 27 0.166667
70 19 0.0454545
70 79 0.0588235
70 154 0.5
71 12 0.0454545
72 43 0.0769231
72 106 0.125
73 41 0.0666667
74 25 0.0666667
74 30 0.0555556
74 138 0.166667
75 4 0.0833333
75 169 0.166667
76 8 0.0625
77 26 0.1
77 14 0.0416667
77 17 0.0454545
77 24 0.25
77 12 0.0454545
77 112 0.2
77 113 0.142857
77 147 0.166667
78 63 0.1
79 70 0.0833333
79 60 0.0833333
79 86 0.111111
79 88 0.25
79 107 0.125
79 198 0.142857
80 56 0.111111
81 55 0.166667
81 157 0.111111
81 182 0.25
82 21 0.125
82 6 0.047619
82 188 0.166667
83 30 0.0555556
83 35 0.166667
84 53 0.0909091
84 17 0.0454545
84 153 0.5
84 177 0.1
84 206 0.125
85 64 0.0833333
85 19 0.0454545
85 209 0.142857
86 5 0.0526316
86 79 0.0588235
86 93 0.5
87 41 0.0666667
87 61 0.111111
87 73 0.333333
87 200 0.25
88 79 0.0588235
89 49 0.0833333
89 31 0.1
89 29 0.0666667
89 148 0.5
90 2 0.0555556
90 47 0.125
90 202 0.166667
91 60 0.0833333
91 128 0.142857
92 12 0.0454545
92 103 0.166667
92 176 0.125
93 86 0.111111
94 39 0.0909091
95 18 0.0555556
95 46 0.0714286
95 119 0.111111
95 194 0.142857
96 41 0.0666667
96 61 0.111111
97 62 0.0769231
98 66 0.142857
98 111 0.25
99 36 0.0666667
99 20 0.0434783
99 139 0.142857
99 143 0.111111
100 17 0.0454545
100 168 0.111111
101 62 0.0769231
101 30 0.0555556
101 114 0.166667
102 33 0.2
102 135 0.333333
103 12 0.0454545
103 92 0.166667
104 45 0.0909091
104 40 0.166667
104 46 0.0714286
104 42 0.142857
104 158 0.333333
104 184 0.333333
105 20 0.0434783
105 36 0.0666667
105 99 0.0909091
106 72 0.166667
106 43 0.0769231
106 34 0.111111
106 178 0.166667
107 79 0.0588235
107 171 0.25
107 198 0.142857
107 208 0.2
108 12 0.0454545
108 103 0.166667
109 22 0.142857
110 39 0.0909091
111 98 0.25
111 66 0.142857
112 77 0.0769231
112 147 0.166667
113 77 0.0769231
113 112 0.2
113 147 0.166667
114 61 0.111111
114 41 0.0666667
114 101 0.166667
115 101 0.166667
115 57 0.166667
116 69 0.125
116 0 0.0357143
116 178 0.166667
117 109 0.333333
117 22 0.142857
118 63 0.1
118 25 0.0666667
119 3 0.0625
119 46 0.0714286
119 95 0.111111
119 9 0.0833333
119 127 0.111111
120 17 0.0454545
120 144 0.142857
120 168 0.111111
120 174 0.166667
121 8 0.0625
121 11 0.2
121 126 0.125
121 162 0.5
122 3 0.0625
122 124 0.125
122 186 0.166667
123 61 0.111111
123 96 0.25
123 41 0.0666667
123 200 0.25
124 122 0.142857
124 127 0.111111
124 166 0.2
124 186 0.166667
125 25 0.0666667
126 49 0.0833333
126 121 0.166667
126 38 0.0714286
126 81 0.142857
126 155 0.5
127 124 0.125
127 119 0.111111
127 42 0.142857
127 141 0.333333
127 175 0.333333
128 91 0.25
128 60 0.0833333
129 1 0.0625
130 29 0.0666667
130 31 0.1
130 191 0.166667
131 59 0.111111
131 65 0.25
132 64 0.0833333
132 19 0.0454545
132 0 0.0357143
133 47 0.125
133 2 0.0555556
133 40 0.166667
133 172 0.5
134 99 0.0909091
134 20 0.0434783
134 36 0.0666667
134 143 0.111111
134 179 0.2
135 102 0.25
136 49 0.0833333
137 69 0.125
138 38 0.0714286
138 74 0.166667
138 193 0.25
139 20 0.0434783
139 36 0.0666667
139 134 0.1
139 99 0.0909091
140 35 0.166667
140 56 0.111111
140 30 0.0555556
141 127 0.111111
142 15 0.0769231
142 27 0.166667
142 167 0.25
143 36 0.0666667
143 134 0.1
143 99 0.0909091
143 180 0.166667
144 17 0.0454545
144 120 0.125
144 168 0.111111
145 64 0.0833333
145 19 0.0454545
146 0 0.0357143
146 173 0.25
147 77 0.0769231
147 112 0.2
147 113 0.142857
148 89 0.166667
149 53 0.0909091
149 183 0.25
150 42 0.142857
151 32 0.0909091
151 197 0.25
152 80 0.333333
152 56 0.111111
153 84 0.111111
154 70 0.0833333
155 126 0.125
156 64 0.0833333
156 19 0.0454545
156 85 0.142857
157 46 0.0714286
157 104 0.0833333
157 9 0.0833333
157 81 0.142857
157 18 0.0555556
157 185 0.5
158 104 0.0833333
159 43 0.0769231
159 72 0.166667
160 8 0.0625
161 43 0.0769231
161 159 0.2
161 72 0.166667
162 121 0.166667
163 67 0.166667
164 12 0.0454545
164 103 0.166667
165 95 0.111111
165 46 0.0714286
165 18 0.0555556
166 124 0.125
166 122 0.142857
166 186 0.166667
167 142 0.166667
167 15 0.0769231
168 100 0.25
168 17 0.0454545
168 120 0.125
168 144 0.142857
169 1 0.0625
169 4 0.0833333
169 75 0.25
170 117 0.25
170 60 0.0833333
170 32 0.0909091
171 79 0.0588235
171 88 0.25
171 107 0.125
172 133 0.125
173 0 0.0357143
173 146 0.25
174 144 0.142857
174 120 0.125
174 168 0.111111
174 17 0.0454545
175 127 0.111111
175 141 0.333333
176 20 0.0434783
176 143 0.111111
176 12 0.0454545
176 92 0.166667
176 205 0.5
177 16 0.125
177 60 0.0833333
177 84 0.111111
177 128 0.142857
177 192 0.25
177 206 0.125
178 116 0.2
178 106 0.125
178 45 0.0909091
179 20 0.0434783
179 134 0.1
179 36 0.0666667
180 36 0.0666667
180 143 0.111111
180 20 0.0434783
180 99 0.0909091
181 39 0.0909091
182 81 0.142857
182 55 0.166667
183 149 0.25
183 53 0.0909091
184 104 0.0833333
184 158 0.333333
185 157 0.111111
186 122 0.142857
186 166 0.2
186 124 0.125
187 62 0.0769231
188 82 0.2
188 6 0.047619
188 21 0.125
189 3 0.0625
190 14 0.0416667
190 26 0.1
191 31 0.1
191 130 0.142857
191 29 0.0666667
192 177 0.1
192 206 0.125
193 138 0.166667
193 49 0.0833333
194 95 0.111111
194 46 0.0714286
194 10 0.166667
194 201 0.5
195 44 0.1
196 26 0.1
196 14 0.0416667
197 32 0.0909091
197 151 0.25
198 79 0.0588235
198 107 0.125
198 88 0.25
198 208 0.2
199 52 0.166667
200 123 0.142857
200 87 0.166667
201 194 0.142857
202 2 0.0555556
202 47 0.125
202 90 0.142857
203 0 0.0357143
203 78 0.333333
203 63 0.1
204 4 0.0833333
205 176 0.125
206 28 0.166667
206 84 0.111111
206 177 0.1
206 192 0.25
207 1 0.0625
207 32 0.0909091
207 61 0.111111
208 107 0.125
208 79 0.0588235
208 198 0.142857
209 64 0.0833333
209 19 0.0454545
209 85 0.142857
210 1 0.0625
