1
0.145054
0.083453
0.147082
0.113136
0.218112
1
0.260653
1
0.178661
0.019124
0.208184
1
0.095533
1
0.214891
0.138671
1
0.03089
0.05589
0.06162
0.156864
0.142798
0.500266
0.264361
0.087343
0.170991
0.056154
0.169448
0.143286
0.076668
0.034112
0.090264
0.222008
0.127482
0.026618
0.008769
0.049051
0.087713
1
0.171202
1
0.164047
0.078484
0.193825
0.117319
0.076463
0.017178
0.022664
1
0.014067
0.085307
0.003819
0.111345
0.063648
0.16932
0.116546
0.032511
0.056073
0.128261
0.103395
0.189045
1
0.038894
0.008886
0.038078
0.174362
0.012702
0.334442
0.255307
0.091689
0.501235
0.022718
0.370566
0.035373
0.036858
0.499794
0.094654
0.075585
0.013034
0.047386
0.047537
0.065653
0.024108
0.115739
0.011393
0.025534
0.172335
0.003804
0.023857
0.013858
0.029573
0.219377
0.012697
0.499375
0.017874
0.282194
0.501433
0.052016
0.01096
0.261221
0.193451
0.055513
0.280219
1
0.013818
0.031132
0.001855
0.334201
0.055763
0.500159
0.051953
0.024202
0.015813
0.212807
0
0.201688
0.035733
0.01314
0.037096
0.168443
0.021276
0.021194
0.169434
0.003594
0.04377
0.126065
0.004558
0.021901
0.072142
0.027793
0.038055
0.012524
0.033048
0.010788
0.018485
0.500426
0.127884
0.059414
0.011073
0.037747
0.001875
0.050356
0.019157
0.189488
0.015362
0.297619
0.02042
0.012026
0.033467
0.081858
0.026861
0.038819
0.057499
0.046189
0.062934
0.012485
0.013668
0.408499
0.018787
0.500551
0.019851
0.010591
0.006419
0.333523
0.019069
0.001447
0.062158
0.083575
0.045368
0
0.000461
0.016558
0.298474
0.187499
0.001516
0.147972
0.029108
0.037699
0.013896
0.00463
0.500719
0.051508
0.03355
0.333656
0.006795
0.004099
0.499799
0.189013
0.073562
0.278993
0.031845
0.01602
0.254028
0.005179
0.0969
0.333305
0.026885
0.00217
0.001836
0.081128
0.002574
0.018012
0.202615
0.056798
0.074387
0.038465
0.022723
0.000806
0.010262
0.072398
