0 1
1 0
1 2
2 1
2 3
2 4
3 2
4 2
5 8
5 20
5 24
5 28
5 41
5 45
5 47
5 60
5 75
5 76
6 27
6 54
7 14
7 36
7 56
7 67
8 5
8 9
8 15
8 17
8 74
9 8
9 23
9 29
9 43
9 65
9 78
10 9
10 26
10 33
10 82
11 16
11 17
11 19
11 27
11 39
11 69
12 5
12 18
12 32
12 46
12 52
12 57
12 59
12 71
12 84
13 35
13 38
13 55
13 73
13 80
14 7
14 37
14 67
15 8
15 31
15 44
15 53
16 6
16 11
16 50
16 62
16 72
17 8
17 11
17 27
17 49
17 77
18 12
18 27
18 32
18 46
18 71
18 84
19 11
19 39
19 69
20 5
20 21
20 25
20 42
20 70
21 20
21 22
21 81
21 85
22 21
23 9
24 5
25 20
25 42
26 10
27 18
27 6
27 17
27 11
28 5
28 45
28 47
28 76
29 9
29 23
29 65
29 78
31 15
32 18
32 12
32 57
32 84
33 10
33 44
33 64
34 33
34 83
35 5
35 13
35 63
35 68
35 79
36 7
36 37
36 48
36 64
36 67
37 7
37 14
37 36
37 56
37 67
38 13
38 55
39 19
39 11
40 22
40 30
40 58
41 5
41 28
41 60
42 20
42 25
43 29
43 9
44 33
44 15
45 5
45 28
46 12
46 18
46 32
47 5
47 28
48 36
48 64
49 17
50 16
52 12
52 18
52 46
52 32
53 15
54 6
55 13
55 38
56 7
56 36
56 37
56 61
56 66
57 18
57 12
57 32
58 40
59 57
59 12
60 45
60 5
60 41
61 56
62 16
63 35
63 68
64 48
64 33
64 36
65 9
65 29
66 56
67 37
67 36
67 7
67 14
68 63
68 35
69 19
69 11
70 32
70 18
70 12
70 20
71 12
71 18
71 32
72 16
72 62
73 38
73 13
73 55
74 8
75 5
75 41
75 45
76 5
76 28
77 17
77 49
78 23
78 9
78 29
79 68
79 35
80 13
81 21
82 10
83 34
84 32
84 12
84 71
84 18
85 21
85 81
86 87
87 86
87 88
88 87
88 89
88 177
89 88
90 92
90 93
90 94
90 98
90 99
91 95
91 96
91 98
92 90
92 94
93 90
93 99
94 90
94 92
95 91
96 91
96 97
97 96
98 90
98 91
99 93
99 95
99 90
102 103
102 104
102 105
102 107
102 108
102 112
102 118
102 119
102 133
102 136
102 137
102 154
102 164
102 172
102 174
102 189
103 102
103 104
103 105
103 174
104 102
104 103
104 108
104 124
104 128
104 161
105 102
105 103
105 112
105 118
106 111
106 115
106 123
106 127
106 138
106 147
106 160
106 163
107 102
107 147
107 166
108 102
108 104
108 116
108 146
108 152
108 165
108 173
109 110
109 142
110 109
110 127
111 106
111 127
111 148
112 105
112 103
112 102
112 113
112 119
112 133
112 136
112 143
112 174
113 102
113 112
113 116
113 120
113 129
113 131
113 170
113 187
114 117
114 120
115 106
115 107
115 147
116 113
116 108
116 114
116 129
116 149
116 153
116 176
116 189
117 114
117 135
118 105
118 103
118 102
118 119
118 136
118 139
118 143
118 164
119 102
119 105
119 112
119 118
119 139
119 164
119 172
120 113
120 114
120 144
120 151
120 167
121 107
121 114
121 122
121 145
121 168
121 169
121 171
122 121
123 111
123 106
123 127
123 138
123 148
123 163
124 104
126 130
126 159
126 162
127 123
127 111
127 106
127 110
127 134
127 141
127 151
128 104
129 116
129 113
129 150
129 155
130 126
130 158
130 162
131 113
133 112
133 118
133 102
133 139
133 164
133 174
134 127
135 117
136 112
136 105
136 102
136 118
137 131
137 102
137 105
137 133
138 106
138 123
139 118
139 133
139 102
139 119
141 127
141 134
142 109
142 157
143 112
143 103
143 118
143 102
144 120
144 167
145 122
145 121
146 108
147 115
147 106
147 107
148 123
148 111
148 163
149 116
150 129
151 127
151 142
151 120
152 146
152 108
152 165
153 116
153 176
154 102
154 112
154 103
154 118
155 129
155 150
157 142
158 130
158 156
158 102
158 126
159 130
159 126
160 138
160 106
160 175
161 104
162 126
162 130
163 148
163 106
163 123
163 175
164 119
164 102
164 133
164 118
165 108
165 152
166 107
167 120
167 144
168 121
169 121
169 145
170 113
171 121
171 169
172 102
172 119
172 143
172 133
173 108
173 152
174 102
174 112
174 133
174 103
175 111
175 163
175 106
175 160
176 116
176 153
177 88
177 170
178 177
179 181
179 183
179 184
180 183
180 185
181 179
181 182
182 181
183 179
183 180
184 179
185 180
187 129
187 113
187 120
187 188
188 187
189 102
189 152
189 74
189 116
189 190
189 194
190 189
190 191
190 192
191 190
191 195
192 190
194 189
195 191
196 175
196 197
197 196
197 198
198 197
