199
554
0 1 0.1
1 0 0.166667
1 2 0.1
2 1 0.1
2 3 0.142857
2 4 0.333333
3 2 0.1
4 2 0.1
5 8 0.0526316
5 20 0.0769231
5 24 0.5
5 28 0.111111
5 41 0.166667
5 45 0.166667
5 47 0.2
5 60 0.2
5 75 0.25
5 76 0.25
6 27 0.0714286
6 54 0.2
7 14 0.142857
7 36 0.0909091
7 56 0.0769231
7 67 0.125
8 5 0.0322581
8 9 0.0526316
8 15 0.0909091
8 17 0.0833333
8 74 0.333333
9 8 0.0526316
9 23 0.25
9 29 0.1
9 43 0.166667
9 65 0.25
9 78 0.2
10 9 0.0526316
10 26 0.2
10 33 0.0666667
10 82 0.5
11 16 0.0526316
11 17 0.0833333
11 19 0.166667
11 27 0.0714286
11 39 0.25
11 69 0.166667
12 5 0.0322581
12 18 0.0625
12 32 0.0833333
12 46 0.166667
12 52 0.2
12 57 0.166667
12 59 0.333333
12 71 0.166667
12 84 0.142857
13 35 0.0909091
13 38 0.2
13 55 0.2
13 73 0.25
13 80 0.5
14 7 0.1
14 37 0.111111
14 67 0.125
15 8 0.0526316
15 31 0.25
15 44 0.25
15 53 0.25
16 6 0.0909091
16 11 0.0625
16 50 0.5
16 62 0.2
16 72 0.333333
17 8 0.0526316
17 11 0.0625
17 27 0.0714286
17 49 0.333333
17 77 0.333333
18 12 0.05
18 27 0.0714286
18 32 0.0833333
18 46 0.166667
18 71 0.166667
18 84 0.142857
19 11 0.0625
19 39 0.25
19 69 0.166667
20 5 0.0322581
20 21 0.1
20 25 0.25
20 42 0.166667
20 70 0.142857
21 20 0.0769231
21 22 0.333333
21 81 0.2
21 85 0.333333
22 21 0.1
23 9 0.0526316
24 5 0.0322581
25 20 0.0769231
25 42 0.166667
26 10 0.0588235
27 18 0.0625
27 6 0.0909091
27 17 0.0833333
27 11 0.0625
28 5 0.0322581
28 45 0.166667
28 47 0.2
28 76 0.25
29 9 0.0526316
29 23 0.25
29 65 0.25
29 78 0.2
31 15 0.0909091
32 18 0.0625
32 12 0.05
32 57 0.166667
32 84 0.142857
33 10 0.0588235
33 44 0.25
33 64 0.142857
34 33 0.0666667
34 83 0.5
35 5 0.0322581
35 13 0.0588235
35 63 0.25
35 68 0.2
35 79 0.333333
36 7 0.1
36 37 0.111111
36 48 0.125
36 64 0.142857
36 67 0.125
37 7 0.1
37 14 0.142857
37 36 0.0909091
37 56 0.0769231
37 67 0.125
38 13 0.0588235
38 55 0.2
39 19 0.166667
39 11 0.0625
40 22 0.333333
40 30 0.25
40 58 0.5
41 5 0.0322581
41 28 0.111111
41 60 0.2
42 20 0.0769231
42 25 0.25
43 29 0.1
43 9 0.0526316
44 33 0.0666667
44 15 0.0909091
45 5 0.0322581
45 28 0.111111
46 12 0.05
46 18 0.0625
46 32 0.0833333
47 5 0.0322581
47 28 0.111111
48 36 0.0909091
48 64 0.142857
49 17 0.0833333
50 16 0.0526316
52 12 0.05
52 18 0.0625
52 46 0.166667
52 32 0.0833333
53 15 0.0909091
54 6 0.0909091
55 13 0.0588235
55 38 0.2
56 7 0.1
56 36 0.0909091
56 37 0.111111
56 61 0.5
56 66 0.5
57 18 0.0625
57 12 0.05
57 32 0.0833333
58 40 0.111111
59 57 0.166667
59 12 0.05
60 45 0.166667
60 5 0.0322581
60 41 0.166667
61 56 0.0769231
62 16 0.0526316
63 35 0.0909091
63 68 0.2
64 48 0.125
64 33 0.0666667
64 36 0.0909091
65 9 0.0526316
65 29 0.1
66 56 0.0769231
67 37 0.111111
67 36 0.0909091
67 7 0.1
67 14 0.142857
68 63 0.25
68 35 0.0909091
69 19 0.166667
69 11 0.0625
70 32 0.0833333
70 18 0.0625
70 12 0.05
70 20 0.0769231
71 12 0.05
71 18 0.0625
71 32 0.0833333
72 16 0.0526316
72 62 0.2
73 38 0.2
73 13 0.0588235
73 55 0.2
74 8 0.0526316
75 5 0.0322581
75 41 0.166667
75 45 0.166667
76 5 0.0322581
76 28 0.111111
77 17 0.0833333
77 49 0.333333
78 23 0.25
78 9 0.0526316
78 29 0.1
79 68 0.2
79 35 0.0909091
80 13 0.0588235
81 21 0.1
82 10 0.0588235
83 34 0.166667
84 32 0.0833333
84 12 0.05
84 71 0.166667
84 18 0.0625
85 21 0.1
85 81 0.2
86 87 0.1
87 86 0.111111
87 88 0.125
88 87 0.1
88 89 0.2
88 177 0.1
89 88 0.125
90 92 0.25
90 93 0.142857
90 94 0.25
90 98 0.25
90 99 0.142857
91 95 0.2
91 96 0.166667
91 98 0.25
92 90 0.0833333
92 94 0.25
93 90 0.0833333
93 99 0.142857
94 90 0.0833333
94 92 0.25
95 91 0.0833333
96 91 0.0833333
96 97 0.25
97 96 0.166667
98 90 0.0833333
98 91 0.0833333
99 93 0.142857
99 95 0.2
99 90 0.0833333
102 103 0.0833333
102 104 0.05
102 105 0.0666667
102 107 0.0833333
102 108 0.047619
102 112 0.0555556
102 118 0.0588235
102 119 0.0666667
102 133 0.0769231
102 136 0.142857
102 137 0.2
102 154 0.2
102 164 0.125
102 172 0.166667
102 174 0.125
102 189 0.0625
103 102 0.0212766
103 104 0.05
103 105 0.0666667
103 174 0.125
104 102 0.0212766
104 103 0.0833333
104 108 0.047619
104 124 0.2
104 128 0.5
104 161 0.5
105 102 0.0212766
105 103 0.0833333
105 112 0.0555556
105 118 0.0588235
106 111 0.125
106 115 0.166667
106 123 0.0909091
106 127 0.0588235
106 138 0.2
106 147 0.166667
106 160 0.2
106 163 0.125
107 102 0.0212766
107 147 0.166667
107 166 0.5
108 102 0.0212766
108 104 0.05
108 116 0.05
108 146 0.333333
108 152 0.111111
108 165 0.25
108 173 0.333333
109 110 0.142857
109 142 0.125
110 109 0.1
110 127 0.0588235
111 106 0.05
111 127 0.0588235
111 148 0.166667
112 105 0.0666667
112 103 0.0833333
112 102 0.0212766
112 113 0.047619
112 119 0.0666667
112 133 0.0769231
112 136 0.142857
112 143 0.142857
112 174 0.125
113 102 0.0212766
113 112 0.0555556
113 116 0.05
113 120 0.0588235
113 129 0.0769231
113 131 0.333333
113 170 0.333333
113 187 0.142857
114 117 0.166667
114 120 0.0588235
115 106 0.05
115 107 0.0833333
115 147 0.166667
116 113 0.047619
116 108 0.047619
116 114 0.111111
116 129 0.0769231
116 149 0.5
116 153 0.25
116 176 0.25
116 189 0.0625
117 114 0.111111
117 135 0.5
118 105 0.0666667
118 103 0.0833333
118 102 0.0212766
118 119 0.0666667
118 136 0.142857
118 139 0.142857
118 143 0.142857
118 164 0.125
119 102 0.0212766
119 105 0.0666667
119 112 0.0555556
119 118 0.0588235
119 139 0.142857
119 164 0.125
119 172 0.166667
120 113 0.047619
120 114 0.111111
120 144 0.25
120 151 0.166667
120 167 0.25
121 107 0.0833333
121 114 0.111111
121 122 0.2
121 145 0.25
121 168 0.5
121 169 0.25
121 171 0.333333
122 121 0.0588235
123 111 0.125
123 106 0.05
123 127 0.0588235
123 138 0.2
123 148 0.166667
123 163 0.125
124 104 0.05
126 130 0.142857
126 159 0.2
126 162 0.25
127 123 0.0909091
127 111 0.125
127 106 0.05
127 110 0.142857
127 134 0.2
127 141 0.333333
127 151 0.166667
128 104 0.05
129 116 0.05
129 113 0.047619
129 150 0.25
129 155 0.333333
130 126 0.0909091
130 158 0.166667
130 162 0.25
131 113 0.047619
133 112 0.0555556
133 118 0.0588235
133 102 0.0212766
133 139 0.142857
133 164 0.125
133 174 0.125
134 127 0.0588235
135 117 0.166667
136 112 0.0555556
136 105 0.0666667
136 102 0.0212766
136 118 0.0588235
137 131 0.333333
137 102 0.0212766
137 105 0.0666667
137 133 0.0769231
138 106 0.05
138 123 0.0909091
139 118 0.0588235
139 133 0.0769231
139 102 0.0212766
139 119 0.0666667
141 127 0.0588235
141 134 0.2
142 109 0.1
142 157 0.25
143 112 0.0555556
143 103 0.0833333
143 118 0.0588235
143 102 0.0212766
144 120 0.0588235
144 167 0.25
145 122 0.2
145 121 0.0588235
146 108 0.047619
147 115 0.166667
147 106 0.05
147 107 0.0833333
148 123 0.0909091
148 111 0.125
148 163 0.125
149 116 0.05
150 129 0.0769231
151 127 0.0588235
151 142 0.125
151 120 0.0588235
152 146 0.333333
152 108 0.047619
152 165 0.25
153 116 0.05
153 176 0.25
154 102 0.0212766
154 112 0.0555556
154 103 0.0833333
154 118 0.0588235
155 129 0.0769231
155 150 0.25
157 142 0.125
158 130 0.142857
158 156 0.333333
158 102 0.0212766
158 126 0.0909091
159 130 0.142857
159 126 0.0909091
160 138 0.2
160 106 0.05
160 175 0.142857
161 104 0.05
162 126 0.0909091
162 130 0.142857
163 148 0.166667
163 106 0.05
163 123 0.0909091
163 175 0.142857
164 119 0.0666667
164 102 0.0212766
164 133 0.0769231
164 118 0.0588235
165 108 0.047619
165 152 0.111111
166 107 0.0833333
167 120 0.0588235
167 144 0.25
168 121 0.0588235
169 121 0.0588235
169 145 0.25
170 113 0.047619
171 121 0.0588235
171 169 0.25
172 102 0.0212766
172 119 0.0666667
172 143 0.142857
172 133 0.0769231
173 108 0.047619
173 152 0.111111
174 102 0.0212766
174 112 0.0555556
174 133 0.0769231
174 103 0.0833333
175 111 0.125
175 163 0.125
175 106 0.05
175 160 0.2
176 116 0.05
176 153 0.25
177 88 0.125
177 170 0.333333
178 177 0.1
179 181 0.125
179 183 0.166667
179 184 0.25
180 183 0.166667
180 185 0.5
181 179 0.0833333
181 182 0.166667
182 181 0.125
183 179 0.0833333
183 180 0.125
184 179 0.0833333
185 180 0.125
187 129 0.0769231
187 113 0.047619
187 120 0.0588235
187 188 0.5
188 187 0.142857
189 102 0.0212766
189 152 0.111111
189 74 0.333333
189 116 0.05
189 190 0.166667
189 194 0.25
190 189 0.0625
190 191 0.25
190 192 0.5
191 190 0.166667
191 195 0.5
192 190 0.166667
194 189 0.0625
195 191 0.25
196 175 0.142857
196 197 0.125
197 196 0.1
197 198 0.25
198 197 0.125
