0
0
0
0
0
1
0.09204
0.124964
0.105529
1
7.5e-05
0.064552
1
1
0.039897
0.009639
1
0.015961
0.128243
0.014387
0.076945
0.007734
0.002593
0.318491
0.500613
0.021616
1.1e-05
0.021249
0.199038
0.155376
0
0.002466
0.165025
0.001326
0
0.091122
0.111631
0.12591
0.277307
0.018555
0
0.228726
0.015635
0.16677
0.002742
0.254411
0.209781
0.230163
0.01569
0.006553
0.500752
0
0.201536
0.002387
0.018557
0.276925
1
0.233199
0
0.333461
0.232361
0.50033
0.253819
0.027192
0.017755
0.275981
0.499755
0.046718
0.026647
0.012614
0.01105
0.206046
0.333913
0.250613
0.073702
0.250161
0.283643
0.005304
0.223227
0.030448
0.500558
0.001893
3e-05
0
0.174729
0.002581
0
0
0
0
0
0
0
0
0
0
0
0
0
0
0
0
1
0.141218
0.062289
0.114726
1
0.187529
0.097076
0.00121
0.010418
0.156697
0.10366
0.059723
0.212157
0.193703
1
0.035253
0.107894
0.100782
0.017095
1
0.249997
0.12951
0.012302
0
0
0.074505
0.030952
0.081399
0
0.085064
0
0.132818
0.019153
0.01758
0.166704
0.201473
0.250082
0.04651
0
0.024742
0.002055
0.054121
0.00513
0.308959
0.040221
0.213075
0.067345
0.500802
0.025453
0.015348
0.029729
0.298169
0.200426
0.027121
0
0.000489
0
0
0.204278
0.03107
0
0.146431
0.159524
0.030091
0.093934
0.005148
0.50025
0.313119
0.019869
0.333869
0.179884
0.032331
0.163315
0.048579
0.297883
0
0
0
0
0
0
0
0
0
0
0.008644
0.004373
0.121936
0.020178
0.005044
0.010039
0
0.030512
0.002497
0
0
0
