0 2
2 0
2 3
3 2
3 6
5 2
6 3
7 9
7 37
7 93
7 101
8 11
8 20
8 39
8 51
8 57
8 74
9 7
9 19
9 85
9 97
10 12
10 16
10 36
10 48
10 54
10 63
11 8
11 20
12 10
12 17
12 50
12 87
13 19
13 40
13 58
13 64
13 77
14 15
14 26
14 31
14 32
14 83
14 122
15 14
15 27
15 70
15 84
15 211
16 10
16 29
17 12
17 96
18 15
18 7
18 21
18 30
18 67
18 82
18 90
18 91
19 9
19 13
19 43
19 56
19 62
20 11
20 8
20 40
21 18
21 15
21 25
21 55
21 89
22 23
22 24
22 38
22 42
22 53
22 72
22 98
23 22
23 24
23 72
24 22
24 23
24 28
24 41
25 21
25 14
25 34
25 35
25 73
25 80
26 14
26 47
26 52
27 15
27 33
28 23
28 24
28 22
28 38
28 42
28 53
28 72
29 16
29 46
30 18
30 41
30 67
30 82
30 90
30 91
30 92
31 14
31 47
31 52
32 14
32 31
32 47
33 27
33 15
33 30
33 46
34 25
34 60
34 68
34 95
35 25
35 86
36 10
36 66
37 7
37 69
37 78
37 100
38 23
38 22
38 28
38 61
39 8
39 51
39 74
40 20
40 13
40 44
40 58
41 24
41 30
41 42
41 49
42 41
42 28
42 22
42 38
43 19
43 56
43 64
44 40
44 81
45 29
46 29
46 33
47 32
47 26
47 31
47 48
47 83
48 47
48 10
48 14
49 41
50 12
51 8
51 39
52 31
52 14
52 26
52 47
52 32
53 28
53 22
53 23
53 59
54 10
55 21
56 19
56 43
57 8
57 39
57 71
57 79
57 102
57 211
58 13
58 37
58 40
59 53
59 89
60 34
61 23
61 24
61 38
61 98
62 19
63 10
63 88
63 99
64 19
64 13
64 43
65 25
66 36
67 18
67 30
67 92
68 34
69 37
70 15
70 48
71 57
71 102
72 24
72 28
72 22
72 23
73 25
73 80
74 8
74 39
74 51
76 27
76 15
77 13
78 37
78 100
79 57
80 25
80 73
81 44
82 30
82 18
83 26
83 14
83 47
84 15
85 9
85 78
85 56
85 13
85 19
86 35
87 12
87 50
88 63
89 21
89 35
89 59
89 53
90 18
90 30
90 92
91 30
91 67
91 18
92 90
92 30
92 67
93 7
93 101
94 21
95 34
96 17
97 9
98 22
98 28
98 61
98 38
99 63
99 88
100 78
100 37
101 7
101 93
102 71
102 57
104 105
105 104
108 109
108 116
108 118
109 108
109 113
112 111
113 109
113 117
114 112
114 115
114 224
115 112
115 114
116 108
117 113
118 108
119 120
119 121
120 119
121 119
122 0
122 14
122 29
122 3
123 128
123 187
124 125
124 127
124 130
124 131
124 142
124 153
125 124
125 130
125 151
125 157
127 124
127 125
127 129
127 143
127 148
127 151
127 184
128 123
128 138
128 180
128 191
129 127
129 139
129 171
129 203
130 124
130 128
130 125
130 138
130 140
130 176
130 200
131 125
131 124
131 169
133 135
133 137
133 146
133 178
134 139
134 152
135 133
135 136
135 145
135 196
136 135
136 145
136 149
136 158
136 159
137 133
137 171
137 172
137 174
137 204
137 208
138 130
138 128
138 147
138 180
138 202
139 134
139 129
139 141
140 130
140 200
140 206
141 139
142 131
142 124
142 152
142 164
142 224
143 127
143 126
143 144
143 188
143 192
144 143
144 156
144 162
144 193
145 135
145 136
145 149
146 133
146 161
147 138
147 202
148 127
148 144
148 171
148 179
148 189
149 145
149 136
149 135
149 150
149 159
150 149
150 155
150 163
150 197
151 127
151 125
151 154
151 189
151 205
152 134
152 142
152 166
153 124
153 143
153 125
153 186
153 211
154 140
154 151
154 130
154 168
154 170
154 181
155 150
155 197
156 144
157 125
157 124
158 136
158 145
158 135
158 149
158 159
158 173
159 135
159 136
159 145
159 149
159 158
159 160
160 159
160 145
161 146
161 175
162 144
163 150
163 161
163 209
163 210
164 142
166 152
167 207
168 154
169 135
169 131
169 173
169 194
169 195
170 168
170 154
170 181
171 137
171 129
171 148
172 137
173 159
173 158
173 169
173 183
173 201
174 137
174 208
175 161
175 163
176 130
176 138
177 144
177 162
178 133
179 148
180 138
180 128
180 123
180 198
181 154
181 168
181 170
182 161
183 173
184 127
185 125
185 124
185 140
186 153
187 123
188 143
189 148
189 151
191 128
192 143
193 144
193 192
194 169
195 169
196 145
196 135
197 150
197 155
198 180
199 190
199 193
200 140
200 130
200 206
201 173
202 138
202 147
203 129
204 137
204 172
205 151
206 130
206 200
206 140
207 167
208 137
208 172
208 174
209 163
210 163
211 153
211 57
211 15
211 11
211 212
211 213
212 211
213 211
215 218
216 220
216 222
218 215
218 219
219 218
220 216
220 222
221 223
222 220
222 216
223 217
223 221
224 142
224 114
225 227
226 229
227 225
229 228
229 226
230 231
231 230
233 234
234 233
