235
576
0 2 0.0769231
2 0 0.142857
2 3 0.166667
3 2 0.0769231
3 6 0.5
5 2 0.0769231
6 3 0.166667
7 9 0.0909091
7 37 0.111111
7 93 0.25
7 101 0.25
8 11 0.1
8 20 0.166667
8 39 0.125
8 51 0.2
8 57 0.0625
8 74 0.2
9 7 0.0769231
9 19 0.0769231
9 85 0.166667
9 97 0.5
10 12 0.0769231
10 16 0.2
10 36 0.166667
10 48 0.142857
10 54 0.5
10 63 0.142857
11 8 0.05
11 20 0.166667
12 10 0.0526316
12 17 0.2
12 50 0.333333
12 87 0.333333
13 19 0.0769231
13 40 0.0625
13 58 0.2
13 64 0.2
13 77 0.5
14 15 0.05
14 26 0.125
14 31 0.142857
14 32 0.142857
14 83 0.2
14 122 0.111111
15 14 0.05
15 27 0.142857
15 70 0.333333
15 84 0.5
15 211 0.0833333
16 10 0.0526316
16 29 0.125
17 12 0.0769231
17 96 0.5
18 15 0.05
18 7 0.0769231
18 21 0.0833333
18 30 0.0588235
18 67 0.142857
18 82 0.25
18 90 0.166667
18 91 0.2
19 9 0.0909091
19 13 0.0714286
19 43 0.166667
19 56 0.2
19 62 0.5
20 11 0.1
20 8 0.05
20 40 0.0625
21 18 0.0666667
21 15 0.05
21 25 0.0666667
21 55 0.5
21 89 0.142857
22 23 0.0833333
22 24 0.1
22 38 0.111111
22 42 0.142857
22 53 0.125
22 72 0.142857
22 98 0.125
23 22 0.0555556
23 24 0.1
23 72 0.142857
24 22 0.0555556
24 23 0.0833333
24 28 0.0769231
24 41 0.125
25 21 0.0833333
25 14 0.05
25 34 0.0769231
25 35 0.142857
25 73 0.25
25 80 0.25
26 14 0.05
26 47 0.0909091
26 52 0.142857
27 15 0.05
27 33 0.142857
28 23 0.0833333
28 24 0.1
28 22 0.0555556
28 38 0.111111
28 42 0.142857
28 53 0.125
28 72 0.142857
29 16 0.2
29 46 0.25
30 18 0.0666667
30 41 0.125
30 67 0.142857
30 82 0.25
30 90 0.166667
30 91 0.2
30 92 0.166667
31 14 0.05
31 47 0.0909091
31 52 0.142857
32 14 0.05
32 31 0.142857
32 47 0.0909091
33 27 0.142857
33 15 0.05
33 30 0.0588235
33 46 0.25
34 25 0.0666667
34 60 0.5
34 68 0.5
34 95 0.5
35 25 0.0666667
35 86 0.5
36 10 0.0526316
36 66 0.5
37 7 0.0769231
37 69 0.5
37 78 0.2
37 100 0.25
38 23 0.0833333
38 22 0.0555556
38 28 0.0769231
38 61 0.125
39 8 0.05
39 51 0.2
39 74 0.2
40 20 0.166667
40 13 0.0714286
40 44 0.166667
40 58 0.2
41 24 0.1
41 30 0.0588235
41 42 0.142857
41 49 0.5
42 41 0.125
42 28 0.0769231
42 22 0.0555556
42 38 0.111111
43 19 0.0769231
43 56 0.2
43 64 0.2
44 40 0.0625
44 81 0.2
45 29 0.125
46 29 0.125
46 33 0.142857
47 32 0.142857
47 26 0.125
47 31 0.142857
47 48 0.142857
47 83 0.2
48 47 0.0909091
48 10 0.0526316
48 14 0.05
49 41 0.125
50 12 0.0769231
51 8 0.05
51 39 0.125
52 31 0.142857
52 14 0.05
52 26 0.125
52 47 0.0909091
52 32 0.142857
53 28 0.0769231
53 22 0.0555556
53 23 0.0833333
53 59 0.25
54 10 0.0526316
55 21 0.0833333
56 19 0.0769231
56 43 0.166667
57 8 0.05
57 39 0.125
57 71 0.25
57 79 0.166667
57 102 0.25
57 211 0.0833333
58 13 0.0714286
58 37 0.111111
58 40 0.0625
59 53 0.125
59 89 0.142857
60 34 0.0769231
61 23 0.0833333
61 24 0.1
61 38 0.111111
61 98 0.125
62 19 0.0769231
63 10 0.0526316
63 88 0.2
63 99 0.333333
64 19 0.0769231
64 13 0.0714286
64 43 0.166667
65 25 0.0666667
66 36 0.166667
67 18 0.0666667
67 30 0.0588235
67 92 0.166667
68 34 0.0769231
69 37 0.111111
70 15 0.05
70 48 0.142857
71 57 0.0625
71 102 0.25
72 24 0.1
72 28 0.0769231
72 22 0.0555556
72 23 0.0833333
73 25 0.0666667
73 80 0.25
74 8 0.05
74 39 0.125
74 51 0.2
76 27 0.142857
76 15 0.05
77 13 0.0714286
78 37 0.111111
78 100 0.25
79 57 0.0625
80 25 0.0666667
80 73 0.25
81 44 0.166667
82 30 0.0588235
82 18 0.0666667
83 26 0.125
83 14 0.05
83 47 0.0909091
84 15 0.05
85 9 0.0909091
85 78 0.2
85 56 0.2
85 13 0.0714286
85 19 0.0769231
86 35 0.142857
87 12 0.0769231
87 50 0.333333
88 63 0.142857
89 21 0.0833333
89 35 0.142857
89 59 0.25
89 53 0.125
90 18 0.0666667
90 30 0.0588235
90 92 0.166667
91 30 0.0588235
91 67 0.142857
91 18 0.0666667
92 90 0.166667
92 30 0.0588235
92 67 0.142857
93 7 0.0769231
93 101 0.25
94 21 0.0833333
95 34 0.0769231
96 17 0.2
97 9 0.0909091
98 22 0.0555556
98 28 0.0769231
98 61 0.125
98 38 0.111111
99 63 0.142857
99 88 0.2
100 78 0.2
100 37 0.111111
101 7 0.0769231
101 93 0.25
102 71 0.25
102 57 0.0625
104 105 0.5
105 104 0.25
108 109 0.111111
108 116 0.5
108 118 0.5
109 108 0.1
109 113 0.166667
112 111 0.333333
113 109 0.111111
113 117 0.5
114 112 0.2
114 115 0.333333
114 224 0.111111
115 112 0.2
115 114 0.2
116 108 0.1
117 113 0.166667
118 108 0.1
119 120 0.333333
119 121 0.333333
120 119 0.142857
121 119 0.142857
122 0 0.142857
122 14 0.05
122 29 0.125
122 3 0.166667
123 128 0.0909091
123 187 0.25
124 125 0.0666667
124 127 0.0666667
124 130 0.0588235
124 131 0.125
124 142 0.0666667
124 153 0.111111
125 124 0.0526316
125 130 0.0588235
125 151 0.0909091
125 157 0.333333
127 124 0.0526316
127 125 0.0666667
127 129 0.0909091
127 143 0.0833333
127 148 0.0909091
127 151 0.0909091
127 184 0.5
128 123 0.125
128 138 0.0769231
128 180 0.142857
128 191 0.5
129 127 0.0666667
129 139 0.166667
129 171 0.166667
129 203 0.5
130 124 0.0526316
130 128 0.0909091
130 125 0.0666667
130 138 0.0769231
130 140 0.125
130 176 0.333333
130 200 0.166667
131 125 0.0666667
131 124 0.0526316
131 169 0.0769231
133 135 0.0833333
133 137 0.0625
133 146 0.2
133 178 0.5
134 139 0.166667
134 152 0.125
135 133 0.0714286
135 136 0.1
135 145 0.1
135 196 0.333333
136 135 0.0833333
136 145 0.1
136 149 0.1
136 158 0.111111
136 159 0.0909091
137 133 0.0714286
137 171 0.166667
137 172 0.25
137 174 0.166667
137 204 0.333333
137 208 0.2
138 130 0.0588235
138 128 0.0909091
138 147 0.2
138 180 0.142857
138 202 0.25
139 134 0.142857
139 129 0.0909091
139 141 0.5
140 130 0.0588235
140 200 0.166667
140 206 0.2
141 139 0.166667
142 131 0.125
142 124 0.0526316
142 152 0.125
142 164 0.5
142 224 0.111111
143 127 0.0666667
143 126 0.166667
143 144 0.0909091
143 188 0.5
143 192 0.333333
144 143 0.0833333
144 156 0.5
144 162 0.333333
144 193 0.166667
145 135 0.0833333
145 136 0.1
145 149 0.1
146 133 0.0714286
146 161 0.142857
147 138 0.0769231
147 202 0.25
148 127 0.0666667
148 144 0.0909091
148 171 0.166667
148 179 0.5
148 189 0.25
149 145 0.1
149 136 0.1
149 135 0.0833333
149 150 0.1
149 159 0.0909091
150 149 0.1
150 155 0.25
150 163 0.1
150 197 0.25
151 127 0.0666667
151 125 0.0666667
151 154 0.0909091
151 189 0.25
151 205 0.5
152 134 0.142857
152 142 0.0666667
152 166 0.5
153 124 0.0526316
153 143 0.0833333
153 125 0.0666667
153 186 0.5
153 211 0.0833333
154 140 0.125
154 151 0.0909091
154 130 0.0588235
154 168 0.25
154 170 0.2
154 181 0.2
155 150 0.1
155 197 0.25
156 144 0.0909091
157 125 0.0666667
157 124 0.0526316
158 136 0.1
158 145 0.1
158 135 0.0833333
158 149 0.1
158 159 0.0909091
158 173 0.1
159 135 0.0833333
159 136 0.1
159 145 0.1
159 149 0.1
159 158 0.111111
159 160 0.333333
160 159 0.0909091
160 145 0.1
161 146 0.2
161 175 0.166667
162 144 0.0909091
163 150 0.1
163 161 0.142857
163 209 0.5
163 210 0.2
164 142 0.0666667
166 152 0.125
167 207 0.5
168 154 0.0909091
169 135 0.0833333
169 131 0.125
169 173 0.1
169 194 0.5
169 195 0.5
170 168 0.25
170 154 0.0909091
170 181 0.2
171 137 0.0625
171 129 0.0909091
171 148 0.0909091
172 137 0.0625
173 159 0.0909091
173 158 0.111111
173 169 0.0769231
173 183 0.5
173 201 0.5
174 137 0.0625
174 208 0.2
175 161 0.142857
175 163 0.1
176 130 0.0588235
176 138 0.0769231
177 144 0.0909091
177 162 0.333333
178 133 0.0714286
179 148 0.0909091
180 138 0.0769231
180 128 0.0909091
180 123 0.125
180 198 0.5
181 154 0.0909091
181 168 0.25
181 170 0.2
182 161 0.142857
183 173 0.1
184 127 0.0666667
185 125 0.0666667
185 124 0.0526316
185 140 0.125
186 153 0.111111
187 123 0.125
188 143 0.0833333
189 148 0.0909091
189 151 0.0909091
191 128 0.0909091
192 143 0.0833333
193 144 0.0909091
193 192 0.333333
194 169 0.0769231
195 169 0.0769231
196 145 0.1
196 135 0.0833333
197 150 0.1
197 155 0.25
198 180 0.142857
199 190 0.333333
199 193 0.166667
200 140 0.125
200 130 0.0588235
200 206 0.2
201 173 0.1
202 138 0.0769231
202 147 0.2
203 129 0.0909091
204 137 0.0625
204 172 0.25
205 151 0.0909091
206 130 0.0588235
206 200 0.166667
206 140 0.125
207 167 0.25
208 137 0.0625
208 172 0.25
208 174 0.166667
209 163 0.1
210 163 0.1
211 153 0.111111
211 57 0.0625
211 15 0.05
211 11 0.1
211 212 0.5
211 213 0.5
212 211 0.0833333
213 211 0.0833333
215 218 0.25
216 220 0.25
216 222 0.25
218 215 0.2
218 219 0.5
219 218 0.25
220 216 0.166667
220 222 0.25
221 223 0.333333
222 220 0.25
222 216 0.166667
223 217 0.333333
223 221 0.25
224 142 0.0666667
224 114 0.2
225 227 0.2
226 229 0.2
227 225 0.166667
229 228 0.333333
229 226 0.25
230 231 0.25
231 230 0.2
233 234 0.5
234 233 0.25
