0.000222
0
3.6e-05
0.000245
0
0
0.000121
0.085846
0.010385
0.016209
1
0.102565
0.076918
1
0.014097
0.058083
0.20047
0.015605
0.118345
0.094431
0.030621
0.01593
1
0.1316
0.145657
0.067958
0.004016
0.008494
0.063111
0.025378
1
0.004483
0.004054
0.002094
1
0.010667
0.166721
1
0.146857
0.009634
0.075865
0.15691
0.166147
0.050391
0.012632
0
0.006715
0.013904
0.144696
0.078696
0.031598
0.004523
0.001189
0.131853
0.500737
0.007999
0.027868
0.063182
0.21054
0.033638
0.500383
0.03349
0.047529
0.143279
0.203075
0
0.083627
0.204201
0.500897
0.500143
0.019301
0.018884
0.163164
0.019982
0.003948
0
0
0.499592
0.241577
0.01053
0.02012
0.002568
0.269624
0.00547
0.029182
0.002753
0.005223
0.02563
0.036295
0.007065
0.207727
0.217433
0.216424
0.025496
0
0.500052
0.007728
0.008067
0.127849
0.047666
0.288788
0.025444
0.018799
0
0
0
0
0
0
0
0
4e-06
2.7e-05
0
0.000109
3.7e-05
0
0
0
0
0
0
0.001529
0.001254
0.068258
0.094368
0.028649
1
0.007775
0.105286
0.077235
0.018609
0
0.074001
0.002577
0.036896
0.030095
1
0.008361
0.017594
0.134737
0.008768
0.004574
0.172647
1
0.033802
0.014817
0.002015
0.109476
0.027507
0.002761
0.182072
0.000907
0.118683
1
0.000834
0.500843
0.03141
0.12238
0.102885
0.034198
0.002194
0.333222
0.000316
0.002268
0
0.000443
0
0.33301
0.077683
0.232588
0.192443
0.352917
1
0.194605
0.000344
0.025711
0
0.036916
0.054751
0.002322
0.232357
0
0.499985
0.500079
0
0.059255
0.000351
0.086763
0.070634
0
0.003859
0.10901
0.16686
0.038818
0.038877
0.012242
0.000837
0.001195
0
0.037918
0.500823
0.002354
0.052908
0.333529
0.091606
0.032767
0
0.227528
0.000163
7.2e-05
1
0.500687
0.500558
0
0
0
0
0
0
0
0
0
0
0.000515
0
0
0
0
0
0
0
0
0
0
