0 1
1 0
2 3
2 6
2 9
2 14
2 17
2 19
2 20
2 22
3 2
3 7
3 8
3 72
3 77
4 9
4 10
4 25
4 76
5 44
6 2
6 18
6 64
7 3
7 27
7 32
7 39
7 42
8 3
8 16
8 55
8 67
9 4
9 2
9 24
9 45
9 71
9 75
9 84
9 99
10 4
10 21
10 37
10 73
11 17
11 48
11 66
12 8
12 2
12 30
12 33
12 35
12 56
12 60
12 61
12 79
13 34
13 43
14 2
16 8
16 7
16 36
17 11
17 2
17 28
17 31
17 38
17 42
17 54
18 6
19 2
19 20
19 22
20 2
20 19
20 22
21 10
22 2
22 20
22 19
22 53
23 26
23 81
24 9
24 71
25 21
25 4
26 23
26 4
26 46
26 74
27 7
27 29
28 17
28 38
28 54
29 27
29 15
30 12
30 56
30 60
30 62
31 17
31 7
31 47
31 52
31 65
32 7
33 30
33 12
33 35
33 60
33 79
33 82
34 13
34 40
34 57
35 12
35 33
35 56
35 60
35 61
35 69
35 82
36 16
37 10
37 21
37 68
38 17
38 28
39 7
39 42
40 34
42 7
42 39
42 17
42 80
43 13
43 48
43 58
43 59
44 5
44 29
44 63
45 9
45 75
46 26
47 31
48 11
48 43
48 77
50 3
51 45
51 64
52 31
52 65
53 2
53 22
54 17
54 28
54 38
55 8
56 33
56 35
56 30
56 12
56 61
56 62
56 69
56 79
56 82
57 34
58 7
58 48
58 43
58 41
58 70
59 43
60 30
60 35
60 33
60 12
60 79
61 12
61 56
61 35
62 30
62 56
62 12
63 44
63 15
63 78
64 6
64 51
65 47
65 52
65 31
66 11
67 8
68 37
69 12
69 35
69 60
69 56
69 33
70 58
71 9
71 24
71 45
71 75
71 84
72 3
73 10
73 85
74 26
75 45
75 9
75 71
76 4
77 41
77 48
77 3
78 63
79 33
79 60
79 56
79 35
79 12
80 42
81 23
82 35
82 56
82 62
82 33
83 21
83 10
84 24
84 75
84 71
84 9
84 45
85 73
85 99
86 87
86 89
87 86
89 86
89 87
90 93
91 92
91 95
91 96
91 97
92 91
93 90
95 91
96 91
96 92
97 92
97 91
99 2
99 24
99 9
99 75
99 85
100 101
100 102
100 159
101 100
101 102
101 105
101 106
101 108
101 112
101 125
101 126
101 137
101 142
101 152
102 100
102 101
102 103
102 154
103 102
103 127
105 101
105 108
105 112
105 113
105 120
105 137
105 139
106 101
106 105
106 108
106 125
107 135
107 155
107 158
107 172
108 106
108 101
108 105
108 112
108 113
108 125
108 139
108 142
109 114
109 117
109 118
109 132
109 146
110 141
111 130
112 108
112 105
112 101
112 120
112 124
112 128
112 138
112 144
113 105
113 108
113 101
113 137
113 142
114 109
114 117
114 118
114 132
115 122
115 155
115 160
116 114
116 109
116 118
116 132
116 146
117 114
117 109
117 146
118 109
118 116
118 114
118 134
118 145
118 156
118 161
119 110
119 123
120 101
120 108
120 112
120 105
120 129
120 157
121 140
121 149
121 150
121 160
122 115
123 119
123 167
123 176
124 112
124 128
124 144
125 113
125 101
125 106
125 108
126 101
126 139
126 185
127 103
128 124
128 112
128 121
128 133
129 120
129 133
130 111
131 104
132 109
132 116
132 114
133 120
133 128
133 129
133 149
134 118
134 156
134 161
134 164
134 166
135 107
135 136
135 153
135 163
135 171
136 135
136 153
136 185
137 101
137 105
137 113
137 143
137 147
137 173
137 175
138 112
138 124
139 101
139 126
139 108
139 105
140 121
141 110
141 148
142 108
142 101
142 113
143 137
144 112
144 124
145 118
145 102
145 162
146 117
146 109
146 116
146 114
147 137
148 141
148 151
148 176
149 104
149 121
149 133
149 165
150 140
150 121
151 148
152 101
152 105
152 125
152 169
153 135
153 136
154 102
155 107
155 115
155 174
156 134
156 118
156 164
157 120
157 129
158 107
159 100
160 115
160 121
161 134
161 118
162 145
163 135
164 156
164 118
164 134
164 166
164 168
165 149
166 164
166 161
166 118
166 134
167 123
168 161
168 134
168 118
168 164
169 152
170 110
171 135
171 153
172 107
172 158
173 137
173 143
174 155
175 137
176 123
176 119
176 148
177 54
177 56
177 105
177 35
178 183
179 180
179 181
180 179
180 182
180 184
181 179
182 180
183 178
184 180
185 48
185 136
185 126
185 120
185 186
186 185
187 188
187 193
188 187
188 190
189 191
190 188
190 187
191 189
193 187
194 195
194 196
195 194
196 194
