0
0
1
0.149904
0.002874
0
0.112112
1
0.022568
0.052956
0.000175
0.019877
0.078669
0.167116
0.500518
0.007195
0.004615
0.0638
0.028074
0.210925
0.211522
7e-05
0.16688
0
0.011474
0.000376
0
0.250645
0.014154
0.035576
0.152744
0.005827
0.500433
0.117753
0.028008
0.106409
0.002268
3.3e-05
0.01661
0.273004
0.00566
0.04875
0.142158
1
0
0.010811
0
0.002202
0.133343
0
0
0.002628
0.000797
0.033492
0.012479
0.011094
1
0.014033
0.142645
0.50012
0.057982
0.162925
0.207481
0
0.01595
0.001089
0.010048
0.003138
1.2e-05
0.121462
0.071623
0.006988
0.030085
0.000294
0
0.009859
0.001434
0.055376
0
0.109502
0.070889
0
0.166974
0
0.008344
0.001569
0
0
0
0
0
0
0
0
0
0
0
0
0
0.005973
0.111717
1
0.130038
0.021741
0.018664
0.106379
0.167568
0.072215
0.078729
0.081777
0
0
0.06272
0.145172
0.125148
0.026175
0.130492
0.037872
1
0
0.016947
1
0.013152
0
0.011346
0.150047
0.172772
0.003599
0.009588
0.007248
0
0
0.052846
0.015532
0.120279
1
0.20429
1
0.021037
0.049365
0.408146
0
0.193916
0.377857
0.017672
0.08377
0.033453
0.501645
0
0.111755
0.334199
0
0.166612
0.279097
0.032581
0.013761
0.182597
0.005769
0.029369
0.056189
0.250313
0.184706
0.020944
0.499848
0.034506
0.055864
0.025009
0
0.006894
0.083639
0
0.332709
0.024177
0.200735
0.006933
0.49993
0
0
0
0.083941
1
0.042208
0.50013
0
0.501121
0.037155
0.018702
0
0
0
0
0
0
0
0
0
0
