55
85
14 9 0.1
14 18 0.2
14 24 0.5
1 2 0.333333
1 3 0.2
2 1 0.111111
3 1 0.111111
3 2 0.333333
16 13 0.2
30 31 0.05
30 38 0.333333
30 45 0.166667
30 48 0.333333
31 30 0.1
31 33 0.0833333
31 39 0.5
31 40 0.5
31 42 0.5
43 32 0.0833333
43 36 0.333333
44 41 0.2
44 32 0.0833333
44 49 0.166667
32 43 0.25
32 44 0.125
45 30 0.1
33 32 0.0833333
33 31 0.05
33 37 0.333333
33 49 0.166667
17 5 0.0909091
46 34 0.333333
47 37 0.333333
34 32 0.0833333
18 8 0.0769231
18 14 0.142857
48 30 0.1
48 38 0.333333
19 5 0.0909091
19 9 0.1
5 7 0.166667
5 19 0.142857
5 23 0.5
35 31 0.05
36 32 0.0833333
36 43 0.25
6 20 0.5
6 21 0.166667
7 5 0.0909091
20 6 0.125
37 33 0.0833333
21 6 0.125
49 33 0.0833333
49 44 0.125
22 8 0.0769231
38 30 0.1
8 10 0.333333
8 18 0.2
39 31 0.05
23 5 0.0909091
24 14 0.142857
9 7 0.166667
9 11 0.5
9 19 0.142857
40 31 0.05
25 26 0.5
25 27 0.25
25 28 0.5
10 8 0.0769231
50 51 0.5
26 25 0.1
51 50 0.25
27 25 0.1
28 25 0.1
52 31 0.05
52 53 0.25
52 54 0.25
53 52 0.0666667
54 52 0.0666667
41 32 0.0833333
41 44 0.125
11 9 0.1
42 31 0.05
13 10 0.333333
13 16 0.5
