24
40
17 13 0.0833333
17 20 0.5
9 10 0.0833333
9 15 0.166667
18 13 0.0833333
18 21 0.25
10 9 0.0909091
10 15 0.166667
10 16 0.5
11 12 0.111111
11 14 0.2
19 15 0.166667
0 1 0.5
4 2 0.0714286
12 11 0.166667
12 14 0.2
12 21 0.25
20 17 0.142857
21 12 0.111111
21 18 0.25
22 13 0.0833333
5 2 0.0714286
13 17 0.142857
13 18 0.25
13 22 0.5
1 0 0.125
6 3 0.1
6 2 0.0714286
2 3 0.1
2 4 0.5
2 5 0.5
2 6 0.25
14 11 0.166667
14 12 0.111111
15 9 0.0909091
15 10 0.0833333
15 19 0.5
3 2 0.0714286
3 6 0.25
16 10 0.0833333
