0 1
0 2
1 0
1 2
2 1
2 0
2 4
3 5
4 2
5 3
6 10
6 11
6 14
6 19
6 31
6 48
6 56
6 60
8 9
8 13
8 18
8 79
8 95
9 8
9 23
9 39
9 73
9 90
9 98
10 6
10 11
10 19
10 21
10 31
10 48
10 64
10 92
11 10
11 6
11 14
11 19
11 21
11 31
11 48
11 56
11 92
12 50
13 8
13 28
13 77
13 83
14 6
14 10
14 11
14 29
14 58
15 7
15 17
15 69
16 44
16 68
16 97
16 104
17 15
17 22
17 24
17 42
18 8
18 16
18 35
18 46
18 52
18 76
18 108
19 11
19 6
19 10
19 27
19 33
19 52
19 57
20 22
20 47
21 11
21 10
21 28
21 58
21 76
21 102
22 17
22 20
23 9
23 32
24 17
24 41
24 42
24 54
24 67
26 16
26 37
26 43
26 45
26 49
26 61
26 74
26 85
26 99
27 19
27 101
28 13
28 21
28 71
29 14
30 38
30 80
30 91
31 10
31 11
31 6
32 23
32 81
32 104
33 19
33 36
33 57
34 9
34 53
34 82
35 18
35 46
35 93
35 108
36 19
36 33
37 26
37 63
37 65
37 105
38 14
38 30
38 59
38 91
39 9
39 90
40 70
40 96
41 24
41 78
41 135
42 17
42 24
42 51
42 88
42 89
43 26
43 49
43 99
43 136
44 16
45 43
45 26
46 18
46 35
46 93
47 20
47 34
48 6
48 31
48 11
48 10
48 56
48 60
48 64
48 92
49 43
49 26
49 61
49 74
49 85
49 136
50 40
50 12
50 62
50 107
51 42
51 24
52 19
52 18
52 36
52 103
53 34
54 24
54 25
54 109
55 48
55 58
55 66
56 6
56 11
56 48
57 19
57 33
58 21
58 55
58 14
58 75
58 120
59 38
59 110
60 6
60 48
61 26
61 49
61 239
62 50
62 86
63 37
63 65
63 87
63 239
64 48
64 10
64 6
65 63
65 37
65 87
66 55
67 24
68 16
68 44
68 97
69 15
69 72
70 40
70 38
71 28
72 69
73 9
73 39
73 98
74 26
74 49
74 84
75 58
75 29
76 21
76 18
76 13
76 35
77 13
78 41
79 8
79 95
80 30
81 32
82 34
83 13
83 77
84 74
85 26
85 43
85 49
86 50
86 62
86 107
87 65
87 63
87 37
87 105
88 42
88 89
89 88
89 42
90 39
90 9
90 73
91 25
91 30
91 80
91 38
91 111
91 120
92 48
92 11
92 64
92 10
92 94
93 35
93 18
93 46
94 10
94 6
94 11
94 92
95 79
95 8
96 81
96 23
96 40
97 16
97 68
98 9
98 73
99 43
99 26
101 27
102 21
103 52
104 32
104 16
104 44
104 81
105 87
105 63
105 37
106 100
106 91
107 50
107 86
108 18
108 93
108 35
109 54
110 59
111 91
112 114
112 115
112 116
112 119
113 112
114 112
114 118
115 112
116 112
116 117
117 116
118 114
119 112
120 48
120 91
120 58
120 121
120 129
121 120
121 122
121 123
121 124
121 126
121 132
122 121
122 124
123 121
124 121
124 122
124 125
124 130
124 131
125 124
125 127
126 121
127 125
127 128
128 127
129 120
130 124
130 121
130 132
131 124
132 130
132 121
135 41
135 54
135 67
136 49
136 43
136 18
136 107
136 139
136 147
136 163
136 181
137 146
138 137
138 136
139 136
139 150
140 149
140 178
140 183
141 143
141 169
141 172
142 145
142 147
142 158
142 175
142 177
142 196
143 141
144 154
144 155
145 142
145 153
145 204
146 137
146 188
147 136
147 142
147 197
148 164
148 165
149 140
149 142
149 151
149 158
150 139
150 156
150 168
151 149
151 179
152 162
152 167
152 187
152 189
153 145
153 171
153 194
153 204
154 144
155 144
155 157
155 184
155 185
155 214
156 150
156 176
156 186
156 199
156 203
157 155
157 201
157 214
158 149
158 142
158 174
159 161
159 191
159 215
161 159
161 202
162 152
162 167
162 189
162 210
163 136
164 148
164 152
164 165
164 166
165 148
165 164
166 164
167 152
167 162
167 189
167 206
167 210
167 213
168 150
169 158
169 138
169 141
169 190
169 219
169 222
170 139
171 153
171 145
172 141
173 166
173 164
173 165
174 158
175 142
176 156
176 186
176 199
177 142
177 211
178 177
178 140
179 149
179 151
180 192
180 198
181 136
181 163
182 193
182 205
183 140
183 187
183 212
184 155
185 155
185 157
185 201
186 156
186 176
186 199
186 203
186 220
187 183
187 152
187 195
188 146
188 137
189 152
189 167
189 162
189 210
190 169
191 159
192 180
192 198
193 182
194 153
194 171
195 187
195 148
196 142
197 147
198 192
198 180
198 205
198 217
199 186
199 156
199 176
199 203
200 156
200 157
200 199
200 209
201 185
201 155
201 184
201 157
202 161
203 199
203 186
203 156
204 153
204 145
204 171
205 198
205 182
205 221
206 162
206 189
206 167
206 152
207 144
207 154
209 200
210 152
210 167
210 162
210 189
211 177
212 183
213 189
213 167
213 210
214 155
214 157
214 185
215 159
216 158
216 174
217 198
218 200
219 169
219 222
220 155
220 176
220 186
221 205
222 169
222 219
224 225
224 226
224 227
225 224
225 231
226 224
226 230
227 224
227 228
227 229
228 227
228 229
229 227
229 228
230 226
231 225
232 228
232 6
232 64
232 233
232 234
232 237
233 232
233 238
234 232
236 234
236 232
236 237
237 232
237 236
238 233
239 63
239 146
239 45
239 61
239 240
239 241
240 239
241 239
