242
628
0 1 0.166667
0 2 0.0833333
1 0 0.125
1 2 0.0833333
2 1 0.166667
2 0 0.125
2 4 0.5
3 5 0.5
4 2 0.0833333
5 3 0.25
6 10 0.0526316
6 11 0.047619
6 14 0.0833333
6 19 0.0588235
6 31 0.111111
6 48 0.0588235
6 56 0.142857
6 60 0.2
8 9 0.0769231
8 13 0.1
8 18 0.0588235
8 79 0.25
8 95 0.25
9 8 0.0833333
9 23 0.166667
9 39 0.2
9 73 0.166667
9 90 0.2
9 98 0.25
10 6 0.0416667
10 11 0.047619
10 19 0.0588235
10 21 0.0833333
10 31 0.111111
10 48 0.0588235
10 64 0.142857
10 92 0.111111
11 10 0.0526316
11 6 0.0416667
11 14 0.0833333
11 19 0.0588235
11 21 0.0833333
11 31 0.111111
11 48 0.0588235
11 56 0.142857
11 92 0.111111
12 50 0.0833333
13 8 0.0833333
13 28 0.166667
13 77 0.333333
13 83 0.333333
14 6 0.0416667
14 10 0.0526316
14 11 0.047619
14 29 0.166667
14 58 0.0833333
15 7 0.1
15 17 0.1
15 69 0.25
16 44 0.25
16 68 0.2
16 97 0.25
16 104 0.0909091
17 15 0.125
17 22 0.125
17 24 0.0833333
17 42 0.0833333
18 8 0.0833333
18 16 0.0833333
18 35 0.111111
18 46 0.166667
18 52 0.111111
18 76 0.111111
18 108 0.2
19 11 0.047619
19 6 0.0416667
19 10 0.0526316
19 27 0.142857
19 33 0.166667
19 52 0.111111
19 57 0.25
20 22 0.125
20 47 0.25
21 11 0.047619
21 10 0.0526316
21 28 0.166667
21 58 0.0833333
21 76 0.111111
21 102 0.5
22 17 0.1
22 20 0.142857
23 9 0.0769231
23 32 0.142857
24 17 0.1
24 41 0.166667
24 42 0.0833333
24 54 0.166667
24 67 0.0909091
26 16 0.0833333
26 37 0.1
26 43 0.1
26 45 0.25
26 49 0.0833333
26 61 0.125
26 74 0.166667
26 85 0.166667
26 99 0.25
27 19 0.0588235
27 101 0.5
28 13 0.1
28 21 0.0833333
28 71 0.5
29 14 0.0833333
30 38 0.111111
30 80 0.333333
30 91 0.0909091
31 10 0.0526316
31 11 0.047619
31 6 0.0416667
32 23 0.166667
32 81 0.25
32 104 0.0909091
33 19 0.0588235
33 36 0.166667
33 57 0.25
34 9 0.0769231
34 53 0.5
34 82 0.5
35 18 0.0588235
35 46 0.166667
35 93 0.166667
35 108 0.2
36 19 0.0588235
36 33 0.166667
37 26 0.0434783
37 63 0.0909091
37 65 0.166667
37 105 0.2
38 14 0.0833333
38 30 0.1
38 59 0.2
38 91 0.0909091
39 9 0.0769231
39 90 0.2
40 70 0.333333
40 96 0.142857
41 24 0.0833333
41 78 0.5
41 135 0.111111
42 17 0.1
42 24 0.0833333
42 51 0.333333
42 88 0.25
42 89 0.25
43 26 0.0434783
43 49 0.0833333
43 99 0.25
43 136 0.0454545
44 16 0.0833333
45 43 0.1
45 26 0.0434783
46 18 0.0588235
46 35 0.111111
46 93 0.166667
47 20 0.142857
47 34 0.125
48 6 0.0416667
48 31 0.111111
48 11 0.047619
48 10 0.0526316
48 56 0.142857
48 60 0.2
48 64 0.142857
48 92 0.111111
49 43 0.1
49 26 0.0434783
49 61 0.125
49 74 0.166667
49 85 0.166667
49 136 0.0454545
50 40 0.142857
50 12 0.166667
50 62 0.25
50 107 0.2
51 42 0.0833333
51 24 0.0833333
52 19 0.0588235
52 18 0.0588235
52 36 0.166667
52 103 0.5
53 34 0.125
54 24 0.0833333
54 25 0.25
54 109 0.333333
55 48 0.0588235
55 58 0.0833333
55 66 0.5
56 6 0.0416667
56 11 0.047619
56 48 0.0588235
57 19 0.0588235
57 33 0.166667
58 21 0.0833333
58 55 0.166667
58 14 0.0833333
58 75 0.333333
58 120 0.0909091
59 38 0.111111
59 110 0.5
60 6 0.0416667
60 48 0.0588235
61 26 0.0434783
61 49 0.0833333
61 239 0.0588235
62 50 0.0833333
62 86 0.2
63 37 0.1
63 65 0.166667
63 87 0.125
63 239 0.0588235
64 48 0.0588235
64 10 0.0526316
64 6 0.0416667
65 63 0.0909091
65 37 0.1
65 87 0.125
66 55 0.166667
67 24 0.0833333
68 16 0.0833333
68 44 0.25
68 97 0.25
69 15 0.125
69 72 0.5
70 40 0.142857
70 38 0.111111
71 28 0.166667
72 69 0.25
73 9 0.0769231
73 39 0.2
73 98 0.25
74 26 0.0434783
74 49 0.0833333
74 84 0.5
75 58 0.0833333
75 29 0.166667
76 21 0.0833333
76 18 0.0588235
76 13 0.1
76 35 0.111111
77 13 0.1
78 41 0.166667
79 8 0.0833333
79 95 0.25
80 30 0.1
81 32 0.142857
82 34 0.125
83 13 0.1
83 77 0.333333
84 74 0.166667
85 26 0.0434783
85 43 0.1
85 49 0.0833333
86 50 0.0833333
86 62 0.25
86 107 0.2
87 65 0.166667
87 63 0.0909091
87 37 0.1
87 105 0.2
88 42 0.0833333
88 89 0.25
89 88 0.25
89 42 0.0833333
90 39 0.2
90 9 0.0769231
90 73 0.166667
91 25 0.25
91 30 0.1
91 80 0.333333
91 38 0.111111
91 111 0.5
91 120 0.0909091
92 48 0.0588235
92 11 0.047619
92 64 0.142857
92 10 0.0526316
92 94 0.2
93 35 0.111111
93 18 0.0588235
93 46 0.166667
94 10 0.0526316
94 6 0.0416667
94 11 0.047619
94 92 0.111111
95 79 0.25
95 8 0.0833333
96 81 0.25
96 23 0.166667
96 40 0.142857
97 16 0.0833333
97 68 0.2
98 9 0.0769231
98 73 0.166667
99 43 0.1
99 26 0.0434783
101 27 0.142857
102 21 0.0833333
103 52 0.111111
104 32 0.142857
104 16 0.0833333
104 44 0.25
104 81 0.25
105 87 0.125
105 63 0.0909091
105 37 0.1
106 100 0.166667
106 91 0.0909091
107 50 0.0833333
107 86 0.2
108 18 0.0588235
108 93 0.166667
108 35 0.111111
109 54 0.166667
110 59 0.2
111 91 0.0909091
112 114 0.125
112 115 0.2
112 116 0.2
112 119 0.25
113 112 0.0769231
114 112 0.0769231
114 118 0.25
115 112 0.0769231
116 112 0.0769231
116 117 0.5
117 116 0.2
118 114 0.125
119 112 0.0769231
120 48 0.0588235
120 91 0.0909091
120 58 0.0833333
120 121 0.0588235
120 129 0.5
121 120 0.0909091
121 122 0.142857
121 123 0.5
121 124 0.0769231
121 126 0.5
121 132 0.25
122 121 0.0588235
122 124 0.0769231
123 121 0.0588235
124 121 0.0588235
124 122 0.142857
124 125 0.25
124 130 0.2
124 131 0.5
125 124 0.0769231
125 127 0.166667
126 121 0.0588235
127 125 0.25
127 128 0.5
128 127 0.166667
129 120 0.0909091
130 124 0.0769231
130 121 0.0588235
130 132 0.25
131 124 0.0769231
132 130 0.2
132 121 0.0588235
135 41 0.166667
135 54 0.166667
135 67 0.0909091
136 49 0.0833333
136 43 0.1
136 18 0.0588235
136 107 0.2
136 139 0.1
136 147 0.0909091
136 163 0.333333
136 181 0.333333
137 146 0.2
138 137 0.0909091
138 136 0.0454545
139 136 0.0454545
139 150 0.1
140 149 0.125
140 178 0.2
140 183 0.125
141 143 0.5
141 169 0.0833333
141 172 0.5
142 145 0.142857
142 147 0.0909091
142 158 0.1
142 175 0.5
142 177 0.142857
142 196 0.5
143 141 0.1
144 154 0.333333
144 155 0.0769231
145 142 0.0625
145 153 0.125
145 204 0.2
146 137 0.0909091
146 188 0.333333
147 136 0.0454545
147 142 0.0625
147 197 0.25
148 164 0.1
148 165 0.125
149 140 0.0909091
149 142 0.0625
149 151 0.2
149 158 0.1
150 139 0.1
150 156 0.0909091
150 168 0.5
151 149 0.125
151 179 0.333333
152 162 0.111111
152 167 0.0833333
152 187 0.166667
152 189 0.1
153 145 0.142857
153 171 0.2
153 194 0.333333
153 204 0.2
154 144 0.142857
155 144 0.142857
155 157 0.125
155 184 0.333333
155 185 0.166667
155 214 0.2
156 150 0.1
156 176 0.142857
156 186 0.1
156 199 0.111111
156 203 0.166667
157 155 0.0769231
157 201 0.166667
157 214 0.2
158 149 0.125
158 142 0.0625
158 174 0.333333
159 161 0.166667
159 191 0.25
159 215 0.5
161 159 0.0909091
161 202 0.5
162 152 0.0666667
162 167 0.0833333
162 189 0.1
162 210 0.125
163 136 0.0454545
164 148 0.142857
164 152 0.0666667
164 165 0.125
164 166 0.25
165 148 0.142857
165 164 0.1
166 164 0.1
167 152 0.0666667
167 162 0.111111
167 189 0.1
167 206 0.2
167 210 0.125
167 213 0.25
168 150 0.1
169 158 0.1
169 138 0.0909091
169 141 0.1
169 190 0.5
169 219 0.25
169 222 0.25
170 139 0.1
171 153 0.125
171 145 0.142857
172 141 0.1
173 166 0.25
173 164 0.1
173 165 0.125
174 158 0.1
175 142 0.0625
176 156 0.0909091
176 186 0.1
176 199 0.111111
177 142 0.0625
177 211 0.5
178 177 0.142857
178 140 0.0909091
179 149 0.125
179 151 0.2
180 192 0.25
180 198 0.111111
181 136 0.0454545
181 163 0.333333
182 193 0.5
182 205 0.111111
183 140 0.0909091
183 187 0.166667
183 212 0.5
184 155 0.0769231
185 155 0.0769231
185 157 0.125
185 201 0.166667
186 156 0.0909091
186 176 0.142857
186 199 0.111111
186 203 0.166667
186 220 0.166667
187 183 0.125
187 152 0.0666667
187 195 0.333333
188 146 0.2
188 137 0.0909091
189 152 0.0666667
189 167 0.0833333
189 162 0.111111
189 210 0.125
190 169 0.0833333
191 159 0.0909091
192 180 0.125
192 198 0.111111
193 182 0.125
194 153 0.125
194 171 0.2
195 187 0.166667
195 148 0.142857
196 142 0.0625
197 147 0.0909091
198 192 0.25
198 180 0.125
198 205 0.111111
198 217 0.5
199 186 0.1
199 156 0.0909091
199 176 0.142857
199 203 0.166667
200 156 0.0909091
200 157 0.125
200 199 0.111111
200 209 0.5
201 185 0.166667
201 155 0.0769231
201 184 0.333333
201 157 0.125
202 161 0.166667
203 199 0.111111
203 186 0.1
203 156 0.0909091
204 153 0.125
204 145 0.142857
204 171 0.2
205 198 0.111111
205 182 0.125
205 221 0.5
206 162 0.111111
206 189 0.1
206 167 0.0833333
206 152 0.0666667
207 144 0.142857
207 154 0.333333
209 200 0.166667
210 152 0.0666667
210 167 0.0833333
210 162 0.111111
210 189 0.1
211 177 0.142857
212 183 0.125
213 189 0.1
213 167 0.0833333
213 210 0.125
214 155 0.0769231
214 157 0.125
214 185 0.166667
215 159 0.0909091
216 158 0.1
216 174 0.333333
217 198 0.111111
218 200 0.166667
219 169 0.0833333
219 222 0.25
220 155 0.0769231
220 176 0.142857
220 186 0.1
221 205 0.111111
222 169 0.0833333
222 219 0.25
224 225 0.166667
224 226 0.25
224 227 0.166667
225 224 0.1
225 231 0.5
226 224 0.1
226 230 0.5
227 224 0.1
227 228 0.2
227 229 0.25
228 227 0.166667
228 229 0.25
229 227 0.166667
229 228 0.2
230 226 0.25
231 225 0.166667
232 228 0.2
232 6 0.0416667
232 64 0.142857
232 233 0.1
232 234 0.333333
232 237 0.166667
233 232 0.0714286
233 238 0.5
234 232 0.0714286
236 234 0.333333
236 232 0.0714286
236 237 0.166667
237 232 0.0714286
237 236 0.25
238 233 0.1
239 63 0.0909091
239 146 0.2
239 45 0.25
239 61 0.125
239 240 0.5
239 241 0.5
240 239 0.0588235
241 239 0.0588235
