0
0
0
0
0
0
0.101269
0.00145
0.091925
1
0.12414
0.108514
0.003438
0.037154
0.03617
0.014234
0.08961
0.111091
0.077031
1
0.001992
1
0.013858
0.166906
0.116616
0.25412
1
0.142789
0.169477
0.011375
0.140957
0.040454
0.025235
0.204106
8.6e-05
0.024703
0.052931
0.112014
0.124614
0.268286
0.002922
0.019597
1
0.276707
0.028493
0.438661
0.017049
0.000535
0.042913
0.217323
0.020701
0.333148
0.119002
4.6e-05
0.020045
0.016615
0.03461
0.28289
0.099586
0.02476
0.028236
0.256006
0.014873
0.102539
0.163475
0.03635
0.008337
0.01089
0.021664
0.003568
0.000957
0.085077
0.001883
0.233641
0.195271
0.033378
0.118827
0.015272
0.00997
0.027256
0.357719
0.008663
4.6e-05
0.012573
0.097634
0.195459
0.041176
0.019368
0.297815
0.297102
0.23846
1
0.029845
0.009619
0.006005
0.027394
0.000445
0.025984
0.288367
0.299017
0
0.071564
0.50024
0.059508
0.010256
0.025597
0
0.200489
0.019667
0.006669
0.012501
0.500449
0
0
0
0
0
0
0
0
0.180095
1
0.152891
0.50041
0.090686
0.022627
0.500542
0.003737
0.001832
0.090217
0.066807
0.045528
0.253989
0
0
0.002167
1
0.032165
0.090756
0.100611
0.002271
0.1012
1
0.050874
0.142114
0.143172
0.202469
0.173462
1e-06
0.024439
0.010158
0.004936
6e-06
0.021799
0.047298
1
0.000955
0.172132
0.191725
0
0
0
1e-06
0.407693
0
0
0
1e-06
0.005106
1
0
0.011346
0.050828
0
0.06412
0.50003
0.00016
0.142699
0.00046
0.001695
0
0.333552
0
0.000296
0.347029
0.201111
0.000136
5.1e-05
0.067494
0
0.500979
0
0
0
0.007408
1.2e-05
0.500801
0.043673
0
0.000153
0
0.059871
0
0.000186
0.031544
0
0
0
0
0
0
0.071627
0.000139
0
0.22428
0
0
0
0
0.298683
2e-05
0
0.298199
0
0.004092
0.000693
0.001075
0.040664
0.201413
0.056847
0.000547
0.000339
1
0.101129
0.343181
0
0.041735
0.166583
0.050836
1
0.50055
0.500774
