0 1
1 0
1 2
2 1
3 4
3 5
4 3
4 6
5 3
6 4
6 5
7 9
7 10
7 29
7 38
7 42
7 51
7 53
7 57
7 79
7 107
8 13
8 18
8 19
8 27
8 32
8 103
8 113
9 7
9 11
9 24
10 7
10 25
10 33
10 63
10 78
10 94
11 9
11 33
11 101
12 43
12 59
12 96
13 8
13 14
13 25
13 39
13 60
13 68
13 111
14 13
14 68
14 76
14 84
15 12
15 21
15 58
15 59
15 70
15 72
16 17
16 20
16 26
16 31
16 37
16 40
16 45
16 112
17 16
17 44
18 8
18 19
18 27
18 35
19 8
19 15
19 18
19 50
19 65
19 77
20 16
20 26
20 31
20 45
20 235
21 15
21 50
21 110
21 142
21 226
22 19
23 7
23 66
23 101
24 11
24 9
24 33
24 101
25 10
25 13
25 36
25 49
25 60
25 105
26 16
26 20
26 37
26 40
27 18
27 8
27 32
27 35
28 9
28 24
28 11
28 46
28 51
28 64
28 71
28 97
29 7
29 79
29 102
30 7
30 29
30 42
30 51
31 26
31 16
31 20
31 43
31 96
31 118
32 8
32 18
32 27
32 113
33 10
33 24
33 11
34 8
34 18
34 27
34 226
35 8
35 27
35 18
35 41
35 56
35 87
35 119
36 35
36 25
36 62
36 114
37 16
37 26
37 20
37 74
37 75
38 7
39 13
39 14
39 60
40 16
40 20
40 26
41 35
41 48
41 56
41 87
42 30
42 7
42 29
42 51
42 83
42 102
43 31
43 12
43 48
43 55
43 73
43 88
44 17
44 47
45 16
45 20
45 26
46 28
46 97
47 44
47 17
47 54
47 106
47 109
48 43
48 41
48 35
48 52
48 90
48 91
48 108
48 120
49 10
49 25
50 21
50 19
50 67
50 81
51 28
51 42
51 7
51 30
51 85
51 100
52 48
52 54
52 90
53 7
53 42
53 57
53 107
54 36
54 52
54 37
54 44
54 47
54 61
54 89
54 104
55 43
55 73
55 88
56 35
56 41
56 87
57 7
57 53
57 29
57 38
58 15
58 77
59 15
59 12
59 19
59 80
59 115
60 25
60 13
60 39
60 69
61 54
61 104
62 36
63 10
63 86
64 28
64 46
65 19
66 23
67 50
68 39
68 13
68 14
68 76
68 84
69 33
69 60
69 82
70 15
70 77
71 28
71 97
72 15
72 58
73 55
73 43
73 88
74 37
75 37
76 13
76 14
76 68
77 58
77 19
77 70
77 22
77 99
78 10
78 63
79 29
79 53
79 7
79 102
79 107
80 59
81 67
81 50
82 69
83 42
83 29
83 7
83 57
84 39
84 68
84 76
84 14
85 51
85 100
86 63
86 51
86 10
87 35
87 41
87 56
88 73
88 43
88 55
89 54
90 48
90 52
90 91
90 108
90 120
91 48
91 90
91 52
91 98
92 31
93 62
93 36
94 78
94 10
95 77
95 226
96 12
96 31
97 46
97 71
97 28
98 52
98 91
98 48
98 120
99 95
99 77
100 51
100 85
101 11
101 23
101 24
101 9
101 116
102 79
102 42
102 7
102 29
103 8
103 18
103 27
104 54
104 61
105 25
106 47
106 17
106 109
107 42
107 7
107 53
107 57
107 79
108 91
108 90
108 48
109 47
109 106
110 21
111 68
111 84
111 13
111 14
112 26
112 16
113 8
113 32
114 62
114 36
115 59
116 101
117 92
117 31
117 118
118 117
118 31
119 41
119 35
119 56
120 90
120 48
120 98
121 122
121 123
121 124
121 130
121 133
122 121
122 128
123 121
123 126
123 130
123 133
124 121
124 125
124 127
125 124
126 123
126 124
126 127
126 129
127 126
127 124
127 129
128 122
129 127
129 126
130 123
130 121
131 127
131 124
132 125
133 121
133 123
134 139
134 140
134 141
134 219
135 136
135 137
135 138
136 135
136 142
137 135
137 136
137 138
138 135
138 137
139 134
140 138
140 134
141 134
142 77
142 136
142 21
142 137
142 31
142 143
142 145
143 142
143 144
144 143
144 146
145 142
146 144
147 148
147 149
147 153
147 158
147 161
147 181
147 185
147 187
147 215
148 147
148 151
148 162
148 168
148 212
149 147
149 153
149 167
149 173
149 177
149 195
149 200
149 213
150 148
150 152
150 155
150 171
150 190
150 191
151 148
151 149
151 157
151 163
151 173
151 207
151 216
152 150
152 190
152 191
153 149
153 147
153 156
153 165
153 179
153 187
154 194
154 217
155 152
155 148
155 150
155 160
155 169
155 172
155 173
155 203
156 153
156 179
156 187
157 151
157 166
157 182
157 184
158 147
158 155
158 167
158 171
159 164
159 186
159 189
159 193
159 198
160 155
161 147
161 215
161 235
162 148
162 168
162 219
163 151
163 207
164 159
164 170
164 188
165 153
165 156
165 201
166 157
166 175
166 176
166 208
167 149
167 158
167 202
167 209
168 162
168 148
168 169
168 199
169 155
169 168
169 208
170 164
171 150
171 158
171 178
171 205
172 155
172 160
172 173
173 151
173 149
173 155
173 172
173 174
173 183
173 184
173 191
173 197
173 210
173 214
174 173
175 166
175 194
175 196
176 166
176 194
176 196
177 149
177 195
178 171
179 153
179 156
180 147
181 147
181 161
181 185
182 157
183 173
183 174
183 192
183 214
184 157
184 173
184 174
184 182
185 147
185 161
185 181
186 159
187 147
187 156
187 153
188 164
188 171
188 170
189 159
189 211
190 150
190 152
191 152
191 173
191 150
191 204
192 183
192 173
192 174
193 159
193 186
193 198
194 154
194 175
194 176
194 208
195 149
195 177
195 213
196 176
196 175
197 173
197 174
197 192
197 183
197 210
198 159
198 193
198 165
198 206
199 168
200 195
200 149
200 213
201 165
201 220
202 167
203 155
203 172
203 160
204 191
204 171
204 202
204 189
205 171
206 198
207 151
207 163
207 216
208 194
208 166
208 169
208 217
209 167
209 202
210 197
210 173
210 214
211 189
212 148
212 162
213 200
213 149
213 195
214 183
214 173
214 197
214 210
214 192
215 147
215 161
216 151
216 163
216 207
217 154
217 208
218 210
218 214
218 173
218 183
219 120
219 134
219 162
219 124
219 14
220 202
220 19
220 201
220 17
220 222
220 225
220 226
222 220
222 224
224 222
224 220
225 220
226 21
226 220
226 34
226 95
226 227
227 226
228 229
228 233
228 234
229 228
229 230
229 231
230 229
230 231
231 229
231 230
233 228
234 228
235 148
235 20
235 149
235 161
235 236
235 238
235 239
235 242
236 235
236 237
237 236
238 235
238 236
239 235
239 240
240 239
241 236
242 235
