0
0
0
0
0
0
0
1
0.01454
0.151168
0.132901
0.081449
0.102892
0.067172
0.018184
1
1
0.304194
0.02005
0.087821
0.203768
0.167343
0.059954
0.004645
0.128663
1
0.153225
0.014163
1
0.118714
0.037255
0.158013
0.003525
0.03599
0.020846
0.085217
0.211607
0.171342
0.369031
0.027302
0.223639
0.123496
0.113858
0.10294
0.262453
0.231856
0.277069
0.136016
1
0.333081
0.031537
0.15553
0.268778
0.168361
1
0.02197
0.035284
0.160881
0.268593
0.120727
0.118473
0.298129
0.066389
0.0332
0.333528
0.044172
0.00231
0.012847
0.010338
0.023848
0.269799
0.279923
0.333464
0.021864
0.085859
0.085618
0.005354
0.119658
0.041739
0.113304
0.06048
0.010485
0.011965
0.02295
0.005668
0.046101
0.008382
0.037849
0.017266
0.500312
0.167477
0.168479
0.004974
0
0.04462
0.035825
0.063345
0.180544
0.047683
0.040113
0.046225
0.022999
0.047175
0.003639
0.298232
0.500448
0.032958
0.15294
0.225417
0.039304
0.083842
0.013675
0.333911
0.004248
0.070337
0.060338
0.011506
0.009957
0.039593
0.021438
0.176307
0.000782
0.000195
0.000183
0.009333
0.003068
0.000244
0.001336
0.000103
0.000356
0.000237
0
0
0.000231
1
0.057878
0.232573
0.178153
0.076904
0.500645
0.333236
0.500671
1
0.251203
0.062912
0.500501
0.031626
1
0.112397
0.13422
0.014574
0.086595
0.028783
0.101931
0.000158
0.089554
0.042295
0.037459
0.148103
0.000402
0.068338
0.301908
0.036269
0.023061
4.9e-05
0.043474
0.004026
0.059534
0.020131
0.017919
1.5e-05
0.015639
0.179788
1
0.23781
0.00068
0.000772
0.03861
0.007923
0.034208
0
0.232593
0.063818
0.143988
0.167765
0.232458
0.000163
0.181582
6e-06
0.005218
0.010349
0.127986
0.069431
9.2e-05
0.000509
0.029827
0.000348
0.157592
6.4e-05
0.01001
0.030958
0.253148
0.211585
0.022381
0.02578
0.007825
2.7e-05
0.019593
0.002714
0.019917
0.174998
0.002644
0.03725
0.029536
0.14043
0.303352
0.020034
0.000731
0
0.102449
1
0
0.142534
0
0.047503
0.251
0.104676
0.052455
0
0
0
0
0
0
0
1
0.213115
0.106433
0.333919
0.250769
0.125634
0
0.500558
