33 34
33 38
12 3
12 9
12 14
34 33
13 6
13 2
0 1
1 0
2 4
2 11
2 13
14 12
14 11
14 5
14 17
23 24
23 25
23 26
23 27
23 31
23 41
24 23
24 26
24 31
3 2
3 12
3 16
3 18
25 23
25 26
25 27
25 31
4 2
4 5
26 25
26 23
26 24
27 25
27 23
27 28
27 30
27 36
5 4
35 28
15 2
36 27
36 30
16 3
17 14
28 27
28 35
28 38
37 28
37 29
37 32
38 28
38 33
6 7
6 11
7 6
29 32
29 37
8 5
8 4
8 9
9 8
9 3
9 10
9 12
18 3
19 20
20 19
30 27
30 36
10 5
10 9
31 23
31 24
31 25
41 23
41 42
41 43
42 41
43 41
32 29
32 37
11 2
11 6
11 8
11 14
