44
92
33 34 0.5
33 38 0.2
12 3 0.1
12 9 0.142857
12 14 0.142857
34 33 0.166667
13 6 0.125
13 2 0.0833333
0 1 0.5
1 0 0.25
2 4 0.142857
2 11 0.142857
2 13 0.2
14 12 0.125
14 11 0.142857
14 5 0.2
14 17 0.5
23 24 0.142857
23 25 0.1
23 26 0.125
23 27 0.0833333
23 31 0.142857
23 41 0.0714286
24 23 0.0454545
24 26 0.125
24 31 0.142857
3 2 0.0833333
3 12 0.125
3 16 0.5
3 18 0.5
25 23 0.0454545
25 26 0.125
25 27 0.0833333
25 31 0.142857
4 2 0.0833333
4 5 0.2
26 25 0.1
26 23 0.0454545
26 24 0.142857
27 25 0.1
27 23 0.0454545
27 28 0.111111
27 30 0.25
27 36 0.25
5 4 0.142857
35 28 0.111111
15 2 0.0833333
36 27 0.0833333
36 30 0.25
16 3 0.1
17 14 0.142857
28 27 0.0833333
28 35 0.5
28 38 0.2
37 28 0.111111
37 29 0.166667
37 32 0.25
38 28 0.111111
38 33 0.166667
6 7 0.5
6 11 0.142857
7 6 0.125
29 32 0.25
29 37 0.2
8 5 0.2
8 4 0.142857
8 9 0.142857
9 8 0.142857
9 3 0.1
9 10 0.333333
9 12 0.125
18 3 0.1
19 20 0.25
20 19 0.166667
30 27 0.0833333
30 36 0.25
10 5 0.2
10 9 0.142857
31 23 0.0454545
31 24 0.142857
31 25 0.1
41 23 0.0454545
41 42 0.333333
41 43 0.5
42 41 0.0714286
43 41 0.0714286
32 29 0.166667
32 37 0.2
11 2 0.0833333
11 6 0.125
11 8 0.142857
11 14 0.142857
