0 1
1 0
1 2
2 1
6 7
6 9
6 17
6 19
6 21
6 23
6 32
6 34
6 44
6 56
7 6
7 14
7 18
7 28
7 29
7 41
7 48
7 62
7 77
8 6
8 9
8 10
8 12
8 17
8 30
8 33
8 39
8 49
9 6
9 8
9 13
9 58
9 59
10 8
10 11
11 10
11 12
11 16
11 24
11 39
12 8
12 9
12 11
12 10
12 20
12 22
13 9
13 59
14 7
14 18
14 27
14 31
14 37
14 41
14 68
15 9
15 6
15 13
15 36
15 46
15 53
16 11
16 10
17 8
17 6
17 26
17 67
18 14
18 7
18 66
19 6
19 21
20 12
21 19
21 6
22 12
22 20
22 47
23 6
23 34
24 11
24 10
25 45
25 50
25 54
26 17
27 14
28 7
29 7
29 48
30 11
30 8
30 40
31 14
31 37
32 17
32 6
32 35
33 8
34 6
34 23
34 38
34 42
34 52
34 64
34 65
35 32
35 30
36 15
36 51
37 14
37 31
37 68
38 34
39 8
39 12
39 11
39 51
39 55
40 30
40 57
41 7
41 14
42 34
42 38
42 52
42 64
42 65
43 50
44 6
45 25
45 54
46 15
46 36
46 53
47 22
48 7
48 29
48 62
49 33
49 8
50 25
50 43
51 30
51 36
51 39
51 15
52 34
52 38
52 42
52 64
52 65
53 36
53 46
53 15
53 70
54 25
54 45
55 39
56 6
57 40
57 61
58 9
59 13
59 58
59 9
61 57
62 7
62 48
63 32
64 34
64 42
64 52
65 42
65 64
65 34
65 38
65 52
66 18
67 17
68 37
68 14
69 57
69 61
70 53
70 6
70 71
70 75
71 70
71 72
71 75
72 71
72 74
74 70
74 72
75 71
75 70
77 7
77 25
80 82
80 84
80 85
80 90
80 93
80 105
81 83
81 88
81 95
81 102
81 103
81 111
81 117
82 80
82 85
82 86
82 91
82 92
82 99
82 107
83 81
83 86
83 88
83 106
84 80
84 86
84 87
84 101
85 80
85 82
85 91
85 96
85 97
85 131
86 84
86 83
86 82
86 109
86 118
87 80
87 84
88 83
88 81
88 94
88 100
89 80
89 105
90 80
90 104
90 122
90 128
91 82
91 80
91 85
91 105
92 82
92 107
93 89
93 80
94 88
95 81
95 124
95 129
96 85
96 97
96 109
96 115
96 120
97 96
97 85
97 121
97 133
98 96
98 108
98 119
99 82
99 92
100 88
101 84
101 105
101 109
102 81
102 113
103 81
104 90
105 89
105 80
105 91
105 101
106 83
107 82
107 92
107 116
108 98
108 119
109 86
109 101
109 84
109 96
109 112
110 123
110 125
111 81
112 109
113 102
113 117
114 103
115 96
116 107
117 81
117 113
117 130
117 132
118 86
119 108
119 98
119 131
120 96
120 115
121 97
121 129
122 90
123 110
123 125
124 95
125 110
125 123
126 97
126 124
126 127
127 126
128 90
129 97
129 95
129 121
129 85
130 117
130 132
131 85
131 119
132 117
132 130
133 97
133 121
135 129
135 9
135 34
140 141
140 142
141 140
142 140
