0
0
0
0
0
0
1
1
1
0.133996
0.154484
0.035861
0.065338
0.03144
1
0.001104
0.01203
0.201636
0.26531
0.298368
0.024463
0.298509
0.010935
0.262098
0.011928
0.011428
0.050738
0.501359
0.500767
0.288697
0.09485
0.289072
0.125763
0.408578
0.077353
0.04204
0.002137
0.235623
0.01521
0.093606
0.012148
0.264596
0.012114
0.000716
0.501453
0.003395
0.000257
0.005563
0.235101
0.333687
0.002871
0.011685
0.012091
0.000201
0.003446
0.046774
0.500184
0.001797
0.052086
0.031243
0
0.000606
0.28782
0
0.014904
0.011868
0.132595
0.100928
0.28965
0
2.3e-05
6e-06
1e-06
0
0
6e-06
0
0.100491
0
0
0.105774
1
1
0.120977
0.031466
0.14636
0.103182
0.005293
0.137365
0.014678
1
0.095802
0.20338
0.035337
0.068722
0.167154
1
0.08324
0.00146
0.334278
0.027576
0.028491
0.205127
0.200946
0.499461
0.025426
0.060432
0.192716
0.001784
0.121673
0
0.500315
0.061137
0.074527
0
0.408461
0.024602
0.105339
0.051815
0.006063
0.333078
0.025001
0.500352
0
0.055705
0
0
0
0.499656
0.023659
0.031555
0.036698
0.031545
0.027808
0
0
0
0
0
0
0
0
0
