0 1
0 3
1 0
1 2
1 4
1 5
2 1
3 0
4 1
5 1
5 2
5 12
5 6
5 7
6 8
6 10
6 5
7 9
7 5
8 6
9 5
9 7
10 11
10 6
11 10
12 17
12 53
12 179
12 21
12 193
12 89
12 74
12 13
12 45
12 46
12 5
13 80
13 181
13 20
13 117
13 23
13 168
13 47
13 12
13 14
13 15
14 120
14 37
14 118
14 23
14 56
14 57
14 15
14 159
14 13
14 31
15 48
15 34
15 59
15 69
15 39
15 60
15 13
15 14
15 16
15 49
15 18
15 19
15 52
15 24
15 25
15 27
15 28
16 177
16 19
16 52
16 263
16 24
16 121
16 15
16 63
17 36
17 182
17 119
17 40
17 84
17 12
17 46
18 33
18 26
18 180
18 196
18 15
19 16
19 66
19 133
19 22
19 94
19 15
20 115
20 13
21 192
21 34
21 67
21 36
21 70
21 73
21 12
22 19
22 68
23 137
23 124
23 13
23 14
23 47
24 16
24 190
24 29
24 38
24 15
25 160
25 153
25 55
25 22
25 15
26 16
26 96
26 18
26 116
26 77
26 110
27 136
27 35
27 15
28 101
28 39
28 218
28 42
28 27
28 167
28 15
29 24
29 123
29 43
30 32
30 65
30 67
30 21
31 217
31 130
31 195
31 14
31 23
32 65
32 58
32 157
32 30
33 168
33 18
33 51
33 140
34 189
34 175
34 261
34 21
34 72
34 213
34 15
34 125
34 111
35 27
35 92
35 207
35 71
36 64
36 17
36 21
36 182
36 135
36 105
36 62
36 165
37 57
37 118
37 14
37 159
38 24
38 41
38 128
38 52
38 166
39 161
39 28
39 214
39 54
39 15
40 17
41 186
41 221
41 38
41 479
42 33
42 97
42 202
42 103
42 141
42 223
42 111
42 148
42 149
42 15
42 28
42 85
43 256
43 19
43 29
44 32
44 123
44 43
44 100
45 209
45 12
45 53
45 46
46 17
46 12
46 45
46 129
47 50
47 13
47 23
48 15
49 132
49 76
49 90
49 203
49 172
49 15
50 47
51 104
51 33
51 26
52 16
52 81
52 107
52 116
52 139
52 38
52 87
52 95
52 15
53 98
53 99
53 163
53 198
53 71
53 220
53 170
53 12
53 45
53 158
53 79
54 39
55 160
55 25
56 102
56 75
56 37
56 14
57 464
57 33
57 83
57 37
57 14
58 32
59 60
59 69
59 15
60 59
60 69
60 15
61 16
61 66
61 43
62 36
63 16
64 36
64 86
64 30
65 32
65 41
65 106
65 30
66 43
66 19
66 61
67 76
67 21
67 30
67 199
68 22
69 136
69 59
69 60
69 15
70 35
70 147
70 21
71 185
71 74
71 35
71 53
71 206
72 34
72 175
73 66
73 99
73 21
73 62
73 142
74 176
74 21
74 71
74 185
74 187
74 12
74 126
75 56
75 124
75 78
75 14
76 49
76 67
76 113
76 111
77 26
77 82
78 75
79 129
79 170
79 99
79 53
79 198
80 28
80 13
80 109
81 107
81 52
81 139
82 88
82 50
82 77
82 47
83 152
83 57
84 17
84 53
85 42
85 148
85 141
85 150
86 64
86 36
86 62
87 91
87 52
87 93
88 82
88 108
88 130
88 31
89 17
89 12
89 45
89 158
90 49
90 205
90 145
90 57
90 42
90 122
90 111
91 87
92 35
93 87
94 19
95 26
95 155
95 52
95 134
95 127
96 26
97 210
97 148
97 85
97 103
97 202
97 42
98 53
99 73
99 98
99 53
99 142
99 79
100 114
100 44
100 143
101 34
101 27
101 28
101 215
102 56
102 130
102 14
103 97
103 210
103 148
103 149
103 42
103 171
103 141
104 51
105 169
105 36
105 62
106 65
107 81
107 52
108 88
108 50
109 80
110 26
110 116
111 173
111 34
111 138
111 184
111 90
111 191
111 76
111 42
111 154
112 32
112 58
112 165
113 76
114 89
114 156
114 100
115 20
116 204
116 26
116 52
116 110
117 13
118 37
118 14
119 40
119 17
120 168
120 14
120 159
121 16
121 116
122 90
122 164
122 178
122 205
123 128
123 144
123 146
123 41
123 44
123 29
123 157
124 82
124 75
124 151
124 23
125 34
125 189
126 176
126 74
127 95
128 123
128 196
128 38
129 46
129 79
130 88
130 151
130 102
130 31
131 18
131 194
132 49
133 153
133 19
133 68
133 125
134 208
134 216
134 155
134 95
135 17
135 36
135 61
135 62
136 27
136 69
136 15
137 75
137 37
137 14
137 23
138 176
138 67
138 21
138 111
139 81
139 107
139 52
140 33
141 97
141 210
141 149
141 150
141 103
141 42
141 171
141 202
141 85
142 200
142 73
142 99
143 100
144 128
144 115
144 26
144 123
144 174
145 90
145 164
145 122
146 123
147 70
148 202
148 97
148 42
148 85
148 103
149 42
149 141
149 103
150 42
150 85
150 141
151 130
151 124
151 50
151 197
152 57
152 83
153 25
153 133
153 94
153 199
154 191
154 111
155 95
155 134
155 127
156 114
156 30
157 32
157 123
158 89
158 162
158 35
158 92
158 53
159 120
159 492
159 37
159 14
160 25
160 55
161 39
162 158
163 53
163 79
164 145
164 122
164 178
165 112
165 211
165 36
165 216
165 141
165 95
166 38
167 28
168 120
168 33
168 13
168 159
169 105
169 84
169 17
170 98
170 53
170 79
171 97
171 148
171 103
171 42
171 141
171 238
172 49
172 203
173 111
174 144
175 34
175 213
175 72
175 223
175 125
175 189
176 185
176 138
176 74
176 126
177 16
177 61
178 122
178 164
178 90
179 12
179 45
180 18
180 194
181 117
181 214
181 13
182 17
182 36
182 222
183 13
183 23
184 173
184 111
185 176
185 74
185 71
186 41
186 221
187 74
188 147
188 70
189 34
189 125
189 175
190 24
190 158
191 184
191 154
191 111
192 21
193 179
193 12
194 56
194 49
194 131
194 180
195 31
196 128
196 18
196 115
197 151
198 53
198 79
199 160
199 153
199 67
200 142
201 135
202 97
202 148
202 103
202 42
202 141
202 223
203 49
203 172
204 116
205 90
205 122
206 71
207 35
208 16
208 155
208 134
208 95
209 12
209 45
210 97
210 141
210 150
210 103
211 165
212 36
212 62
213 72
213 34
213 125
213 189
213 175
214 18
214 180
214 181
214 39
214 219
214 223
215 101
216 165
216 134
216 87
217 31
218 28
219 214
220 98
220 53
220 198
221 41
221 186
222 261
222 182
223 16
223 224
223 227
223 228
223 214
223 42
223 235
223 202
223 175
224 225
224 226
224 234
224 223
225 224
225 233
226 224
227 231
227 230
227 223
228 223
229 224
229 232
229 226
230 227
230 492
230 231
231 227
231 230
232 236
232 229
233 225
234 224
234 226
235 223
236 232
236 237
237 236
238 128
238 16
238 18
238 242
238 171
238 255
238 240
238 239
239 241
239 246
239 238
240 251
240 245
240 238
241 248
241 243
241 252
241 239
242 238
243 241
243 244
243 254
243 247
243 248
243 250
243 252
243 253
243 238
244 248
244 243
244 253
244 247
245 240
245 242
245 251
246 239
247 249
247 243
247 244
248 241
248 250
248 243
248 244
249 247
250 248
250 243
251 240
251 245
252 241
252 243
252 244
253 243
253 244
254 243
254 244
255 238
256 257
256 43
256 4
256 29
256 5
257 256
257 258
257 259
257 260
258 257
258 259
259 257
259 258
260 256
260 257
261 34
261 262
261 72
261 189
261 222
261 15
262 261
263 288
263 294
263 7
263 264
263 265
263 270
263 271
263 16
263 273
263 275
263 53
263 311
263 284
263 21
264 324
264 295
264 392
264 263
264 268
264 338
264 302
264 432
264 306
264 276
264 341
264 441
264 285
265 292
265 278
265 263
265 266
265 443
265 298
266 265
266 267
266 316
266 269
266 415
267 320
267 354
267 291
267 388
267 296
267 266
267 269
267 368
267 328
267 276
267 280
267 282
267 330
268 336
268 321
268 309
268 352
268 264
268 345
268 394
268 285
268 437
269 266
269 267
269 274
269 391
270 323
270 375
270 393
270 378
270 263
270 365
270 429
271 273
271 343
271 308
271 277
271 263
271 283
271 284
272 287
272 299
272 290
272 275
272 263
273 297
273 271
273 431
273 263
274 332
274 269
275 272
275 410
275 460
275 263
276 320
276 347
276 420
276 293
276 279
276 264
276 267
276 435
277 283
277 271
278 265
278 307
278 292
278 281
279 416
279 281
279 314
279 276
280 320
280 322
280 291
280 310
280 359
280 296
280 315
280 267
280 301
280 354
281 289
281 390
281 276
281 293
281 278
281 279
281 492
281 364
281 305
281 286
281 303
282 280
282 291
282 267
282 328
283 396
283 308
283 277
283 446
283 271
284 369
284 270
284 334
284 263
284 399
284 350
284 271
285 264
285 300
285 268
285 382
285 385
286 281
286 364
286 303
287 272
287 290
288 337
288 275
288 311
288 263
288 349
288 430
289 281
289 364
289 305
289 390
289 303
290 272
290 336
290 405
290 352
290 440
290 398
290 287
291 328
291 296
291 315
291 310
291 359
291 280
291 282
291 267
291 301
291 368
292 304
292 278
292 313
292 344
292 265
292 379
292 317
293 276
293 366
293 329
293 281
293 395
293 286
293 335
294 265
294 447
294 451
294 263
295 264
295 342
296 322
296 291
296 276
296 358
296 327
296 280
296 371
296 267
296 284
296 334
297 273
297 412
298 278
298 361
298 265
298 411
298 316
298 380
299 272
299 352
299 418
299 356
299 278
299 294
299 376
299 298
300 432
300 417
300 309
300 454
300 409
300 285
300 333
301 280
301 267
301 354
301 291
301 368
302 408
302 355
302 292
302 357
302 264
302 426
302 331
302 444
302 383
303 289
303 438
303 286
303 281
304 344
304 313
304 292
304 317
305 289
305 326
305 360
305 281
305 442
305 318
306 264
307 265
307 278
308 283
308 271
309 416
309 406
309 279
309 264
309 300
309 314
309 268
309 382
310 280
310 291
310 401
310 296
310 315
310 267
311 288
311 419
311 325
311 398
311 263
312 304
312 344
312 379
312 292
312 317
313 304
313 379
313 292
314 319
314 403
314 309
314 422
314 279
315 280
315 291
315 310
315 351
316 266
316 298
316 373
317 304
317 400
317 292
317 373
317 312
317 348
317 421
318 305
318 492
318 293
318 326
318 281
319 314
319 373
320 448
320 291
320 276
320 280
320 339
320 267
320 300
321 352
321 345
321 268
321 341
321 414
322 280
322 291
322 340
322 296
322 404
322 267
322 285
323 385
323 386
323 419
323 308
323 362
323 270
324 264
324 392
325 311
326 305
326 458
326 318
326 433
327 296
327 371
327 428
327 334
328 291
328 282
328 267
328 301
329 367
329 291
329 293
329 374
329 315
329 267
329 445
329 351
330 267
330 479
330 359
331 408
331 355
331 341
331 302
331 383
332 274
332 363
332 413
333 450
333 300
334 296
334 346
334 323
334 284
334 327
335 377
335 293
335 453
336 321
336 290
336 268
336 455
337 288
338 264
339 320
340 322
340 346
341 264
341 321
341 402
341 331
341 317
342 295
343 277
343 271
344 312
344 304
344 292
345 321
345 268
346 385
346 322
346 340
346 285
346 334
347 276
348 400
348 424
348 427
348 317
348 421
349 288
349 337
349 430
350 369
350 284
351 280
351 329
351 315
351 328
351 457
352 321
352 290
352 439
352 389
352 353
352 423
352 299
352 268
353 352
353 389
353 479
354 456
354 370
354 276
354 381
354 280
354 445
354 267
354 301
354 351
355 481
355 331
355 413
355 302
356 299
357 331
357 302
358 296
358 327
359 280
359 291
359 330
359 267
360 305
360 442
361 298
361 372
362 323
363 274
363 332
363 397
364 281
364 286
364 289
365 429
365 270
365 407
366 384
366 293
366 367
367 329
367 366
368 267
368 291
368 301
369 284
369 350
370 354
371 296
371 327
372 361
372 298
373 403
373 269
373 422
373 314
373 316
373 317
373 319
374 329
374 452
375 283
375 350
375 270
376 299
376 356
377 453
377 335
378 270
379 312
379 313
379 292
379 304
380 298
380 372
381 354
382 285
382 309
383 481
383 331
383 302
384 458
384 387
384 366
385 425
385 346
385 323
385 277
385 285
386 362
386 323
387 384
388 280
388 328
388 267
388 436
389 352
389 353
390 281
390 289
391 459
391 269
392 264
392 324
393 337
393 308
393 349
393 270
394 321
394 268
394 414
395 364
395 293
396 283
397 363
397 459
398 449
398 290
398 275
398 311
399 297
399 284
400 424
400 348
400 317
401 310
402 341
403 314
403 373
403 279
404 322
404 340
405 290
406 309
407 365
407 270
407 429
408 426
408 331
408 302
409 417
409 450
409 300
409 333
409 454
410 275
411 361
411 298
412 297
413 274
413 355
413 332
414 321
414 394
414 268
415 266
416 309
416 279
417 409
417 300
418 376
418 299
419 323
419 311
420 428
420 276
421 348
421 317
422 314
422 373
423 352
424 400
424 434
424 427
424 348
424 317
425 385
426 408
426 302
426 383
427 424
427 348
427 421
427 317
428 420
428 276
428 333
428 327
429 365
429 270
429 407
430 288
430 337
430 349
431 273
432 264
432 300
433 326
434 424
434 348
434 421
434 317
435 276
436 388
437 345
437 394
437 268
438 293
438 303
439 352
439 389
440 290
440 405
441 264
442 360
442 305
443 265
443 278
444 408
444 331
444 302
444 383
445 329
445 354
445 370
446 283
447 451
447 294
448 320
448 339
449 398
450 409
450 300
450 333
450 454
451 294
451 447
452 329
452 374
453 377
453 326
453 335
454 409
454 450
454 300
454 333
455 336
456 354
457 351
458 384
458 318
458 326
459 397
459 391
460 410
460 275
461 245
461 149
461 374
461 15
461 462
461 367
462 461
462 463
463 462
464 465
464 467
464 470
464 103
464 280
464 57
464 139
464 476
464 141
465 464
465 472
465 466
466 465
466 477
466 471
467 464
467 466
467 468
467 469
467 471
467 473
468 467
468 469
468 471
468 472
468 473
468 474
469 467
469 468
469 478
469 470
469 475
470 464
470 469
471 466
471 467
471 468
472 465
472 468
473 467
473 468
474 468
475 469
476 464
477 472
477 466
478 469
479 128
479 353
479 322
479 480
479 41
479 330
480 479
481 482
481 355
481 485
481 487
481 264
481 490
481 331
481 491
481 414
481 383
482 481
482 483
482 486
483 482
483 484
484 488
484 483
485 481
485 490
485 489
486 481
486 482
487 481
487 489
488 484
489 485
489 487
490 481
490 485
491 481
491 485
492 498
492 230
492 281
492 495
492 493
492 318
492 159
493 492
493 494
494 496
494 497
494 499
494 493
495 492
495 493
496 494
497 499
497 494
498 492
499 497
499 494
