0 1
0 2
1 0
2 0
3 4
3 6
3 8
3 13
3 49
4 3
4 6
4 12
4 24
4 52
5 7
5 25
5 28
6 3
6 4
6 13
6 18
6 32
6 35
6 49
6 59
7 5
7 11
7 15
7 30
7 38
7 54
8 3
8 10
8 31
8 37
9 16
9 29
9 40
10 8
11 7
11 21
11 30
11 42
12 4
12 24
13 6
13 3
13 14
13 36
14 13
15 7
15 36
15 38
15 50
15 73
16 9
16 4
17 8
17 20
17 45
17 46
17 51
17 57
17 68
17 140
18 6
19 22
20 17
21 11
21 30
21 42
22 19
23 39
23 52
23 56
23 64
24 4
24 12
24 27
24 133
25 5
25 26
25 63
26 4
26 25
26 20
26 5
26 41
26 60
26 71
27 24
27 29
27 47
28 5
28 73
29 9
29 24
29 27
30 7
30 11
30 21
30 54
30 55
31 8
31 62
32 6
32 18
32 59
33 7
33 48
34 29
35 16
35 6
35 10
35 69
36 14
36 13
36 15
36 58
36 70
37 8
37 53
37 62
38 7
38 15
38 66
39 23
39 56
40 9
41 26
41 60
41 71
42 11
42 21
42 43
43 42
43 11
43 21
44 9
45 17
46 17
47 29
47 9
47 24
47 27
48 33
49 3
49 6
49 61
50 15
51 17
52 39
52 23
52 4
53 37
54 7
54 30
55 30
56 39
56 23
56 64
57 17
57 68
58 36
59 6
59 32
60 41
60 26
61 59
61 49
62 8
62 31
62 37
62 65
63 25
63 28
63 5
64 23
64 39
64 56
65 62
66 38
68 57
68 17
69 35
70 36
71 26
71 41
73 15
73 25
73 28
75 76
75 133
76 75
79 80
79 86
79 87
79 92
79 95
79 100
79 112
79 129
80 79
80 81
80 83
80 84
80 102
80 108
80 109
81 80
82 100
82 127
83 80
83 90
83 105
83 120
84 80
84 81
84 88
84 128
85 96
85 98
86 79
86 87
86 91
86 103
87 86
87 79
87 89
87 94
87 106
87 113
87 119
88 84
89 87
89 93
90 83
90 105
90 120
90 123
91 86
91 103
92 79
92 100
92 101
93 89
94 87
94 121
95 79
95 112
96 85
96 116
97 82
97 99
97 107
98 85
98 104
98 111
99 97
100 79
100 92
100 82
100 110
100 115
100 117
101 92
102 80
103 91
103 86
104 98
105 90
105 83
105 114
106 87
106 113
107 97
108 80
108 102
109 80
109 102
110 100
110 115
110 117
111 98
112 79
112 95
112 130
113 87
113 106
113 119
114 81
114 105
114 89
115 110
115 100
116 96
116 111
117 100
117 110
118 92
118 101
118 121
118 125
118 129
118 140
119 113
119 87
120 83
120 90
121 94
121 118
123 90
123 83
125 104
125 98
125 118
126 90
126 123
126 83
126 120
127 82
128 84
129 79
129 118
130 79
130 112
130 100
131 120
132 87
132 113
133 24
133 75
133 134
134 133
135 139
137 135
139 135
140 118
140 17
140 15
141 142
142 141
142 143
143 142
