0
0
0
0.079276
0.114655
0.106407
1
0.010487
0.065097
0.004196
0.045704
0.000878
0.03086
0.189312
0.370626
0.089749
0.042068
1
0.384779
0
0.306184
0.000312
0
0.001919
0.014184
0.155203
1
0.002101
0.029825
0.00089
0.001154
0.013402
0.228447
0
0
0.166818
1
0.007356
0.016328
0.003001
0.002149
0.216399
0.000175
4e-05
0
0.500605
0.500235
0.000325
0
0.096928
0.044459
0.334558
0.016386
0.003705
0.002897
0.000586
0.000906
0.298396
0.500434
0.198187
0.230889
0.024487
0.002602
0.038857
0.000539
0.001299
0.008164
0
0.29794
0.083539
0.500111
0.193713
0
0.009066
0
0.000207
5.6e-05
0
0
0.143395
1
0.219409
0.142914
0.101073
0.111647
0.002045
0.101958
1
0.055822
0.167811
0.011555
0.019753
0.280006
0.04216
0.128457
0.040412
0.000361
0
0.02295
0
1
0.388587
0.370176
0.023063
0.045209
0.013776
0.282257
0
0.333264
0.333321
0.235326
0.007788
0.028744
0.196988
0.003543
0.289565
0.000122
0.287709
1
0.228735
0.01824
0.182405
0
0.002866
0
0.167179
0
0.071219
0.02791
0.275996
0.004787
0
0
0.001232
0.000309
0
0
0
0
0
0.172612
0
0
0
0
0
