0 1
1 0
2 3
2 4
2 6
2 9
2 12
2 64
3 2
3 8
3 40
4 2
4 5
4 7
4 33
4 36
4 139
5 3
5 4
5 66
6 2
6 11
6 16
6 23
6 27
6 38
6 55
6 59
7 4
7 21
7 32
7 35
7 49
8 3
8 40
9 2
9 12
9 17
9 22
9 31
9 42
9 64
10 18
10 54
10 62
11 6
11 16
11 23
11 26
11 27
11 55
11 59
11 144
11 145
12 2
12 9
12 31
13 14
13 29
13 52
13 68
14 13
14 29
15 13
16 6
16 11
16 23
16 38
17 9
17 2
17 12
17 31
17 42
18 10
18 22
18 34
18 37
18 56
19 13
19 20
19 24
19 67
20 19
20 68
21 7
21 4
21 32
21 60
22 9
22 12
22 18
22 17
22 28
22 39
22 44
23 6
23 16
23 11
23 55
24 20
24 19
24 29
26 6
26 23
26 11
26 27
26 38
27 11
27 6
27 26
27 41
27 43
28 22
28 39
28 44
29 14
29 13
29 24
29 30
29 51
30 29
30 61
30 68
31 12
31 9
31 17
31 50
32 21
32 7
33 4
33 46
34 18
34 56
35 7
36 4
37 34
37 18
37 48
37 63
38 26
38 16
38 6
39 22
39 28
39 44
40 31
40 3
40 8
40 45
41 27
42 9
42 17
43 27
44 28
44 22
44 39
45 40
46 33
47 58
48 37
49 7
49 35
50 31
51 29
52 13
53 21
53 40
53 12
53 57
54 10
55 23
55 11
55 6
56 18
56 34
57 53
58 47
59 11
59 6
60 21
61 30
61 81
62 10
62 33
63 37
63 48
64 42
64 9
64 2
64 17
65 44
65 6
66 23
66 5
66 42
67 24
67 20
67 19
68 19
68 13
68 20
68 30
68 69
68 71
69 68
69 72
70 72
71 68
72 69
72 70
73 74
73 76
74 73
76 73
77 140
79 77
81 20
81 19
81 61
82 86
82 89
82 90
82 95
82 105
82 113
82 114
82 121
82 140
83 84
84 83
84 85
84 129
85 84
85 129
86 82
86 96
86 128
86 137
87 127
89 82
90 82
90 95
90 114
90 121
90 140
91 97
91 101
92 103
92 106
92 107
92 111
93 112
93 116
94 99
94 104
94 130
94 131
95 90
95 82
95 100
95 110
96 86
97 91
97 101
98 132
99 94
100 95
100 108
100 110
101 97
101 91
101 119
103 92
103 106
103 109
104 94
104 115
104 134
104 138
105 82
105 133
106 92
106 103
106 107
106 111
106 123
107 92
107 106
107 109
107 111
108 100
108 105
108 95
109 107
109 103
109 120
109 124
109 136
110 95
110 100
111 107
111 106
111 92
112 93
112 111
112 118
113 82
113 90
113 121
114 82
114 90
115 104
115 134
115 138
116 93
118 112
119 101
119 86
119 122
119 126
120 109
120 136
121 90
121 113
121 82
122 119
122 126
123 92
123 106
123 107
124 96
124 109
124 120
125 111
126 119
126 122
127 87
128 86
129 84
129 85
130 94
130 131
131 130
131 94
132 98
132 135
133 105
134 104
134 115
135 132
136 120
136 109
137 86
137 128
138 115
138 104
138 134
139 131
139 90
139 4
140 2
140 114
140 90
140 77
140 82
140 142
142 140
143 145
144 11
145 143
145 11
145 2
146 148
148 146
