149
374
0 1 0.5
1 0 0.125
2 3 0.111111
2 4 0.0625
2 6 0.0526316
2 9 0.0714286
2 12 0.111111
2 64 0.166667
3 2 0.05
3 8 0.25
3 40 0.111111
4 2 0.05
4 5 0.142857
4 7 0.0625
4 33 0.2
4 36 0.5
4 139 0.0909091
5 3 0.111111
5 4 0.0625
5 66 0.166667
6 2 0.05
6 11 0.0555556
6 16 0.125
6 23 0.1
6 27 0.0769231
6 38 0.166667
6 55 0.166667
6 59 0.166667
7 4 0.0625
7 21 0.1
7 32 0.166667
7 35 0.333333
7 49 0.333333
8 3 0.111111
8 40 0.111111
9 2 0.05
9 12 0.111111
9 17 0.1
9 22 0.0769231
9 31 0.111111
9 42 0.166667
9 64 0.166667
10 18 0.1
10 54 0.5
10 62 0.2
11 6 0.0526316
11 16 0.125
11 23 0.1
11 26 0.125
11 27 0.0769231
11 55 0.166667
11 59 0.166667
11 144 0.1
11 145 0.0714286
12 2 0.05
12 9 0.0714286
12 31 0.111111
13 14 0.2
13 29 0.1
13 52 0.5
13 68 0.0833333
14 13 0.0833333
14 29 0.1
15 13 0.0833333
16 6 0.0526316
16 11 0.0555556
16 23 0.1
16 38 0.166667
17 9 0.0714286
17 2 0.05
17 12 0.111111
17 31 0.111111
17 42 0.166667
18 10 0.125
18 22 0.0769231
18 34 0.2
18 37 0.125
18 56 0.25
19 13 0.0833333
19 20 0.142857
19 24 0.142857
19 67 0.25
20 19 0.0769231
20 68 0.0833333
21 7 0.0625
21 4 0.0625
21 32 0.166667
21 60 0.5
22 9 0.0714286
22 12 0.111111
22 18 0.1
22 17 0.1
22 28 0.166667
22 39 0.166667
22 44 0.142857
23 6 0.0526316
23 16 0.125
23 11 0.0555556
23 55 0.166667
24 20 0.142857
24 19 0.0769231
24 29 0.1
26 6 0.0526316
26 23 0.1
26 11 0.0555556
26 27 0.0769231
26 38 0.166667
27 11 0.0555556
27 6 0.0526316
27 26 0.125
27 41 0.5
27 43 0.5
28 22 0.0769231
28 39 0.166667
28 44 0.142857
29 14 0.2
29 13 0.0833333
29 24 0.142857
29 30 0.166667
29 51 0.5
30 29 0.1
30 61 0.25
30 68 0.0833333
31 12 0.111111
31 9 0.0714286
31 17 0.1
31 50 0.5
32 21 0.1
32 7 0.0625
33 4 0.0625
33 46 0.5
34 18 0.1
34 56 0.25
35 7 0.0625
36 4 0.0625
37 34 0.2
37 18 0.1
37 48 0.333333
37 63 0.333333
38 26 0.125
38 16 0.125
38 6 0.0526316
39 22 0.0769231
39 28 0.166667
39 44 0.142857
40 31 0.111111
40 3 0.111111
40 8 0.25
40 45 0.25
41 27 0.0769231
42 9 0.0714286
42 17 0.1
43 27 0.0769231
44 28 0.166667
44 22 0.0769231
44 39 0.166667
45 40 0.111111
46 33 0.2
47 58 0.5
48 37 0.125
49 7 0.0625
49 35 0.333333
50 31 0.111111
51 29 0.1
52 13 0.0833333
53 21 0.1
53 40 0.111111
53 12 0.111111
53 57 0.5
54 10 0.125
55 23 0.1
55 11 0.0555556
55 6 0.0526316
56 18 0.1
56 34 0.2
57 53 0.166667
58 47 0.142857
59 11 0.0555556
59 6 0.0526316
60 21 0.1
61 30 0.166667
61 81 0.125
62 10 0.125
62 33 0.2
63 37 0.125
63 48 0.333333
64 42 0.166667
64 9 0.0714286
64 2 0.05
64 17 0.1
65 44 0.142857
65 6 0.0526316
66 23 0.1
66 5 0.142857
66 42 0.166667
67 24 0.142857
67 20 0.142857
67 19 0.0769231
68 19 0.0769231
68 13 0.0833333
68 20 0.142857
68 30 0.166667
68 69 0.125
68 71 0.25
69 68 0.0833333
69 72 0.166667
70 72 0.166667
71 68 0.0833333
72 69 0.125
72 70 0.25
73 74 0.25
73 76 0.5
74 73 0.142857
76 73 0.142857
77 140 0.0588235
79 77 0.142857
81 20 0.142857
81 19 0.0769231
81 61 0.25
82 86 0.0909091
82 89 0.25
82 90 0.0833333
82 95 0.0909091
82 105 0.2
82 113 0.2
82 114 0.2
82 121 0.166667
82 140 0.0588235
83 84 0.1
84 83 0.25
84 85 0.2
84 129 0.25
85 84 0.1
85 129 0.25
86 82 0.0454545
86 96 0.166667
86 128 0.333333
86 137 0.333333
87 127 0.5
89 82 0.0454545
90 82 0.0454545
90 95 0.0909091
90 114 0.2
90 121 0.166667
90 140 0.0588235
91 97 0.25
91 101 0.166667
92 103 0.166667
92 106 0.1
92 107 0.111111
92 111 0.125
93 112 0.2
93 116 0.5
94 99 0.5
94 104 0.1
94 130 0.25
94 131 0.2
95 90 0.0833333
95 82 0.0454545
95 100 0.166667
95 110 0.25
96 86 0.0909091
97 91 0.111111
97 101 0.166667
98 132 0.125
99 94 0.0909091
100 95 0.0909091
100 108 0.25
100 110 0.25
101 97 0.25
101 91 0.111111
101 119 0.111111
103 92 0.0909091
103 106 0.1
103 109 0.0833333
104 94 0.0909091
104 115 0.166667
104 134 0.2
104 138 0.2
105 82 0.0454545
105 133 0.5
106 92 0.0909091
106 103 0.166667
106 107 0.111111
106 111 0.125
106 123 0.25
107 92 0.0909091
107 106 0.1
107 109 0.0833333
107 111 0.125
108 100 0.166667
108 105 0.2
108 95 0.0909091
109 107 0.111111
109 103 0.166667
109 120 0.2
109 124 0.166667
109 136 0.25
110 95 0.0909091
110 100 0.166667
111 107 0.111111
111 106 0.1
111 92 0.0909091
112 93 0.166667
112 111 0.125
112 118 0.5
113 82 0.0454545
113 90 0.0833333
113 121 0.166667
114 82 0.0454545
114 90 0.0833333
115 104 0.1
115 134 0.2
115 138 0.2
116 93 0.166667
118 112 0.2
119 101 0.166667
119 86 0.0909091
119 122 0.25
119 126 0.25
120 109 0.0833333
120 136 0.25
121 90 0.0833333
121 113 0.2
121 82 0.0454545
122 119 0.111111
122 126 0.25
123 92 0.0909091
123 106 0.1
123 107 0.111111
124 96 0.166667
124 109 0.0833333
124 120 0.2
125 111 0.125
126 119 0.111111
126 122 0.25
127 87 0.111111
128 86 0.0909091
129 84 0.1
129 85 0.2
130 94 0.0909091
130 131 0.2
131 130 0.25
131 94 0.0909091
132 98 0.2
132 135 0.25
133 105 0.2
134 104 0.1
134 115 0.166667
135 132 0.125
136 120 0.2
136 109 0.0833333
137 86 0.0909091
137 128 0.333333
138 115 0.166667
138 104 0.1
138 134 0.2
139 131 0.2
139 90 0.0833333
139 4 0.0625
140 2 0.05
140 114 0.2
140 90 0.0833333
140 77 0.142857
140 82 0.0454545
140 142 0.333333
142 140 0.0588235
143 145 0.0714286
144 11 0.0555556
145 143 0.2
145 11 0.0555556
145 2 0.05
146 148 0.5
148 146 0.2
