0
0
0.07489
0.024111
1
0.142749
0.070306
0.062978
0.00673
0.095386
0.026657
0.068824
0.139271
0.101332
0.214478
0
0.024248
0.114687
0.212015
0.014692
0.02595
0.007264
1
0.032979
0.142801
0
0.134231
1
0.214017
1
0.168305
0.037677
0.01144
0.201102
0.237729
0.025629
0.501404
1
0.036366
0.214131
0.003248
0.500015
0.041593
0.500293
0.188094
0.000795
0.100975
0
0.408607
0.020801
0.019008
0.500804
0.050668
0
0.013267
0.026956
0.104691
0
0
0.022815
0.003685
0.042303
0.005423
0.333299
0.027748
0
0.023937
0.00362
0.024127
0.002997
0.000126
0.006046
0.000506
0
0
0
0
0.009651
0
0
0
0.005329
1
0
0
0
0.093328
0
0
0.251695
0.148966
0
0.029548
0
1
0.102267
0.042616
0
0
0.499981
0.020656
0
0
0.170577
0.1009
0.200823
0.032052
0.11661
0.005121
1
0.028815
0.021448
0
0.229971
0.231699
0.022814
0
0
0
0
0.26659
0.211899
0
0.008149
0.167044
0
0
0
0.038107
0
0.290891
0.254273
0
0.10084
0.026708
0
0.294242
0.031302
0.023467
0.090943
0.066526
0
0.021866
0.001011
0.006983
0.004968
0
0
0
