0 1
0 2
1 0
2 0
3 32
3 37
3 64
3 68
3 78
4 10
4 16
4 19
4 20
5 12
5 22
5 33
5 36
5 41
5 57
6 9
6 13
6 40
6 71
7 3
7 8
7 11
7 17
7 73
7 99
8 7
8 18
8 38
8 69
8 93
8 102
8 111
9 6
9 72
10 4
10 3
10 15
10 21
10 28
10 29
10 58
10 74
10 83
10 91
11 7
11 17
11 109
12 5
12 36
13 9
13 6
13 15
14 23
14 30
14 43
14 45
14 51
14 92
15 13
15 10
16 4
16 21
16 34
17 7
17 11
17 60
17 73
17 99
17 109
18 8
18 38
18 69
18 102
19 4
19 48
19 110
20 4
20 76
21 10
21 16
21 4
21 14
22 5
22 50
22 57
23 14
23 31
23 35
23 39
23 47
23 66
23 108
24 27
24 49
24 65
25 26
26 25
26 42
27 24
27 49
27 88
28 10
28 29
28 58
28 74
28 83
29 10
29 26
29 28
30 14
30 54
30 63
31 23
31 35
31 47
31 94
31 108
32 3
32 52
32 68
32 78
33 12
33 5
33 22
34 16
34 82
34 101
35 31
35 23
35 66
35 108
36 12
36 5
37 3
37 64
37 106
38 18
38 8
38 69
39 35
39 23
39 59
40 6
41 5
41 22
41 44
41 53
41 61
41 84
42 26
42 25
42 70
42 96
43 14
43 3
44 41
45 14
45 51
46 20
46 76
47 35
47 31
47 23
47 39
47 59
48 19
48 87
49 24
49 27
49 65
49 131
50 22
50 5
50 60
51 14
51 45
51 92
52 3
52 32
52 89
53 41
53 67
53 77
53 79
53 98
54 30
55 44
55 53
56 42
56 70
57 5
57 22
57 107
58 10
58 28
59 39
59 47
59 79
59 80
59 95
59 100
59 131
60 17
60 50
60 7
60 62
61 41
61 55
61 90
62 60
63 30
63 54
63 75
63 81
64 3
64 37
65 24
65 49
66 23
66 35
67 53
67 79
68 32
68 3
69 18
69 38
69 8
70 56
70 42
70 96
71 6
72 9
72 97
73 7
73 17
74 10
74 28
74 58
75 63
76 46
76 20
76 85
77 53
77 67
77 79
77 86
77 98
78 3
78 32
79 53
79 59
79 67
79 77
80 59
81 63
82 34
82 9
82 103
83 10
83 58
83 28
84 41
85 76
86 67
86 53
86 77
87 48
88 27
88 65
88 49
89 52
89 41
89 50
89 104
90 61
90 105
91 10
92 14
92 51
93 38
93 18
93 8
94 31
94 23
94 66
95 59
95 80
96 70
96 42
96 56
97 72
97 69
98 77
98 67
98 53
99 7
99 17
100 59
101 9
101 34
102 8
102 18
102 38
102 111
103 82
104 89
105 90
106 37
106 32
106 3
107 5
107 57
108 23
108 35
108 47
108 31
109 17
109 11
109 73
110 19
111 63
111 51
111 102
111 14
111 8
111 112
111 113
111 114
111 115
111 232
112 111
112 120
113 111
114 111
114 113
114 116
114 118
114 119
115 111
116 114
117 114
117 118
117 119
118 117
118 114
119 117
119 114
120 112
121 122
121 127
122 121
122 123
122 124
122 125
122 126
122 129
123 122
123 130
124 122
124 128
125 122
126 123
126 122
127 121
128 124
129 122
130 123
131 59
131 106
131 49
131 79
131 132
131 133
132 131
133 131
134 144
134 162
134 216
135 136
135 141
135 147
135 160
136 135
136 152
136 194
136 206
136 222
137 139
137 140
137 148
137 169
137 178
137 180
137 187
137 219
138 204
139 137
139 184
140 137
140 141
140 142
140 146
140 155
140 167
141 135
141 140
141 143
141 151
141 207
141 210
141 215
141 229
142 140
142 202
143 141
143 166
143 189
143 223
144 143
144 134
145 147
145 159
145 174
146 143
146 140
146 161
146 183
146 200
146 202
146 208
147 145
147 136
147 135
147 193
148 137
148 153
149 135
149 195
150 145
150 186
151 141
151 203
152 136
152 165
153 148
153 137
153 154
153 157
153 158
153 217
153 227
154 153
154 171
154 227
155 140
156 205
157 154
157 149
157 153
157 173
158 154
158 153
158 217
159 145
160 135
160 188
160 211
161 146
162 134
162 216
163 171
163 179
163 182
164 171
165 152
166 143
166 189
166 223
167 140
168 156
168 170
168 197
169 137
169 178
169 180
169 219
170 140
170 168
171 153
171 163
171 164
171 154
171 176
171 221
172 163
172 179
172 182
173 157
174 145
176 171
176 221
177 220
177 224
178 137
178 169
178 219
179 163
179 172
179 182
180 137
180 169
180 178
180 184
180 219
181 224
182 172
182 179
182 163
182 209
183 146
183 200
184 139
184 180
184 170
186 150
187 137
187 192
187 196
187 214
187 218
188 160
188 211
189 143
189 166
189 134
189 190
189 212
189 226
190 189
191 210
192 187
192 196
192 244
193 147
194 136
194 198
194 222
195 149
196 187
196 192
196 218
196 225
197 168
197 144
197 166
198 194
198 136
198 222
199 201
200 146
200 183
200 202
201 199
201 213
202 146
202 200
202 142
203 141
203 151
203 207
204 138
205 156
206 136
206 194
206 222
207 141
207 203
207 151
208 146
208 200
208 226
209 172
209 179
209 182
209 163
210 141
210 175
210 191
210 135
211 188
211 160
212 189
212 190
212 226
213 201
214 187
214 196
214 192
214 225
215 203
215 151
215 141
216 134
216 162
217 153
217 158
218 196
218 192
218 187
218 214
218 225
219 137
219 180
219 178
219 169
220 177
221 176
221 171
222 206
222 198
222 136
222 194
223 143
223 166
224 181
224 177
225 192
225 214
225 187
225 196
225 218
226 208
226 190
226 189
226 212
227 153
227 158
227 154
227 232
228 166
228 134
229 116
229 141
229 230
230 229
230 231
231 230
232 111
232 45
232 118
232 227
232 233
232 236
233 232
233 234
233 235
233 237
234 233
235 233
236 232
236 239
237 233
239 236
239 244
242 243
243 242
244 192
244 239
244 245
244 246
244 249
245 244
245 248
246 244
246 248
248 246
248 244
248 245
249 244
