0
0
0
0.068525
0.093153
0.072609
0.002161
0.137588
0.072199
0.00364
1
0.211868
0.013946
0.022436
0.083245
0.200853
0.023732
1
0.021018
0.015565
0.013456
0.101846
0.121618
0.025443
0.001121
0.008058
0.036978
0.001337
0.156593
0.222422
0.170981
0.017524
0.012725
0.012248
0.002945
0.033736
0.020382
0.015883
0.032374
0.184396
0.000523
1
0.003717
0.011712
0.203382
0.071493
0.000554
0.114468
0.003831
0.006996
0.030805
0.158575
0.002135
0.075054
0.363727
0.018378
0.000242
0.03148
0.243435
1
0.12757
0.111423
0.063627
1
0.019862
0.001599
0.012154
0.025302
0.019281
0.013469
0.000568
0.001043
0.000955
0.255139
0.223416
0.501798
0.00172
0.020172
0.01936
0.0949
0.407262
0.501867
0.000339
0.223465
0.500095
0.000563
0.005072
0.000983
0.000267
0.000196
0.018664
0.166388
0.057873
0.018189
0.004361
0.332672
0.000841
0.000313
0.018161
0.272445
0.500818
0.000749
0.150767
0.000139
0.000115
0.009414
0.015066
0.006364
0.010224
0.230137
0.007833
1
0.165808
0.179327
0.088233
0.251262
0.037678
0.011356
0.043738
0.016121
0.0831
0.101066
1
0.183466
0.251204
0.500594
0.333889
0.050663
0.125492
0.500036
0.091788
0.06325
0.015866
0.021054
0.001262
0.088066
0.015834
0.070183
0
0.010278
0.134497
1
0.046048
0.147706
0.000222
1
1
0.152806
0.261878
0.027708
0
0.237249
0.002635
1
0.179089
0.067333
4e-06
0.166342
0.17236
0.500813
0.014848
0.500901
0.000366
0.00147
0.002624
0.000456
0.019823
0.06711
6e-05
0.012034
0.000591
0.016369
7.4e-05
0.083565
0.500452
0.042082
0.004855
0
0.013488
0.000225
0.008452
0
0.000192
0.28542
0.003656
0
0
0.012887
0.004565
0.018171
0.012358
0.041841
0.112421
0.076441
0.002721
0.01382
0.014231
1.7e-05
0.000786
0
0.212792
0
0.150107
0.108103
0
1e-06
0.003592
0.21248
0.201478
4.3e-05
0.167374
0.004492
0.008877
0
0.0025
0.250837
0.000368
0.277831
0.003433
0.011936
0
0.004828
0.002678
0.040216
0
0.00236
0.027411
0.177414
0
0.142588
0.035604
0.017779
0.132531
1
0.334081
0.501304
0.045359
0.500608
0
0.146241
0
0
0
0
1
0.260415
0.260046
0
0.098475
0.250307
