250
683
0 1 0.5
0 2 0.25
1 0 0.0666667
2 0 0.0666667
3 32 0.111111
3 37 0.166667
3 64 0.25
3 68 0.25
3 78 0.25
4 10 0.0416667
4 16 0.125
4 19 0.166667
4 20 0.142857
5 12 0.142857
5 22 0.111111
5 33 0.166667
5 36 0.25
5 41 0.0666667
5 57 0.166667
6 9 0.142857
6 13 0.111111
6 40 0.25
6 71 0.5
7 3 0.0588235
7 8 0.0555556
7 11 0.166667
7 17 0.0769231
7 73 0.2
7 99 0.25
8 7 0.0769231
8 18 0.0769231
8 38 0.125
8 69 0.111111
8 93 0.25
8 102 0.142857
8 111 0.0588235
9 6 0.0833333
9 72 0.25
10 4 0.0833333
10 3 0.0588235
10 15 0.2
10 21 0.1
10 28 0.0909091
10 29 0.2
10 58 0.166667
10 74 0.2
10 83 0.2
10 91 0.166667
11 7 0.0769231
11 17 0.0769231
11 109 0.2
12 5 0.0625
12 36 0.25
13 9 0.142857
13 6 0.0833333
13 15 0.2
14 23 0.0588235
14 30 0.125
14 43 0.142857
14 45 0.2
14 51 0.142857
14 92 0.25
15 13 0.111111
15 10 0.0416667
16 4 0.0833333
16 21 0.1
16 34 0.125
17 7 0.0769231
17 11 0.166667
17 60 0.125
17 73 0.2
17 99 0.25
17 109 0.2
18 8 0.0555556
18 38 0.125
18 69 0.111111
18 102 0.142857
19 4 0.0833333
19 48 0.25
19 110 0.5
20 4 0.0833333
20 76 0.125
21 10 0.0416667
21 16 0.125
21 4 0.0833333
21 14 0.0555556
22 5 0.0625
22 50 0.125
22 57 0.166667
23 14 0.0555556
23 31 0.1
23 35 0.1
23 39 0.166667
23 47 0.111111
23 66 0.2
23 108 0.142857
24 27 0.166667
24 49 0.111111
24 65 0.2
25 26 0.166667
26 25 0.2
26 42 0.1
27 24 0.125
27 49 0.111111
27 88 0.2
28 10 0.0416667
28 29 0.2
28 58 0.166667
28 74 0.2
28 83 0.2
29 10 0.0416667
29 26 0.166667
29 28 0.0909091
30 14 0.0555556
30 54 0.333333
30 63 0.125
31 23 0.0588235
31 35 0.1
31 47 0.111111
31 94 0.25
31 108 0.142857
32 3 0.0588235
32 52 0.166667
32 68 0.25
32 78 0.25
33 12 0.142857
33 5 0.0625
33 22 0.111111
34 16 0.125
34 82 0.111111
34 101 0.25
35 31 0.1
35 23 0.0588235
35 66 0.2
35 108 0.142857
36 12 0.142857
36 5 0.0625
37 3 0.0588235
37 64 0.25
37 106 0.2
38 18 0.0769231
38 8 0.0555556
38 69 0.111111
39 35 0.1
39 23 0.0588235
39 59 0.0555556
40 6 0.0833333
41 5 0.0625
41 22 0.111111
41 44 0.2
41 53 0.0666667
41 61 0.111111
41 84 0.5
42 26 0.166667
42 25 0.2
42 70 0.125
42 96 0.2
43 14 0.0555556
43 3 0.0588235
44 41 0.0666667
45 14 0.0555556
45 51 0.142857
46 20 0.142857
46 76 0.125
47 35 0.1
47 31 0.1
47 23 0.0588235
47 39 0.166667
47 59 0.0555556
48 19 0.166667
48 87 0.25
49 24 0.125
49 27 0.166667
49 65 0.2
49 131 0.0625
50 22 0.111111
50 5 0.0625
50 60 0.125
51 14 0.0555556
51 45 0.2
51 92 0.25
52 3 0.0588235
52 32 0.111111
52 89 0.1
53 41 0.0666667
53 67 0.125
53 77 0.111111
53 79 0.0833333
53 98 0.2
54 30 0.125
55 44 0.2
55 53 0.0666667
56 42 0.1
56 70 0.125
57 5 0.0625
57 22 0.111111
57 107 0.2
58 10 0.0416667
58 28 0.0909091
59 39 0.166667
59 47 0.111111
59 79 0.0833333
59 80 0.333333
59 95 0.333333
59 100 0.5
59 131 0.0625
60 17 0.0769231
60 50 0.125
60 7 0.0769231
60 62 0.5
61 41 0.0666667
61 55 0.166667
61 90 0.166667
62 60 0.125
63 30 0.125
63 54 0.333333
63 75 0.5
63 81 0.5
64 3 0.0588235
64 37 0.166667
65 24 0.125
65 49 0.111111
66 23 0.0588235
66 35 0.1
67 53 0.0666667
67 79 0.0833333
68 32 0.111111
68 3 0.0588235
69 18 0.0769231
69 38 0.125
69 8 0.0555556
70 56 0.166667
70 42 0.1
70 96 0.2
71 6 0.0833333
72 9 0.142857
72 97 0.333333
73 7 0.0769231
73 17 0.0769231
74 10 0.0416667
74 28 0.0909091
74 58 0.166667
75 63 0.125
76 46 0.333333
76 20 0.142857
76 85 0.333333
77 53 0.0666667
77 67 0.125
77 79 0.0833333
77 86 0.25
77 98 0.2
78 3 0.0588235
78 32 0.111111
79 53 0.0666667
79 59 0.0555556
79 67 0.125
79 77 0.111111
80 59 0.0555556
81 63 0.125
82 34 0.125
82 9 0.142857
82 103 0.5
83 10 0.0416667
83 58 0.166667
83 28 0.0909091
84 41 0.0666667
85 76 0.125
86 67 0.125
86 53 0.0666667
86 77 0.111111
87 48 0.25
88 27 0.166667
88 65 0.2
88 49 0.111111
89 52 0.166667
89 41 0.0666667
89 50 0.125
89 104 0.5
90 61 0.111111
90 105 0.5
91 10 0.0416667
92 14 0.0555556
92 51 0.142857
93 38 0.125
93 18 0.0769231
93 8 0.0555556
94 31 0.1
94 23 0.0588235
94 66 0.2
95 59 0.0555556
95 80 0.333333
96 70 0.125
96 42 0.1
96 56 0.166667
97 72 0.25
97 69 0.111111
98 77 0.111111
98 67 0.125
98 53 0.0666667
99 7 0.0769231
99 17 0.0769231
100 59 0.0555556
101 9 0.142857
101 34 0.125
102 8 0.0555556
102 18 0.0769231
102 38 0.125
102 111 0.0588235
103 82 0.111111
104 89 0.1
105 90 0.166667
106 37 0.166667
106 32 0.111111
106 3 0.0588235
107 5 0.0625
107 57 0.166667
108 23 0.0588235
108 35 0.1
108 47 0.111111
108 31 0.1
109 17 0.0769231
109 11 0.166667
109 73 0.2
110 19 0.166667
111 63 0.125
111 51 0.142857
111 102 0.142857
111 14 0.0555556
111 8 0.0555556
111 112 0.166667
111 113 0.166667
111 114 0.0833333
111 115 0.25
111 232 0.0625
112 111 0.0588235
112 120 0.5
113 111 0.0588235
114 111 0.0588235
114 113 0.166667
114 116 0.166667
114 118 0.2
114 119 0.166667
115 111 0.0588235
116 114 0.0833333
117 114 0.0833333
117 118 0.2
117 119 0.166667
118 117 0.2
118 114 0.0833333
119 117 0.2
119 114 0.0833333
120 112 0.166667
121 122 0.0714286
121 127 0.5
122 121 0.1
122 123 0.142857
122 124 0.25
122 125 0.5
122 126 0.333333
122 129 0.5
123 122 0.0714286
123 130 0.5
124 122 0.0714286
124 128 0.5
125 122 0.0714286
126 123 0.142857
126 122 0.0714286
127 121 0.1
128 124 0.25
129 122 0.0714286
130 123 0.142857
131 59 0.0555556
131 106 0.2
131 49 0.111111
131 79 0.0833333
131 132 0.25
131 133 0.333333
132 131 0.0625
133 131 0.0625
134 144 0.166667
134 162 0.25
134 216 0.25
135 136 0.0666667
135 141 0.0526316
135 147 0.142857
135 160 0.166667
136 135 0.0666667
136 152 0.166667
136 194 0.125
136 206 0.2
136 222 0.125
137 139 0.142857
137 140 0.0666667
137 148 0.25
137 169 0.125
137 178 0.142857
137 180 0.0909091
137 187 0.0666667
137 219 0.125
138 204 0.5
139 137 0.05
139 184 0.2
140 137 0.05
140 141 0.0526316
140 142 0.166667
140 146 0.0714286
140 155 0.5
140 167 0.5
141 135 0.0666667
141 140 0.0666667
141 143 0.0769231
141 151 0.166667
141 207 0.2
141 210 0.166667
141 215 0.25
141 229 0.142857
142 140 0.0666667
142 202 0.125
143 141 0.0526316
143 166 0.1
143 189 0.0909091
143 223 0.25
144 143 0.0769231
144 134 0.0714286
145 147 0.142857
145 159 0.5
145 174 0.5
146 143 0.0769231
146 140 0.0666667
146 161 0.5
146 183 0.25
146 200 0.142857
146 202 0.125
146 208 0.2
147 145 0.1
147 136 0.0666667
147 135 0.0666667
147 193 0.5
148 137 0.05
148 153 0.0625
149 135 0.0666667
149 195 0.5
150 145 0.1
150 186 0.5
151 141 0.0526316
151 203 0.166667
152 136 0.0666667
152 165 0.166667
153 148 0.25
153 137 0.05
153 154 0.125
153 157 0.166667
153 158 0.125
153 217 0.25
153 227 0.142857
154 153 0.0625
154 171 0.0909091
154 227 0.142857
155 140 0.0666667
156 205 0.5
157 154 0.125
157 149 0.166667
157 153 0.0625
157 173 0.5
158 154 0.125
158 153 0.0625
158 217 0.25
159 145 0.1
160 135 0.0666667
160 188 0.25
160 211 0.25
161 146 0.0714286
162 134 0.0714286
162 216 0.25
163 171 0.0909091
163 179 0.142857
163 182 0.125
164 171 0.0909091
165 152 0.166667
166 143 0.0769231
166 189 0.0909091
166 223 0.25
167 140 0.0666667
168 156 0.1
168 170 0.166667
168 197 0.25
169 137 0.05
169 178 0.142857
169 180 0.0909091
169 219 0.125
170 140 0.0666667
170 168 0.111111
171 153 0.0625
171 163 0.0909091
171 164 0.166667
171 154 0.125
171 176 0.25
171 221 0.25
172 163 0.0909091
172 179 0.142857
172 182 0.125
173 157 0.166667
174 145 0.1
176 171 0.0909091
176 221 0.25
177 220 0.25
177 224 0.166667
178 137 0.05
178 169 0.125
178 219 0.125
179 163 0.0909091
179 172 0.166667
179 182 0.125
180 137 0.05
180 169 0.125
180 178 0.142857
180 184 0.2
180 219 0.125
181 224 0.166667
182 172 0.166667
182 179 0.142857
182 163 0.0909091
182 209 0.2
183 146 0.0714286
183 200 0.142857
184 139 0.142857
184 180 0.0909091
184 170 0.166667
186 150 0.2
187 137 0.05
187 192 0.111111
187 196 0.111111
187 214 0.142857
187 218 0.125
188 160 0.166667
188 211 0.25
189 143 0.0769231
189 166 0.1
189 134 0.0714286
189 190 0.25
189 212 0.2
189 226 0.125
190 189 0.0909091
191 210 0.166667
192 187 0.0666667
192 196 0.111111
192 244 0.05
193 147 0.142857
194 136 0.0666667
194 198 0.142857
194 222 0.125
195 149 0.166667
196 187 0.0666667
196 192 0.111111
196 218 0.125
196 225 0.125
197 168 0.111111
197 144 0.166667
197 166 0.1
198 194 0.125
198 136 0.0666667
198 222 0.125
199 201 0.25
200 146 0.0714286
200 183 0.25
200 202 0.125
201 199 0.166667
201 213 0.5
202 146 0.0714286
202 200 0.142857
202 142 0.166667
203 141 0.0526316
203 151 0.166667
203 207 0.2
204 138 0.166667
205 156 0.1
206 136 0.0666667
206 194 0.125
206 222 0.125
207 141 0.0526316
207 203 0.166667
207 151 0.166667
208 146 0.0714286
208 200 0.142857
208 226 0.125
209 172 0.166667
209 179 0.142857
209 182 0.125
209 163 0.0909091
210 141 0.0526316
210 175 0.25
210 191 0.25
210 135 0.0666667
211 188 0.25
211 160 0.166667
212 189 0.0909091
212 190 0.25
212 226 0.125
213 201 0.25
214 187 0.0666667
214 196 0.111111
214 192 0.111111
214 225 0.125
215 203 0.166667
215 151 0.166667
215 141 0.0526316
216 134 0.0714286
216 162 0.25
217 153 0.0625
217 158 0.125
218 196 0.111111
218 192 0.111111
218 187 0.0666667
218 214 0.142857
218 225 0.125
219 137 0.05
219 180 0.0909091
219 178 0.142857
219 169 0.125
220 177 0.0909091
221 176 0.25
221 171 0.0909091
222 206 0.2
222 198 0.142857
222 136 0.0666667
222 194 0.125
223 143 0.0769231
223 166 0.1
224 181 0.166667
224 177 0.0909091
225 192 0.111111
225 214 0.142857
225 187 0.0666667
225 196 0.111111
225 218 0.125
226 208 0.2
226 190 0.25
226 189 0.0909091
226 212 0.2
227 153 0.0625
227 158 0.125
227 154 0.125
227 232 0.0625
228 166 0.1
228 134 0.0714286
229 116 0.166667
229 141 0.0526316
229 230 0.25
230 229 0.142857
230 231 0.5
231 230 0.25
232 111 0.0588235
232 45 0.2
232 118 0.2
232 227 0.142857
232 233 0.125
232 236 0.166667
233 232 0.0625
233 234 0.333333
233 235 0.5
233 237 0.5
234 233 0.125
235 233 0.125
236 232 0.0625
236 239 0.142857
237 233 0.125
239 236 0.166667
239 244 0.05
242 243 0.5
243 242 0.25
244 192 0.111111
244 239 0.142857
244 245 0.25
244 246 0.25
244 249 0.25
245 244 0.05
245 248 0.2
246 244 0.05
246 248 0.2
248 246 0.25
248 244 0.05
248 245 0.25
249 244 0.05
