0 2
2 0
3 4
4 3
4 5
5 4
6 9
6 10
6 14
6 25
6 35
6 39
6 44
6 49
6 63
6 73
6 89
7 8
7 11
7 17
7 20
7 21
7 114
8 7
8 13
8 17
8 21
8 84
8 85
9 6
9 10
9 12
9 16
9 37
9 47
9 51
9 74
9 78
9 83
9 99
9 111
9 113
10 6
10 9
10 29
10 57
10 59
10 71
10 79
10 105
11 7
11 8
11 41
11 87
11 112
12 6
12 9
12 14
12 19
12 23
12 35
12 58
12 62
12 80
13 8
13 7
13 16
13 18
13 20
14 6
14 12
14 26
14 28
14 98
14 100
15 11
15 27
15 61
15 93
15 104
16 9
16 13
17 8
17 7
17 24
17 90
18 13
18 26
19 12
19 22
20 7
20 13
20 26
20 31
20 69
20 86
21 7
21 8
22 19
22 23
22 34
22 50
23 12
23 14
23 22
23 19
23 43
23 46
23 84
24 17
24 11
24 30
24 72
24 93
24 96
24 126
25 6
25 9
25 32
25 54
25 81
25 88
25 94
25 97
25 109
25 123
26 20
26 8
26 18
26 14
26 58
26 68
26 91
26 110
26 119
27 15
27 67
27 104
28 14
28 100
29 10
29 56
29 60
29 64
29 125
30 24
30 45
30 93
30 126
31 20
32 25
32 54
32 81
32 109
32 123
33 36
33 42
33 52
33 53
33 65
34 22
34 19
35 12
35 9
35 6
35 55
35 121
36 33
37 9
37 38
37 48
37 55
37 75
37 108
38 37
38 40
38 52
38 120
38 124
39 6
39 44
40 38
41 11
41 112
42 33
43 23
44 39
44 6
45 30
45 24
45 72
45 96
45 126
46 23
46 43
46 27
46 77
47 9
48 37
48 75
49 6
49 63
50 22
50 19
51 9
51 78
51 83
51 113
52 42
52 38
52 33
52 76
52 92
53 33
53 29
54 32
54 25
54 94
54 123
55 37
55 35
56 29
57 10
58 12
58 9
58 26
58 102
58 106
58 118
59 10
59 79
60 29
60 64
61 15
61 67
61 84
61 104
62 12
63 6
63 49
63 66
63 70
63 82
63 115
63 117
64 29
64 60
64 125
65 33
65 42
66 63
66 227
67 15
67 27
67 61
67 93
67 104
68 26
68 91
69 20
69 31
70 63
70 66
70 82
70 115
70 117
71 40
71 10
71 53
71 95
72 45
72 24
73 6
74 9
74 51
74 99
75 37
75 48
76 52
77 46
78 9
78 51
79 10
79 59
79 105
80 62
80 12
81 25
81 32
81 54
82 63
82 66
82 70
82 115
82 117
83 9
83 51
84 23
84 8
84 61
85 8
85 7
86 20
86 69
87 11
87 41
87 112
88 25
88 32
88 81
88 54
89 6
90 17
91 26
91 68
92 37
92 52
92 75
92 122
93 15
93 61
93 24
93 30
93 67
93 101
93 103
94 32
94 25
94 54
95 71
96 45
96 24
96 30
97 94
97 25
98 14
99 78
99 9
99 74
100 28
100 98
100 14
101 93
102 58
102 106
103 93
104 67
104 61
104 15
104 27
105 10
105 79
106 102
106 58
107 36
108 54
108 32
108 63
108 25
108 37
109 25
109 32
109 54
110 68
110 26
110 91
111 9
111 74
111 78
112 41
112 11
112 87
113 9
113 51
114 7
114 8
114 85
115 63
115 70
115 82
116 16
117 70
117 115
117 63
117 66
117 82
118 106
118 58
119 26
120 38
121 35
122 92
123 54
123 25
123 109
123 32
124 38
124 120
125 64
125 29
126 30
126 45
126 24
126 72
127 129
127 130
128 131
129 127
129 130
130 127
130 129
130 132
131 128
131 134
132 130
132 133
133 132
134 131
135 137
135 139
135 140
137 135
137 138
137 139
138 137
139 137
139 135
140 135
140 141
140 142
141 140
141 142
142 141
142 140
143 144
144 143
144 146
146 144
148 151
148 162
148 163
148 185
148 195
149 156
149 158
149 159
149 172
149 183
150 153
150 154
150 155
150 211
151 148
151 203
151 207
152 155
152 156
152 160
152 166
152 167
152 184
152 192
152 206
152 225
153 149
153 150
153 160
154 150
154 155
154 160
154 193
154 199
155 154
155 150
155 152
155 201
155 215
156 152
156 153
156 149
156 159
156 166
156 187
156 191
156 212
156 227
157 154
157 178
157 198
158 149
158 183
159 156
159 149
159 164
159 168
159 177
159 182
159 197
160 154
160 152
160 153
160 155
160 172
160 186
160 189
160 202
161 173
161 176
161 179
161 180
162 148
162 190
163 148
163 162
164 159
164 177
165 169
165 174
165 181
165 189
166 155
166 156
166 152
166 188
166 194
166 204
167 152
168 159
168 164
169 165
169 170
169 175
169 210
169 214
170 169
170 171
170 175
170 208
170 214
171 170
171 149
171 160
172 160
172 149
173 161
173 176
173 179
174 165
174 208
175 169
175 170
175 210
175 214
176 173
176 161
177 164
177 159
177 182
177 196
178 157
178 198
179 161
179 173
179 180
180 161
180 173
180 179
180 195
181 165
181 174
182 177
182 159
182 192
182 196
182 197
183 149
183 158
184 166
184 152
184 192
185 148
186 160
186 202
187 156
188 166
189 165
189 171
189 160
190 162
190 195
191 156
191 212
192 182
192 152
192 164
192 184
192 200
193 154
194 166
194 188
195 148
195 190
195 180
195 209
195 213
196 164
196 177
196 182
196 197
197 182
197 159
197 196
198 178
198 157
198 211
199 154
199 193
200 192
201 155
201 207
202 160
202 186
203 151
204 166
204 155
204 203
204 188
204 205
205 204
206 152
207 155
207 156
207 151
207 201
207 150
208 174
208 170
208 165
209 195
209 213
210 169
210 175
210 170
211 150
211 198
212 156
212 191
213 195
213 209
214 175
214 169
214 170
215 155
215 201
216 217
217 216
218 207
218 83
218 14
218 63
218 219
218 220
219 218
219 221
219 222
219 223
220 218
220 221
220 224
221 220
221 219
222 219
223 219
224 220
225 166
225 152
225 160
225 226
226 225
227 66
227 156
227 228
227 229
227 231
227 235
228 227
228 234
229 227
229 230
230 229
231 227
231 232
231 233
232 231
232 236
233 231
234 228
235 227
236 232
237 238
237 241
238 237
238 240
240 238
241 237
241 242
242 241
