0
0
0
0
0
0
1
0.012019
0.063648
1
1
0.018943
0.116764
0.043773
0.193855
0.129031
0.146889
0.014394
0.204555
0.173499
0.08708
0.018683
0.104099
1
0.067433
1
1
0.063423
0.045319
0.070201
0.119772
0.035086
0.12787
0.079297
0.034719
0.113529
0.012987
0.100286
0.112695
0.298215
0.072033
0.004927
0.265283
0.370996
0.298446
0.019168
0.167069
0.500375
0.034188
0.262834
0.034724
0.199427
1
0.047566
0.165186
0.051988
0.035352
0.50043
0.099974
0.287969
0.020393
0.123256
0.047253
0.079128
0.016586
0.026383
0.024465
0.130323
0.276298
0.027375
0.012429
0.112273
0.021693
0.500846
0.227881
0.046674
0.499768
0.083676
0.255729
0.234839
0.038836
0.210701
0.012348
0.229981
0.144117
0.016654
0.029173
0.004476
0.20129
0.500606
0.007213
0.276618
0.16719
1
0.232323
0.05604
0.016956
0.333906
0.074613
0.233567
0.045339
0.501158
0.029875
0.500243
0.051451
0.288572
0.02927
0
0.014381
0.206101
0.250716
0.250645
0.004288
0.283861
0.003035
0.015328
0
0.012276
0.033251
0.501124
0.028761
0.056789
0.083539
0.175019
0.037809
0.020301
0.028059
0
0
0
0
0
0
0
0
0
0
0
0
0
0
0
0
0
0
0
0
0
1
0.09663
0.036829
0.214593
1
0.213318
0.094686
0.222911
1
0.000375
0.028827
0.080394
1
0.001687
0.25774
0.333582
0.035344
0.009843
0.249838
0.334258
0.026908
0.001123
0.002708
0.033253
0.2659
0.002348
0.002626
0.000528
0.000949
0.017128
0.000454
0.002663
0.01546
0.003355
0.024042
0.02872
0.219429
0.500458
0.297212
0.499445
0.305455
0.166476
0.087249
0.298245
0.132711
0.038307
0.083391
0.106711
0.007862
0.017708
0.001594
0.03139
0.066309
0.061462
0.297665
0.371182
1
0.500594
0.333643
0.033903
0.001017
0.032037
0.000334
0.009241
0.297545
0.032016
0.000691
0.074096
0
0
0
0
0
0
0
0
0
0.142723
0.071263
0.063606
0.015951
0.015955
0.007993
0.010732
0.002733
0.005342
0.007865
0.015923
0.001364
0
0
0
0
0
0
