243
707
0 2 0.5
2 0 0.166667
3 4 0.142857
4 3 0.25
4 5 0.25
5 4 0.142857
6 9 0.0322581
6 10 0.04
6 14 0.0666667
6 25 0.05
6 35 0.1
6 39 0.25
6 44 0.25
6 49 0.25
6 63 0.0625
6 73 0.5
6 89 0.5
7 8 0.0526316
7 11 0.0909091
7 17 0.1
7 20 0.0833333
7 21 0.25
7 114 0.25
8 7 0.047619
8 13 0.0909091
8 17 0.1
8 21 0.25
8 84 0.125
8 85 0.25
9 6 0.0322581
9 10 0.04
9 12 0.047619
9 16 0.142857
9 37 0.0769231
9 47 0.5
9 51 0.111111
9 74 0.166667
9 78 0.166667
9 83 0.2
9 99 0.2
9 111 0.25
9 113 0.25
10 6 0.0322581
10 9 0.0322581
10 29 0.0666667
10 57 0.5
10 59 0.25
10 71 0.111111
10 79 0.166667
10 105 0.25
11 7 0.047619
11 8 0.0526316
11 41 0.2
11 87 0.2
11 112 0.166667
12 6 0.0322581
12 9 0.0322581
12 14 0.0666667
12 19 0.142857
12 23 0.0588235
12 35 0.1
12 58 0.0909091
12 62 0.333333
12 80 0.333333
13 8 0.0526316
13 7 0.047619
13 16 0.142857
13 18 0.2
13 20 0.0833333
14 6 0.0322581
14 12 0.047619
14 26 0.0588235
14 28 0.2
14 98 0.333333
14 100 0.2
15 11 0.0909091
15 27 0.142857
15 61 0.0909091
15 93 0.0769231
15 104 0.125
16 9 0.0322581
16 13 0.0909091
17 8 0.0526316
17 7 0.047619
17 24 0.0588235
17 90 0.5
18 13 0.0909091
18 26 0.0588235
19 12 0.047619
19 22 0.0909091
20 7 0.047619
20 13 0.0909091
20 26 0.0588235
20 31 0.333333
20 69 0.25
20 86 0.333333
21 7 0.047619
21 8 0.0526316
22 19 0.142857
22 23 0.0588235
22 34 0.333333
22 50 0.333333
23 12 0.047619
23 14 0.0666667
23 22 0.0909091
23 19 0.142857
23 43 0.333333
23 46 0.166667
23 84 0.125
24 17 0.1
24 11 0.0909091
24 30 0.111111
24 72 0.2
24 93 0.0769231
24 96 0.2
24 126 0.142857
25 6 0.0322581
25 9 0.0322581
25 32 0.0625
25 54 0.0833333
25 81 0.166667
25 88 0.2
25 94 0.166667
25 97 0.333333
25 109 0.166667
25 123 0.142857
26 20 0.0833333
26 8 0.0526316
26 18 0.2
26 14 0.0666667
26 58 0.0909091
26 68 0.2
26 91 0.2
26 110 0.25
26 119 0.5
27 15 0.1
27 67 0.111111
27 104 0.125
28 14 0.0666667
28 100 0.2
29 10 0.04
29 56 0.5
29 60 0.25
29 64 0.166667
29 125 0.25
30 24 0.0588235
30 45 0.111111
30 93 0.0769231
30 126 0.142857
31 20 0.0833333
32 25 0.05
32 54 0.0833333
32 81 0.166667
32 109 0.166667
32 123 0.142857
33 36 0.166667
33 42 0.25
33 52 0.111111
33 53 0.25
33 65 0.333333
34 22 0.0909091
34 19 0.142857
35 12 0.047619
35 9 0.0322581
35 6 0.0322581
35 55 0.25
35 121 0.5
36 33 0.0625
37 9 0.0322581
37 38 0.1
37 48 0.25
37 55 0.25
37 75 0.166667
37 108 0.142857
38 37 0.0769231
38 40 0.333333
38 52 0.111111
38 120 0.2
38 124 0.333333
39 6 0.0322581
39 44 0.25
40 38 0.1
41 11 0.0909091
41 112 0.166667
42 33 0.0625
43 23 0.0588235
44 39 0.25
44 6 0.0322581
45 30 0.111111
45 24 0.0588235
45 72 0.2
45 96 0.2
45 126 0.142857
46 23 0.0588235
46 43 0.333333
46 27 0.142857
46 77 0.5
47 9 0.0322581
48 37 0.0769231
48 75 0.166667
49 6 0.0322581
49 63 0.0625
50 22 0.0909091
50 19 0.142857
51 9 0.0322581
51 78 0.166667
51 83 0.2
51 113 0.25
52 42 0.25
52 38 0.1
52 33 0.0625
52 76 0.5
52 92 0.166667
53 33 0.0625
53 29 0.0666667
54 32 0.0625
54 25 0.05
54 94 0.166667
54 123 0.142857
55 37 0.0769231
55 35 0.1
56 29 0.0666667
57 10 0.04
58 12 0.047619
58 9 0.0322581
58 26 0.0588235
58 102 0.25
58 106 0.2
58 118 0.333333
59 10 0.04
59 79 0.166667
60 29 0.0666667
60 64 0.166667
61 15 0.1
61 67 0.111111
61 84 0.125
61 104 0.125
62 12 0.047619
63 6 0.0322581
63 49 0.25
63 66 0.142857
63 70 0.111111
63 82 0.111111
63 115 0.142857
63 117 0.125
64 29 0.0666667
64 60 0.25
64 125 0.25
65 33 0.0625
65 42 0.25
66 63 0.0625
66 227 0.0625
67 15 0.1
67 27 0.142857
67 61 0.0909091
67 93 0.0769231
67 104 0.125
68 26 0.0588235
68 91 0.2
69 20 0.0833333
69 31 0.333333
70 63 0.0625
70 66 0.142857
70 82 0.111111
70 115 0.142857
70 117 0.125
71 40 0.333333
71 10 0.04
71 53 0.25
71 95 0.5
72 45 0.111111
72 24 0.0588235
73 6 0.0322581
74 9 0.0322581
74 51 0.111111
74 99 0.2
75 37 0.0769231
75 48 0.25
76 52 0.111111
77 46 0.166667
78 9 0.0322581
78 51 0.111111
79 10 0.04
79 59 0.25
79 105 0.25
80 62 0.333333
80 12 0.047619
81 25 0.05
81 32 0.0625
81 54 0.0833333
82 63 0.0625
82 66 0.142857
82 70 0.111111
82 115 0.142857
82 117 0.125
83 9 0.0322581
83 51 0.111111
84 23 0.0588235
84 8 0.0526316
84 61 0.0909091
85 8 0.0526316
85 7 0.047619
86 20 0.0833333
86 69 0.25
87 11 0.0909091
87 41 0.2
87 112 0.166667
88 25 0.05
88 32 0.0625
88 81 0.166667
88 54 0.0833333
89 6 0.0322581
90 17 0.1
91 26 0.0588235
91 68 0.2
92 37 0.0769231
92 52 0.111111
92 75 0.166667
92 122 0.5
93 15 0.1
93 61 0.0909091
93 24 0.0588235
93 30 0.111111
93 67 0.111111
93 101 0.5
93 103 0.5
94 32 0.0625
94 25 0.05
94 54 0.0833333
95 71 0.111111
96 45 0.111111
96 24 0.0588235
96 30 0.111111
97 94 0.166667
97 25 0.05
98 14 0.0666667
99 78 0.166667
99 9 0.0322581
99 74 0.166667
100 28 0.2
100 98 0.333333
100 14 0.0666667
101 93 0.0769231
102 58 0.0909091
102 106 0.2
103 93 0.0769231
104 67 0.111111
104 61 0.0909091
104 15 0.1
104 27 0.142857
105 10 0.04
105 79 0.166667
106 102 0.25
106 58 0.0909091
107 36 0.166667
108 54 0.0833333
108 32 0.0625
108 63 0.0625
108 25 0.05
108 37 0.0769231
109 25 0.05
109 32 0.0625
109 54 0.0833333
110 68 0.2
110 26 0.0588235
110 91 0.2
111 9 0.0322581
111 74 0.166667
111 78 0.166667
112 41 0.2
112 11 0.0909091
112 87 0.2
113 9 0.0322581
113 51 0.111111
114 7 0.047619
114 8 0.0526316
114 85 0.25
115 63 0.0625
115 70 0.111111
115 82 0.111111
116 16 0.142857
117 70 0.111111
117 115 0.142857
117 63 0.0625
117 66 0.142857
117 82 0.111111
118 106 0.2
118 58 0.0909091
119 26 0.0588235
120 38 0.1
121 35 0.1
122 92 0.166667
123 54 0.0833333
123 25 0.05
123 109 0.166667
123 32 0.0625
124 38 0.1
124 120 0.2
125 64 0.166667
125 29 0.0666667
126 30 0.111111
126 45 0.111111
126 24 0.0588235
126 72 0.2
127 129 0.166667
127 130 0.125
128 131 0.166667
129 127 0.1
129 130 0.125
130 127 0.1
130 129 0.166667
130 132 0.2
131 128 0.111111
131 134 0.5
132 130 0.125
132 133 0.5
133 132 0.2
134 131 0.166667
135 137 0.111111
135 139 0.2
135 140 0.166667
137 135 0.0833333
137 138 0.5
137 139 0.2
138 137 0.111111
139 137 0.111111
139 135 0.0833333
140 135 0.0833333
140 141 0.25
140 142 0.25
141 140 0.166667
141 142 0.25
142 141 0.25
142 140 0.166667
143 144 0.25
144 143 0.25
144 146 0.5
146 144 0.25
148 151 0.166667
148 162 0.2
148 163 0.333333
148 185 0.5
148 195 0.1
149 156 0.05
149 158 0.25
149 159 0.0714286
149 172 0.25
149 183 0.25
150 153 0.111111
150 154 0.0769231
150 155 0.0714286
150 211 0.25
151 148 0.0555556
151 203 0.333333
151 207 0.125
152 155 0.0714286
152 156 0.05
152 160 0.0588235
152 166 0.0769231
152 167 0.333333
152 184 0.2
152 192 0.111111
152 206 0.333333
152 225 0.142857
153 149 0.0625
153 150 0.0666667
153 160 0.0588235
154 150 0.0666667
154 155 0.0714286
154 160 0.0588235
154 193 0.333333
154 199 0.333333
155 154 0.0769231
155 150 0.0666667
155 152 0.047619
155 201 0.2
155 215 0.333333
156 152 0.047619
156 153 0.111111
156 149 0.0625
156 159 0.0714286
156 166 0.0769231
156 187 0.5
156 191 0.25
156 212 0.25
156 227 0.0625
157 154 0.0769231
157 178 0.25
157 198 0.166667
158 149 0.0625
158 183 0.25
159 156 0.05
159 149 0.0625
159 164 0.142857
159 168 0.333333
159 177 0.125
159 182 0.1
159 197 0.166667
160 154 0.0769231
160 152 0.047619
160 153 0.111111
160 155 0.0714286
160 172 0.25
160 186 0.25
160 189 0.166667
160 202 0.25
161 173 0.125
161 176 0.25
161 179 0.142857
161 180 0.142857
162 148 0.0555556
162 190 0.25
163 148 0.0555556
163 162 0.2
164 159 0.0714286
164 177 0.125
165 169 0.0833333
165 174 0.2
165 181 0.333333
165 189 0.166667
166 155 0.0714286
166 156 0.05
166 152 0.047619
166 188 0.25
166 194 0.333333
166 204 0.142857
167 152 0.047619
168 159 0.0714286
168 164 0.142857
169 165 0.0588235
169 170 0.0769231
169 175 0.125
169 210 0.2
169 214 0.166667
170 169 0.0833333
170 171 0.2
170 175 0.125
170 208 0.2
170 214 0.166667
171 170 0.0769231
171 149 0.0625
171 160 0.0588235
172 160 0.0588235
172 149 0.0625
173 161 0.0833333
173 176 0.25
173 179 0.142857
174 165 0.0588235
174 208 0.2
175 169 0.0833333
175 170 0.0769231
175 210 0.2
175 214 0.166667
176 173 0.125
176 161 0.0833333
177 164 0.142857
177 159 0.0714286
177 182 0.1
177 196 0.142857
178 157 0.2
178 198 0.166667
179 161 0.0833333
179 173 0.125
179 180 0.142857
180 161 0.0833333
180 173 0.125
180 179 0.142857
180 195 0.1
181 165 0.0588235
181 174 0.2
182 177 0.125
182 159 0.0714286
182 192 0.111111
182 196 0.142857
182 197 0.166667
183 149 0.0625
183 158 0.25
184 166 0.0769231
184 152 0.047619
184 192 0.111111
185 148 0.0555556
186 160 0.0588235
186 202 0.25
187 156 0.05
188 166 0.0769231
189 165 0.0588235
189 171 0.2
189 160 0.0588235
190 162 0.2
190 195 0.1
191 156 0.05
191 212 0.25
192 182 0.1
192 152 0.047619
192 164 0.142857
192 184 0.2
192 200 0.5
193 154 0.0769231
194 166 0.0769231
194 188 0.25
195 148 0.0555556
195 190 0.25
195 180 0.142857
195 209 0.25
195 213 0.25
196 164 0.142857
196 177 0.125
196 182 0.1
196 197 0.166667
197 182 0.1
197 159 0.0714286
197 196 0.142857
198 178 0.25
198 157 0.2
198 211 0.25
199 154 0.0769231
199 193 0.333333
200 192 0.111111
201 155 0.0714286
201 207 0.125
202 160 0.0588235
202 186 0.25
203 151 0.166667
204 166 0.0769231
204 155 0.0714286
204 203 0.333333
204 188 0.25
204 205 0.5
205 204 0.142857
206 152 0.047619
207 155 0.0714286
207 156 0.05
207 151 0.166667
207 201 0.2
207 150 0.0666667
208 174 0.2
208 170 0.0769231
208 165 0.0588235
209 195 0.1
209 213 0.25
210 169 0.0833333
210 175 0.125
210 170 0.0769231
211 150 0.0666667
211 198 0.166667
212 156 0.05
212 191 0.25
213 195 0.1
213 209 0.25
214 175 0.125
214 169 0.0833333
214 170 0.0769231
215 155 0.0714286
215 201 0.2
216 217 0.333333
217 216 0.25
218 207 0.125
218 83 0.2
218 14 0.0666667
218 63 0.0625
218 219 0.0833333
218 220 0.125
219 218 0.0833333
219 221 0.25
219 222 0.25
219 223 0.5
220 218 0.0833333
220 221 0.25
220 224 0.5
221 220 0.125
221 219 0.0833333
222 219 0.0833333
223 219 0.0833333
224 220 0.125
225 166 0.0769231
225 152 0.047619
225 160 0.0588235
225 226 0.5
226 225 0.142857
227 66 0.142857
227 156 0.05
227 228 0.25
227 229 0.25
227 231 0.166667
227 235 0.25
228 227 0.0625
228 234 0.5
229 227 0.0625
229 230 0.5
230 229 0.25
231 227 0.0625
231 232 0.25
231 233 0.5
232 231 0.166667
232 236 0.5
233 231 0.166667
234 228 0.25
235 227 0.0625
236 232 0.25
237 238 0.25
237 241 0.25
238 237 0.125
238 240 0.5
240 238 0.25
241 237 0.125
241 242 0.25
242 241 0.25
