#ignore first line
1 2 0.16666666666666666
1 4 0.3333333333333333
2 1 0.25
2 3 0.16666666666666666
2 6 0.08333333333333333
3 2 0.16666666666666666
3 5 0.25
3 6 0.08333333333333333
4 1 0.25
5 3 0.16666666666666666
5 13 0.034482758620689655
6 2 0.16666666666666666
6 3 0.16666666666666666
6 4 0.3333333333333333
6 7 0.25
6 10 0.16666666666666666
6 11 0.5
7 6 0.08333333333333333
7 8 0.125
8 9 0.16666666666666666
8 13 0.034482758620689655
8 6 0.08333333333333333
8 7 0.25
9 10 0.16666666666666666
9 8 0.125
10 9 0.16666666666666666
10 12 0.3333333333333333
10 6 0.08333333333333333
11 6 0.08333333333333333
12 10 0.16666666666666666
13 34 0.1
13 99 0.25
13 5 0.25
13 8 0.125
13 9 0.16666666666666666
13 202 0.5
13 12 0.3333333333333333
13 14 0.1111111111111111
13 16 0.07142857142857142
13 18 0.25
13 19 0.03571428571428571
13 56 0.1111111111111111
13 73 0.1
13 31 0.03225806451612903
14 133 0.5
14 20 0.2
14 13 0.034482758620689655
14 15 0.041666666666666664
15 41 0.0625
15 203 0.2
15 13 0.034482758620689655
15 14 0.1111111111111111
15 48 0.3333333333333333
15 17 0.07142857142857142
15 19 0.03571428571428571
15 23 0.0625
15 27 0.06666666666666667
15 60 0.08333333333333333
15 95 0.5
15 224 0.06666666666666667
16 34 0.1
16 132 0.25
16 70 0.16666666666666666
16 89 0.125
16 13 0.034482758620689655
16 142 0.25
16 31 0.03225806451612903
17 22 0.045454545454545456
17 55 0.2
17 25 0.07692307692307693
17 45 0.25
17 30 0.1
17 15 0.041666666666666664
18 13 0.034482758620689655
18 32 0.125
19 165 0.16666666666666666
19 39 0.14285714285714285
19 43 0.058823529411764705
19 13 0.034482758620689655
19 15 0.041666666666666664
19 465 0.058823529411764705
19 52 0.1
19 21 0.047619047619047616
19 23 0.0625
19 26 0.07142857142857142
19 218 0.5
19 62 0.06666666666666667
20 41 0.0625
20 14 0.1111111111111111
21 81 0.14285714285714285
21 134 0.25
21 19 0.03571428571428571
21 164 0.3333333333333333
21 86 0.125
21 59 0.05263157894736842
21 205 0.25
21 43 0.058823529411764705
21 94 0.5
21 62 0.06666666666666667
22 17 0.07142857142857142
22 66 0.16666666666666666
22 76 0.07692307692307693
22 146 0.125
22 111 0.16666666666666666
22 105 0.125
22 25 0.07692307692307693
22 58 0.16666666666666666
22 60 0.08333333333333333
22 47 0.08333333333333333
23 129 0.1111111111111111
23 19 0.03571428571428571
23 21 0.047619047619047616
23 24 0.14285714285714285
23 72 0.125
23 29 0.5
23 195 0.125
23 15 0.041666666666666664
24 60 0.08333333333333333
24 23 0.0625
24 72 0.125
25 17 0.07142857142857142
25 51 0.5
25 22 0.045454545454545456
25 23 0.0625
25 153 0.5
25 27 0.06666666666666667
25 28 0.08333333333333333
26 17 0.07142857142857142
26 19 0.03571428571428571
26 68 0.14285714285714285
26 106 0.16666666666666666
26 224 0.06666666666666667
26 30 0.1
26 46 0.09090909090909091
27 113 0.3333333333333333
27 147 0.2
27 116 0.1111111111111111
27 40 0.3333333333333333
27 25 0.07692307692307693
27 203 0.2
27 15 0.041666666666666664
28 35 0.14285714285714285
28 148 0.25
28 183 0.25
28 25 0.07692307692307693
28 42 0.07692307692307693
28 196 0.14285714285714285
29 23 0.0625
30 17 0.07142857142857142
30 26 0.07142857142857142
30 75 0.3333333333333333
30 87 0.25
31 33 0.05555555555555555
31 264 0.034482758620689655
31 176 0.07142857142857142
31 82 0.07142857142857142
31 108 0.2
31 13 0.034482758620689655
31 14 0.1111111111111111
31 16 0.07142857142857142
31 81 0.14285714285714285
31 50 0.25
31 53 0.1111111111111111
31 215 0.125
31 92 0.1111111111111111
31 127 0.125
32 93 0.16666666666666666
32 18 0.25
32 44 0.1111111111111111
32 37 0.16666666666666666
33 257 0.1111111111111111
33 82 0.07142857142857142
33 92 0.1111111111111111
33 38 0.07142857142857142
33 108 0.2
33 31 0.03225806451612903
34 194 0.25
34 179 0.5
34 36 0.25
34 13 0.034482758620689655
34 16 0.07142857142857142
35 28 0.08333333333333333
35 214 0.25
35 208 0.5
36 34 0.1
36 194 0.25
37 112 0.08333333333333333
37 149 0.5
37 32 0.125
38 33 0.05555555555555555
38 41 0.0625
38 92 0.1111111111111111
38 31 0.03225806451612903
38 176 0.07142857142857142
39 19 0.03571428571428571
39 158 0.5
40 27 0.06666666666666667
41 114 0.14285714285714285
41 20 0.2
41 38 0.07142857142857142
41 104 0.0625
41 57 0.3333333333333333
41 31 0.03225806451612903
41 125 0.5
41 15 0.041666666666666664
42 482 0.058823529411764705
42 35 0.14285714285714285
42 28 0.08333333333333333
42 54 0.05263157894736842
42 172 0.5
42 124 0.125
42 110 0.5
43 49 0.09090909090909091
43 19 0.03571428571428571
43 21 0.047619047619047616
43 102 0.2
43 213 0.25
43 76 0.07692307692307693
43 189 0.3333333333333333
43 47 0.08333333333333333
44 187 0.2
44 112 0.08333333333333333
44 103 0.5
44 32 0.125
45 17 0.07142857142857142
45 195 0.125
46 19 0.03571428571428571
46 165 0.16666666666666666
46 39 0.14285714285714285
46 90 0.25
46 26 0.07142857142857142
46 30 0.1
47 43 0.058823529411764705
47 204 0.14285714285714285
47 109 0.25
47 22 0.045454545454545456
47 80 0.125
48 13 0.034482758620689655
48 15 0.041666666666666664
49 211 0.16666666666666666
49 138 0.14285714285714285
49 43 0.058823529411764705
49 61 0.25
49 123 0.3333333333333333
50 33 0.05555555555555555
50 31 0.03225806451612903
51 25 0.07692307692307693
52 129 0.1111111111111111
52 19 0.03571428571428571
52 141 0.14285714285714285
52 62 0.06666666666666667
52 171 0.5
53 74 0.16666666666666666
53 79 0.1
53 31 0.03225806451612903
53 96 0.5
54 493 0.09090909090909091
54 84 0.14285714285714285
54 182 0.125
54 170 0.25
54 42 0.07692307692307693
54 157 0.16666666666666666
54 78 0.1111111111111111
54 63 0.16666666666666666
55 17 0.07142857142857142
55 160 0.1111111111111111
56 73 0.1
56 19 0.03571428571428571
56 13 0.034482758620689655
56 126 0.1111111111111111
56 64 0.16666666666666666
57 41 0.0625
58 117 0.07692307692307693
58 22 0.045454545454545456
58 111 0.16666666666666666
59 98 0.14285714285714285
59 83 0.2
59 69 0.06666666666666667
59 22 0.045454545454545456
59 21 0.047619047619047616
59 91 0.09090909090909091
59 76 0.07692307692307693
59 219 0.2
60 104 0.0625
60 77 0.25
60 22 0.045454545454545456
60 15 0.041666666666666664
60 24 0.14285714285714285
61 49 0.09090909090909091
61 130 0.16666666666666666
62 116 0.1111111111111111
62 19 0.03571428571428571
62 52 0.1
62 21 0.047619047619047616
62 71 0.14285714285714285
62 217 0.25
62 106 0.16666666666666666
63 65 0.1
63 115 0.5
63 54 0.05263157894736842
64 73 0.1
64 126 0.1111111111111111
64 56 0.1111111111111111
65 163 0.1111111111111111
65 78 0.1111111111111111
65 63 0.16666666666666666
65 159 0.14285714285714285
66 22 0.045454545454545456
66 111 0.16666666666666666
67 182 0.125
67 84 0.14285714285714285
67 157 0.16666666666666666
67 54 0.05263157894736842
67 174 0.16666666666666666
68 177 0.3333333333333333
68 26 0.07142857142857142
68 186 0.3333333333333333
69 98 0.14285714285714285
69 181 0.16666666666666666
69 146 0.125
69 137 0.16666666666666666
69 59 0.05263157894736842
69 156 0.09090909090909091
69 91 0.09090909090909091
70 89 0.125
70 142 0.25
70 16 0.07142857142857142
71 217 0.25
71 106 0.16666666666666666
71 62 0.06666666666666667
72 195 0.125
72 88 0.25
72 23 0.0625
72 24 0.14285714285714285
73 165 0.16666666666666666
73 99 0.25
73 64 0.16666666666666666
73 13 0.034482758620689655
73 56 0.1111111111111111
74 130 0.16666666666666666
74 53 0.1111111111111111
74 264 0.034482758620689655
75 30 0.1
76 209 0.25
76 116 0.1111111111111111
76 22 0.045454545454545456
76 122 0.25
76 43 0.058823529411764705
76 60 0.08333333333333333
76 59 0.05263157894736842
77 60 0.08333333333333333
78 65 0.1
78 67 0.1
78 100 0.5
78 54 0.05263157894736842
78 155 0.5
79 57 0.3333333333333333
79 53 0.1111111111111111
79 118 0.16666666666666666
79 41 0.0625
79 197 0.2
79 192 0.2
80 83 0.2
80 47 0.08333333333333333
81 257 0.1111111111111111
81 21 0.047619047619047616
81 38 0.07142857142857142
81 31 0.03225806451612903
82 33 0.05555555555555555
82 50 0.25
82 180 0.16666666666666666
82 191 0.2
82 114 0.14285714285714285
82 97 0.14285714285714285
82 31 0.03225806451612903
83 59 0.05263157894736842
83 47 0.08333333333333333
83 80 0.125
84 67 0.1
84 140 0.5
84 54 0.05263157894736842
85 204 0.14285714285714285
85 47 0.08333333333333333
85 80 0.125
86 185 0.25
86 21 0.047619047619047616
86 152 0.16666666666666666
87 196 0.14285714285714285
87 30 0.1
88 195 0.125
88 72 0.125
89 129 0.1111111111111111
89 70 0.16666666666666666
89 199 0.5
89 16 0.07142857142857142
90 107 0.09090909090909091
90 46 0.09090909090909091
91 137 0.16666666666666666
91 98 0.14285714285714285
91 59 0.05263157894736842
91 156 0.09090909090909091
91 69 0.06666666666666667
92 33 0.05555555555555555
92 173 0.5
92 38 0.07142857142857142
92 31 0.03225806451612903
93 257 0.1111111111111111
93 166 0.5
93 32 0.125
94 21 0.047619047619047616
95 15 0.041666666666666664
96 53 0.1111111111111111
97 82 0.07142857142857142
97 132 0.25
97 180 0.16666666666666666
98 91 0.09090909090909091
98 69 0.06666666666666667
98 59 0.05263157894736842
99 73 0.1
99 13 0.034482758620689655
100 78 0.1111111111111111
101 210 0.3333333333333333
101 19 0.03571428571428571
101 220 0.25
101 200 0.2
102 43 0.058823529411764705
102 213 0.25
103 44 0.1111111111111111
104 150 0.5
104 120 0.3333333333333333
104 41 0.0625
104 43 0.058823529411764705
104 60 0.08333333333333333
104 77 0.25
104 222 0.5
104 112 0.08333333333333333
105 84 0.14285714285714285
105 22 0.045454545454545456
105 167 0.3333333333333333
105 216 0.2
106 26 0.07142857142857142
106 62 0.06666666666666667
106 71 0.14285714285714285
107 119 0.25
107 90 0.25
107 75 0.3333333333333333
107 144 0.25
107 30 0.1
107 175 0.5
107 46 0.09090909090909091
108 33 0.05555555555555555
108 38 0.07142857142857142
108 31 0.03225806451612903
109 47 0.08333333333333333
109 80 0.125
110 42 0.07692307692307693
111 58 0.16666666666666666
111 22 0.045454545454545456
111 66 0.16666666666666666
112 145 0.14285714285714285
112 19 0.03571428571428571
112 37 0.16666666666666666
112 104 0.0625
112 44 0.1111111111111111
112 160 0.1111111111111111
113 27 0.06666666666666667
113 40 0.3333333333333333
114 41 0.0625
114 82 0.07142857142857142
114 31 0.03225806451612903
114 154 0.5
115 63 0.16666666666666666
116 27 0.06666666666666667
116 76 0.07692307692307693
116 62 0.06666666666666667
116 71 0.14285714285714285
116 184 0.5
117 193 0.25
117 124 0.125
117 22 0.045454545454545456
117 121 0.25
117 58 0.16666666666666666
117 60 0.08333333333333333
117 77 0.25
117 128 0.5
118 197 0.2
118 79 0.1
118 192 0.2
119 107 0.09090909090909091
119 190 0.25
120 104 0.0625
121 193 0.25
121 117 0.07692307692307693
122 209 0.25
122 76 0.07692307692307693
123 49 0.09090909090909091
124 105 0.125
124 42 0.07692307692307693
124 117 0.07692307692307693
124 482 0.058823529411764705
125 41 0.0625
126 131 0.5
126 56 0.1111111111111111
126 139 0.5
126 64 0.16666666666666666
127 33 0.05555555555555555
127 215 0.125
127 38 0.07142857142857142
127 31 0.03225806451612903
128 117 0.07692307692307693
129 89 0.125
129 52 0.1
129 86 0.125
129 23 0.0625
129 168 0.1111111111111111
130 61 0.25
130 92 0.1111111111111111
130 53 0.1111111111111111
130 74 0.16666666666666666
131 126 0.1111111111111111
132 97 0.14285714285714285
132 16 0.07142857142857142
133 14 0.1111111111111111
134 205 0.25
134 21 0.047619047619047616
135 168 0.1111111111111111
135 101 0.125
135 39 0.14285714285714285
135 136 0.5
136 135 0.16666666666666666
137 91 0.09090909090909091
137 69 0.06666666666666667
138 49 0.09090909090909091
138 123 0.3333333333333333
138 221 0.2
138 211 0.16666666666666666
139 126 0.1111111111111111
140 84 0.14285714285714285
141 26 0.07142857142857142
141 52 0.1
141 39 0.14285714285714285
141 212 0.5
142 70 0.16666666666666666
142 16 0.07142857142857142
143 120 0.3333333333333333
143 104 0.0625
144 201 0.5
144 107 0.09090909090909091
145 20 0.2
145 24 0.14285714285714285
145 206 0.5
145 15 0.041666666666666664
145 112 0.08333333333333333
146 161 0.5
146 66 0.16666666666666666
146 59 0.05263157894736842
146 69 0.06666666666666667
146 22 0.045454545454545456
147 162 0.5
147 27 0.06666666666666667
147 112 0.08333333333333333
148 28 0.08333333333333333
148 190 0.25
149 37 0.16666666666666666
150 104 0.0625
151 33 0.05555555555555555
151 176 0.07142857142857142
151 31 0.03225806451612903
151 127 0.125
151 38 0.07142857142857142
152 185 0.25
152 178 0.3333333333333333
152 86 0.125
153 25 0.07692307692307693
154 114 0.14285714285714285
155 78 0.1111111111111111
156 98 0.14285714285714285
156 69 0.06666666666666667
156 137 0.16666666666666666
156 181 0.16666666666666666
156 59 0.05263157894736842
156 188 0.2
156 91 0.09090909090909091
157 67 0.1
157 54 0.05263157894736842
158 39 0.14285714285714285
159 65 0.1
159 163 0.1111111111111111
160 55 0.2
160 112 0.08333333333333333
160 187 0.2
160 44 0.1111111111111111
160 46 0.09090909090909091
160 80 0.125
161 146 0.125
162 147 0.2
163 65 0.1
163 198 0.5
163 159 0.14285714285714285
163 214 0.25
164 21 0.047619047619047616
165 73 0.1
165 19 0.03571428571428571
165 46 0.09090909090909091
166 93 0.16666666666666666
167 105 0.125
168 129 0.1111111111111111
168 141 0.14285714285714285
168 262 0.1
168 135 0.16666666666666666
169 163 0.1111111111111111
169 55 0.2
170 54 0.05263157894736842
170 182 0.125
171 52 0.1
172 42 0.07692307692307693
173 92 0.1111111111111111
174 67 0.1
174 157 0.16666666666666666
174 54 0.05263157894736842
174 182 0.125
175 107 0.09090909090909091
176 31 0.03225806451612903
176 215 0.125
176 151 0.14285714285714285
176 264 0.034482758620689655
176 462 0.125
176 239 0.08333333333333333
176 38 0.07142857142857142
177 68 0.14285714285714285
178 86 0.125
178 152 0.16666666666666666
179 34 0.1
180 97 0.14285714285714285
180 82 0.07142857142857142
180 191 0.2
181 137 0.16666666666666666
181 59 0.05263157894736842
181 156 0.09090909090909091
181 69 0.06666666666666667
182 170 0.25
182 67 0.1
182 54 0.05263157894736842
182 174 0.16666666666666666
183 28 0.08333333333333333
183 196 0.14285714285714285
184 116 0.1111111111111111
185 86 0.125
185 152 0.16666666666666666
186 177 0.3333333333333333
186 68 0.14285714285714285
187 17 0.07142857142857142
187 44 0.1111111111111111
187 160 0.1111111111111111
188 91 0.09090909090909091
188 156 0.09090909090909091
188 69 0.06666666666666667
188 59 0.05263157894736842
189 43 0.058823529411764705
189 102 0.2
190 148 0.25
190 119 0.25
191 97 0.14285714285714285
191 82 0.07142857142857142
191 180 0.16666666666666666
192 118 0.16666666666666666
192 79 0.1
193 121 0.25
193 117 0.07692307692307693
194 34 0.1
194 36 0.25
195 88 0.25
195 45 0.25
195 23 0.0625
195 72 0.125
196 28 0.08333333333333333
196 183 0.25
196 87 0.25
197 118 0.16666666666666666
197 79 0.1
197 192 0.2
198 163 0.1111111111111111
199 89 0.125
200 220 0.25
200 101 0.125
201 144 0.25
202 13 0.034482758620689655
203 27 0.06666666666666667
203 15 0.041666666666666664
204 85 0.2
204 109 0.25
204 207 0.25
204 47 0.08333333333333333
205 21 0.047619047619047616
205 134 0.25
206 145 0.14285714285714285
207 204 0.14285714285714285
207 85 0.2
207 80 0.125
208 35 0.14285714285714285
209 122 0.25
209 76 0.07692307692307693
210 101 0.125
210 200 0.2
211 49 0.09090909090909091
211 138 0.14285714285714285
211 221 0.2
212 141 0.14285714285714285
213 43 0.058823529411764705
213 102 0.2
214 35 0.14285714285714285
214 163 0.1111111111111111
215 31 0.03225806451612903
215 176 0.07142857142857142
215 127 0.125
215 151 0.14285714285714285
215 38 0.07142857142857142
216 105 0.125
216 65 0.1
216 159 0.14285714285714285
216 167 0.3333333333333333
217 62 0.06666666666666667
217 71 0.14285714285714285
218 19 0.03571428571428571
219 203 0.2
219 59 0.05263157894736842
219 27 0.06666666666666667
219 168 0.1111111111111111
220 101 0.125
220 200 0.2
221 49 0.09090909090909091
221 138 0.14285714285714285
221 211 0.16666666666666666
222 104 0.0625
223 65 0.1
223 159 0.14285714285714285
224 225 0.2
224 68 0.14285714285714285
224 229 0.16666666666666666
224 168 0.1111111111111111
224 233 0.14285714285714285
224 26 0.07142857142857142
224 237 0.25
224 15 0.041666666666666664
225 226 0.08333333333333333
225 224 0.06666666666666667
226 225 0.2
226 482 0.058823529411764705
226 230 0.25
226 235 0.5
226 493 0.09090909090909091
226 238 0.5
227 228 0.5
227 224 0.06666666666666667
228 227 0.3333333333333333
229 232 0.16666666666666666
229 237 0.25
229 224 0.06666666666666667
230 226 0.08333333333333333
230 231 0.5
231 230 0.25
232 233 0.14285714285714285
232 234 0.5
232 229 0.16666666666666666
233 225 0.2
233 232 0.16666666666666666
233 236 0.5
233 224 0.06666666666666667
234 232 0.16666666666666666
235 226 0.08333333333333333
236 233 0.14285714285714285
237 229 0.16666666666666666
237 224 0.06666666666666667
238 226 0.08333333333333333
239 33 0.05555555555555555
239 164 0.3333333333333333
239 245 0.5
239 9 0.16666666666666666
239 251 0.5
239 240 0.07692307692307693
239 126 0.1111111111111111
239 176 0.07142857142857142
240 241 0.14285714285714285
240 242 0.09090909090909091
240 243 0.16666666666666666
240 239 0.08333333333333333
240 482 0.058823529411764705
240 255 0.5
241 244 0.25
241 247 0.125
241 240 0.07692307692307693
242 243 0.16666666666666666
242 256 0.5
242 253 0.5
242 246 0.25
242 240 0.07692307692307693
243 242 0.09090909090909091
243 250 0.25
243 240 0.07692307692307693
244 241 0.14285714285714285
244 262 0.1
245 239 0.08333333333333333
246 242 0.09090909090909091
246 250 0.25
247 241 0.14285714285714285
247 249 0.14285714285714285
247 252 0.5
247 248 0.25
248 241 0.14285714285714285
248 247 0.125
248 240 0.07692307692307693
249 465 0.058823529411764705
249 242 0.09090909090909091
249 254 0.5
249 247 0.125
250 243 0.16666666666666666
250 246 0.25
251 239 0.08333333333333333
252 247 0.125
253 242 0.09090909090909091
254 249 0.14285714285714285
255 240 0.07692307692307693
256 242 0.09090909090909091
257 81 0.14285714285714285
257 33 0.05555555555555555
257 93 0.16666666666666666
257 258 0.16666666666666666
257 8 0.125
258 257 0.1111111111111111
258 259 0.25
258 260 0.5
259 258 0.16666666666666666
259 261 0.5
260 258 0.16666666666666666
261 259 0.25
262 263 0.5
262 244 0.25
262 54 0.05263157894736842
262 196 0.14285714285714285
262 168 0.1111111111111111
262 124 0.125
263 262 0.1
264 33 0.05555555555555555
264 293 0.25
264 265 0.0625
264 74 0.16666666666666666
264 267 0.058823529411764705
264 268 0.038461538461538464
264 13 0.034482758620689655
264 272 0.2
264 273 0.125
264 277 0.1
264 287 0.07692307692307693
264 413 0.5
264 176 0.07142857142857142
264 317 0.125
264 31 0.03225806451612903
265 339 0.125
265 279 0.058823529411764705
265 264 0.034482758620689655
265 297 0.047619047619047616
265 266 0.07692307692307693
265 283 0.125
265 301 0.1111111111111111
265 270 0.09090909090909091
266 421 0.2
266 278 0.08333333333333333
266 265 0.0625
266 269 0.14285714285714285
266 364 0.125
266 285 0.14285714285714285
267 276 0.1
267 325 0.09090909090909091
267 264 0.034482758620689655
267 281 0.125
267 346 0.25
267 400 0.5
267 320 0.08333333333333333
268 294 0.05263157894736842
268 360 0.125
268 267 0.058823529411764705
268 264 0.034482758620689655
268 334 0.08333333333333333
268 271 0.09090909090909091
268 286 0.058823529411764705
268 274 0.09090909090909091
268 277 0.1
268 309 0.08333333333333333
268 432 0.5
268 299 0.05555555555555555
268 390 0.5
269 266 0.07692307692307693
269 275 0.125
269 288 0.07142857142857142
270 265 0.0625
270 313 0.1
270 452 0.25
270 397 0.25
270 327 0.1
271 284 0.08333333333333333
271 458 0.25
271 268 0.038461538461538464
271 461 0.5
271 374 0.16666666666666666
272 289 0.16666666666666666
272 264 0.034482758620689655
273 417 0.3333333333333333
273 406 0.3333333333333333
273 287 0.07692307692307693
273 264 0.034482758620689655
274 299 0.05555555555555555
274 268 0.038461538461538464
274 334 0.08333333333333333
274 359 0.25
274 336 0.2
275 349 0.07142857142857142
275 285 0.14285714285714285
275 269 0.14285714285714285
275 279 0.058823529411764705
276 352 0.09090909090909091
276 314 0.25
276 267 0.058823529411764705
276 292 0.14285714285714285
276 280 0.07692307692307693
277 291 0.07692307692307693
277 268 0.038461538461538464
277 311 0.2
277 303 0.16666666666666666
277 264 0.034482758620689655
278 290 0.07142857142857142
278 294 0.05263157894736842
278 343 0.125
278 266 0.07692307692307693
278 364 0.125
278 384 0.2
279 465 0.058823529411764705
279 297 0.047619047619047616
279 275 0.125
279 330 0.25
279 265 0.0625
279 282 0.0625
279 427 0.25
279 349 0.07142857142857142
280 457 0.25
280 356 0.125
280 296 0.125
280 276 0.1
280 395 0.16666666666666666
280 300 0.1
281 369 0.5
281 274 0.09090909090909091
281 267 0.058823529411764705
281 325 0.09090909090909091
282 305 0.08333333333333333
282 444 0.16666666666666666
282 342 0.2
282 279 0.058823529411764705
282 297 0.047619047619047616
282 428 0.16666666666666666
282 335 0.25
283 265 0.0625
283 339 0.125
284 313 0.1
284 378 0.125
284 375 0.25
284 271 0.09090909090909091
284 434 0.16666666666666666
285 266 0.07692307692307693
285 275 0.125
285 269 0.14285714285714285
285 306 0.1111111111111111
286 385 0.14285714285714285
286 386 0.2
286 323 0.1
286 268 0.038461538461538464
286 442 0.2
286 380 0.25
286 333 0.125
286 416 0.14285714285714285
287 273 0.125
287 289 0.16666666666666666
287 291 0.07692307692307693
287 420 0.16666666666666666
287 439 0.25
287 264 0.034482758620689655
288 353 0.14285714285714285
288 295 0.2
288 361 0.25
288 298 0.16666666666666666
288 331 0.16666666666666666
288 269 0.14285714285714285
289 287 0.07692307692307693
289 272 0.2
290 339 0.125
290 278 0.08333333333333333
290 344 0.2
290 409 0.2
290 348 0.16666666666666666
290 403 0.14285714285714285
291 309 0.08333333333333333
291 287 0.07692307692307693
291 345 0.1111111111111111
291 277 0.1
291 299 0.05555555555555555
291 303 0.16666666666666666
292 314 0.25
292 276 0.1
292 341 0.25
293 434 0.16666666666666666
293 264 0.034482758620689655
294 402 0.3333333333333333
294 307 0.1111111111111111
294 324 0.25
294 310 0.1
294 407 0.25
294 268 0.038461538461538464
294 323 0.1
294 302 0.16666666666666666
294 278 0.08333333333333333
295 353 0.14285714285714285
295 288 0.07142857142857142
296 395 0.16666666666666666
296 300 0.1
296 280 0.07692307692307693
297 322 0.07142857142857142
297 399 0.16666666666666666
297 279 0.058823529411764705
297 370 0.25
297 265 0.0625
297 282 0.0625
297 283 0.125
297 424 0.25
297 429 0.25
297 318 0.16666666666666666
297 319 0.07692307692307693
298 376 0.5
298 304 0.125
298 288 0.07142857142857142
299 274 0.09090909090909091
299 291 0.07692307692307693
299 404 0.3333333333333333
299 345 0.1111111111111111
299 411 0.3333333333333333
299 268 0.038461538461538464
299 350 0.5
300 395 0.16666666666666666
300 296 0.125
300 389 0.2
300 280 0.07692307692307693
301 265 0.0625
301 283 0.125
301 316 0.14285714285714285
301 347 0.5
301 304 0.125
302 290 0.07142857142857142
302 299 0.05555555555555555
302 294 0.05263157894736842
302 328 0.5
303 291 0.07692307692307693
303 277 0.1
303 315 0.16666666666666666
304 337 0.16666666666666666
304 298 0.16666666666666666
304 301 0.1111111111111111
304 351 0.14285714285714285
305 282 0.0625
305 444 0.16666666666666666
305 405 0.14285714285714285
305 342 0.2
305 322 0.07142857142857142
306 321 0.2
306 331 0.16666666666666666
306 460 0.5
306 285 0.14285714285714285
307 324 0.25
307 308 0.06666666666666667
307 294 0.05263157894736842
307 407 0.25
308 451 0.25
308 290 0.07142857142857142
308 307 0.1111111111111111
308 436 0.5
308 294 0.05263157894736842
308 312 0.07142857142857142
308 299 0.05555555555555555
308 355 0.25
308 336 0.2
309 291 0.07692307692307693
309 448 0.5
309 299 0.05555555555555555
309 268 0.038461538461538464
309 431 0.25
309 416 0.14285714285714285
310 266 0.07692307692307693
310 349 0.07142857142857142
310 294 0.05263157894736842
310 381 0.3333333333333333
310 450 0.3333333333333333
311 459 0.5
311 277 0.1
312 305 0.08333333333333333
312 308 0.06666666666666667
312 440 0.5
312 327 0.1
312 408 0.5
312 364 0.125
312 378 0.125
312 284 0.08333333333333333
313 363 0.16666666666666666
313 284 0.08333333333333333
313 286 0.058823529411764705
313 423 0.3333333333333333
313 270 0.09090909090909091
314 292 0.14285714285714285
314 276 0.1
315 378 0.125
315 303 0.16666666666666666
315 434 0.16666666666666666
316 364 0.125
316 283 0.125
316 332 0.5
316 301 0.1111111111111111
317 354 0.3333333333333333
317 437 0.25
317 398 0.2
317 264 0.034482758620689655
318 297 0.047619047619047616
318 399 0.16666666666666666
318 319 0.07692307692307693
319 387 0.25
319 292 0.14285714285714285
319 297 0.047619047619047616
319 443 0.25
319 416 0.14285714285714285
319 318 0.16666666666666666
319 352 0.09090909090909091
320 449 0.25
320 341 0.25
320 358 0.16666666666666666
320 391 0.3333333333333333
320 455 0.2
320 267 0.058823529411764705
321 306 0.1111111111111111
321 403 0.14285714285714285
322 305 0.08333333333333333
322 329 0.16666666666666666
322 447 0.2
322 297 0.047619047619047616
322 282 0.0625
322 396 0.16666666666666666
322 367 0.1111111111111111
323 425 0.3333333333333333
323 371 0.3333333333333333
323 384 0.2
323 286 0.058823529411764705
323 294 0.05263157894736842
324 307 0.1111111111111111
324 294 0.05263157894736842
325 305 0.08333333333333333
325 338 0.25
325 281 0.125
325 362 0.25
325 267 0.058823529411764705
325 352 0.09090909090909091
326 306 0.1111111111111111
327 401 0.2
327 422 0.3333333333333333
327 368 0.25
327 270 0.09090909090909091
327 312 0.07142857142857142
328 302 0.16666666666666666
329 322 0.07142857142857142
329 367 0.1111111111111111
330 427 0.25
330 279 0.058823529411764705
331 306 0.1111111111111111
331 414 0.25
331 288 0.07142857142857142
332 316 0.14285714285714285
333 386 0.2
333 380 0.25
333 286 0.058823529411764705
333 442 0.2
334 274 0.09090909090909091
334 340 0.5
334 310 0.1
334 311 0.2
334 360 0.125
334 379 0.5
334 268 0.038461538461538464
335 282 0.0625
335 405 0.14285714285714285
336 268 0.038461538461538464
336 274 0.09090909090909091
336 308 0.06666666666666667
337 321 0.2
337 394 0.5
337 304 0.125
338 362 0.25
338 325 0.09090909090909091
339 265 0.0625
339 290 0.07142857142857142
339 283 0.125
339 270 0.09090909090909091
339 288 0.07142857142857142
340 334 0.08333333333333333
341 292 0.14285714285714285
341 320 0.08333333333333333
342 305 0.08333333333333333
342 282 0.0625
343 403 0.14285714285714285
343 421 0.2
343 278 0.08333333333333333
343 351 0.14285714285714285
344 290 0.07142857142857142
344 348 0.16666666666666666
345 267 0.058823529411764705
345 291 0.07692307692307693
345 357 0.25
345 299 0.05555555555555555
346 267 0.058823529411764705
346 365 0.2
347 301 0.1111111111111111
348 409 0.2
348 290 0.07142857142857142
348 344 0.2
349 433 0.25
349 275 0.125
349 310 0.1
349 279 0.058823529411764705
349 377 0.2
349 430 0.3333333333333333
349 374 0.16666666666666666
350 299 0.05555555555555555
351 454 0.5
351 343 0.125
351 304 0.125
352 410 0.5
352 276 0.1
352 325 0.09090909090909091
352 415 0.5
352 319 0.07692307692307693
353 361 0.25
353 295 0.2
353 288 0.07142857142857142
354 317 0.125
355 451 0.25
355 308 0.06666666666666667
356 281 0.125
356 456 0.25
356 373 0.16666666666666666
356 280 0.07692307692307693
357 345 0.1111111111111111
357 359 0.25
358 435 0.3333333333333333
358 445 0.3333333333333333
358 320 0.08333333333333333
359 274 0.09090909090909091
359 357 0.25
360 345 0.1111111111111111
360 372 0.25
360 268 0.038461538461538464
360 334 0.08333333333333333
361 353 0.14285714285714285
361 288 0.07142857142857142
362 338 0.25
362 325 0.09090909090909091
363 313 0.1
363 382 0.3333333333333333
364 266 0.07692307692307693
364 316 0.14285714285714285
364 278 0.08333333333333333
364 312 0.07142857142857142
365 346 0.25
365 267 0.058823529411764705
365 300 0.1
365 280 0.07692307692307693
366 279 0.058823529411764705
367 329 0.16666666666666666
367 322 0.07142857142857142
367 396 0.16666666666666666
367 441 0.16666666666666666
368 401 0.2
368 327 0.1
369 281 0.125
370 297 0.047619047619047616
370 424 0.25
371 323 0.1
372 345 0.1111111111111111
372 352 0.09090909090909091
372 360 0.125
373 356 0.125
373 388 0.125
373 456 0.25
374 349 0.07142857142857142
374 383 0.5
374 271 0.09090909090909091
375 284 0.08333333333333333
375 438 0.3333333333333333
376 298 0.16666666666666666
377 433 0.25
377 349 0.07142857142857142
378 458 0.25
378 315 0.16666666666666666
378 284 0.08333333333333333
378 312 0.07142857142857142
379 334 0.08333333333333333
380 333 0.125
380 286 0.058823529411764705
381 310 0.1
382 313 0.1
382 363 0.16666666666666666
383 374 0.16666666666666666
384 323 0.1
384 278 0.08333333333333333
384 351 0.14285714285714285
385 393 0.5
385 299 0.05555555555555555
385 286 0.058823529411764705
385 392 0.5
386 333 0.125
386 286 0.058823529411764705
387 443 0.25
387 319 0.07692307692307693
388 356 0.125
388 373 0.16666666666666666
388 431 0.25
388 360 0.125
388 309 0.08333333333333333
388 271 0.09090909090909091
389 419 0.25
389 300 0.1
389 296 0.125
390 268 0.038461538461538464
391 320 0.08333333333333333
392 385 0.14285714285714285
393 385 0.14285714285714285
394 337 0.16666666666666666
395 296 0.125
395 300 0.1
395 280 0.07692307692307693
396 441 0.16666666666666666
396 322 0.07142857142857142
396 367 0.1111111111111111
397 452 0.25
397 270 0.09090909090909091
398 354 0.3333333333333333
398 437 0.25
398 317 0.125
399 297 0.047619047619047616
399 429 0.25
399 318 0.16666666666666666
400 267 0.058823529411764705
401 327 0.1
401 368 0.25
402 307 0.1111111111111111
402 294 0.05263157894736842
403 321 0.2
403 290 0.07142857142857142
403 343 0.125
403 337 0.16666666666666666
404 299 0.05555555555555555
405 305 0.08333333333333333
405 282 0.0625
405 444 0.16666666666666666
405 335 0.25
406 273 0.125
407 307 0.1111111111111111
407 294 0.05263157894736842
408 312 0.07142857142857142
409 290 0.07142857142857142
409 348 0.16666666666666666
409 344 0.2
410 352 0.09090909090909091
411 299 0.05555555555555555
411 404 0.3333333333333333
412 289 0.16666666666666666
412 272 0.2
413 264 0.034482758620689655
414 426 0.5
414 331 0.16666666666666666
415 352 0.09090909090909091
416 363 0.16666666666666666
416 309 0.08333333333333333
416 286 0.058823529411764705
416 319 0.07692307692307693
417 273 0.125
417 406 0.3333333333333333
418 264 0.034482758620689655
419 389 0.2
419 455 0.2
420 439 0.25
420 287 0.07692307692307693
420 446 0.3333333333333333
421 266 0.07692307692307693
421 326 0.5
421 343 0.125
422 401 0.2
422 327 0.1
423 313 0.1
423 363 0.16666666666666666
424 297 0.047619047619047616
424 370 0.25
425 371 0.3333333333333333
425 323 0.1
426 414 0.25
427 330 0.25
427 279 0.058823529411764705
428 353 0.14285714285714285
428 282 0.0625
428 342 0.2
428 295 0.2
428 288 0.07142857142857142
429 297 0.047619047619047616
429 399 0.16666666666666666
430 377 0.2
430 349 0.07142857142857142
431 388 0.125
431 309 0.08333333333333333
432 268 0.038461538461538464
433 377 0.2
433 349 0.07142857142857142
434 315 0.16666666666666666
434 284 0.08333333333333333
434 293 0.25
435 358 0.16666666666666666
436 308 0.06666666666666667
437 317 0.125
437 398 0.2
438 284 0.08333333333333333
438 375 0.25
439 420 0.16666666666666666
439 287 0.07692307692307693
440 312 0.07142857142857142
441 329 0.16666666666666666
441 396 0.16666666666666666
441 367 0.1111111111111111
442 386 0.2
442 333 0.125
442 286 0.058823529411764705
443 387 0.25
443 319 0.07692307692307693
444 305 0.08333333333333333
444 282 0.0625
444 405 0.14285714285714285
445 435 0.3333333333333333
445 358 0.16666666666666666
446 420 0.16666666666666666
446 287 0.07692307692307693
447 329 0.16666666666666666
447 322 0.07142857142857142
447 441 0.16666666666666666
447 367 0.1111111111111111
448 309 0.08333333333333333
449 391 0.3333333333333333
449 320 0.08333333333333333
450 381 0.3333333333333333
450 310 0.1
451 355 0.25
451 308 0.06666666666666667
452 397 0.25
452 270 0.09090909090909091
453 289 0.16666666666666666
454 351 0.14285714285714285
455 449 0.25
455 419 0.25
455 320 0.08333333333333333
456 356 0.125
456 373 0.16666666666666666
457 280 0.07692307692307693
457 300 0.1
457 296 0.125
458 378 0.125
458 271 0.09090909090909091
459 311 0.2
460 306 0.1111111111111111
461 271 0.09090909090909091
462 33 0.05555555555555555
462 82 0.07142857142857142
462 291 0.07692307692307693
462 463 0.16666666666666666
462 127 0.125
462 176 0.07142857142857142
463 480 0.1111111111111111
463 462 0.125
463 464 0.5
464 463 0.16666666666666666
465 467 0.2
465 466 0.25
465 19 0.03571428571428571
465 468 0.06666666666666667
465 279 0.058823529411764705
465 104 0.0625
465 249 0.14285714285714285
465 62 0.06666666666666667
465 478 0.1111111111111111
466 465 0.058823529411764705
466 469 0.14285714285714285
467 465 0.058823529411764705
467 479 0.3333333333333333
468 465 0.058823529411764705
468 469 0.14285714285714285
468 470 0.1111111111111111
468 472 0.3333333333333333
468 473 0.14285714285714285
468 474 0.14285714285714285
468 478 0.1111111111111111
469 465 0.058823529411764705
469 466 0.25
469 468 0.06666666666666667
469 471 0.25
470 473 0.14285714285714285
470 474 0.14285714285714285
470 468 0.06666666666666667
470 478 0.1111111111111111
471 476 0.5
471 469 0.14285714285714285
472 468 0.06666666666666667
473 475 0.5
473 468 0.06666666666666667
473 470 0.1111111111111111
474 473 0.14285714285714285
474 468 0.06666666666666667
474 470 0.1111111111111111
474 480 0.1111111111111111
475 473 0.14285714285714285
476 471 0.25
477 468 0.06666666666666667
477 470 0.1111111111111111
477 472 0.3333333333333333
478 465 0.058823529411764705
478 467 0.2
478 468 0.06666666666666667
478 470 0.1111111111111111
479 467 0.2
479 478 0.1111111111111111
480 481 0.5
480 322 0.07142857142857142
480 474 0.14285714285714285
480 283 0.125
480 478 0.1111111111111111
480 463 0.16666666666666666
481 480 0.1111111111111111
482 226 0.08333333333333333
482 483 0.16666666666666666
482 485 0.2
482 486 0.5
482 66 0.16666666666666666
482 489 0.5
482 42 0.07692307692307693
482 124 0.125
482 240 0.07692307692307693
483 482 0.058823529411764705
483 484 0.25
483 488 0.25
484 483 0.16666666666666666
484 488 0.25
485 482 0.058823529411764705
485 487 0.25
486 482 0.058823529411764705
487 490 0.14285714285714285
487 485 0.2
488 483 0.16666666666666666
488 484 0.25
489 482 0.058823529411764705
490 491 0.25
490 492 0.25
490 485 0.2
490 487 0.25
491 490 0.14285714285714285
491 492 0.25
492 490 0.14285714285714285
492 491 0.25
493 226 0.08333333333333333
493 262 0.1
493 495 0.16666666666666666
493 157 0.16666666666666666
493 494 0.125
493 159 0.14285714285714285
493 54 0.05263157894736842
494 498 0.5
494 499 0.5
494 493 0.09090909090909091
494 495 0.16666666666666666
495 493 0.09090909090909091
495 494 0.125
495 496 0.16666666666666666
496 497 0.5
496 500 0.5
496 495 0.16666666666666666
497 496 0.16666666666666666
498 494 0.125
499 494 0.125
500 496 0.16666666666666666
