1 3
1 5
1 8
1 11
1 20
1 79
2 1
2 6
2 9
2 12
2 63
3 1
3 8
3 19
4 44
5 1
5 54
5 55
6 2
6 9
6 12
6 63
7 29
7 33
8 1
8 3
8 10
8 25
8 26
8 28
8 68
8 76
9 6
9 2
9 63
10 8
10 25
10 26
10 68
10 76
11 1
11 20
12 2
12 6
12 31
12 36
13 1
13 15
13 16
13 18
13 21
13 23
13 24
13 35
13 43
13 50
13 53
13 78
14 13
14 19
14 35
14 50
14 53
14 60
14 78
14 84
14 189
15 13
15 35
16 13
16 15
16 21
17 51
17 66
17 82
18 2
18 13
18 21
18 40
18 59
18 61
19 3
19 14
19 22
19 27
20 1
20 11
20 23
20 79
21 18
21 13
21 15
21 16
22 19
23 20
23 16
23 13
23 41
23 45
23 75
23 80
24 13
24 14
24 16
25 8
25 10
25 28
26 10
26 8
26 30
26 32
26 34
26 48
26 49
27 19
28 10
28 8
28 25
28 68
28 76
29 7
29 41
29 44
30 26
30 49
31 12
31 36
32 26
32 70
32 77
33 7
34 26
34 65
34 67
34 69
35 14
35 13
35 15
35 37
35 46
35 62
35 64
36 31
36 12
37 35
37 62
37 64
38 5
38 47
38 72
39 26
40 18
40 61
41 23
41 29
41 57
42 28
42 8
42 52
42 56
43 13
43 53
44 4
44 29
45 23
46 35
47 38
47 72
48 26
49 26
49 30
50 14
50 13
50 60
51 17
52 42
52 58
53 14
53 13
53 50
53 43
53 60
54 5
55 5
56 42
57 41
58 56
58 52
58 42
58 73
59 18
59 40
59 61
60 50
60 14
60 16
60 53
61 18
61 40
61 59
62 35
62 37
63 6
63 9
63 2
64 46
64 37
64 35
65 34
65 67
66 17
67 34
67 65
67 69
68 8
68 28
68 10
69 34
69 67
69 65
70 32
71 16
71 14
71 13
72 38
72 47
73 58
74 59
74 61
74 18
75 23
75 45
76 10
76 8
76 28
77 32
78 13
78 14
78 16
78 15
79 1
79 20
79 11
80 45
80 23
81 51
81 82
81 83
82 17
82 81
83 81
84 78
84 53
84 16
84 14
85 86
86 0
86 85
86 87
87 86
87 88
87 92
88 87
88 92
89 90
90 89
90 93
92 87
92 86
92 88
93 90
95 99
99 95
100 101
101 100
102 44
102 103
102 129
102 130
102 149
103 102
103 111
103 115
103 119
103 125
103 127
103 131
103 135
103 146
103 147
103 174
104 118
105 103
105 107
105 109
105 117
105 121
105 156
106 150
106 173
106 175
107 105
107 117
107 121
107 139
107 140
107 153
107 156
108 106
108 114
108 120
108 177
109 102
109 105
109 126
109 148
110 103
110 132
110 133
110 166
111 103
111 113
111 116
111 164
112 102
112 160
113 111
113 116
113 144
113 164
113 170
114 108
114 120
114 157
115 103
115 119
115 135
115 178
116 113
116 111
116 164
117 105
117 107
117 139
117 140
117 153
118 104
119 103
119 115
119 125
119 127
119 131
119 135
119 174
120 114
120 108
120 155
120 157
120 177
121 105
121 111
121 107
121 122
121 123
122 121
122 123
122 132
123 121
123 122
123 134
123 162
123 169
124 144
125 115
125 103
125 119
125 128
125 130
125 137
125 179
126 109
127 103
127 119
127 174
128 125
128 176
129 102
129 138
129 171
130 125
130 102
131 103
131 119
131 135
131 146
132 116
132 121
132 122
132 110
132 136
133 110
133 126
133 103
133 167
134 123
134 162
134 169
135 115
135 103
135 131
135 119
135 154
135 174
136 103
136 132
136 143
136 161
136 163
137 125
137 179
138 106
138 129
139 105
139 117
139 107
140 105
140 117
140 107
140 152
140 159
141 103
141 135
141 119
141 115
141 154
142 140
143 136
143 163
144 124
144 123
144 113
144 172
145 165
146 103
146 135
146 131
146 147
146 154
147 103
147 146
147 135
148 133
148 109
149 102
150 106
150 168
151 105
151 117
151 114
152 140
153 117
153 107
154 103
154 135
154 146
154 141
155 120
155 108
155 114
155 157
156 107
156 105
156 117
157 120
157 155
157 114
157 177
159 140
159 152
159 180
160 112
161 136
162 123
162 134
163 136
163 143
164 111
164 113
164 116
165 145
166 110
167 133
168 150
169 123
169 134
170 116
170 164
170 113
170 172
170 189
171 129
172 170
172 116
172 113
172 144
173 106
174 127
174 119
174 135
174 103
174 178
175 106
175 165
175 145
176 125
176 128
177 120
177 108
177 157
178 146
178 103
178 174
178 141
178 115
179 128
179 125
179 137
179 176
180 140
180 159
180 152
181 182
182 181
183 184
183 186
183 188
184 183
184 187
185 183
185 184
186 183
187 184
188 183
189 14
189 148
189 170
191 194
193 192
194 191
194 192
