195
550
1 3 0.125
1 5 0.0714286
1 8 0.0454545
1 11 0.142857
1 20 0.1
1 79 0.2
2 1 0.0454545
2 6 0.1
2 9 0.125
2 12 0.0909091
2 63 0.166667
3 1 0.0454545
3 8 0.0454545
3 19 0.125
4 44 0.2
5 1 0.0454545
5 54 0.5
5 55 0.25
6 2 0.0357143
6 9 0.125
6 12 0.0909091
6 63 0.166667
7 29 0.142857
7 33 0.5
8 1 0.0454545
8 3 0.125
8 10 0.0909091
8 25 0.125
8 26 0.0555556
8 28 0.0769231
8 68 0.166667
8 76 0.166667
9 6 0.1
9 2 0.0357143
9 63 0.166667
10 8 0.0454545
10 25 0.125
10 26 0.0555556
10 68 0.166667
10 76 0.166667
11 1 0.0454545
11 20 0.1
12 2 0.0357143
12 6 0.1
12 31 0.2
12 36 0.25
13 1 0.0454545
13 15 0.142857
13 16 0.0833333
13 18 0.0769231
13 21 0.1
13 23 0.0714286
13 24 0.25
13 35 0.0625
13 43 0.25
13 50 0.142857
13 53 0.1
13 78 0.142857
14 13 0.0294118
14 19 0.125
14 35 0.0625
14 50 0.142857
14 53 0.1
14 60 0.125
14 78 0.142857
14 84 0.2
14 189 0.111111
15 13 0.0294118
15 35 0.0625
16 13 0.0294118
16 15 0.142857
16 21 0.1
17 51 0.166667
17 66 0.25
17 82 0.166667
18 2 0.0357143
18 13 0.0294118
18 21 0.1
18 40 0.2
18 59 0.166667
18 61 0.142857
19 3 0.125
19 14 0.05
19 22 0.5
19 27 0.5
20 1 0.0454545
20 11 0.142857
20 23 0.0714286
20 79 0.2
21 18 0.0769231
21 13 0.0294118
21 15 0.142857
21 16 0.0833333
22 19 0.125
23 20 0.1
23 16 0.0833333
23 13 0.0294118
23 41 0.166667
23 45 0.25
23 75 0.2
23 80 0.333333
24 13 0.0294118
24 14 0.05
24 16 0.0833333
25 8 0.0454545
25 10 0.0909091
25 28 0.0769231
26 10 0.0909091
26 8 0.0454545
26 30 0.166667
26 32 0.1
26 34 0.1
26 48 0.5
26 49 0.25
27 19 0.125
28 10 0.0909091
28 8 0.0454545
28 25 0.125
28 68 0.166667
28 76 0.166667
29 7 0.142857
29 41 0.166667
29 44 0.2
30 26 0.0555556
30 49 0.25
31 12 0.0909091
31 36 0.25
32 26 0.0555556
32 70 0.5
32 77 0.5
33 7 0.142857
34 26 0.0555556
34 65 0.2
34 67 0.166667
34 69 0.2
35 14 0.05
35 13 0.0294118
35 15 0.142857
35 37 0.166667
35 46 0.333333
35 62 0.25
35 64 0.2
36 31 0.2
36 12 0.0909091
37 35 0.0625
37 62 0.25
37 64 0.2
38 5 0.0714286
38 47 0.25
38 72 0.25
39 26 0.0555556
40 18 0.0769231
40 61 0.142857
41 23 0.0714286
41 29 0.142857
41 57 0.5
42 28 0.0769231
42 8 0.0454545
42 52 0.25
42 56 0.2
43 13 0.0294118
43 53 0.1
44 4 0.25
44 29 0.142857
45 23 0.0714286
46 35 0.0625
47 38 0.2
47 72 0.25
48 26 0.0555556
49 26 0.0555556
49 30 0.166667
50 14 0.05
50 13 0.0294118
50 60 0.125
51 17 0.0909091
52 42 0.0909091
52 58 0.1
53 14 0.05
53 13 0.0294118
53 50 0.142857
53 43 0.25
53 60 0.125
54 5 0.0714286
55 5 0.0714286
56 42 0.0909091
57 41 0.166667
58 56 0.2
58 52 0.25
58 42 0.0909091
58 73 0.5
59 18 0.0769231
59 40 0.2
59 61 0.142857
60 50 0.142857
60 14 0.05
60 16 0.0833333
60 53 0.1
61 18 0.0769231
61 40 0.2
61 59 0.166667
62 35 0.0625
62 37 0.166667
63 6 0.1
63 9 0.125
63 2 0.0357143
64 46 0.333333
64 37 0.166667
64 35 0.0625
65 34 0.1
65 67 0.166667
66 17 0.0909091
67 34 0.1
67 65 0.2
67 69 0.2
68 8 0.0454545
68 28 0.0769231
68 10 0.0909091
69 34 0.1
69 67 0.166667
69 65 0.2
70 32 0.1
71 16 0.0833333
71 14 0.05
71 13 0.0294118
72 38 0.2
72 47 0.25
73 58 0.1
74 59 0.166667
74 61 0.142857
74 18 0.0769231
75 23 0.0714286
75 45 0.25
76 10 0.0909091
76 8 0.0454545
76 28 0.0769231
77 32 0.1
78 13 0.0294118
78 14 0.05
78 16 0.0833333
78 15 0.142857
79 1 0.0454545
79 20 0.1
79 11 0.142857
80 45 0.25
80 23 0.0714286
81 51 0.166667
81 82 0.166667
81 83 0.5
82 17 0.0909091
82 81 0.142857
83 81 0.142857
84 78 0.142857
84 53 0.1
84 16 0.0833333
84 14 0.05
85 86 0.0714286
86 0 0.142857
86 85 0.25
86 87 0.142857
87 86 0.0714286
87 88 0.25
87 92 0.2
88 87 0.142857
88 92 0.2
89 90 0.142857
90 89 0.2
90 93 0.333333
92 87 0.142857
92 86 0.0714286
92 88 0.25
93 90 0.142857
95 99 0.25
99 95 0.125
100 101 0.25
101 100 0.166667
102 44 0.2
102 103 0.0263158
102 129 0.0909091
102 130 0.25
102 149 0.5
103 102 0.04
103 111 0.1
103 115 0.1
103 119 0.0666667
103 125 0.0625
103 127 0.166667
103 131 0.125
103 135 0.0666667
103 146 0.1
103 147 0.2
103 174 0.0909091
104 118 0.5
105 103 0.0263158
105 107 0.0625
105 109 0.111111
105 117 0.0833333
105 121 0.0666667
105 156 0.2
106 150 0.142857
106 173 0.5
106 175 0.25
107 105 0.0526316
107 117 0.0833333
107 121 0.0666667
107 139 0.2
107 140 0.0769231
107 153 0.25
107 156 0.2
108 106 0.0666667
108 114 0.125
108 120 0.0833333
108 177 0.166667
109 102 0.04
109 105 0.0526316
109 126 0.333333
109 148 0.25
110 103 0.0263158
110 132 0.0909091
110 133 0.142857
110 166 0.5
111 103 0.0263158
111 113 0.0769231
111 116 0.111111
111 164 0.142857
112 102 0.04
112 160 0.25
113 111 0.1
113 116 0.111111
113 144 0.111111
113 164 0.142857
113 170 0.125
114 108 0.0769231
114 120 0.0833333
114 157 0.125
115 103 0.0263158
115 119 0.0666667
115 135 0.0666667
115 178 0.142857
116 113 0.0769231
116 111 0.1
116 164 0.142857
117 105 0.0526316
117 107 0.0625
117 139 0.2
117 140 0.0769231
117 153 0.25
118 104 0.111111
119 103 0.0263158
119 115 0.1
119 125 0.0625
119 127 0.166667
119 131 0.125
119 135 0.0666667
119 174 0.0909091
120 114 0.125
120 108 0.0769231
120 155 0.166667
120 157 0.125
120 177 0.166667
121 105 0.0526316
121 111 0.1
121 107 0.0625
121 122 0.1
121 123 0.0666667
122 121 0.0666667
122 123 0.0666667
122 132 0.0909091
123 121 0.0666667
123 122 0.1
123 134 0.125
123 162 0.25
123 169 0.166667
124 144 0.111111
125 115 0.1
125 103 0.0263158
125 119 0.0666667
125 128 0.2
125 130 0.25
125 137 0.25
125 179 0.166667
126 109 0.111111
127 103 0.0263158
127 119 0.0666667
127 174 0.0909091
128 125 0.0625
128 176 0.25
129 102 0.04
129 138 0.2
129 171 0.5
130 125 0.0625
130 102 0.04
131 103 0.0263158
131 119 0.0666667
131 135 0.0666667
131 146 0.1
132 116 0.111111
132 121 0.0666667
132 122 0.1
132 110 0.125
132 136 0.0833333
133 110 0.125
133 126 0.333333
133 103 0.0263158
133 167 0.5
134 123 0.0666667
134 162 0.25
134 169 0.166667
135 115 0.1
135 103 0.0263158
135 131 0.125
135 119 0.0666667
135 154 0.142857
135 174 0.0909091
136 103 0.0263158
136 132 0.0909091
136 143 0.25
136 161 0.25
136 163 0.25
137 125 0.0625
137 179 0.166667
138 106 0.0666667
138 129 0.0909091
139 105 0.0526316
139 117 0.0833333
139 107 0.0625
140 105 0.0526316
140 117 0.0833333
140 107 0.0625
140 152 0.25
140 159 0.2
141 103 0.0263158
141 135 0.0666667
141 119 0.0666667
141 115 0.1
141 154 0.142857
142 140 0.0769231
143 136 0.0833333
143 163 0.25
144 124 0.166667
144 123 0.0666667
144 113 0.0769231
144 172 0.166667
145 165 0.333333
146 103 0.0263158
146 135 0.0666667
146 131 0.125
146 147 0.2
146 154 0.142857
147 103 0.0263158
147 146 0.1
147 135 0.0666667
148 133 0.142857
148 109 0.111111
149 102 0.04
150 106 0.0666667
150 168 0.5
151 105 0.0526316
151 117 0.0833333
151 114 0.125
152 140 0.0769231
153 117 0.0833333
153 107 0.0625
154 103 0.0263158
154 135 0.0666667
154 146 0.1
154 141 0.142857
155 120 0.0833333
155 108 0.0769231
155 114 0.125
155 157 0.125
156 107 0.0625
156 105 0.0526316
156 117 0.0833333
157 120 0.0833333
157 155 0.166667
157 114 0.125
157 177 0.166667
159 140 0.0769231
159 152 0.25
159 180 0.25
160 112 0.2
161 136 0.0833333
162 123 0.0666667
162 134 0.125
163 136 0.0833333
163 143 0.25
164 111 0.1
164 113 0.0769231
164 116 0.111111
165 145 0.166667
166 110 0.125
167 133 0.142857
168 150 0.142857
169 123 0.0666667
169 134 0.125
170 116 0.111111
170 164 0.142857
170 113 0.0769231
170 172 0.166667
170 189 0.111111
171 129 0.0909091
172 170 0.125
172 116 0.111111
172 113 0.0769231
172 144 0.111111
173 106 0.0666667
174 127 0.166667
174 119 0.0666667
174 135 0.0666667
174 103 0.0263158
174 178 0.142857
175 106 0.0666667
175 165 0.333333
175 145 0.166667
176 125 0.0625
176 128 0.2
177 120 0.0833333
177 108 0.0769231
177 157 0.125
178 146 0.1
178 103 0.0263158
178 174 0.0909091
178 141 0.142857
178 115 0.1
179 128 0.2
179 125 0.0625
179 137 0.25
179 176 0.25
180 140 0.0769231
180 159 0.2
180 152 0.25
181 182 0.5
182 181 0.25
183 184 0.111111
183 186 0.5
183 188 0.25
184 183 0.0909091
184 187 0.5
185 183 0.0909091
185 184 0.111111
186 183 0.0909091
187 184 0.111111
188 183 0.0909091
189 14 0.05
189 148 0.25
189 170 0.125
191 194 0.333333
193 192 0.25
194 191 0.25
194 192 0.25
