0
0.055399
0.003083
0.029822
0.003791
0.00392
0.00046
0.003606
0.06121
0.00048
0.09891
0.026468
0.000317
1
1
0.232156
0.230515
0
0.085524
0.127583
0.105969
0.127547
0.06411
1
0.250877
0.021374
1
0.063666
0.019456
0.025501
0.202072
7.7e-05
0.10089
0.001817
0.100721
0.134106
7.9e-05
0.03064
0
0
0.021872
0.167641
0.127591
0.292012
0.015305
0.347364
0.051814
0
0.499889
0.281877
0.305612
0
0.271202
0.240375
0.001946
0.000984
0.219026
0.083909
1
0.016295
0.181643
0.016399
0.038529
0.000619
0.031204
0.026754
0
0.022649
0.028571
0.023205
0.050475
0
0
0.499914
0
0.20085
0.028468
0.050661
0.286888
0.031729
0.333288
0
0
0
0.200684
0
0
0
0
0
0
0
0
0
0
0
0
0
0
0
0
0
0.052335
1
0
0.090579
1
1
0
0.050153
0.125388
0.108228
0
0.012351
0
0.215332
0.018374
0.145214
0
0.173623
0
0.072742
0.009076
0.005416
0.000289
1
0.337306
0.205181
0.238937
0.00466
0.258975
0.169165
0.011965
1
0.000925
0.128393
0.001013
0.282997
0.000893
0.220841
0.086804
0.012048
0
0.000305
0.001616
0.053479
0.138647
0.220073
0.039604
0.025972
0.142803
0
0.025687
0.274451
0.038306
0
0.213539
0
0
0.017548
0
0.000238
0.001493
0.000301
0.020811
0.093134
0.062711
0.500786
0.071406
0.001035
0.015374
0.002362
0.002783
0.501683
0.131873
0.251152
0.104121
0
0.048568
0.201411
0.004344
0
0
0
0
0
0
0
0
0.112198
0
0
0
0
0
