45 46
45 49
45 58
46 45
46 52
46 54
47 35
47 37
35 5
35 8
35 36
35 37
35 43
35 47
48 42
19 16
1 3
1 4
1 7
36 35
36 38
36 39
49 45
49 50
49 51
49 55
50 49
50 51
2 3
2 6
2 8
2 26
3 2
3 1
3 9
4 1
4 12
20 13
21 6
22 7
22 14
22 10
22 13
23 6
23 25
51 50
51 49
5 11
5 12
5 16
5 35
52 46
53 41
6 5
6 2
6 21
24 14
24 10
24 7
25 23
26 2
7 1
7 10
7 13
7 14
7 15
54 52
54 46
37 35
8 2
8 35
55 50
55 49
9 3
10 7
10 14
10 57
56 43
38 36
38 41
39 36
39 40
11 5
11 18
12 4
12 5
12 17
12 58
13 2
13 7
13 15
13 20
13 22
40 39
40 44
57 19
57 10
57 28
14 10
14 7
14 22
14 24
27 4
41 38
41 53
42 48
43 35
43 56
58 49
58 12
58 40
58 45
58 59
28 29
28 30
28 31
29 28
59 58
30 28
15 13
15 7
15 14
31 28
16 5
16 6
16 4
16 19
17 12
32 33
32 34
33 32
33 34
18 11
34 32
34 33
44 40
44 36
