0 1
0 3
1 0
1 70
3 0
3 14
3 16
3 33
3 44
3 47
4 7
4 8
4 11
4 19
4 25
4 34
4 38
4 45
5 3
5 6
5 10
5 64
6 5
6 10
7 4
7 8
7 11
7 19
7 25
7 41
7 56
8 7
8 4
8 9
8 11
8 19
8 25
8 34
8 56
9 4
9 8
9 12
9 35
10 5
10 6
11 8
11 4
11 7
11 15
11 20
11 30
11 36
11 37
12 9
13 16
13 18
13 31
13 35
14 3
14 22
14 23
14 24
14 26
14 27
14 49
14 54
14 58
15 11
15 13
15 61
16 13
16 3
17 40
18 13
18 51
18 157
19 7
19 8
19 4
19 45
20 11
20 21
20 36
21 11
21 20
21 37
22 14
22 3
22 39
22 42
22 63
23 14
23 27
23 58
23 87
24 23
24 14
25 4
25 19
25 8
25 7
25 34
25 38
25 41
25 56
26 14
26 3
26 69
27 23
27 14
27 49
27 54
27 87
29 6
30 11
30 21
30 33
30 62
31 13
32 9
32 25
32 43
33 3
33 30
34 4
34 8
34 25
35 13
35 9
35 12
35 65
35 163
36 11
36 20
37 21
37 11
37 59
38 4
38 25
39 22
39 42
39 55
39 157
40 17
40 9
40 66
41 25
41 7
41 4
42 39
42 22
42 55
43 32
44 3
44 47
45 19
45 34
45 38
45 4
45 52
45 60
45 68
46 48
47 44
47 3
48 46
49 14
49 27
49 53
50 17
51 18
52 45
52 60
52 68
53 49
54 14
54 23
54 27
55 42
55 39
55 22
55 63
56 25
56 8
56 41
56 7
56 57
57 7
57 4
57 8
57 56
58 23
58 14
59 37
60 52
60 45
61 15
62 30
63 55
63 39
63 22
64 5
65 35
66 40
67 29
68 52
68 45
69 26
70 54
70 55
70 1
70 71
70 86
71 70
71 72
71 73
71 75
71 157
72 71
72 70
73 71
73 70
73 74
74 73
75 71
76 77
76 78
76 80
76 81
76 83
77 76
77 78
78 77
78 76
78 79
79 78
80 76
81 76
81 77
81 79
83 76
86 3
86 70
87 35
87 27
87 23
87 88
87 92
87 107
87 120
87 121
88 87
88 89
88 90
88 97
89 88
89 116
89 124
90 88
90 93
90 110
90 115
90 129
90 136
90 139
91 94
91 149
91 156
92 87
93 90
93 97
93 100
93 105
93 110
93 122
94 91
94 109
95 96
95 101
95 102
95 103
95 127
96 95
96 101
96 109
96 127
97 93
97 88
97 100
97 104
97 114
98 113
98 119
98 154
99 91
99 108
99 137
100 97
100 93
100 130
101 96
101 95
101 106
101 112
101 126
101 128
102 95
102 96
102 127
103 102
103 95
103 96
104 97
104 117
104 125
104 134
104 140
105 93
105 110
106 101
106 112
106 128
106 144
107 87
108 99
109 94
109 101
109 96
109 111
110 105
110 93
110 90
111 109
112 101
112 106
112 128
112 142
112 144
112 146
113 98
113 118
114 97
115 90
115 141
115 151
115 155
116 88
116 89
117 104
117 125
117 134
118 113
118 145
119 118
119 98
120 87
120 138
121 87
121 107
122 90
122 93
122 110
122 131
122 141
124 89
125 104
125 117
125 134
125 140
126 101
126 132
127 102
127 96
127 95
128 101
128 112
128 106
128 144
129 90
129 88
129 150
130 100
131 122
132 126
132 94
133 90
133 141
133 147
134 125
134 104
134 117
134 140
135 104
135 134
135 143
136 90
137 108
137 99
138 120
139 90
139 155
140 134
140 125
140 104
141 115
141 133
141 122
141 153
142 106
142 128
142 112
142 101
143 135
144 101
144 112
144 106
144 128
145 118
146 128
146 112
146 144
147 133
149 91
149 135
150 129
151 90
151 115
152 130
153 141
154 98
155 90
155 139
155 115
156 91
156 92
157 18
157 71
157 39
162 52
162 90
162 17
162 7
163 159
163 35
163 4
163 41
163 165
163 167
165 163
166 165
166 163
166 167
167 163
167 166
