170
454
0 1 0.0833333
0 3 0.037037
1 0 0.125
1 70 0.047619
3 0 0.125
3 14 0.0434783
3 16 0.25
3 33 0.166667
3 44 0.25
3 47 0.25
4 7 0.0526316
4 8 0.047619
4 11 0.0588235
4 19 0.111111
4 25 0.0588235
4 34 0.142857
4 38 0.2
4 45 0.0833333
5 3 0.037037
5 6 0.166667
5 10 0.2
5 64 0.333333
6 5 0.1
6 10 0.2
7 4 0.0416667
7 8 0.047619
7 11 0.0588235
7 19 0.111111
7 25 0.0588235
7 41 0.142857
7 56 0.111111
8 7 0.0526316
8 4 0.0416667
8 9 0.0769231
8 11 0.0588235
8 19 0.111111
8 25 0.0588235
8 34 0.142857
8 56 0.111111
9 4 0.0416667
9 8 0.047619
9 12 0.25
9 35 0.1
10 5 0.1
10 6 0.166667
11 8 0.047619
11 4 0.0416667
11 7 0.0526316
11 15 0.142857
11 20 0.166667
11 30 0.111111
11 36 0.25
11 37 0.0909091
12 9 0.0769231
13 16 0.25
13 18 0.1
13 31 0.5
13 35 0.1
14 3 0.037037
14 22 0.1
14 23 0.1
14 24 0.25
14 26 0.142857
14 27 0.0833333
14 49 0.166667
14 54 0.166667
14 58 0.25
15 11 0.0588235
15 13 0.0909091
15 61 0.5
16 13 0.0909091
16 3 0.037037
17 40 0.166667
18 13 0.0909091
18 51 0.333333
18 157 0.0769231
19 7 0.0526316
19 8 0.047619
19 4 0.0416667
19 45 0.0833333
20 11 0.0588235
20 21 0.166667
20 36 0.25
21 11 0.0588235
21 20 0.166667
21 37 0.0909091
22 14 0.0434783
22 3 0.037037
22 39 0.0909091
22 42 0.166667
22 63 0.2
23 14 0.0434783
23 27 0.0833333
23 58 0.25
23 87 0.0454545
24 23 0.1
24 14 0.0434783
25 4 0.0416667
25 19 0.111111
25 8 0.047619
25 7 0.0526316
25 34 0.142857
25 38 0.2
25 41 0.142857
25 56 0.111111
26 14 0.0434783
26 3 0.037037
26 69 0.5
27 23 0.1
27 14 0.0434783
27 49 0.166667
27 54 0.166667
27 87 0.0454545
29 6 0.166667
30 11 0.0588235
30 21 0.166667
30 33 0.166667
30 62 0.5
31 13 0.0909091
32 9 0.0769231
32 25 0.0588235
32 43 0.5
33 3 0.037037
33 30 0.111111
34 4 0.0416667
34 8 0.047619
34 25 0.0588235
35 13 0.0909091
35 9 0.0769231
35 12 0.25
35 65 0.5
35 163 0.0714286
36 11 0.0588235
36 20 0.166667
37 21 0.166667
37 11 0.0588235
37 59 0.5
38 4 0.0416667
38 25 0.0588235
39 22 0.1
39 42 0.166667
39 55 0.125
39 157 0.0769231
40 17 0.166667
40 9 0.0769231
40 66 0.5
41 25 0.0588235
41 7 0.0526316
41 4 0.0416667
42 39 0.0909091
42 22 0.1
42 55 0.125
43 32 0.166667
44 3 0.037037
44 47 0.25
45 19 0.111111
45 34 0.142857
45 38 0.2
45 4 0.0416667
45 52 0.142857
45 60 0.25
45 68 0.25
46 48 0.5
47 44 0.25
47 3 0.037037
48 46 0.25
49 14 0.0434783
49 27 0.0833333
49 53 0.5
50 17 0.166667
51 18 0.1
52 45 0.0833333
52 60 0.25
52 68 0.25
53 49 0.166667
54 14 0.0434783
54 23 0.1
54 27 0.0833333
55 42 0.166667
55 39 0.0909091
55 22 0.1
55 63 0.2
56 25 0.0588235
56 8 0.047619
56 41 0.142857
56 7 0.0526316
56 57 0.2
57 7 0.0526316
57 4 0.0416667
57 8 0.047619
57 56 0.111111
58 23 0.1
58 14 0.0434783
59 37 0.0909091
60 52 0.142857
60 45 0.0833333
61 15 0.142857
62 30 0.111111
63 55 0.125
63 39 0.0909091
63 22 0.1
64 5 0.1
65 35 0.1
66 40 0.166667
67 29 0.333333
68 52 0.142857
68 45 0.0833333
69 26 0.142857
70 54 0.166667
70 55 0.125
70 1 0.0833333
70 71 0.0769231
70 86 0.111111
71 70 0.047619
71 72 0.2
71 73 0.2
71 75 0.25
71 157 0.0769231
72 71 0.0769231
72 70 0.047619
73 71 0.0769231
73 70 0.047619
73 74 0.5
74 73 0.2
75 71 0.0769231
76 77 0.142857
76 78 0.166667
76 80 0.5
76 81 0.142857
76 83 0.25
77 76 0.0588235
77 78 0.166667
78 77 0.142857
78 76 0.0588235
78 79 0.142857
79 78 0.166667
80 76 0.0588235
81 76 0.0588235
81 77 0.142857
81 79 0.142857
83 76 0.0588235
86 3 0.037037
86 70 0.047619
87 35 0.1
87 27 0.0833333
87 23 0.1
87 88 0.1
87 92 0.0909091
87 107 0.333333
87 120 0.25
87 121 0.333333
88 87 0.0454545
88 89 0.125
88 90 0.047619
88 97 0.1
89 88 0.1
89 116 0.333333
89 124 0.5
90 88 0.1
90 93 0.0714286
90 110 0.142857
90 115 0.125
90 129 0.2
90 136 0.5
90 139 0.25
91 94 0.142857
91 149 0.333333
91 156 0.25
92 87 0.0454545
93 90 0.047619
93 97 0.1
93 100 0.125
93 105 0.25
93 110 0.142857
93 122 0.125
94 91 0.1
94 109 0.1
95 96 0.0909091
95 101 0.0666667
95 102 0.166667
95 103 0.166667
95 127 0.166667
96 95 0.0625
96 101 0.0666667
96 109 0.1
96 127 0.166667
97 93 0.0714286
97 88 0.1
97 100 0.125
97 104 0.0909091
97 114 0.5
98 113 0.125
98 119 0.2
98 154 0.5
99 91 0.1
99 108 0.333333
99 137 0.333333
100 97 0.1
100 93 0.0714286
100 130 0.166667
101 96 0.0909091
101 95 0.0625
101 106 0.111111
101 112 0.0833333
101 126 0.166667
101 128 0.1
102 95 0.0625
102 96 0.0909091
102 127 0.166667
103 102 0.166667
103 95 0.0625
103 96 0.0909091
104 97 0.1
104 117 0.142857
104 125 0.1
104 134 0.111111
104 140 0.166667
105 93 0.0714286
105 110 0.142857
106 101 0.0666667
106 112 0.0833333
106 128 0.1
106 144 0.125
107 87 0.0454545
108 99 0.142857
109 94 0.142857
109 101 0.0666667
109 96 0.0909091
109 111 0.25
110 105 0.25
110 93 0.0714286
110 90 0.047619
111 109 0.1
112 101 0.0666667
112 106 0.111111
112 128 0.1
112 142 0.2
112 144 0.125
112 146 0.25
113 98 0.0909091
113 118 0.142857
114 97 0.1
115 90 0.047619
115 141 0.111111
115 151 0.333333
115 155 0.2
116 88 0.1
116 89 0.125
117 104 0.0909091
117 125 0.1
117 134 0.111111
118 113 0.125
118 145 0.5
119 118 0.142857
119 98 0.0909091
120 87 0.0454545
120 138 0.5
121 87 0.0454545
121 107 0.333333
122 90 0.047619
122 93 0.0714286
122 110 0.142857
122 131 0.5
122 141 0.111111
124 89 0.125
125 104 0.0909091
125 117 0.142857
125 134 0.111111
125 140 0.166667
126 101 0.0666667
126 132 0.333333
127 102 0.166667
127 96 0.0909091
127 95 0.0625
128 101 0.0666667
128 112 0.0833333
128 106 0.111111
128 144 0.125
129 90 0.047619
129 88 0.1
129 150 0.5
130 100 0.125
131 122 0.125
132 126 0.166667
132 94 0.142857
133 90 0.047619
133 141 0.111111
133 147 0.5
134 125 0.1
134 104 0.0909091
134 117 0.142857
134 140 0.166667
135 104 0.0909091
135 134 0.111111
135 143 0.5
136 90 0.047619
137 108 0.333333
137 99 0.142857
138 120 0.25
139 90 0.047619
139 155 0.2
140 134 0.111111
140 125 0.1
140 104 0.0909091
141 115 0.125
141 133 0.111111
141 122 0.125
141 153 0.5
142 106 0.111111
142 128 0.1
142 112 0.0833333
142 101 0.0666667
143 135 0.166667
144 101 0.0666667
144 112 0.0833333
144 106 0.111111
144 128 0.1
145 118 0.142857
146 128 0.1
146 112 0.0833333
146 144 0.125
147 133 0.111111
149 91 0.1
149 135 0.166667
150 129 0.2
151 90 0.047619
151 115 0.125
152 130 0.166667
153 141 0.111111
154 98 0.0909091
155 90 0.047619
155 139 0.25
155 115 0.125
156 91 0.1
156 92 0.0909091
157 18 0.1
157 71 0.0769231
157 39 0.0909091
162 52 0.142857
162 90 0.047619
162 17 0.166667
162 7 0.0526316
163 159 0.2
163 35 0.1
163 4 0.0416667
163 41 0.142857
163 165 0.333333
163 167 0.166667
165 163 0.0714286
166 165 0.333333
166 163 0.0714286
166 167 0.166667
167 163 0.0714286
167 166 0.25
