0.125963
0.01048
0
1
0.15109
0
0
0.080687
0.074992
0.024062
0
1
0.05318
0.052221
1
0.142499
0.256767
0
0.005386
0.145073
0.206813
0.068834
0.10131
0.2604
0.250305
0.048905
0.142863
0.200843
0
0
0.128612
0.026095
0
0.182074
0.173139
0.194744
0.28271
0.095543
0.228839
0.012719
0
0.159069
0.018896
0
0.299307
1
0
0.298146
0
0.192552
0
0.001822
0.202903
0.096468
0.192937
0.006335
0.022184
0.004521
0.29616
0.047863
0.283318
0.071329
0.064212
0.020831
0
0.097329
0
0
0.283102
0.071614
0.000468
0.000142
3.1e-05
3.5e-05
1.8e-05
3.9e-05
1
0.18079
0.191845
0.046518
0.499892
0.142584
0
0.250779
0
0
6.1e-05
1
0.209085
0.026398
1
0.000114
0.091111
0.085373
0.001042
0.007634
0.010897
0.030457
0
0
0.014332
0.110337
0.001928
0.001269
0.002659
0.057361
0.172075
0.407764
0
0.001175
0.155562
0.000288
1
0
0.015157
0.130674
0.00884
0.00047
0
0
0.250358
0.333878
0.012474
0
0.013055
0.000401
0.018314
0.003215
0.17627
0.200114
0.002378
0.006316
0.006088
0.00181
0.000431
6e-06
0.500628
0
0.125273
0.25588
0.000541
0.015943
0.200862
3e-06
0.186268
0
0.250441
0.000945
0
4.1e-05
0.100516
0.043482
0
0.008
0
0.074669
2.6e-05
0.001411
0
0.200683
0
0
0
1
0
0.343201
0.04187
0.166433
0
0
