0 1
0 2
1 0
1 2
2 0
2 1
2 3
2 4
3 2
4 2
5 3
6 7
6 8
6 9
6 20
6 32
6 34
6 43
6 79
6 86
6 87
7 6
7 11
7 47
7 71
8 6
8 14
8 20
8 42
9 6
9 69
9 79
10 11
10 15
10 17
10 29
10 30
10 40
10 44
10 63
10 75
11 7
11 10
11 13
11 15
11 22
11 31
11 36
11 41
11 44
11 55
11 85
12 18
12 40
12 51
13 11
13 19
13 24
13 25
13 26
13 66
14 8
14 27
15 11
15 10
15 23
15 33
15 56
15 67
15 77
16 49
16 81
17 10
18 12
18 40
18 51
19 13
19 72
19 82
20 8
20 6
20 28
20 32
20 54
20 64
21 10
21 16
21 35
21 39
21 62
21 70
22 11
22 37
22 48
23 15
24 22
24 13
24 19
24 80
25 13
25 24
26 19
26 13
27 14
28 20
28 32
28 64
29 10
29 30
30 10
30 29
30 44
30 63
30 102
31 11
31 45
31 55
31 85
32 20
32 6
32 28
33 15
33 23
34 6
34 43
34 53
34 69
35 21
35 16
35 38
35 52
35 60
35 83
35 84
36 11
36 31
36 41
36 45
37 22
38 35
38 84
39 21
39 16
39 58
40 10
40 18
40 12
40 46
41 36
41 11
41 45
42 8
43 6
43 34
43 86
44 11
44 10
44 30
44 29
44 61
44 68
44 76
45 31
45 36
45 41
45 11
45 55
46 40
47 7
48 22
49 16
50 22
51 12
51 18
52 35
52 38
52 60
52 83
52 84
52 89
53 34
53 59
54 39
54 20
55 11
55 45
55 31
56 15
56 23
57 25
58 39
59 53
60 35
60 52
60 65
61 44
61 73
61 74
61 76
62 21
63 10
63 30
64 20
64 28
65 60
66 13
67 33
67 15
67 77
68 61
68 44
68 76
69 9
69 34
70 21
70 78
71 7
72 19
73 61
73 10
73 44
73 35
74 61
74 44
75 10
75 29
76 61
76 68
76 44
77 67
77 15
78 70
78 21
78 54
79 6
79 9
80 24
81 16
81 49
82 19
83 35
83 52
83 84
84 38
84 83
84 35
84 52
85 31
85 11
85 41
85 88
85 90
86 6
86 43
86 34
87 6
87 9
87 86
87 43
88 36
88 31
88 41
88 85
88 45
89 35
89 84
89 52
90 31
90 85
90 11
91 92
92 91
95 101
97 100
99 97
100 97
101 95
102 30
102 35
102 15
102 103
102 104
103 102
103 105
104 102
105 103
107 98
107 50
107 60
107 109
107 112
107 116
107 132
107 152
107 173
108 123
108 161
108 168
109 107
109 110
109 111
109 114
109 121
109 126
109 133
109 146
109 179
110 109
110 113
110 114
110 120
110 122
110 165
111 109
111 155
112 107
113 110
113 115
114 109
114 110
114 120
114 184
115 113
115 111
115 118
115 158
115 180
115 186
116 107
116 112
116 129
117 112
117 109
117 114
117 107
117 119
117 148
117 159
117 182
118 115
118 180
118 186
119 117
119 107
119 156
120 110
120 114
120 139
121 109
121 124
121 140
121 145
121 147
121 151
121 154
121 181
122 110
122 131
122 134
122 176
123 108
123 136
123 187
124 121
124 140
124 154
124 163
125 120
125 142
125 150
125 167
125 175
126 109
126 128
126 130
126 138
127 143
128 126
128 138
129 116
130 126
131 122
131 141
131 172
131 185
132 107
132 114
132 125
132 135
132 137
132 144
132 171
133 109
133 170
134 122
134 164
134 176
135 132
135 137
135 171
136 123
136 169
136 187
137 132
137 135
138 126
138 128
139 120
140 121
140 124
140 163
141 131
141 172
142 125
142 150
142 157
142 175
143 127
144 135
144 137
144 132
144 149
145 121
145 153
145 174
146 109
147 121
147 160
148 117
149 144
149 135
149 132
150 125
150 142
150 157
151 121
151 124
151 160
151 181
152 107
153 145
153 174
154 124
154 121
154 181
155 111
155 114
156 119
156 162
157 142
157 125
157 150
157 175
158 115
158 118
158 180
159 133
159 117
160 140
160 147
160 151
161 108
162 156
163 140
163 124
163 154
164 122
164 134
165 110
165 114
165 141
165 131
166 127
166 143
167 125
167 157
168 108
169 123
169 136
170 109
170 118
170 133
170 177
171 132
171 137
171 149
171 135
171 181
172 141
172 131
172 185
173 107
174 153
174 145
175 142
175 157
175 125
176 122
176 134
177 170
179 109
180 115
180 118
180 158
181 154
181 171
181 151
181 160
181 121
182 157
182 117
183 123
183 136
183 169
184 114
185 141
185 131
185 172
186 118
186 115
187 136
187 123
190 191
190 194
190 195
190 196
191 190
192 193
193 192
194 190
195 194
195 190
196 190
196 194
198 201
199 200
199 202
200 199
201 198
202 199
202 200
