204
541
0 1 0.25
0 2 0.0909091
1 0 0.1
1 2 0.0909091
2 0 0.1
2 1 0.25
2 3 0.333333
2 4 0.5
3 2 0.0909091
4 2 0.0909091
5 3 0.333333
6 7 0.0714286
6 8 0.0833333
6 9 0.111111
6 20 0.0833333
6 32 0.166667
6 34 0.111111
6 43 0.125
6 79 0.25
6 86 0.166667
6 87 0.2
7 6 0.0285714
7 11 0.03125
7 47 0.5
7 71 0.333333
8 6 0.0285714
8 14 0.1
8 20 0.0833333
8 42 0.5
9 6 0.0285714
9 69 0.25
9 79 0.25
10 11 0.03125
10 15 0.047619
10 17 0.5
10 29 0.1
10 30 0.0909091
10 40 0.125
10 44 0.0666667
10 63 0.25
10 75 0.333333
11 7 0.0714286
11 10 0.04
11 13 0.0666667
11 15 0.047619
11 22 0.1
11 31 0.0666667
11 36 0.1
11 41 0.125
11 44 0.0666667
11 55 0.166667
11 85 0.111111
12 18 0.125
12 40 0.125
12 51 0.125
13 11 0.03125
13 19 0.0714286
13 24 0.1
13 25 0.111111
13 26 0.2
13 66 0.5
14 8 0.0833333
14 27 0.333333
15 11 0.03125
15 10 0.04
15 23 0.142857
15 33 0.25
15 56 0.333333
15 67 0.2
15 77 0.25
16 49 0.333333
16 81 0.2
17 10 0.04
18 12 0.1
18 40 0.125
18 51 0.125
19 13 0.0666667
19 72 0.5
19 82 0.5
20 8 0.0833333
20 6 0.0285714
20 28 0.166667
20 32 0.166667
20 54 0.166667
20 64 0.25
21 10 0.04
21 16 0.0909091
21 35 0.0625
21 39 0.166667
21 62 0.5
21 70 0.25
22 11 0.03125
22 37 0.5
22 48 0.333333
23 15 0.047619
24 22 0.1
24 13 0.0666667
24 19 0.0714286
24 80 0.5
25 13 0.0666667
25 24 0.1
26 19 0.0714286
26 13 0.0666667
27 14 0.1
28 20 0.0833333
28 32 0.166667
28 64 0.25
29 10 0.04
29 30 0.0909091
30 10 0.04
30 29 0.1
30 44 0.0666667
30 63 0.25
30 102 0.1
31 11 0.03125
31 45 0.1
31 55 0.166667
31 85 0.111111
32 20 0.0833333
32 6 0.0285714
32 28 0.166667
33 15 0.047619
33 23 0.142857
34 6 0.0285714
34 43 0.125
34 53 0.142857
34 69 0.25
35 21 0.0555556
35 16 0.0909091
35 38 0.2
35 52 0.0833333
35 60 0.111111
35 83 0.166667
35 84 0.111111
36 11 0.03125
36 31 0.0666667
36 41 0.125
36 45 0.1
37 22 0.1
38 35 0.0625
38 84 0.111111
39 21 0.0555556
39 16 0.0909091
39 58 0.25
40 10 0.04
40 18 0.125
40 12 0.1
40 46 0.5
41 36 0.1
41 11 0.03125
41 45 0.1
42 8 0.0833333
43 6 0.0285714
43 34 0.111111
43 86 0.166667
44 11 0.03125
44 10 0.04
44 30 0.0909091
44 29 0.1
44 61 0.111111
44 68 0.2
44 76 0.166667
45 31 0.0666667
45 36 0.1
45 41 0.125
45 11 0.03125
45 55 0.166667
46 40 0.125
47 7 0.0714286
48 22 0.1
49 16 0.0909091
50 22 0.1
51 12 0.1
51 18 0.125
52 35 0.0625
52 38 0.2
52 60 0.111111
52 83 0.166667
52 84 0.111111
52 89 0.25
53 34 0.111111
53 59 0.5
54 39 0.166667
54 20 0.0833333
55 11 0.03125
55 45 0.1
55 31 0.0666667
56 15 0.047619
56 23 0.142857
57 25 0.111111
58 39 0.166667
59 53 0.142857
60 35 0.0625
60 52 0.0833333
60 65 0.5
61 44 0.0666667
61 73 0.125
61 74 0.333333
61 76 0.166667
62 21 0.0555556
63 10 0.04
63 30 0.0909091
64 20 0.0833333
64 28 0.166667
65 60 0.111111
66 13 0.0666667
67 33 0.25
67 15 0.047619
67 77 0.25
68 61 0.111111
68 44 0.0666667
68 76 0.166667
69 9 0.111111
69 34 0.111111
70 21 0.0555556
70 78 0.166667
71 7 0.0714286
72 19 0.0714286
73 61 0.111111
73 10 0.04
73 44 0.0666667
73 35 0.0625
74 61 0.111111
74 44 0.0666667
75 10 0.04
75 29 0.1
76 61 0.111111
76 68 0.2
76 44 0.0666667
77 67 0.2
77 15 0.047619
78 70 0.25
78 21 0.0555556
78 54 0.166667
79 6 0.0285714
79 9 0.111111
80 24 0.1
81 16 0.0909091
81 49 0.333333
82 19 0.0714286
83 35 0.0625
83 52 0.0833333
83 84 0.111111
84 38 0.2
84 83 0.166667
84 35 0.0625
84 52 0.0833333
85 31 0.0666667
85 11 0.03125
85 41 0.125
85 88 0.166667
85 90 0.25
86 6 0.0285714
86 43 0.125
86 34 0.111111
87 6 0.0285714
87 9 0.111111
87 86 0.166667
87 43 0.125
88 36 0.1
88 31 0.0666667
88 41 0.125
88 85 0.111111
88 45 0.1
89 35 0.0625
89 84 0.111111
89 52 0.0833333
90 31 0.0666667
90 85 0.111111
90 11 0.03125
91 92 0.25
92 91 0.1
95 101 0.5
97 100 0.5
99 97 0.1
100 97 0.1
101 95 0.142857
102 30 0.0909091
102 35 0.0625
102 15 0.047619
102 103 0.166667
102 104 0.5
103 102 0.1
103 105 0.5
104 102 0.1
105 103 0.166667
107 98 0.2
107 50 0.125
107 60 0.111111
107 109 0.0333333
107 112 0.2
107 116 0.1
107 132 0.0625
107 152 0.333333
107 173 0.5
108 123 0.1
108 161 0.142857
108 168 0.25
109 107 0.0384615
109 110 0.0454545
109 111 0.2
109 114 0.0555556
109 121 0.0555556
109 126 0.1
109 133 0.2
109 146 0.5
109 179 0.5
110 109 0.0333333
110 113 0.25
110 114 0.0555556
110 120 0.0833333
110 122 0.0833333
110 165 0.2
111 109 0.0333333
111 155 0.142857
112 107 0.0384615
113 110 0.0454545
113 115 0.0625
114 109 0.0333333
114 110 0.0454545
114 120 0.0833333
114 184 0.5
115 113 0.25
115 111 0.2
115 118 0.0769231
115 158 0.2
115 180 0.166667
115 186 0.111111
116 107 0.0384615
116 112 0.2
116 129 0.333333
117 112 0.2
117 109 0.0333333
117 114 0.0555556
117 107 0.0384615
117 119 0.125
117 148 0.5
117 159 0.2
117 182 0.2
118 115 0.0625
118 180 0.166667
118 186 0.111111
119 117 0.0454545
119 107 0.0384615
119 156 0.166667
120 110 0.0454545
120 114 0.0555556
120 139 0.25
121 109 0.0333333
121 124 0.111111
121 140 0.142857
121 145 0.0909091
121 147 0.25
121 151 0.142857
121 154 0.142857
121 181 0.111111
122 110 0.0454545
122 131 0.0909091
122 134 0.166667
122 176 0.25
123 108 0.0833333
123 136 0.125
123 187 0.25
124 121 0.0555556
124 140 0.142857
124 154 0.142857
124 163 0.2
125 120 0.0833333
125 142 0.125
125 150 0.166667
125 167 0.333333
125 175 0.166667
126 109 0.0333333
126 128 0.25
126 130 0.5
126 138 0.2
127 143 0.333333
128 126 0.1
128 138 0.2
129 116 0.1
130 126 0.1
131 122 0.0833333
131 141 0.125
131 172 0.125
131 185 0.2
132 107 0.0384615
132 114 0.0555556
132 125 0.0555556
132 135 0.125
132 137 0.166667
132 144 0.166667
132 171 0.125
133 109 0.0333333
133 170 0.166667
134 122 0.0833333
134 164 0.333333
134 176 0.25
135 132 0.0625
135 137 0.166667
135 171 0.125
136 123 0.1
136 169 0.25
136 187 0.25
137 132 0.0625
137 135 0.125
138 126 0.1
138 128 0.25
139 120 0.0833333
140 121 0.0555556
140 124 0.111111
140 163 0.2
141 131 0.0909091
141 172 0.125
142 125 0.0555556
142 150 0.166667
142 157 0.111111
142 175 0.166667
143 127 0.166667
144 135 0.125
144 137 0.166667
144 132 0.0625
144 149 0.2
145 121 0.0555556
145 153 0.25
145 174 0.25
146 109 0.0333333
147 121 0.0555556
147 160 0.166667
148 117 0.0454545
149 144 0.166667
149 135 0.125
149 132 0.0625
150 125 0.0555556
150 142 0.125
150 157 0.111111
151 121 0.0555556
151 124 0.111111
151 160 0.166667
151 181 0.111111
152 107 0.0384615
153 145 0.0909091
153 174 0.25
154 124 0.111111
154 121 0.0555556
154 181 0.111111
155 111 0.2
155 114 0.0555556
156 119 0.125
156 162 0.5
157 142 0.125
157 125 0.0555556
157 150 0.166667
157 175 0.166667
158 115 0.0625
158 118 0.0769231
158 180 0.166667
159 133 0.2
159 117 0.0454545
160 140 0.142857
160 147 0.25
160 151 0.142857
161 108 0.0833333
162 156 0.166667
163 140 0.142857
163 124 0.111111
163 154 0.142857
164 122 0.0833333
164 134 0.166667
165 110 0.0454545
165 114 0.0555556
165 141 0.125
165 131 0.0909091
166 127 0.166667
166 143 0.333333
167 125 0.0555556
167 157 0.111111
168 108 0.0833333
169 123 0.1
169 136 0.125
170 109 0.0333333
170 118 0.0769231
170 133 0.2
170 177 0.5
171 132 0.0625
171 137 0.166667
171 149 0.2
171 135 0.125
171 181 0.111111
172 141 0.125
172 131 0.0909091
172 185 0.2
173 107 0.0384615
174 153 0.25
174 145 0.0909091
175 142 0.125
175 157 0.111111
175 125 0.0555556
176 122 0.0833333
176 134 0.166667
177 170 0.166667
179 109 0.0333333
180 115 0.0625
180 118 0.0769231
180 158 0.2
181 154 0.142857
181 171 0.125
181 151 0.142857
181 160 0.166667
181 121 0.0555556
182 157 0.111111
182 117 0.0454545
183 123 0.1
183 136 0.125
183 169 0.25
184 114 0.0555556
185 141 0.125
185 131 0.0909091
185 172 0.125
186 118 0.0769231
186 115 0.0625
187 136 0.125
187 123 0.1
190 191 0.333333
190 194 0.142857
190 195 0.142857
190 196 0.2
191 190 0.0625
192 193 0.25
193 192 0.125
194 190 0.0625
195 194 0.142857
195 190 0.0625
196 190 0.0625
196 194 0.142857
198 201 0.25
199 200 0.2
199 202 0.2
200 199 0.125
201 198 0.166667
202 199 0.125
202 200 0.2
