0.124336
0.270283
1
0.333187
0.5012
0
1
0.139536
0.09204
0.159428
1
1
0.014273
0.12991
0.009474
1
0.111056
0.500416
0.017523
1
0.105736
1
0.114043
0.218331
0.014414
0.014675
0.026044
0.003166
0.049187
0.153481
0.133288
0.097195
0.181796
0.295493
0.152859
0.071426
0.119193
0.057061
0.01926
0.17031
0.125568
0.155849
0.046181
0.182572
0.136083
0.055035
0.063024
0.069678
0.038132
0.041733
0.125904
0.003874
0.017687
0.021905
0.024656
0.183532
0.333654
0
0.042943
0.010887
0.11872
0.020467
0.500464
0.27271
0.036066
0.059539
0.064734
0.241173
0.031105
0.074957
0.25056
0.046814
0.500549
0.002585
0.006864
0.333787
0.02864
0.289026
0.041789
0.276761
0.007365
0.02229
0.499807
0.016054
0.013019
0.120392
0.215862
0.200598
0.020181
0.004352
0.030175
0
0
0
0
0
0
0
0.201417
0
0
0
0.013539
0.002274
0.006855
0.001124
0
1
0
1
0.051154
0.20115
0.374159
0.012794
0.116528
0.001019
0.100835
1
0.003018
0.126068
0.014363
1
0.004463
0
0.161113
0.005386
0.101437
0
0.0292
0.033783
0.050761
0.0015
0.064716
0.232829
0.00086
0.015014
0
0.018052
0.02426
0.003627
0.174161
0.001538
0.004439
0
0.011617
0.090599
0.50069
0.259545
0.500713
0.007462
0.005083
0.165403
0.333149
0.026898
0.182984
0.028739
0.021213
0.022827
0.000331
0.200652
0.088674
0
0.010495
0.064113
0.000306
0.010299
0
0.0018
0
0
0.038926
0.027048
0.000386
0.500938
0.026992
0.00519
0.001186
0.019423
0
0.501156
0.000635
0.143321
0.200545
0
0.058425
0.000357
0.000433
0
0
0
0
0
0
0
0
0
0
0
0
0
0
0
0
0
