20 4
21 17
21 34
22 2
22 3
23 9
23 18
62 39
62 48
63 42
63 60
63 64
24 7
24 6
24 31
24 36
25 9
25 18
0 1
0 4
26 8
26 13
1 0
1 11
1 14
1 15
1 19
2 3
2 8
2 17
2 22
39 41
39 44
39 48
39 62
39 67
3 2
3 8
3 22
40 41
40 43
40 47
40 50
40 51
40 56
40 57
41 40
41 39
41 46
64 63
65 52
65 42
65 50
65 54
65 51
65 70
27 9
27 28
42 40
42 51
42 54
42 63
42 65
42 68
43 40
43 45
43 55
43 56
43 58
43 61
43 69
43 71
28 9
28 25
28 27
44 39
44 48
44 53
44 66
44 67
29 8
29 13
45 43
66 44
66 53
66 67
30 4
30 5
30 16
30 33
46 41
67 44
67 66
67 39
31 24
47 42
47 40
47 50
48 39
48 44
48 62
4 0
4 5
4 7
4 9
4 10
4 16
4 20
4 30
68 51
68 40
68 42
50 47
50 40
50 57
50 65
5 4
5 6
5 30
32 12
6 5
6 7
6 24
51 42
51 40
51 52
51 65
51 68
69 43
69 58
70 65
71 43
71 69
52 51
52 65
53 44
53 66
7 4
7 6
7 24
8 3
8 2
8 13
8 26
8 29
54 42
54 65
33 30
9 4
9 18
9 23
9 25
9 27
9 28
55 43
34 21
34 37
10 4
35 11
35 32
35 12
36 24
37 21
37 34
11 1
11 35
12 11
12 32
13 8
13 26
14 1
56 43
56 40
57 40
57 43
57 50
61 43
15 1
58 43
58 55
58 69
59 48
16 4
16 30
17 2
17 3
17 21
60 63
18 9
18 25
19 1
