0.235915
1
0
0
1
0.145274
0.042044
0.10349
0
0.055847
0.333824
0.166572
0.006759
0
0.501254
0.500197
0.276615
0
0.016116
0.250294
0.501007
0
0
0.018463
0.018071
0.015569
0
0.016045
0.013525
0
0.167622
0.008957
0.014962
0.083863
0
0.041483
0.009037
0
0
0.000799
0.075185
0.010789
0.088434
1
8.6e-05
0.500172
0.005382
0.029297
0.000163
0
0.135255
0.137623
0.272408
2.2e-05
0.264427
0.3872
0.262272
0.041011
0.241281
0
0.002062
0.501532
0.000247
0.012534
0.006264
1
3e-05
0.000154
0.043785
0.285009
0.501141
0.33358
