40
61
9 6 0.0909091
9 13 0.5
0 2 0.5
0 18 0.5
1 0 0.0588235
1 6 0.0909091
1 8 0.5
1 10 0.25
1 14 0.111111
2 0 0.0588235
3 1 0.0526316
3 4 0.125
3 11 0.2
10 6 0.0909091
10 1 0.0526316
11 3 0.1
31 23 0.0909091
32 21 0.0769231
32 35 0.142857
4 3 0.1
4 5 0.333333
12 4 0.125
12 5 0.333333
12 15 0.5
33 21 0.0769231
21 24 0.125
21 32 0.25
21 33 0.25
21 35 0.142857
34 30 0.333333
13 9 0.166667
22 24 0.125
22 26 0.5
22 35 0.142857
23 29 0.5
23 31 0.25
14 1 0.0526316
14 16 0.5
35 32 0.25
35 21 0.0769231
35 22 0.111111
15 12 0.125
16 14 0.111111
36 38 0.25
24 22 0.111111
24 21 0.0769231
17 11 0.2
5 4 0.125
18 0 0.0588235
6 1 0.0526316
6 7 0.5
6 9 0.166667
6 10 0.25
38 36 0.25
39 20 0.142857
7 6 0.0909091
29 23 0.0909091
25 27 0.25
8 1 0.0526316
26 22 0.111111
27 25 0.2
