54
86
15 5 0.0909091
15 18 0.5
28 29 0.5
29 28 0.2
16 5 0.0909091
0 2 0.0588235
1 0 0.142857
17 9 0.142857
2 0 0.142857
18 15 0.125
42 30 0.0909091
42 36 0.166667
19 10 0.142857
30 36 0.166667
30 42 0.25
20 13 0.166667
31 35 0.2
31 37 0.0909091
31 41 0.25
43 37 0.0909091
44 37 0.0909091
21 8 0.2
3 7 0.333333
3 12 0.333333
32 33 0.166667
32 39 0.166667
32 46 0.166667
4 10 0.142857
5 8 0.2
5 15 0.125
5 16 0.333333
22 6 0.1
22 23 0.5
6 3 0.1
6 11 0.5
6 22 0.125
23 22 0.125
45 37 0.0909091
46 32 0.0769231
46 39 0.166667
46 33 0.166667
7 3 0.1
8 4 0.142857
8 5 0.0909091
8 21 0.5
24 4 0.142857
24 9 0.142857
24 14 0.5
48 40 0.125
9 6 0.1
9 17 0.25
9 24 0.25
10 4 0.142857
10 19 0.5
33 32 0.0769231
33 39 0.166667
33 46 0.166667
27 26 0.166667
11 6 0.1
12 7 0.333333
12 3 0.1
35 31 0.111111
35 41 0.25
36 30 0.0909091
36 42 0.25
37 35 0.2
37 31 0.111111
37 44 0.5
41 35 0.2
41 31 0.111111
51 52 0.125
51 53 0.5
52 51 0.1
38 31 0.111111
53 51 0.1
39 32 0.0769231
39 33 0.166667
39 46 0.166667
25 26 0.166667
40 30 0.0909091
40 32 0.0769231
40 48 0.5
13 20 0.5
26 25 0.142857
26 27 0.5
14 4 0.142857
