0 2
1 3
2 0
3 1
3 4
3 5
4 3
4 6
5 3
5 8
6 4
6 7
7 6
7 8
8 7
8 5
9 11
9 14
9 15
9 20
9 21
9 56
9 88
10 63
11 9
11 15
11 16
11 88
12 51
12 86
12 249
13 19
13 31
13 42
13 43
13 46
13 93
13 105
14 9
14 21
14 45
14 52
15 11
15 9
15 88
16 11
16 9
16 15
16 20
16 22
16 32
17 13
17 28
17 73
18 14
18 23
18 48
18 61
19 13
19 42
19 43
19 93
19 105
20 16
20 9
20 41
20 109
21 9
21 14
21 110
22 9
22 16
22 34
22 40
23 18
23 24
23 48
24 23
24 18
24 26
24 27
24 29
24 31
24 33
24 36
24 37
24 40
24 62
24 69
24 71
24 106
25 24
25 30
25 69
25 71
25 77
25 106
25 112
25 248
26 24
27 24
27 26
27 33
28 17
28 14
29 9
29 22
29 24
29 33
29 57
29 75
29 83
30 25
30 35
30 44
31 13
31 25
31 20
31 24
31 50
31 60
31 84
32 16
32 70
33 29
33 24
33 26
33 27
33 45
34 22
35 30
36 27
36 24
36 58
36 64
36 104
36 107
37 24
37 25
37 27
38 36
38 39
38 40
38 59
38 82
38 87
39 38
39 82
40 22
40 27
40 38
40 24
40 79
40 97
40 101
41 20
41 90
42 13
42 19
42 46
42 60
43 19
43 13
43 28
43 49
43 52
43 66
43 67
43 236
44 30
45 14
45 33
46 19
46 13
46 42
46 60
46 93
46 105
47 58
47 63
48 23
48 18
49 43
49 67
49 128
50 31
51 12
51 78
51 86
51 92
51 102
52 14
52 43
52 89
52 91
52 94
53 65
53 96
54 51
54 12
55 43
56 9
56 68
57 29
57 83
58 36
58 47
58 74
59 38
60 46
60 31
60 42
60 82
61 18
61 54
61 72
61 76
61 98
62 24
62 71
63 10
63 47
64 36
65 53
65 96
66 43
67 43
67 49
68 56
69 25
69 24
69 77
70 32
71 25
71 24
71 69
71 62
71 77
72 61
72 76
72 98
73 17
73 99
74 58
75 29
75 57
75 83
76 61
76 72
76 98
77 69
77 25
77 27
77 71
78 51
78 12
78 113
79 40
79 97
79 101
82 38
82 39
82 60
83 29
83 57
83 75
84 31
85 103
86 51
86 12
86 108
87 38
88 11
88 15
88 9
89 52
89 91
90 41
91 52
91 89
91 94
92 51
92 86
93 13
93 46
93 19
94 52
94 91
94 89
95 27
95 25
95 24
96 53
96 65
97 40
97 79
97 101
98 61
98 76
98 72
99 73
100 75
100 83
100 29
101 40
101 79
101 97
102 12
102 51
102 86
102 108
102 114
103 85
104 36
104 64
104 237
105 19
105 13
105 46
106 24
106 25
106 27
106 26
107 64
107 36
108 86
108 51
108 102
109 20
109 110
109 111
110 21
110 109
111 109
112 106
112 71
112 27
112 25
113 78
113 114
114 6
114 102
114 113
114 115
114 116
115 114
116 114
116 117
116 120
117 116
117 120
118 115
118 121
120 116
120 114
120 117
121 118
123 124
123 125
124 123
124 126
125 123
125 127
126 124
126 249
127 125
128 49
128 46
128 33
128 97
128 129
128 130
129 128
129 130
129 131
130 129
130 128
131 129
133 139
133 150
133 155
133 156
133 159
133 166
133 167
133 170
133 175
133 188
133 190
133 220
134 135
134 137
134 180
134 189
135 134
135 144
135 194
135 201
136 145
136 158
137 134
137 140
137 218
137 223
138 142
139 133
139 184
139 191
140 137
140 143
140 149
140 161
140 187
140 195
140 197
141 148
141 151
142 138
142 146
142 160
142 169
142 181
142 196
142 225
143 140
143 137
143 154
143 162
143 180
143 230
144 135
145 136
145 193
146 142
146 160
146 169
146 181
146 225
147 133
147 172
147 173
147 210
148 141
148 163
148 171
148 182
149 140
150 133
150 153
150 157
150 208
151 141
151 148
151 171
152 176
152 202
153 150
153 157
153 204
153 208
153 212
154 143
154 162
154 205
155 133
155 174
155 213
156 133
156 159
156 175
156 231
157 153
157 150
157 208
158 136
159 133
159 156
159 166
159 167
159 170
159 175
159 220
160 142
160 146
160 166
161 140
161 149
162 154
162 143
162 180
162 200
162 205
162 230
163 148
163 150
163 164
163 165
164 163
164 165
164 172
164 221
165 163
165 164
165 228
166 156
166 133
166 159
166 160
166 168
166 177
166 232
167 133
167 159
167 220
168 166
168 227
169 146
169 142
169 179
169 216
170 133
170 159
170 175
170 188
171 148
171 151
172 157
172 163
172 164
172 147
172 176
173 147
173 133
173 211
174 155
174 213
175 156
175 133
175 170
175 159
175 199
175 220
176 152
176 133
176 172
176 186
176 207
177 166
177 232
178 136
178 219
179 137
179 138
179 169
179 135
180 134
180 143
180 162
180 215
181 142
181 146
181 196
182 148
182 198
182 206
183 133
183 175
183 159
183 156
183 199
184 139
184 169
184 203
184 235
185 182
186 176
186 207
187 140
188 133
188 175
188 170
188 190
188 199
189 134
190 133
190 188
190 175
191 139
192 173
193 145
193 226
194 135
194 144
194 249
195 137
195 140
196 142
196 181
196 146
197 140
197 187
198 182
199 133
199 175
199 188
199 183
200 162
200 143
200 154
200 205
201 194
201 135
202 152
203 184
203 214
204 150
204 153
205 162
205 200
205 154
205 230
206 182
206 198
206 233
207 176
207 186
208 150
208 153
208 157
209 149
209 229
210 147
211 173
212 157
212 208
212 153
212 217
212 248
213 155
213 174
214 203
215 180
216 169
217 212
217 157
217 153
218 137
219 178
220 167
220 159
220 175
220 133
220 231
221 163
221 164
221 224
222 172
223 137
224 221
225 146
225 142
226 193
227 166
227 168
228 165
229 209
230 162
230 143
230 205
231 188
231 133
231 220
231 183
231 156
232 168
232 166
232 177
232 227
233 182
233 206
233 198
235 184
236 209
236 176
236 43
236 24
237 104
237 77
237 196
237 238
237 242
237 243
238 237
238 239
238 244
238 247
239 237
239 238
239 240
239 245
240 239
240 241
241 240
242 237
242 239
243 237
243 242
244 238
244 246
244 247
245 239
246 244
247 244
247 238
248 0
248 25
248 192
248 212
249 126
249 194
249 12
249 250
250 249
250 253
253 250
253 251
254 220
254 38
254 133
