0.00229
0.00096
0.000584
0.003786
0.035905
0.003136
0.143334
0.03621
0.00928
0.007941
0.000189
0.00171
0.017913
0.103695
0.033769
0.002134
0.006417
0.040045
0.114975
0.114258
0.063352
0.004296
0.024852
0.139467
1
0.138011
0.206703
0.166329
0.199788
0.091328
1
1
0.001272
0.210759
0.01241
0.500189
0.153023
0.250399
1
0.284601
0.150983
0.016037
0.054713
1
0.499957
0.059781
0.100571
0.003541
0.060298
0.334603
0.501208
0.018467
0.103081
0
0.002063
0
0.001291
0.023124
0.025183
0.500965
0.144236
0.010441
0.275156
0.000694
0.097609
0
0.500434
0.308133
0.000662
0.193637
0.000649
0.150902
0.002307
0.006873
0.012491
0.017446
0.002259
0.173744
0.03761
0.057089
0
0
0.217671
0.01752
0.501161
0
0.022897
0.500745
0.001848
0.027518
0.007966
0.02338
0.006229
0.049896
0.024207
0
0
0.165294
0.002243
0.003413
0
0.056987
0.125989
0
0.223103
0.050308
0.161297
0.050544
0.028519
0.00904
0.00215
0.004495
0.027462
0.251094
1
0.1261
0.142736
0.041291
0
0
0.034409
0
0
1e-06
1.4e-05
0
0.000137
0
1
0.201262
0.282443
0.100885
0
1
0.020828
0.00315
0
0.101484
0.008691
0.265475
1
0
0.025314
0.190533
0.000754
0
0.032565
0.000169
5e-06
0.317769
0.101284
0
0.00179
0.009911
0.182713
0.142873
0.216454
0.014267
0
0.173194
0.115842
0.333683
1
6.3e-05
9.9e-05
1.4e-05
1
0.203775
0.239915
0.094082
0.169081
3e-06
0.001012
0.000573
0.042224
0.128666
0.010501
0.282746
0
0.018968
0.146588
0.024458
0
0.012255
1
0
0.003174
0.407466
0.13889
0.010459
0.219374
0.132762
0.003896
0
0.000846
0.33393
0.14454
0.332848
0
0.038169
0.189894
0.001061
0.000907
0.166501
0.003331
0.181632
0
0.003161
0.017301
0.020986
8e-05
0.000274
0.003147
0.042623
0.083571
0.073663
0.047313
0.000494
0.05083
0
0.131376
1.4e-05
0
0.025556
8e-06
0.009356
0
0.104943
9e-06
0.005355
0.212733
0.048564
0.202165
0
0
0.501084
0.126114
1
0.093141
0.044718
0.00553
0.002747
0.314056
0.334078
0.014504
0.022339
0.007279
0.025348
0.015625
0.001172
0.000298
2.7e-05
0
8.5e-05
0
