0 1
0 2
1 0
1 3
1 4
2 0
3 1
3 2
3 5
4 1
5 8
5 2
5 3
5 6
5 7
6 5
7 9
7 5
8 11
8 5
9 12
9 7
10 8
10 5
11 8
11 5
11 461
12 148
12 21
12 183
12 168
12 9
12 13
12 15
13 48
13 96
13 146
13 20
13 100
13 23
13 52
13 26
13 12
13 14
13 95
14 17
14 132
14 13
14 103
15 16
15 76
15 72
15 12
15 107
15 28
15 174
16 43
16 39
16 15
17 67
17 74
17 14
17 24
17 18
17 19
17 84
17 150
17 88
17 25
17 152
17 27
17 30
18 80
18 17
18 19
18 37
18 200
18 201
18 74
18 92
18 29
18 479
19 32
19 256
19 114
19 86
19 170
19 44
19 50
19 115
19 17
19 18
19 51
19 85
19 22
19 25
19 90
19 30
19 31
20 33
20 104
20 106
20 13
20 142
20 205
21 12
21 78
21 143
22 96
22 25
22 19
22 124
23 49
23 34
23 35
23 13
23 167
24 17
24 25
24 42
24 27
24 172
24 46
25 17
25 98
25 19
25 68
25 22
25 24
25 155
25 140
25 162
26 64
26 33
26 83
26 85
26 38
26 134
26 192
26 13
26 110
27 24
27 17
28 145
28 149
28 54
28 55
28 29
28 15
29 18
29 36
29 197
29 198
29 199
29 91
29 28
29 173
30 17
30 19
30 71
30 184
30 177
30 87
30 59
30 108
30 45
30 223
30 47
31 32
31 17
31 19
31 131
31 102
31 481
31 58
31 74
32 19
32 214
32 40
32 111
32 79
32 31
32 45
32 47
33 26
33 83
33 20
33 106
33 130
34 160
34 41
34 61
34 23
35 23
36 81
36 116
36 29
37 201
37 18
37 92
38 26
38 147
38 62
39 16
39 58
39 43
40 32
41 160
41 34
41 61
41 94
42 24
42 161
42 182
42 46
43 16
43 176
43 69
43 39
44 51
44 114
44 19
44 77
45 32
45 216
45 19
45 94
45 56
45 123
45 30
45 63
46 24
46 42
47 32
47 129
47 53
47 57
47 108
47 30
48 99
48 105
48 120
48 89
48 13
48 30
48 77
49 35
49 23
50 51
50 19
50 44
50 85
51 114
51 115
51 50
51 19
51 85
51 86
51 170
51 74
51 44
51 90
52 146
52 13
53 106
53 47
54 204
54 171
54 28
55 193
55 28
56 263
56 60
56 45
56 135
57 129
57 47
58 39
58 43
58 46
58 31
59 30
59 71
60 56
60 135
61 41
61 34
61 203
62 38
62 175
63 45
64 33
64 26
64 75
64 206
64 65
65 64
65 33
65 137
65 188
65 93
65 222
66 21
66 15
67 152
67 17
67 131
68 121
68 56
68 25
68 215
68 140
68 158
69 81
69 43
69 196
69 143
70 112
70 169
70 31
71 59
71 30
72 76
72 15
73 41
73 34
73 141
74 17
74 18
74 51
74 113
74 218
74 124
74 173
74 31
75 64
75 206
76 72
76 15
77 48
77 51
77 18
77 19
77 44
77 82
78 144
78 21
79 32
79 220
80 200
80 18
81 136
81 36
81 69
82 18
82 261
82 73
82 42
82 479
82 77
82 95
83 33
83 26
83 101
84 17
85 19
85 50
85 51
85 101
85 26
85 108
86 51
86 19
87 184
87 177
87 30
88 17
89 48
90 51
90 19
91 186
91 29
91 198
92 48
92 17
92 18
92 37
92 138
92 219
92 157
93 153
93 65
93 52
93 97
94 34
94 166
94 118
94 217
94 41
94 45
95 82
95 35
95 119
95 185
95 122
95 23
95 13
96 13
96 22
96 133
97 93
98 25
99 48
100 13
100 134
101 83
101 85
102 31
103 14
103 127
104 20
105 48
105 99
106 33
106 178
106 179
106 20
106 53
106 125
107 72
107 15
108 256
108 85
108 87
108 13
108 30
108 47
109 58
109 21
109 78
109 117
110 26
110 180
110 134
111 19
111 32
111 27
112 43
112 70
113 74
114 19
114 50
114 51
114 44
115 19
115 51
115 86
116 36
117 109
117 183
118 217
118 155
118 94
118 223
119 82
119 95
120 48
120 89
120 99
120 479
120 263
121 140
121 68
121 158
121 215
122 95
123 45
123 63
124 128
124 74
124 195
124 22
125 106
125 156
126 40
126 32
126 220
126 79
127 103
128 124
129 104
129 57
129 47
130 33
131 17
131 210
131 67
131 169
131 187
131 31
132 14
133 96
133 238
133 23
134 100
134 26
134 52
134 165
134 110
135 56
135 60
135 213
136 81
136 151
136 183
136 143
137 65
137 53
137 33
138 163
138 139
138 92
138 29
138 191
139 138
139 191
140 121
140 68
140 212
140 25
141 73
141 202
141 23
142 104
142 20
143 136
143 43
143 21
143 69
144 21
144 78
144 213
145 28
146 49
146 52
146 13
147 26
147 154
147 38
148 107
148 12
148 61
149 28
149 55
150 17
150 67
151 136
152 17
152 67
152 164
153 93
153 165
154 147
155 118
155 73
155 216
155 25
155 202
155 94
155 207
156 106
156 125
157 92
158 121
158 68
159 202
159 155
160 41
160 34
161 42
161 182
162 25
163 138
163 139
163 191
164 152
164 193
164 189
165 64
165 153
165 75
165 190
165 134
166 94
167 23
168 12
169 208
169 17
169 131
169 70
169 209
169 221
170 51
170 19
171 193
171 204
171 54
172 24
173 152
173 74
173 29
174 15
175 62
176 209
176 43
177 223
177 30
177 87
178 106
178 181
179 106
179 211
179 492
179 194
179 238
180 65
180 26
180 110
181 178
182 161
182 42
183 136
183 12
183 117
183 39
184 177
184 30
184 87
185 95
186 91
186 29
187 131
188 65
189 152
189 164
190 165
191 138
191 163
191 139
192 26
192 110
193 152
193 171
193 164
193 221
193 55
194 179
194 222
194 211
195 124
196 69
197 29
198 171
198 91
198 29
199 91
199 29
199 197
200 80
200 18
200 37
201 200
201 18
201 37
202 155
202 141
202 159
203 61
204 171
204 54
205 492
205 20
206 64
206 75
207 155
208 169
209 176
209 169
210 131
210 223
211 194
211 179
212 25
212 107
212 140
213 56
213 144
213 140
213 135
214 32
214 79
215 121
215 68
215 158
216 155
216 45
217 94
217 118
218 74
219 92
219 157
220 32
220 40
220 126
220 79
221 193
221 169
222 65
222 194
223 224
223 177
223 210
223 118
223 237
223 30
224 225
224 234
224 227
224 461
224 223
225 224
225 226
225 227
225 228
225 234
226 225
226 229
226 230
227 224
227 225
228 232
228 225
229 226
230 226
230 231
231 233
231 230
232 235
232 228
233 229
233 230
233 231
234 224
234 225
234 223
235 232
236 227
237 223
238 242
238 179
238 133
238 211
238 75
238 492
238 239
239 240
239 256
239 242
239 244
239 249
239 461
239 238
240 248
240 241
240 243
240 244
240 239
241 240
241 243
242 238
242 239
243 240
243 241
243 250
243 245
244 240
244 263
244 247
244 246
244 239
245 243
246 244
246 247
247 249
247 244
247 252
247 246
247 254
248 240
248 253
248 255
249 247
249 239
250 243
250 251
251 250
252 239
252 247
253 248
254 247
255 248
256 177
256 258
256 19
256 257
256 259
256 108
256 14
256 239
257 256
258 256
259 256
259 260
260 259
261 17
261 82
261 19
261 262
261 155
261 13
262 261
263 320
263 363
263 308
263 276
263 103
263 264
263 327
263 56
263 340
263 213
263 120
263 244
263 413
264 289
264 292
264 389
264 422
264 263
264 265
264 266
264 267
264 268
264 275
264 316
264 298
264 394
265 289
265 421
265 454
265 264
265 297
265 266
265 267
265 300
265 270
265 335
265 369
265 274
265 403
265 437
265 283
265 298
266 303
266 274
266 342
266 319
266 311
266 264
266 265
266 299
266 377
266 271
267 432
267 296
267 291
267 341
267 278
267 345
267 264
267 265
267 428
267 268
267 269
268 273
268 371
268 277
268 294
268 264
268 281
268 267
268 390
268 302
268 351
269 434
269 267
270 265
270 394
271 272
271 290
271 323
271 279
271 266
271 343
271 274
271 317
272 301
272 271
273 284
273 268
273 349
274 304
274 421
274 279
274 344
274 265
274 266
274 271
275 264
275 313
275 306
275 364
275 454
276 308
276 295
276 280
276 263
276 445
276 446
277 388
277 459
277 268
278 392
278 370
278 267
278 418
279 452
279 274
279 323
279 391
279 271
280 331
280 276
281 268
281 390
282 322
282 277
282 281
282 396
282 351
282 338
282 285
282 319
283 265
283 420
283 381
283 286
284 273
284 326
284 439
285 282
285 396
285 322
285 319
286 283
287 264
287 292
287 407
288 433
288 293
288 310
288 438
288 264
288 409
288 267
288 318
289 384
289 395
289 404
289 393
289 264
289 265
289 267
289 348
290 271
291 267
291 443
292 264
292 287
293 288
293 318
293 310
293 438
294 288
294 268
294 293
294 286
294 375
295 448
295 411
295 276
295 309
295 455
295 427
296 336
296 352
296 308
296 464
296 361
296 267
296 333
296 397
297 265
298 264
298 265
298 359
299 312
299 266
299 330
299 319
300 265
300 437
300 421
300 270
300 297
301 272
301 337
301 307
301 436
301 311
301 460
301 365
301 271
302 417
302 268
302 390
303 266
303 298
304 274
305 289
305 425
305 423
305 393
305 395
305 348
306 289
306 275
307 301
308 408
308 276
308 294
308 263
308 296
308 378
308 334
309 314
309 295
310 288
310 293
311 376
311 313
311 266
311 355
311 301
312 299
313 400
313 275
313 381
313 311
313 284
313 365
313 367
314 320
314 464
314 386
314 309
314 295
314 329
314 442
314 331
315 402
315 277
316 264
316 407
316 287
317 272
317 271
318 288
318 416
318 293
318 310
319 424
319 385
319 339
319 342
319 379
319 282
319 299
319 266
319 382
319 285
320 321
320 324
320 263
320 328
320 314
320 347
321 320
321 409
321 457
322 282
322 285
322 453
323 307
323 271
323 279
324 320
324 291
324 325
324 387
324 350
324 383
325 324
325 350
326 456
326 284
326 439
327 263
328 320
329 314
330 312
330 299
331 280
331 281
331 314
331 374
332 324
333 296
333 291
333 366
333 350
333 430
334 308
334 373
335 406
335 265
335 267
335 300
335 318
335 415
336 296
337 301
337 398
338 449
338 322
338 453
338 282
338 396
338 285
339 342
339 319
340 263
341 432
341 267
342 266
342 339
342 410
342 319
343 272
343 271
344 274
345 267
346 276
347 320
347 414
348 289
348 305
349 481
349 273
349 419
349 423
349 360
349 353
350 464
350 356
350 357
350 324
350 362
350 399
350 333
350 325
351 282
351 268
351 285
352 336
352 288
352 296
353 360
353 481
353 419
353 349
353 358
354 288
354 293
354 310
355 417
355 311
356 413
356 350
357 368
357 413
357 350
358 360
358 353
358 349
359 298
359 283
360 376
360 353
360 450
360 349
360 358
361 296
362 357
362 350
363 263
364 275
365 313
365 301
365 337
366 333
366 430
367 313
367 326
368 356
368 357
368 350
368 399
369 265
369 300
369 437
370 278
371 281
371 268
372 307
373 334
374 331
374 268
375 420
375 294
375 359
376 360
376 435
376 311
377 266
378 308
378 357
379 382
379 319
380 377
380 266
381 313
381 283
381 444
382 379
382 385
382 339
382 319
383 324
384 289
384 412
385 379
385 424
385 339
385 382
385 319
386 329
386 314
386 442
387 324
388 277
389 264
389 296
389 423
390 281
390 268
390 302
391 405
391 279
392 409
392 318
392 278
393 289
393 305
394 264
394 454
394 318
394 270
394 429
395 289
395 423
395 305
396 282
396 338
396 285
396 453
397 296
397 336
398 337
398 330
398 299
399 368
399 357
399 350
400 313
400 365
400 286
400 381
401 268
401 302
401 351
402 314
402 315
402 388
402 277
402 295
403 265
403 300
404 393
404 289
404 305
405 344
405 391
406 415
406 335
407 264
407 316
407 287
408 308
409 320
409 321
409 392
409 288
410 342
411 427
411 309
411 295
412 384
412 289
412 306
412 305
413 356
413 357
413 263
414 347
415 406
415 335
416 318
417 273
417 355
417 302
417 281
418 370
418 278
419 353
419 349
419 358
420 426
420 283
420 375
421 265
421 274
421 300
422 264
422 292
422 407
423 305
423 395
423 397
423 349
423 389
424 385
424 358
424 458
424 447
424 319
424 431
425 305
425 348
425 393
426 420
427 411
427 309
427 295
428 267
429 394
430 333
430 366
431 424
431 360
431 299
431 440
432 267
432 428
432 341
433 288
433 293
434 269
435 376
436 307
436 460
436 275
436 452
436 301
437 265
437 300
437 369
438 288
438 433
438 293
439 313
439 284
439 326
439 294
439 359
440 431
441 378
442 314
442 386
443 291
444 381
445 276
446 276
447 424
448 309
448 295
449 322
449 282
449 338
450 360
451 343
451 271
452 272
452 323
452 436
452 279
453 449
453 282
453 322
453 396
453 338
454 265
454 394
454 275
455 309
455 295
456 284
456 326
457 320
457 321
458 424
459 315
459 388
459 277
460 400
460 337
460 436
460 301
461 224
461 17
461 463
461 11
461 239
461 462
461 47
462 461
463 461
464 465
464 466
464 263
464 296
464 314
464 171
464 476
464 350
465 464
465 473
465 467
465 469
465 470
466 464
466 476
467 465
467 475
467 468
467 478
468 467
468 477
469 472
469 465
469 474
470 465
471 466
471 469
472 469
473 465
473 474
474 473
474 469
475 467
475 478
476 464
476 466
477 468
478 475
478 467
479 480
479 82
479 419
479 150
479 120
479 18
480 479
481 353
481 482
481 483
481 485
481 273
481 349
481 31
482 488
482 481
483 481
484 482
485 481
485 487
486 490
486 483
487 489
487 491
487 485
488 482
489 487
490 486
491 489
491 487
492 49
492 179
492 205
492 238
492 493
493 492
493 494
494 496
494 497
494 498
494 493
494 495
495 493
495 494
496 494
497 496
497 494
498 499
498 494
499 498
