0 1
0 149
1 0
1 2
1 3
1 6
2 1
3 1
6 0
6 1
6 5
6 7
6 9
6 12
6 15
6 22
6 28
6 29
6 38
6 49
6 61
6 75
7 6
7 8
7 10
7 23
7 32
7 41
7 43
7 62
7 68
8 7
8 21
8 31
8 34
8 52
9 7
9 6
9 11
9 30
9 40
9 44
10 7
10 14
10 22
10 33
10 57
10 73
11 9
11 26
11 50
12 6
12 16
12 26
12 27
13 19
14 10
14 54
15 6
16 11
16 12
16 17
16 39
16 42
16 45
17 16
17 39
18 10
18 33
19 13
19 35
19 55
19 65
20 14
20 48
20 51
21 8
21 24
21 36
22 6
22 10
22 7
22 49
22 59
23 7
24 21
25 6
26 12
26 11
26 74
27 26
27 12
27 58
28 6
28 56
28 70
29 6
30 9
30 87
31 8
31 71
32 23
32 7
32 75
33 10
33 18
33 37
34 8
35 19
35 37
36 24
36 21
37 35
37 33
38 6
39 16
39 17
39 42
40 9
40 44
41 7
41 32
41 23
42 39
42 16
42 66
43 33
43 10
43 7
43 18
43 46
43 47
44 9
44 40
45 39
45 16
46 43
46 47
47 43
47 46
48 20
49 6
49 22
49 87
50 11
51 20
52 8
52 63
53 31
54 14
55 19
55 69
56 28
56 67
57 10
57 73
58 27
59 22
60 8
60 36
61 6
62 7
62 23
62 32
62 87
63 52
64 48
64 20
65 19
65 69
66 42
67 28
67 56
67 70
68 7
68 23
69 19
69 65
69 55
70 67
70 28
71 31
72 29
72 6
73 10
73 33
73 57
74 26
75 6
75 32
75 76
75 79
75 87
76 75
76 78
76 80
78 76
79 75
79 76
80 76
81 82
81 83
81 84
82 81
83 81
84 81
87 75
87 30
87 49
87 62
87 88
87 90
87 104
87 130
88 87
88 89
88 107
88 108
88 126
89 88
89 99
89 107
89 108
89 126
90 87
90 115
90 120
91 92
91 101
92 91
92 134
92 137
93 94
93 95
93 103
93 108
93 116
93 118
94 93
94 95
94 98
94 116
94 118
95 93
95 94
95 96
95 97
95 102
95 110
96 95
96 97
96 112
96 121
97 96
97 95
97 102
97 110
98 94
98 93
98 100
98 109
98 133
98 135
99 89
99 88
99 111
99 131
100 98
100 110
100 133
101 91
101 106
101 119
101 123
102 95
102 97
102 110
102 121
103 93
103 94
103 118
104 87
104 114
106 101
106 128
107 88
107 89
107 126
107 131
108 88
108 89
108 93
108 129
108 137
109 98
109 100
109 135
110 102
110 95
110 100
110 97
110 117
110 132
110 149
111 110
111 99
111 88
111 124
111 134
112 102
112 95
112 96
113 110
113 117
114 104
115 90
115 125
116 93
116 94
117 110
117 113
117 127
118 93
118 103
118 94
119 101
119 123
120 90
120 115
121 102
121 96
121 95
121 112
121 122
122 121
123 101
123 119
124 111
125 115
126 88
126 99
126 107
126 89
126 131
127 110
127 117
128 106
129 108
130 87
131 126
131 107
131 88
131 99
132 110
132 127
133 109
133 100
133 98
133 135
134 92
134 111
135 133
135 109
135 98
136 91
137 108
137 92
137 139
139 137
141 142
142 141
143 144
144 143
146 147
146 148
146 149
147 146
148 146
149 110
149 146
149 0
149 150
150 149
