0.163638
0.114224
0.057066
0.057134
0
0.200638
1
1
0.058935
0.084062
0.09229
0.120775
0.122294
0.250481
0.015432
0.499683
1
0.288165
0.03508
1
0
0.007579
0.150437
0.310114
0.002854
0
0.026151
0.024327
0.090898
0.334095
0.176814
0.011877
0.223228
0.035574
0.029381
0.251605
0.001895
0.046303
0.500914
0.227089
0.024984
0.250992
0.149206
0.111578
0.025064
0.333719
0.032003
0.026705
0
0.319804
0.060403
0
0.009751
0
0.005148
0.260594
0.023605
0.026712
0.012097
0.075128
0
0.500007
0.305333
0.004906
0
0.259557
0.074524
0.008796
0.333165
0.098279
0.023592
0.005928
0
0.02205
0.013112
0.133131
0.019216
0
0.009653
0.044551
0.009677
1
0.500889
0.500607
0.500535
0
0
1
0.06944
0.019222
0.126233
0.000136
0.002574
1
0.145229
0.144434
0.031449
0.154134
0.027755
0.003999
0.145189
1.3e-05
0.126291
0.230016
0.166747
0
2e-06
0.012008
0.107608
0.009512
1
0.000363
0.010092
0.060088
0.083087
0.019585
0.274318
0.178156
0.211949
4e-06
0.031547
0.019519
0.00984
2e-06
0.000187
0.009805
0.010909
0.122149
2e-06
0.053571
0.501343
0.003595
0.333501
0.024651
0.000558
0.009435
0
0.015437
0
0.007772
0
0
0
0
0
0
0.009301
0.002326
0.002373
0.082275
0.041143
