0 3
1 2
2 1
3 0
3 5
3 12
3 17
3 25
3 51
3 60
3 70
4 8
4 41
4 42
4 64
4 73
5 3
5 8
5 12
5 16
5 41
6 7
7 6
8 4
8 5
8 9
8 10
8 11
8 13
8 18
8 20
8 65
8 67
9 8
9 14
9 49
9 58
9 88
10 8
10 23
10 27
10 31
10 47
10 50
10 54
10 72
10 73
11 8
12 3
12 5
12 15
12 44
13 8
13 20
13 65
14 9
14 27
14 49
15 12
15 18
15 22
16 5
16 52
17 3
17 28
17 55
17 56
17 152
18 15
18 8
18 21
18 66
19 5
19 10
19 69
20 13
20 8
20 24
20 46
21 4
21 18
21 26
21 36
21 63
22 15
22 29
22 40
22 70
23 10
23 31
23 47
23 50
23 54
23 72
24 20
24 46
25 3
25 37
25 39
26 4
26 21
27 14
27 10
27 30
27 53
27 73
28 17
29 22
30 27
30 32
30 33
30 38
30 68
30 73
31 23
31 10
31 72
32 30
32 34
33 30
34 32
36 21
37 25
37 39
38 30
38 59
38 68
38 71
39 37
39 25
40 22
40 12
41 4
41 5
41 45
42 4
42 43
42 62
43 42
43 45
43 57
43 62
44 12
45 43
45 41
45 16
45 48
45 61
46 20
46 24
47 23
47 10
47 3
48 45
49 9
49 14
49 58
50 23
50 10
51 3
51 60
52 16
53 27
54 23
54 10
54 31
55 17
55 28
56 17
56 55
56 28
57 43
57 42
57 62
58 49
58 9
59 30
59 33
59 38
60 3
60 51
61 45
61 48
62 42
62 57
62 43
63 21
64 4
65 8
65 13
66 18
67 13
67 8
68 30
68 38
68 33
68 71
69 19
70 3
70 29
70 22
71 38
71 30
71 68
72 23
72 10
72 31
73 30
73 4
73 8
73 10
73 27
73 74
73 75
74 73
74 76
75 73
76 74
76 75
77 78
77 79
77 80
77 85
78 77
78 80
78 81
78 82
79 77
79 84
80 77
80 78
80 83
81 77
81 78
82 78
83 80
84 79
85 77
86 1
86 32
86 88
88 9
88 32
88 30
88 86
88 98
88 102
89 90
89 92
89 110
89 123
89 130
89 137
90 89
90 91
90 93
90 97
90 101
90 105
91 90
91 93
91 96
91 97
91 99
91 105
91 110
92 90
92 89
92 94
92 95
92 98
92 106
92 113
92 120
92 121
92 125
92 126
93 91
93 90
93 97
93 104
93 105
93 114
93 140
94 92
94 107
94 108
94 124
94 145
95 92
95 122
96 90
96 91
96 100
96 117
96 119
97 93
97 91
97 90
97 109
97 112
97 115
98 88
98 92
98 132
99 91
100 96
101 90
101 91
102 88
104 93
104 118
104 133
104 135
105 93
105 91
105 90
105 139
106 92
106 113
106 120
106 125
107 94
108 94
108 107
108 129
108 145
109 97
109 115
110 97
110 89
110 91
110 141
112 97
112 109
113 92
113 106
114 93
115 97
115 109
115 143
117 96
118 104
118 133
119 100
119 96
119 126
120 92
120 106
120 125
121 104
121 92
121 106
121 136
121 144
122 95
122 134
123 89
123 130
124 94
124 108
124 107
124 129
124 138
125 92
125 106
125 120
125 126
126 106
126 92
126 125
126 119
127 128
128 127
129 124
129 108
129 145
130 89
130 123
132 98
133 118
133 104
133 135
134 122
135 104
135 133
135 118
136 121
136 144
137 89
138 124
138 129
138 94
139 97
139 111
139 105
140 93
141 110
143 115
144 121
144 136
145 129
145 124
145 138
145 108
145 94
146 100
146 148
146 150
148 146
148 149
149 146
149 148
149 150
150 149
150 146
152 17
152 105
