0.251175
0.02015
0.010105
1
0.145084
0.166983
0
0
1
0.149428
1
0.250356
0.079258
0.162595
0.044185
0.03706
0.024141
0.076665
0.19231
0
0.126622
1
0.02978
0.157998
0.037625
0.142398
0.333602
0.096524
0.017789
0.072725
0.074789
0.205024
0.128965
0.021576
0.064505
0
0.500676
0.042428
0.010806
0.042502
0.009962
0.034307
0.020903
0.00357
0.039528
0.004179
0.037675
0.22376
0.001701
0.035771
0.277089
0.297411
0.012055
0.048164
0.22322
0.018408
0.019343
0.001463
0.043156
0.002725
0.297832
0.001421
0.004039
0.500784
0.072622
0.277057
0.096213
0.333591
0.012015
0
0.20172
0.004298
0.18251
0.075477
0.012362
0.026374
0.004166
1
0.144179
0.200304
0.184179
0.028925
0.072133
0.091837
0.066708
0.500383
0.100888
0
1
0.074299
0.113763
0.070782
1
1
0.083534
0.142867
0.010152
0.086913
0.305624
0.035706
0.010714
0.038081
0.500145
0
0.101323
0.128903
0.177559
0.025323
0.013115
0.023606
0.016142
0.004574
0.028957
0.279796
0.500929
0.010983
0
0.005118
0.027003
0.033916
0.209161
0.125194
0.020524
0.022198
0.01118
0.178682
0.162808
0
0
0.005383
0.022279
0
0.152879
0.022858
0.010276
0.023726
0.037258
0.037193
0.004508
0.032341
0.49973
0.008016
0
0.005521
0.037528
0.012139
0
0
0
0
0
0
0.007654
0
0
