155
418
0 3 0.0357143
1 2 0.5
2 1 0.2
3 0 0.25
3 5 0.0833333
3 12 0.0666667
3 17 0.0769231
3 25 0.142857
3 51 0.25
3 60 0.25
3 70 0.2
4 8 0.0416667
4 41 0.111111
4 42 0.142857
4 64 0.5
4 73 0.0588235
5 3 0.0357143
5 8 0.0416667
5 12 0.0666667
5 16 0.142857
5 41 0.111111
6 7 0.333333
7 6 0.2
8 4 0.0625
8 5 0.0833333
8 9 0.0769231
8 10 0.0454545
8 11 0.25
8 13 0.1
8 18 0.1
8 20 0.111111
8 65 0.25
8 67 0.333333
9 8 0.0416667
9 14 0.166667
9 49 0.166667
9 58 0.25
9 88 0.0526316
10 8 0.0416667
10 23 0.0833333
10 27 0.0833333
10 31 0.142857
10 47 0.2
10 50 0.25
10 54 0.2
10 72 0.142857
10 73 0.0588235
11 8 0.0416667
12 3 0.0357143
12 5 0.0833333
12 15 0.125
12 44 0.5
13 8 0.0416667
13 20 0.111111
13 65 0.25
14 9 0.0769231
14 27 0.0833333
14 49 0.166667
15 12 0.0666667
15 18 0.1
15 22 0.1
16 5 0.0833333
16 52 0.5
17 3 0.0357143
17 28 0.166667
17 55 0.2
17 56 0.25
17 152 0.1
18 15 0.125
18 8 0.0416667
18 21 0.0769231
18 66 0.5
19 5 0.0833333
19 10 0.0454545
19 69 0.5
20 13 0.1
20 8 0.0416667
20 24 0.25
20 46 0.25
21 4 0.0625
21 18 0.1
21 26 0.333333
21 36 0.5
21 63 0.5
22 15 0.125
22 29 0.333333
22 40 0.333333
22 70 0.2
23 10 0.0454545
23 31 0.142857
23 47 0.2
23 50 0.25
23 54 0.2
23 72 0.142857
24 20 0.111111
24 46 0.25
25 3 0.0357143
25 37 0.25
25 39 0.25
26 4 0.0625
26 21 0.0769231
27 14 0.166667
27 10 0.0454545
27 30 0.0588235
27 53 0.5
27 73 0.0588235
28 17 0.0769231
29 22 0.1
30 27 0.0833333
30 32 0.111111
30 33 0.25
30 38 0.125
30 68 0.142857
30 73 0.0588235
31 23 0.0833333
31 10 0.0454545
31 72 0.142857
32 30 0.0588235
32 34 0.5
33 30 0.0588235
34 32 0.111111
36 21 0.0769231
37 25 0.142857
37 39 0.25
38 30 0.0588235
38 59 0.25
38 68 0.142857
38 71 0.2
39 37 0.25
39 25 0.142857
40 22 0.1
40 12 0.0666667
41 4 0.0625
41 5 0.0833333
41 45 0.111111
42 4 0.0625
42 43 0.125
42 62 0.166667
43 42 0.142857
43 45 0.111111
43 57 0.2
43 62 0.166667
44 12 0.0666667
45 43 0.125
45 41 0.111111
45 16 0.142857
45 48 0.333333
45 61 0.333333
46 20 0.111111
46 24 0.25
47 23 0.0833333
47 10 0.0454545
47 3 0.0357143
48 45 0.111111
49 9 0.0769231
49 14 0.166667
49 58 0.25
50 23 0.0833333
50 10 0.0454545
51 3 0.0357143
51 60 0.25
52 16 0.142857
53 27 0.0833333
54 23 0.0833333
54 10 0.0454545
54 31 0.142857
55 17 0.0769231
55 28 0.166667
56 17 0.0769231
56 55 0.2
56 28 0.166667
57 43 0.125
57 42 0.142857
57 62 0.166667
58 49 0.166667
58 9 0.0769231
59 30 0.0588235
59 33 0.25
59 38 0.125
60 3 0.0357143
60 51 0.25
61 45 0.111111
61 48 0.333333
62 42 0.142857
62 57 0.2
62 43 0.125
63 21 0.0769231
64 4 0.0625
65 8 0.0416667
65 13 0.1
66 18 0.1
67 13 0.1
67 8 0.0416667
68 30 0.0588235
68 38 0.125
68 33 0.25
68 71 0.2
69 19 0.166667
70 3 0.0357143
70 29 0.333333
70 22 0.1
71 38 0.125
71 30 0.0588235
71 68 0.142857
72 23 0.0833333
72 10 0.0454545
72 31 0.142857
73 30 0.0588235
73 4 0.0625
73 8 0.0416667
73 10 0.0454545
73 27 0.0833333
73 74 0.166667
73 75 0.333333
74 73 0.0588235
74 76 0.333333
75 73 0.0588235
76 74 0.166667
76 75 0.333333
77 78 0.125
77 79 0.2
77 80 0.166667
77 85 0.5
78 77 0.0666667
78 80 0.166667
78 81 0.2
78 82 0.5
79 77 0.0666667
79 84 0.333333
80 77 0.0666667
80 78 0.125
80 83 0.5
81 77 0.0666667
81 78 0.125
82 78 0.125
83 80 0.166667
84 79 0.2
85 77 0.0666667
86 1 0.2
86 32 0.111111
86 88 0.0526316
88 9 0.0769231
88 32 0.111111
88 30 0.0588235
88 86 0.1
88 98 0.166667
88 102 0.5
89 90 0.05
89 92 0.04
89 110 0.111111
89 123 0.25
89 130 0.25
89 137 0.5
90 89 0.0666667
90 91 0.0526316
90 93 0.05
90 97 0.0714286
90 101 0.333333
90 105 0.111111
91 90 0.05
91 93 0.05
91 96 0.0909091
91 97 0.0714286
91 99 0.5
91 105 0.111111
91 110 0.111111
92 90 0.05
92 89 0.0666667
92 94 0.0833333
92 95 0.142857
92 98 0.166667
92 106 0.1
92 113 0.25
92 120 0.166667
92 121 0.125
92 125 0.125
92 126 0.142857
93 91 0.0526316
93 90 0.05
93 97 0.0714286
93 104 0.0909091
93 105 0.111111
93 114 0.5
93 140 0.5
94 92 0.04
94 107 0.25
94 108 0.125
94 124 0.111111
94 145 0.125
95 92 0.04
95 122 0.142857
96 90 0.05
96 91 0.0526316
96 100 0.25
96 117 0.5
96 119 0.2
97 93 0.05
97 91 0.0526316
97 90 0.05
97 109 0.2
97 112 0.333333
97 115 0.1
98 88 0.0526316
98 92 0.04
98 132 0.5
99 91 0.0526316
100 96 0.0909091
101 90 0.05
101 91 0.0526316
102 88 0.0526316
104 93 0.05
104 118 0.2
104 133 0.166667
104 135 0.2
105 93 0.05
105 91 0.0526316
105 90 0.05
105 139 0.25
106 92 0.04
106 113 0.25
106 120 0.166667
106 125 0.125
107 94 0.0833333
108 94 0.0833333
108 107 0.25
108 129 0.142857
108 145 0.125
109 97 0.0714286
109 115 0.1
110 97 0.0714286
110 89 0.0666667
110 91 0.0526316
110 141 0.5
112 97 0.0714286
112 109 0.2
113 92 0.04
113 106 0.1
114 93 0.05
115 97 0.0714286
115 109 0.2
115 143 0.5
117 96 0.0909091
118 104 0.0909091
118 133 0.166667
119 100 0.25
119 96 0.0909091
119 126 0.142857
120 92 0.04
120 106 0.1
120 125 0.125
121 104 0.0909091
121 92 0.04
121 106 0.1
121 136 0.25
121 144 0.25
122 95 0.142857
122 134 0.5
123 89 0.0666667
123 130 0.25
124 94 0.0833333
124 108 0.125
124 107 0.25
124 129 0.142857
124 138 0.2
125 92 0.04
125 106 0.1
125 120 0.166667
125 126 0.142857
126 106 0.1
126 92 0.04
126 125 0.125
126 119 0.2
127 128 0.5
128 127 0.25
129 124 0.111111
129 108 0.125
129 145 0.125
130 89 0.0666667
130 123 0.25
132 98 0.166667
133 118 0.2
133 104 0.0909091
133 135 0.2
134 122 0.142857
135 104 0.0909091
135 133 0.166667
135 118 0.2
136 121 0.125
136 144 0.25
137 89 0.0666667
138 124 0.111111
138 129 0.142857
138 94 0.0833333
139 97 0.0714286
139 111 0.142857
139 105 0.111111
140 93 0.05
141 110 0.111111
143 115 0.1
144 121 0.125
144 136 0.25
145 129 0.142857
145 124 0.111111
145 138 0.2
145 108 0.125
145 94 0.0833333
146 100 0.25
146 148 0.166667
146 150 0.25
148 146 0.0588235
148 149 0.142857
149 146 0.0588235
149 148 0.166667
149 150 0.25
150 149 0.142857
150 146 0.0588235
152 17 0.0769231
152 105 0.111111
