18 7
18 24
19 0
19 9
30 32
31 33
31 34
31 46
39 36
20 11
20 8
0 2
0 3
0 7
0 19
0 21
1 4
1 8
1 13
1 22
40 36
21 0
2 0
2 1
3 0
3 5
3 10
41 36
42 37
4 1
32 30
32 45
43 31
5 3
5 6
5 8
5 15
5 23
6 5
6 8
6 12
33 31
44 38
7 2
7 0
7 3
7 18
8 1
8 5
8 6
8 11
8 14
34 31
34 35
22 1
22 4
22 26
45 32
45 46
45 48
9 0
9 19
46 33
46 31
46 45
47 36
23 5
23 15
23 12
10 3
48 45
11 8
11 14
11 20
35 34
24 18
51 52
52 51
12 6
12 5
12 23
13 1
13 16
14 11
14 8
14 17
38 44
15 5
15 23
36 39
36 40
36 41
36 47
26 22
26 1
26 27
26 29
27 26
27 28
28 27
37 42
16 13
17 14
17 8
29 26
