53
105
18 7 0.111111
18 24 0.5
19 0 0.0555556
19 9 0.142857
30 32 0.2
31 33 0.333333
31 34 0.166667
31 46 0.2
39 36 0.0909091
20 11 0.125
20 8 0.0625
0 2 0.0909091
0 3 0.1
0 7 0.111111
0 19 0.2
0 21 0.333333
1 4 0.25
1 8 0.0625
1 13 0.125
1 22 0.2
40 36 0.0909091
21 0 0.0555556
2 0 0.0555556
2 1 0.0666667
3 0 0.0555556
3 5 0.0769231
3 10 0.333333
41 36 0.0909091
42 37 0.166667
4 1 0.0666667
32 30 0.0909091
32 45 0.125
43 31 0.0714286
5 3 0.1
5 6 0.166667
5 8 0.0625
5 15 0.25
5 23 0.166667
6 5 0.0769231
6 8 0.0625
6 12 0.2
33 31 0.0714286
44 38 0.166667
7 2 0.0909091
7 0 0.0555556
7 3 0.1
7 18 0.25
8 1 0.0666667
8 5 0.0769231
8 6 0.166667
8 11 0.125
8 14 0.166667
34 31 0.0714286
34 35 0.166667
22 1 0.0666667
22 4 0.25
22 26 0.0714286
45 32 0.2
45 46 0.2
45 48 0.5
9 0 0.0555556
9 19 0.2
46 33 0.333333
46 31 0.0714286
46 45 0.125
47 36 0.0909091
23 5 0.0769231
23 15 0.25
23 12 0.2
10 3 0.1
48 45 0.125
11 8 0.0625
11 14 0.166667
11 20 0.333333
35 34 0.166667
24 18 0.25
51 52 0.5
52 51 0.25
12 6 0.166667
12 5 0.0769231
12 23 0.166667
13 1 0.0666667
13 16 0.5
14 11 0.125
14 8 0.0625
14 17 0.333333
38 44 0.5
15 5 0.0769231
15 23 0.166667
36 39 0.2
36 40 0.5
36 41 0.166667
36 47 0.5
26 22 0.2
26 1 0.0666667
26 27 0.1
26 29 0.5
27 26 0.0714286
27 28 0.25
28 27 0.1
37 42 0.5
16 13 0.125
17 14 0.166667
17 8 0.0625
29 26 0.0714286
