15
44
1 0 0.0909091
1 3 0.5
1 11 0.25
2 0 0.0909091
2 4 0.25
2 5 0.0909091
2 6 0.0909091
2 10 0.142857
2 13 0.166667
3 1 0.125
4 2 0.0714286
4 7 0.25
5 2 0.0714286
5 6 0.0909091
5 10 0.142857
5 12 0.125
5 13 0.166667
6 2 0.0714286
6 5 0.0909091
6 8 0.25
6 12 0.125
6 13 0.166667
7 4 0.25
7 9 0.333333
8 2 0.0714286
8 6 0.0909091
8 5 0.0909091
9 7 0.25
9 2 0.0714286
10 2 0.0714286
10 6 0.0909091
10 5 0.0909091
10 12 0.125
11 1 0.125
11 14 0.5
12 10 0.142857
12 5 0.0909091
12 6 0.0909091
13 6 0.0909091
13 5 0.0909091
13 2 0.0714286
14 11 0.25
0 1 0.125
0 2 0.0714286
