0 4
0 7
0 17
1 2
1 3
1 15
1 40
2 1
2 9
2 31
3 1
3 9
3 10
4 0
4 12
4 24
4 27
5 29
5 33
5 35
5 39
6 5
6 8
6 11
7 0
7 6
7 41
8 6
8 34
8 36
8 48
9 3
9 2
9 16
9 46
10 3
11 6
12 4
12 24
12 27
13 21
13 23
13 26
14 13
14 1
14 22
14 25
14 42
15 1
16 9
17 0
17 18
17 20
18 17
19 2
20 17
20 4
20 18
21 13
22 14
22 30
23 13
23 26
24 4
24 12
24 27
25 1
25 14
25 30
26 13
26 23
27 4
27 12
27 24
29 5
29 33
29 39
30 25
30 14
30 22
30 38
30 42
31 2
31 43
32 6
32 41
33 5
33 29
34 8
34 48
35 5
36 34
36 8
37 5
37 29
38 30
38 14
38 22
39 5
39 29
39 125
40 1
41 32
41 7
42 14
42 30
43 2
43 31
44 37
45 49
46 9
47 41
48 8
48 34
49 45
51 52
52 51
53 22
53 17
53 38
55 54
55 56
56 55
59 60
59 76
60 59
60 93
60 108
61 63
61 69
61 73
62 65
62 67
62 111
63 61
63 106
63 124
64 66
64 84
65 62
65 76
65 89
66 64
66 70
66 74
66 90
66 94
66 118
67 62
69 61
69 71
69 75
69 102
69 113
69 120
70 66
70 90
70 94
70 118
71 69
71 75
71 113
71 120
72 65
72 60
72 59
73 61
73 86
74 66
74 70
74 81
74 118
75 71
75 69
75 82
75 85
75 103
75 110
75 114
75 117
76 65
76 59
76 78
76 108
77 66
77 70
77 99
78 76
79 80
80 79
81 70
81 74
81 87
81 91
81 95
81 96
81 97
81 107
81 109
82 75
83 75
84 64
85 75
85 114
86 73
87 77
87 81
87 104
88 73
88 86
88 111
89 65
90 70
90 66
90 94
91 81
92 84
92 64
93 60
93 72
94 74
94 70
94 66
94 90
95 81
95 96
95 97
96 81
96 91
96 95
96 97
96 109
96 112
97 95
97 96
97 81
97 64
97 98
98 97
99 77
99 100
100 99
100 66
101 99
102 69
102 119
102 123
103 75
104 87
105 77
106 63
106 124
107 81
107 91
107 95
108 60
108 76
108 121
109 81
109 96
109 125
110 85
110 75
111 88
111 62
111 106
112 96
112 95
112 109
112 81
113 69
113 71
113 120
114 85
114 75
114 117
116 81
116 96
117 114
117 75
117 85
118 70
118 74
118 66
119 102
119 123
120 71
120 69
120 113
121 108
122 83
123 102
123 119
124 63
124 106
125 29
125 109
125 118
125 39
125 126
126 125
126 127
127 126
127 128
128 127
128 129
129 128
130 61
131 135
132 133
133 132
135 131
136 137
137 136
