0
1
0.210838
0.211106
0
0.02766
0
0
0
1
0.105839
0
0
0.00724
0.10962
0.500614
0.5004
0
0
0
0
0.001764
0.158404
0.002094
0
0.217319
0.002199
0
0
0.145306
1
0.052685
0
0.041866
0
0.006973
0
0
0.200757
0.185548
0.50021
0
0.269146
0.017463
0
0
0.500467
0
0
0
0
0
0
0
0
0
0
0
0
0.114202
0.039045
0.005444
0.017686
0.000788
0.016952
0.142584
0.029802
0.008859
0
0.083396
0.117596
0.136948
0.001944
0.0012
0.130767
1
1
0.020401
0.499483
0
0
1
0.50049
0
0.005511
0.267349
0.000515
0.143114
0.000407
0.071305
0.026757
0.32014
0
0.00786
0.023409
0.179569
0.126328
0.139424
0.069545
0.001597
0.000262
0
0.007565
0.500595
0.071714
0
0.000687
0.251129
0.168517
0.278613
0.33435
0.002486
0.025312
0.03998
0.226963
0
0
0.232534
0.17084
0.002291
0.039956
0.084155
0
0.002294
0.000324
1
0.250916
0.04171
0.005989
0.002994
0
0
0
0
0
0
0
0
0
