45 39
45 41
45 46
45 48
46 45
3 5
3 6
3 10
3 12
19 10
19 16
19 23
35 37
35 38
35 40
35 43
35 44
35 53
4 11
4 13
4 15
4 17
4 22
4 53
20 10
20 14
20 21
20 26
47 40
21 20
21 26
21 28
5 3
5 25
48 45
48 46
48 51
22 4
22 17
49 36
23 19
24 9
24 31
50 47
50 40
6 3
6 10
25 5
51 48
26 21
26 20
26 28
36 49
37 35
37 38
27 12
28 21
28 20
28 26
29 8
29 7
29 24
7 8
7 9
7 29
38 37
38 35
38 36
52 40
53 35
53 4
53 18
53 26
39 36
39 41
39 42
30 11
30 27
30 12
8 7
8 9
8 29
9 7
9 8
9 24
40 35
40 47
40 50
40 52
31 24
41 39
10 3
10 6
10 14
10 16
10 18
10 19
10 20
11 4
11 9
11 30
12 11
12 3
12 6
12 27
13 4
14 10
14 16
14 20
15 4
42 39
43 35
16 14
16 10
16 18
16 19
17 4
17 22
44 35
18 4
18 10
18 16
18 53
