58
123
45 39 0.125
45 41 0.2
45 46 0.333333
45 48 0.2
46 45 0.166667
3 5 0.25
3 6 0.2
3 10 0.0666667
3 12 0.125
19 10 0.0666667
19 16 0.125
19 23 0.5
35 37 0.25
35 38 0.2
35 40 0.125
35 43 0.25
35 44 0.5
35 53 0.1
4 11 0.166667
4 13 0.5
4 15 0.5
4 17 0.25
4 22 0.25
4 53 0.1
20 10 0.0666667
20 14 0.166667
20 21 0.125
20 26 0.142857
47 40 0.125
21 20 0.0909091
21 26 0.142857
21 28 0.2
5 3 0.0833333
5 25 0.5
48 45 0.166667
48 46 0.333333
48 51 0.5
22 4 0.0588235
22 17 0.25
49 36 0.125
23 19 0.142857
24 9 0.111111
24 31 0.5
50 47 0.333333
50 40 0.125
6 3 0.0833333
6 10 0.0666667
25 5 0.25
51 48 0.2
26 21 0.125
26 20 0.0909091
26 28 0.2
36 49 0.5
37 35 0.0666667
37 38 0.2
27 12 0.125
28 21 0.125
28 20 0.0909091
28 26 0.142857
29 8 0.166667
29 7 0.125
29 24 0.2
7 8 0.166667
7 9 0.111111
7 29 0.2
38 37 0.25
38 35 0.0666667
38 36 0.125
52 40 0.125
53 35 0.0666667
53 4 0.0588235
53 18 0.0833333
53 26 0.142857
39 36 0.125
39 41 0.2
39 42 0.166667
30 11 0.166667
30 27 0.333333
30 12 0.125
8 7 0.125
8 9 0.111111
8 29 0.2
9 7 0.125
9 8 0.166667
9 24 0.2
40 35 0.0666667
40 47 0.333333
40 50 0.333333
40 52 0.5
31 24 0.2
41 39 0.125
10 3 0.0833333
10 6 0.2
10 14 0.166667
10 16 0.125
10 18 0.0833333
10 19 0.142857
10 20 0.0909091
11 4 0.0588235
11 9 0.111111
11 30 0.25
12 11 0.166667
12 3 0.0833333
12 6 0.2
12 27 0.333333
13 4 0.0588235
14 10 0.0666667
14 16 0.125
14 20 0.0909091
15 4 0.0588235
42 39 0.125
43 35 0.0666667
16 14 0.166667
16 10 0.0666667
16 18 0.0833333
16 19 0.142857
17 4 0.0588235
17 22 0.25
44 35 0.0666667
18 4 0.0588235
18 10 0.0666667
18 16 0.125
18 53 0.1
