0 2
0 3
0 5
0 7
0 8
0 10
0 13
0 37
0 41
0 58
0 59
0 61
0 66
0 155
0 156
1 0
1 6
1 12
1 138
2 0
2 4
2 11
2 17
2 19
2 29
2 39
2 74
3 2
3 0
3 15
3 39
3 72
3 152
4 2
4 17
4 29
4 69
4 80
5 0
5 10
5 55
5 125
6 1
6 43
6 73
6 119
6 163
7 0
7 64
8 6
8 0
8 9
8 16
8 25
8 31
8 38
8 48
8 51
8 89
8 99
8 122
8 184
9 8
9 23
9 59
9 75
9 84
9 161
9 184
10 5
10 0
10 20
10 24
10 26
10 49
10 70
10 111
10 155
11 2
11 4
11 14
11 40
11 44
11 62
11 69
11 132
12 9
12 1
12 33
12 120
12 145
13 0
13 18
13 86
14 8
14 11
14 21
14 34
14 105
14 180
15 3
15 27
15 134
16 8
16 31
16 51
16 122
17 2
17 12
17 4
17 22
17 33
17 35
17 112
17 165
18 13
18 0
18 47
18 85
19 4
19 2
19 42
19 103
20 10
21 14
21 8
21 53
21 134
21 177
21 184
22 17
22 96
22 123
22 126
22 127
22 192
23 9
23 84
23 161
24 10
24 98
25 8
25 16
25 9
25 28
25 31
25 38
25 52
25 114
26 10
26 24
26 46
26 94
26 95
26 158
27 15
27 3
27 34
27 72
28 25
28 30
28 50
28 153
29 2
29 4
29 173
30 28
30 50
30 63
30 81
30 82
31 8
31 16
31 25
31 105
31 108
31 110
31 183
31 195
32 22
32 126
32 188
33 17
33 12
33 54
33 93
33 120
33 179
34 27
34 14
34 36
35 17
35 165
35 193
36 34
37 0
38 8
38 25
38 58
38 141
38 175
39 3
39 19
39 2
39 72
39 97
39 124
39 134
40 29
40 11
40 56
40 71
40 107
40 117
40 131
40 151
41 0
42 19
42 40
42 9
43 6
43 73
44 11
44 7
44 45
44 56
44 140
44 146
45 44
45 79
45 91
45 147
46 26
46 55
46 64
46 144
46 164
46 174
46 185
47 18
47 83
47 85
48 8
48 16
48 99
49 10
50 28
50 30
50 63
51 16
51 8
52 25
52 90
53 21
53 138
54 33
54 179
55 0
55 5
55 46
55 101
55 125
56 44
56 40
56 64
56 68
56 106
56 157
56 159
56 176
57 9
57 59
57 84
57 103
57 161
58 38
58 0
58 60
59 57
59 0
59 9
59 87
59 118
59 135
59 136
59 169
60 58
61 0
61 41
62 11
62 45
62 89
62 105
62 115
62 143
63 50
63 30
63 28
63 66
63 82
64 7
64 56
64 46
64 65
64 67
64 130
65 64
65 67
65 130
66 0
66 63
66 78
66 92
66 160
67 65
67 64
68 56
68 106
69 11
69 4
69 76
69 143
69 191
70 10
71 40
71 89
71 107
71 116
72 3
72 27
72 39
72 100
73 43
73 6
74 2
74 44
74 4
74 137
75 9
75 12
75 23
75 124
75 154
75 181
76 35
76 69
76 17
76 102
76 104
76 121
77 15
77 156
78 66
78 160
79 45
80 4
80 2
81 30
81 50
81 28
81 63
81 82
81 109
82 28
82 30
82 50
82 63
82 81
82 88
83 47
83 85
84 9
84 23
84 57
84 161
85 47
85 83
85 18
85 103
85 168
85 190
86 13
87 59
88 82
88 50
89 62
89 71
89 40
89 8
89 166
89 186
89 189
90 52
90 58
90 111
91 45
92 66
92 90
92 155
92 196
92 197
93 33
93 54
93 150
93 178
94 26
94 95
94 98
94 158
95 26
95 94
96 22
96 32
96 123
96 127
96 192
97 39
98 10
98 94
98 24
98 26
99 8
99 48
99 122
100 72
101 55
101 194
102 76
103 85
103 28
103 19
103 57
103 109
103 148
103 149
104 102
104 76
104 121
105 31
105 14
105 62
106 68
106 56
106 157
106 172
107 40
107 71
107 116
107 117
107 131
107 151
107 172
108 31
109 82
109 18
109 81
109 103
109 128
109 171
110 31
110 195
111 49
111 90
111 10
111 92
112 17
112 33
113 45
113 91
114 25
115 62
116 107
116 40
116 71
116 117
117 107
117 116
117 40
118 87
118 59
119 75
119 43
119 6
119 142
119 167
120 33
120 12
120 1
120 162
121 76
121 102
121 104
122 8
122 16
122 99
123 96
123 22
123 192
124 39
124 75
125 5
125 90
125 55
126 96
126 22
126 32
126 127
126 192
127 76
127 22
127 96
127 126
127 129
127 139
127 163
127 167
128 109
129 127
129 167
130 65
130 64
131 107
131 117
131 69
131 40
131 133
132 11
133 4
133 131
133 2
133 35
134 39
134 15
134 21
134 77
135 87
135 59
136 59
137 74
138 1
138 53
139 127
139 129
140 44
141 38
142 119
142 163
143 62
143 69
144 46
145 12
146 44
147 45
147 146
147 174
148 103
149 103
150 93
150 178
151 116
151 40
151 107
151 71
152 3
153 50
153 28
154 75
155 0
155 10
155 92
156 0
156 77
156 55
156 15
157 56
157 106
158 26
158 94
159 56
159 106
160 66
160 78
161 23
161 9
161 57
161 84
162 120
163 127
163 142
163 129
163 6
164 144
164 46
164 147
165 35
165 17
165 193
166 89
167 119
167 163
167 129
167 127
167 139
168 85
168 47
168 190
169 59
169 87
169 118
170 0
171 109
172 106
172 107
172 74
172 56
173 29
174 147
174 46
174 64
174 52
174 182
175 38
176 45
176 157
176 56
176 64
177 21
178 150
178 93
179 33
179 54
180 14
181 75
181 154
182 174
183 31
183 108
184 122
184 21
184 9
184 8
184 187
185 46
186 89
187 59
187 184
187 0
187 56
188 126
188 32
189 89
189 186
190 18
190 85
190 168
191 69
192 22
192 96
192 126
192 123
193 17
193 165
193 35
194 101
195 31
195 108
195 110
196 92
197 49
197 92
197 10
197 70
