1
0.014381
0.177011
0.175683
0.104177
0.249216
0.104677
0.210287
1
0.137034
1
1
0.007488
0.170324
0.095898
0.070611
0.168304
0.029003
0.042333
0.251343
0.501044
0.033198
0.099059
0.036705
0.227441
0.091929
0.163963
0.031977
0.093399
0.055105
0.01459
0.079326
0.037875
0.003458
0.020757
0.016765
0.010346
0.500328
0.12205
1
0.117
0.406646
0.063277
0.031496
0.166198
0.047236
1
0.022649
0.166101
0.284973
0.017621
0.277988
0.052258
0.009322
0.000904
0.141216
1
0.214952
0.161776
1
0.081067
0.33293
0.101942
0.01585
0.159694
0.035675
0.105646
0.045498
0.282454
0.109755
0.336198
0.026276
0.145968
0.03167
0.023662
0.038027
0.09901
0.077903
0.031644
0.023579
0.034632
0.014119
0.012735
0.025601
0.051128
0.087026
0.085079
0.333093
0.0043
0.085039
0.047819
0.015864
0.056878
0.000511
0.034084
0.046833
0.122069
0.501421
0.042396
0.210342
0.073401
0.035514
0.032897
1
0.023004
0.044569
0.191115
0.016387
0.027842
0.101431
0.015424
0.170184
0.009603
0
0.046041
0.051124
0.010115
0.021506
0.297669
0.035735
0.001586
0.023291
0.198678
0.040113
0.253409
0.074913
0.113289
1
0.050706
0.240528
0.03104
0.016355
0.500631
0.002371
0.151344
0.333005
0.500292
0.011734
0.005802
0.277059
0.083084
0.061092
0.045274
0.050848
0.389706
0.003772
0.076133
0.068333
0.500835
0.500985
0.000154
0.021479
0.087944
0.031324
0.015426
0.308643
0.171737
0.259409
0.046836
0.334197
0.03136
0.051568
0.000801
0.153184
0.250942
0.007857
0.042259
0.151828
0.020252
0.250426
0
0.051062
0.033768
0.027632
0.131354
0.060806
0.201404
0.016707
0.000154
0.001026
0.048027
0.012779
0.065673
0.026597
0.12735
0.501079
0.034842
0.025484
0.012588
0.02839
0.020186
0.055168
0.038705
0.004624
0.017735
0.018011
0.028419
0.011511
