4 10
4 18
5 6
5 7
5 8
5 20
5 39
5 47
5 50
6 5
6 15
6 23
7 5
7 11
7 12
7 14
7 24
7 26
7 36
7 37
7 40
7 42
7 43
8 5
8 21
8 45
9 17
9 25
9 30
10 4
10 29
11 7
11 12
11 24
11 26
11 37
12 11
12 7
12 6
12 13
12 16
12 46
12 151
13 12
13 16
13 28
14 7
14 11
14 41
14 44
14 45
14 48
15 6
15 23
15 46
15 53
16 12
16 13
16 24
16 28
17 9
17 22
17 30
17 31
18 4
18 10
18 19
18 21
18 29
18 49
18 55
19 18
19 10
19 21
19 27
19 32
20 5
20 39
21 19
21 18
21 8
21 29
21 33
21 49
21 54
22 17
23 6
23 15
24 16
24 7
24 12
24 11
24 58
25 9
25 15
25 12
25 38
25 53
26 11
26 7
27 19
27 29
27 33
27 34
28 16
28 13
28 12
28 46
29 10
29 4
29 18
29 27
29 21
29 33
29 49
29 55
30 17
30 9
31 17
32 19
33 27
33 21
33 29
33 35
34 27
35 24
35 33
36 7
36 11
37 26
37 11
37 7
38 25
39 20
39 5
40 11
40 7
40 36
40 43
41 14
41 44
41 48
42 7
42 51
43 40
43 7
43 26
44 14
44 41
45 14
45 8
46 28
46 12
46 15
47 14
47 41
47 43
47 5
48 14
48 41
48 152
49 29
49 18
49 21
50 5
50 39
51 42
52 47
53 25
53 23
53 15
53 6
53 64
54 21
54 57
55 18
55 4
55 29
56 31
57 54
58 24
61 62
62 61
64 15
64 62
64 53
64 17
65 5
65 35
65 66
65 68
65 69
65 72
65 79
65 81
65 93
65 95
65 98
65 102
65 113
65 121
66 65
66 67
66 70
66 71
66 77
66 119
66 122
67 66
67 88
68 65
68 73
68 122
68 128
68 129
69 65
69 72
69 79
69 107
69 113
69 135
70 66
70 97
71 66
71 74
71 78
72 65
72 69
72 76
72 96
73 68
73 80
73 89
73 132
73 144
74 71
74 88
74 101
75 83
75 84
75 115
75 139
76 72
76 85
76 87
76 91
76 103
76 106
76 138
77 66
77 82
77 111
77 131
78 71
79 65
79 69
79 93
80 73
81 65
81 95
81 98
81 135
82 77
82 145
83 75
83 86
83 120
83 136
83 140
84 75
84 115
84 139
85 76
85 103
85 106
85 138
86 83
86 65
86 99
86 141
86 149
87 76
87 85
87 94
87 138
88 74
88 67
88 146
89 65
89 73
89 66
90 76
90 85
90 86
91 76
91 68
91 99
91 116
91 124
91 125
92 77
93 65
93 79
93 107
94 91
94 85
94 87
94 100
94 104
94 108
94 109
94 110
94 126
94 133
95 65
95 69
95 81
95 142
96 72
97 70
97 111
98 65
98 81
99 91
99 86
99 114
100 99
100 90
100 94
100 117
101 74
102 65
102 87
102 95
102 86
102 127
102 143
103 85
103 76
103 106
104 94
105 96
105 72
106 87
106 85
106 76
106 103
107 69
107 95
107 93
107 65
108 94
108 109
108 110
109 94
109 104
109 108
109 110
109 133
109 134
110 108
110 109
110 94
110 72
110 112
111 97
111 77
111 148
112 110
113 65
113 69
113 81
114 99
114 83
115 84
115 75
115 147
116 91
116 73
116 118
116 121
116 147
117 100
118 116
119 66
120 83
120 90
121 86
121 116
121 65
122 68
122 66
122 146
123 114
124 91
125 91
125 124
126 94
126 104
126 108
127 102
127 143
128 68
129 68
130 118
130 116
131 77
131 146
132 73
133 94
133 109
133 152
134 109
134 108
134 133
134 94
135 65
135 81
135 69
135 107
136 83
136 75
137 94
137 109
138 85
138 87
138 76
139 75
139 84
139 147
140 83
141 121
141 86
141 136
142 95
142 107
142 65
142 81
143 102
143 127
143 152
144 73
144 132
144 80
145 82
145 148
146 77
146 122
146 88
146 131
146 148
147 115
147 139
147 84
147 116
147 150
148 111
148 146
148 145
149 86
150 147
151 12
152 41
152 133
152 138
152 143
152 48
152 156
153 154
153 155
154 153
155 154
155 153
156 152
