0
0
0
0
0.180275
0.116256
0.019857
1
0.038867
9e-06
0.208691
0.138384
0.079995
0.012604
0.079474
0.00275
0.019096
3e-06
0.12028
0.032378
0.03459
0.102199
1e-06
0.003774
0.138489
3.5e-05
0.239129
0.145989
0.006248
1
0
2e-06
0.010796
0.176597
0.073052
0.278382
0.286428
0.221294
2.1e-05
0.033617
0.190379
0.01748
0.249833
0.192612
0.023103
0.028497
0.014139
0.019427
0.01734
0.147491
0.038925
0.12561
0
0.000364
0.025886
0.217821
0
0.012995
0.06931
0
0
0
1.2e-05
0
4.4e-05
1
1
0.112259
0.136526
0.100374
0.251194
0.126488
0.124858
1
0.019738
0.155412
0.036529
0.104429
0.063367
0.202377
0.38962
0.151619
0.015313
1
0.203051
0.111482
0.11375
0.129231
0.015378
0.25065
0.066902
0.09818
0
0.194843
1
0.140139
0.041511
0.066986
0.274889
0.048966
0.14274
0.009833
0.111821
0.026753
0.318898
0
0.023403
0.044118
0.17879
0.117594
0.138679
0.028245
0.069204
0.154443
0.012358
0.209947
0.124583
0.071459
0.041554
0.500495
0.332905
0.185158
0.184778
0
0.039982
0.032703
0.250231
0.031092
0.068106
0.068143
0
0.031643
0.389238
0.158211
0.023872
0.041041
0.255598
0
0.03947
0.210446
0.500806
0.02826
0.028014
0.020818
0.251067
0.006071
0.025296
1
0.009566
0.056859
0.500845
0.006812
0.01206
0
0
0
0.00298
0
