158
474
4 10 0.166667
4 18 0.0769231
5 6 0.1
5 7 0.04
5 8 0.166667
5 20 0.25
5 39 0.2
5 47 0.166667
5 50 0.333333
6 5 0.0588235
6 15 0.0769231
6 23 0.166667
7 5 0.0588235
7 11 0.0666667
7 12 0.0625
7 14 0.0769231
7 24 0.1
7 26 0.166667
7 36 0.25
7 37 0.2
7 40 0.166667
7 42 0.25
7 43 0.166667
8 5 0.0588235
8 21 0.0714286
8 45 0.25
9 17 0.0666667
9 25 0.1
9 30 0.166667
10 4 0.125
10 29 0.0588235
11 7 0.04
11 12 0.0625
11 24 0.1
11 26 0.166667
11 37 0.2
12 11 0.0666667
12 7 0.04
12 6 0.1
12 13 0.125
12 16 0.0833333
12 46 0.166667
12 151 0.0833333
13 12 0.0625
13 16 0.0833333
13 28 0.142857
14 7 0.04
14 11 0.0666667
14 41 0.125
14 44 0.25
14 45 0.25
14 48 0.166667
15 6 0.1
15 23 0.166667
15 46 0.166667
15 53 0.125
16 12 0.0625
16 13 0.125
16 24 0.1
16 28 0.142857
17 9 0.125
17 22 0.5
17 30 0.166667
17 31 0.333333
18 4 0.125
18 10 0.166667
18 19 0.0909091
18 21 0.0714286
18 29 0.0588235
18 49 0.125
18 55 0.2
19 18 0.0769231
19 10 0.166667
19 21 0.0714286
19 27 0.125
19 32 0.333333
20 5 0.0588235
20 39 0.2
21 19 0.0909091
21 18 0.0769231
21 8 0.166667
21 29 0.0588235
21 33 0.125
21 49 0.125
21 54 0.25
22 17 0.0666667
23 6 0.1
23 15 0.0769231
24 16 0.0833333
24 7 0.04
24 12 0.0625
24 11 0.0666667
24 58 0.5
25 9 0.125
25 15 0.0769231
25 12 0.0625
25 38 0.5
25 53 0.125
26 11 0.0666667
26 7 0.04
27 19 0.0909091
27 29 0.0588235
27 33 0.125
27 34 0.5
28 16 0.0833333
28 13 0.125
28 12 0.0625
28 46 0.166667
29 10 0.166667
29 4 0.125
29 18 0.0769231
29 27 0.125
29 21 0.0714286
29 33 0.125
29 49 0.125
29 55 0.2
30 17 0.0666667
30 9 0.125
31 17 0.0666667
32 19 0.0909091
33 27 0.125
33 21 0.0714286
33 29 0.0588235
33 35 0.25
34 27 0.125
35 24 0.1
35 33 0.125
36 7 0.04
36 11 0.0666667
37 26 0.166667
37 11 0.0666667
37 7 0.04
38 25 0.1
39 20 0.25
39 5 0.0588235
40 11 0.0666667
40 7 0.04
40 36 0.25
40 43 0.166667
41 14 0.0769231
41 44 0.25
41 48 0.166667
42 7 0.04
42 51 0.5
43 40 0.166667
43 7 0.04
43 26 0.166667
44 14 0.0769231
44 41 0.125
45 14 0.0769231
45 8 0.166667
46 28 0.142857
46 12 0.0625
46 15 0.0769231
47 14 0.0769231
47 41 0.125
47 43 0.166667
47 5 0.0588235
48 14 0.0769231
48 41 0.125
48 152 0.0625
49 29 0.0588235
49 18 0.0769231
49 21 0.0714286
50 5 0.0588235
50 39 0.2
51 42 0.25
52 47 0.166667
53 25 0.1
53 23 0.166667
53 15 0.0769231
53 6 0.1
53 64 0.125
54 21 0.0714286
54 57 0.5
55 18 0.0769231
55 4 0.125
55 29 0.0588235
56 31 0.333333
57 54 0.25
58 24 0.1
61 62 0.25
62 61 0.166667
64 15 0.0769231
64 62 0.25
64 53 0.125
64 17 0.0666667
65 5 0.0588235
65 35 0.25
65 66 0.047619
65 68 0.0625
65 69 0.0625
65 72 0.1
65 79 0.166667
65 81 0.1
65 93 0.166667
65 95 0.111111
65 98 0.25
65 102 0.111111
65 113 0.142857
65 121 0.166667
66 65 0.0222222
66 67 0.111111
66 70 0.25
66 71 0.125
66 77 0.1
66 119 0.5
66 122 0.166667
67 66 0.047619
67 88 0.1
68 65 0.0222222
68 73 0.0769231
68 122 0.166667
68 128 0.5
68 129 0.5
69 65 0.0222222
69 72 0.1
69 79 0.166667
69 107 0.125
69 113 0.142857
69 135 0.166667
70 66 0.047619
70 97 0.25
71 66 0.047619
71 74 0.142857
71 78 0.5
72 65 0.0222222
72 69 0.0625
72 76 0.0625
72 96 0.333333
73 68 0.0625
73 80 0.333333
73 89 0.25
73 132 0.333333
73 144 0.25
74 71 0.125
74 88 0.1
74 101 0.5
75 83 0.0625
75 84 0.142857
75 115 0.166667
75 139 0.166667
76 72 0.1
76 85 0.0909091
76 87 0.111111
76 91 0.0833333
76 103 0.166667
76 106 0.142857
76 138 0.142857
77 66 0.047619
77 82 0.142857
77 111 0.166667
77 131 0.25
78 71 0.125
79 65 0.0222222
79 69 0.0625
79 93 0.166667
80 73 0.0769231
81 65 0.0222222
81 95 0.111111
81 98 0.25
81 135 0.166667
82 77 0.1
82 145 0.25
83 75 0.0909091
83 86 0.0833333
83 120 0.333333
83 136 0.25
83 140 0.5
84 75 0.0909091
84 115 0.166667
84 139 0.166667
85 76 0.0625
85 103 0.166667
85 106 0.142857
85 138 0.142857
86 83 0.0625
86 65 0.0222222
86 99 0.142857
86 141 0.25
86 149 0.5
87 76 0.0625
87 85 0.0909091
87 94 0.05
87 138 0.142857
88 74 0.142857
88 67 0.111111
88 146 0.111111
89 65 0.0222222
89 73 0.0769231
89 66 0.047619
90 76 0.0625
90 85 0.0909091
90 86 0.0833333
91 76 0.0625
91 68 0.0625
91 99 0.142857
91 116 0.1
91 124 0.333333
91 125 0.333333
92 77 0.1
93 65 0.0222222
93 79 0.166667
93 107 0.125
94 91 0.0833333
94 85 0.0909091
94 87 0.111111
94 100 0.142857
94 104 0.25
94 108 0.125
94 109 0.0833333
94 110 0.111111
94 126 0.25
94 133 0.142857
95 65 0.0222222
95 69 0.0625
95 81 0.1
95 142 0.2
96 72 0.1
97 70 0.25
97 111 0.166667
98 65 0.0222222
98 81 0.1
99 91 0.0833333
99 86 0.0833333
99 114 0.25
100 99 0.142857
100 90 0.142857
100 94 0.05
100 117 0.5
101 74 0.142857
102 65 0.0222222
102 87 0.111111
102 95 0.111111
102 86 0.0833333
102 127 0.25
102 143 0.142857
103 85 0.0909091
103 76 0.0625
103 106 0.142857
104 94 0.05
105 96 0.333333
105 72 0.1
106 87 0.111111
106 85 0.0909091
106 76 0.0625
106 103 0.166667
107 69 0.0625
107 95 0.111111
107 93 0.166667
107 65 0.0222222
108 94 0.05
108 109 0.0833333
108 110 0.111111
109 94 0.05
109 104 0.25
109 108 0.125
109 110 0.111111
109 133 0.142857
109 134 0.2
110 108 0.125
110 109 0.0833333
110 94 0.05
110 72 0.1
110 112 0.5
111 97 0.25
111 77 0.1
111 148 0.166667
112 110 0.111111
113 65 0.0222222
113 69 0.0625
113 81 0.1
114 99 0.142857
114 83 0.0625
115 84 0.142857
115 75 0.0909091
115 147 0.111111
116 91 0.0833333
116 73 0.0769231
116 118 0.333333
116 121 0.166667
116 147 0.111111
117 100 0.142857
118 116 0.1
119 66 0.047619
120 83 0.0625
120 90 0.142857
121 86 0.0833333
121 116 0.1
121 65 0.0222222
122 68 0.0625
122 66 0.047619
122 146 0.111111
123 114 0.25
124 91 0.0833333
125 91 0.0833333
125 124 0.333333
126 94 0.05
126 104 0.25
126 108 0.125
127 102 0.111111
127 143 0.142857
128 68 0.0625
129 68 0.0625
130 118 0.333333
130 116 0.1
131 77 0.1
131 146 0.111111
132 73 0.0769231
133 94 0.05
133 109 0.0833333
133 152 0.0625
134 109 0.0833333
134 108 0.125
134 133 0.142857
134 94 0.05
135 65 0.0222222
135 81 0.1
135 69 0.0625
135 107 0.125
136 83 0.0625
136 75 0.0909091
137 94 0.05
137 109 0.0833333
138 85 0.0909091
138 87 0.111111
138 76 0.0625
139 75 0.0909091
139 84 0.142857
139 147 0.111111
140 83 0.0625
141 121 0.166667
141 86 0.0833333
141 136 0.25
142 95 0.111111
142 107 0.125
142 65 0.0222222
142 81 0.1
143 102 0.111111
143 127 0.25
143 152 0.0625
144 73 0.0769231
144 132 0.333333
144 80 0.333333
145 82 0.142857
145 148 0.166667
146 77 0.1
146 122 0.166667
146 88 0.1
146 131 0.25
146 148 0.166667
147 115 0.166667
147 139 0.166667
147 84 0.142857
147 116 0.1
147 150 0.5
148 111 0.166667
148 146 0.111111
148 145 0.25
149 86 0.0833333
150 147 0.111111
151 12 0.0625
152 41 0.125
152 133 0.142857
152 138 0.142857
152 143 0.142857
152 48 0.166667
152 156 0.25
153 154 0.142857
153 155 0.333333
154 153 0.1
155 154 0.142857
155 153 0.1
156 152 0.0625
