11 1
11 12
11 13
11 16
26 32
26 40
26 50
27 35
27 37
27 42
47 36
28 30
12 11
0 1
0 3
0 4
0 5
29 31
29 36
29 51
29 52
30 28
1 0
1 9
1 11
1 21
31 29
48 35
48 27
13 11
32 26
32 38
32 45
32 46
33 32
33 34
33 43
33 54
49 28
34 33
34 54
35 27
35 37
35 41
35 48
36 29
36 28
36 47
15 4
15 7
15 18
37 27
37 35
37 42
50 26
50 40
51 29
52 29
52 43
16 11
16 13
17 8
18 4
18 7
18 15
3 0
3 6
3 8
3 19
4 0
4 7
4 15
38 32
38 45
19 3
39 36
39 44
53 29
54 34
54 33
54 28
5 0
5 10
20 12
6 3
6 22
40 26
40 50
55 33
55 26
21 9
21 1
22 8
22 6
41 35
41 27
41 37
7 4
42 27
42 37
43 33
8 3
8 17
44 39
9 1
24 8
24 11
24 25
45 38
45 32
45 46
10 5
25 24
46 32
46 45
