0 1
1 0
4 6
4 7
4 11
4 13
4 17
4 21
4 27
4 32
4 33
4 38
4 56
4 62
4 63
4 65
5 8
5 10
5 24
5 31
5 35
5 44
6 4
6 25
6 56
6 62
7 4
7 6
7 12
7 18
7 20
7 33
7 58
7 76
8 5
8 37
9 28
9 39
9 43
10 5
10 8
10 33
10 52
10 55
11 6
11 4
11 7
11 21
11 22
11 51
11 57
12 7
12 30
12 34
13 4
13 25
13 54
13 56
13 65
14 9
15 5
15 29
15 40
16 23
16 26
17 4
17 6
17 19
17 22
18 7
18 30
18 34
19 17
19 4
19 14
19 21
20 7
20 18
20 30
21 4
21 14
21 19
21 11
21 42
21 48
21 64
22 11
22 17
22 59
23 16
23 24
24 23
24 5
24 47
25 4
25 6
25 13
25 27
25 32
25 38
25 50
25 62
26 16
27 6
27 4
27 25
27 32
27 65
28 9
28 39
28 45
29 15
29 36
30 20
30 12
30 18
30 31
30 58
31 10
31 30
31 5
31 7
32 6
32 27
32 4
32 25
33 12
33 7
33 4
33 10
33 41
33 49
33 53
33 76
34 18
34 7
34 12
34 30
34 20
35 5
36 29
37 8
38 25
38 4
38 13
38 50
38 54
39 9
39 28
40 15
41 33
41 66
42 21
43 9
44 5
44 60
44 67
45 9
45 28
46 11
47 24
48 21
49 33
49 66
50 38
50 4
50 25
50 62
51 11
51 57
52 10
52 55
53 33
53 49
54 38
54 25
54 13
54 56
55 52
55 10
56 25
56 54
56 6
56 4
56 13
57 11
57 51
58 12
58 7
58 30
59 22
60 44
60 61
61 44
61 60
62 50
62 6
62 4
62 32
62 25
62 63
63 50
63 4
63 56
63 13
63 62
64 21
65 4
65 13
65 27
65 25
65 32
66 33
66 49
66 41
67 44
67 60
72 73
73 72
76 1
76 7
76 33
77 79
77 113
78 112
79 77
79 89
79 98
80 79
80 82
80 84
80 85
80 88
80 91
80 92
80 100
80 103
80 111
80 126
81 80
81 83
81 86
81 104
81 123
82 80
82 85
82 92
82 111
83 81
83 80
83 94
83 122
83 126
84 80
84 82
84 85
84 88
84 93
84 109
85 80
85 82
85 84
85 104
85 105
85 106
85 125
85 129
86 81
86 87
87 86
88 80
88 84
88 95
88 114
88 120
89 79
89 98
90 99
90 102
90 116
91 80
91 82
91 103
92 82
92 80
93 84
93 101
94 83
94 113
95 88
95 96
96 95
97 90
97 100
97 104
97 110
97 115
98 89
98 79
99 90
100 97
100 80
100 118
100 127
100 128
101 93
101 95
101 107
102 90
103 80
103 91
103 111
104 85
104 81
104 97
105 85
106 85
106 129
107 101
108 90
108 102
109 84
110 97
111 80
111 82
111 103
112 78
112 101
113 77
113 94
114 88
115 97
116 90
116 119
117 116
118 100
119 116
119 93
119 124
120 88
121 90
122 83
123 81
124 119
125 85
125 105
126 111
126 83
126 80
127 100
128 100
128 127
129 85
129 105
129 106
131 134
132 133
133 132
134 131
134 135
135 134
136 137
137 136
137 138
137 139
138 137
139 138
139 137
