0.002921
0.017476
0
0
1
1
0.140032
0.124421
0.104924
0.014778
0.170842
0.130534
0.143812
0.120587
0.19216
0
0.002837
0.10602
0.027393
0.179762
0.025245
1
0.033293
0.027795
0.166874
0.061204
0.001422
0.142584
0.00283
0
0.033402
0.145687
0.141101
1
0.023774
0.500375
0
0.052687
0.123947
0.003382
0
0.255902
0.500952
0.00737
0.143521
0.000565
0
0.083793
0.500912
0.148867
0.054787
0.038992
0.041288
0.333532
0.046341
0.049527
0.139235
0.038966
0.030895
0.016673
0.036384
0.005178
0.120362
0.156497
0.500486
0.15145
0.078153
0.048145
0
0
0
0
0
0
0
0
0.124129
0.0114
0
0.091172
1
0.01737
0.25478
0.011514
0.200203
1
0.002832
0.00142
1
0.022105
0.009508
0.165955
0.295537
0.040243
0.003667
0.144018
0.072513
0.10475
0.026482
0.004772
1
0.005819
0.003145
0.211423
0.180037
0.352046
0.194229
0.001001
0
0.100241
0.05253
0.207219
0
0.003523
0.501399
0.026139
0.001567
0
0.499979
0.000206
0.499737
0
0.005801
0.008541
0.000102
0.3332
0.111848
0.408057
0.334008
0.226933
0
0
0
0
0
0
0
0
0
0
0
0
