142
368
0 1 0.142857
1 0 0.166667
4 6 0.0769231
4 7 0.05
4 11 0.0666667
4 13 0.0769231
4 17 0.0909091
4 21 0.0769231
4 27 0.111111
4 32 0.1
4 33 0.0625
4 38 0.111111
4 56 0.1
4 62 0.0909091
4 63 0.142857
4 65 0.125
5 8 0.0909091
5 10 0.0833333
5 24 0.166667
5 31 0.142857
5 35 0.5
5 44 0.142857
6 4 0.0277778
6 25 0.0555556
6 56 0.1
6 62 0.0909091
7 4 0.0277778
7 6 0.0769231
7 12 0.125
7 18 0.142857
7 20 0.142857
7 33 0.0625
7 58 0.2
7 76 0.111111
8 5 0.0526316
8 37 0.5
9 28 0.166667
9 39 0.2
9 43 0.5
10 5 0.0526316
10 8 0.0909091
10 33 0.0625
10 52 0.2
10 55 0.25
11 6 0.0769231
11 4 0.0277778
11 7 0.05
11 21 0.0769231
11 22 0.142857
11 51 0.25
11 57 0.25
12 7 0.05
12 30 0.0909091
12 34 0.142857
13 4 0.0277778
13 25 0.0555556
13 54 0.125
13 56 0.1
13 65 0.125
14 9 0.0769231
15 5 0.0526316
15 29 0.166667
15 40 0.5
16 23 0.166667
16 26 0.5
17 4 0.0277778
17 6 0.0769231
17 19 0.166667
17 22 0.142857
18 7 0.05
18 30 0.0909091
18 34 0.142857
19 17 0.0909091
19 4 0.0277778
19 14 0.166667
19 21 0.0769231
20 7 0.05
20 18 0.142857
20 30 0.0909091
21 4 0.0277778
21 14 0.166667
21 19 0.166667
21 11 0.0666667
21 42 0.5
21 48 0.5
21 64 0.5
22 11 0.0666667
22 17 0.0909091
22 59 0.5
23 16 0.1
23 24 0.166667
24 23 0.166667
24 5 0.0526316
24 47 0.5
25 4 0.0277778
25 6 0.0769231
25 13 0.0769231
25 27 0.111111
25 32 0.1
25 38 0.111111
25 50 0.125
25 62 0.0909091
26 16 0.1
27 6 0.0769231
27 4 0.0277778
27 25 0.0555556
27 32 0.1
27 65 0.125
28 9 0.0769231
28 39 0.2
28 45 0.2
29 15 0.0909091
29 36 0.5
30 20 0.142857
30 12 0.125
30 18 0.142857
30 31 0.142857
30 58 0.2
31 10 0.0833333
31 30 0.0909091
31 5 0.0526316
31 7 0.05
32 6 0.0769231
32 27 0.111111
32 4 0.0277778
32 25 0.0555556
33 12 0.125
33 7 0.05
33 4 0.0277778
33 10 0.0833333
33 41 0.25
33 49 0.111111
33 53 0.333333
33 76 0.111111
34 18 0.142857
34 7 0.05
34 12 0.125
34 30 0.0909091
34 20 0.142857
35 5 0.0526316
36 29 0.166667
37 8 0.0909091
38 25 0.0555556
38 4 0.0277778
38 13 0.0769231
38 50 0.125
38 54 0.125
39 9 0.0769231
39 28 0.166667
40 15 0.0909091
41 33 0.0625
41 66 0.2
42 21 0.0769231
43 9 0.0769231
44 5 0.0526316
44 60 0.2
44 67 0.333333
45 9 0.0769231
45 28 0.166667
46 11 0.0666667
47 24 0.166667
48 21 0.0769231
49 33 0.0625
49 66 0.2
50 38 0.111111
50 4 0.0277778
50 25 0.0555556
50 62 0.0909091
51 11 0.0666667
51 57 0.25
52 10 0.0833333
52 55 0.25
53 33 0.0625
53 49 0.111111
54 38 0.111111
54 25 0.0555556
54 13 0.0769231
54 56 0.1
55 52 0.2
55 10 0.0833333
56 25 0.0555556
56 54 0.125
56 6 0.0769231
56 4 0.0277778
56 13 0.0769231
57 11 0.0666667
57 51 0.25
58 12 0.125
58 7 0.05
58 30 0.0909091
59 22 0.142857
60 44 0.142857
60 61 0.142857
61 44 0.142857
61 60 0.2
62 50 0.125
62 6 0.0769231
62 4 0.0277778
62 32 0.1
62 25 0.0555556
62 63 0.142857
63 50 0.125
63 4 0.0277778
63 56 0.1
63 13 0.0769231
63 62 0.0909091
64 21 0.0769231
65 4 0.0277778
65 13 0.0769231
65 27 0.111111
65 25 0.0555556
65 32 0.1
66 33 0.0625
66 49 0.111111
66 41 0.25
67 44 0.142857
67 60 0.2
72 73 0.166667
73 72 0.166667
76 1 0.142857
76 7 0.05
76 33 0.0625
77 79 0.0909091
77 113 0.25
78 112 0.2
79 77 0.125
79 89 0.2
79 98 0.25
80 79 0.0909091
80 82 0.1
80 84 0.0714286
80 85 0.0625
80 88 0.1
80 91 0.142857
80 92 0.25
80 100 0.0769231
80 103 0.166667
80 111 0.142857
80 126 0.111111
81 80 0.037037
81 83 0.0909091
81 86 0.166667
81 104 0.166667
81 123 0.5
82 80 0.037037
82 85 0.0625
82 92 0.25
82 111 0.142857
83 81 0.0909091
83 80 0.037037
83 94 0.25
83 122 0.5
83 126 0.111111
84 80 0.037037
84 82 0.1
84 85 0.0625
84 88 0.1
84 93 0.2
84 109 0.5
85 80 0.037037
85 82 0.1
85 84 0.0714286
85 104 0.166667
85 105 0.25
85 106 0.166667
85 125 0.333333
85 129 0.2
86 81 0.0909091
86 87 0.5
87 86 0.166667
88 80 0.037037
88 84 0.0714286
88 95 0.142857
88 114 0.5
88 120 0.5
89 79 0.0909091
89 98 0.25
90 99 0.5
90 102 0.333333
90 116 0.166667
91 80 0.037037
91 82 0.1
91 103 0.166667
92 82 0.1
92 80 0.037037
93 84 0.0714286
93 101 0.142857
94 83 0.0909091
94 113 0.25
95 88 0.1
95 96 0.5
96 95 0.142857
97 90 0.0909091
97 100 0.0769231
97 104 0.166667
97 110 0.5
97 115 0.25
98 89 0.2
98 79 0.0909091
99 90 0.0909091
100 97 0.0909091
100 80 0.037037
100 118 0.5
100 127 0.333333
100 128 0.333333
101 93 0.2
101 95 0.142857
101 107 0.166667
102 90 0.0909091
103 80 0.037037
103 91 0.142857
103 111 0.142857
104 85 0.0625
104 81 0.0909091
104 97 0.0909091
105 85 0.0625
106 85 0.0625
106 129 0.2
107 101 0.142857
108 90 0.0909091
108 102 0.333333
109 84 0.0714286
110 97 0.0909091
111 80 0.037037
111 82 0.1
111 103 0.166667
112 78 0.125
112 101 0.142857
113 77 0.125
113 94 0.25
114 88 0.1
115 97 0.0909091
116 90 0.0909091
116 119 0.125
117 116 0.166667
118 100 0.0769231
119 116 0.166667
119 93 0.2
119 124 0.5
120 88 0.1
121 90 0.0909091
122 83 0.0909091
123 81 0.0909091
124 119 0.125
125 85 0.0625
125 105 0.25
126 111 0.142857
126 83 0.0909091
126 80 0.037037
127 100 0.0769231
128 100 0.0769231
128 127 0.333333
129 85 0.0625
129 105 0.25
129 106 0.166667
131 134 0.25
132 133 0.25
133 132 0.166667
134 131 0.166667
134 135 0.333333
135 134 0.25
136 137 0.125
137 136 0.166667
137 138 0.2
137 139 0.2
138 137 0.125
139 138 0.2
139 137 0.125
