0 1
0 2
1 0
1 3
2 0
3 1
4 5
5 4
7 8
7 13
7 16
7 26
7 27
7 57
7 82
7 96
8 7
8 26
8 46
8 100
9 14
9 17
9 31
9 53
9 79
9 219
10 17
11 12
11 20
11 28
11 39
11 54
11 65
11 83
12 11
12 15
12 18
12 20
12 21
12 56
12 85
13 7
13 62
14 9
14 31
14 35
14 51
14 53
14 94
15 12
15 29
15 33
15 205
16 7
17 10
17 9
18 12
18 21
18 48
18 56
18 85
19 8
19 64
19 74
19 81
19 87
19 89
20 12
20 11
20 37
21 18
21 12
21 23
21 45
21 68
21 73
21 75
22 11
22 25
22 32
22 42
22 47
22 71
22 90
22 93
22 95
23 22
23 21
23 24
23 32
23 41
23 63
23 66
23 69
23 77
23 80
24 23
24 66
24 77
25 22
25 30
26 8
26 7
27 7
28 11
28 39
29 15
29 33
30 25
30 36
30 43
31 14
31 9
31 49
31 53
32 23
32 22
32 24
32 78
33 15
33 29
34 10
34 70
35 14
35 34
35 58
35 79
35 91
36 30
36 43
37 20
37 11
37 72
38 40
38 67
38 79
39 11
39 28
40 38
41 23
41 24
41 49
41 63
41 66
41 98
42 22
42 55
43 30
43 36
44 52
45 21
45 48
45 68
45 99
46 8
47 22
47 90
47 95
48 21
48 45
48 18
48 60
48 92
49 31
49 24
49 9
49 41
50 18
50 12
50 84
51 14
51 9
52 44
53 9
53 31
53 14
53 59
53 61
53 86
53 219
54 11
55 22
55 42
55 93
56 12
56 18
56 84
57 7
57 82
58 35
59 53
59 86
60 48
61 53
62 13
63 23
63 41
64 19
64 74
64 81
64 89
65 11
65 28
65 39
66 24
66 23
66 41
66 80
66 97
67 38
68 21
68 45
69 23
69 24
70 34
71 22
71 55
72 37
72 49
72 88
73 21
73 75
74 64
74 19
74 87
75 21
75 45
75 73
75 99
77 24
77 66
77 23
78 32
79 38
79 9
79 35
80 66
80 23
80 98
81 19
81 64
81 74
81 87
82 7
82 57
83 11
83 54
84 18
84 50
84 56
84 12
85 12
85 18
85 56
85 84
85 219
86 53
86 59
87 81
87 19
87 74
88 72
89 64
89 19
89 87
90 71
90 22
90 47
91 35
92 48
93 22
93 90
93 55
94 14
94 9
95 22
95 47
96 7
96 57
97 66
97 23
97 24
98 80
98 41
98 23
98 24
99 75
99 21
99 45
100 8
101 102
101 104
102 101
102 103
103 102
104 101
105 107
106 101
107 105
108 109
108 110
108 111
109 108
110 108
110 114
111 108
111 113
111 117
112 110
113 111
114 110
117 111
119 121
119 134
119 169
119 179
119 203
120 122
120 126
120 133
120 154
120 167
120 168
121 119
121 203
122 120
122 127
122 138
122 140
122 144
122 159
122 161
122 173
122 181
122 182
123 184
123 199
124 142
124 151
124 188
125 131
125 143
125 148
125 155
125 160
125 178
126 120
126 135
126 164
127 122
127 128
127 130
127 141
127 156
127 165
127 183
127 191
128 122
128 127
128 130
128 132
128 146
128 177
128 189
129 123
129 197
130 128
130 127
130 149
130 152
130 185
131 128
131 125
131 139
131 150
131 172
131 175
131 180
132 128
132 146
132 163
133 120
134 119
134 158
134 171
135 126
136 119
136 137
136 145
137 136
137 195
138 122
138 126
138 190
138 198
139 131
139 157
139 175
139 200
140 122
141 127
141 138
141 153
142 124
143 125
143 148
143 178
144 122
145 136
145 187
146 132
146 128
146 189
148 125
148 143
148 155
149 130
149 185
150 131
150 139
150 157
150 200
151 124
152 130
152 149
152 162
152 196
153 141
153 170
154 120
155 148
155 125
155 143
156 127
156 165
156 169
156 191
157 150
157 139
157 131
157 172
157 180
158 134
159 122
159 173
159 205
160 125
160 143
160 178
161 122
161 181
161 182
162 152
162 166
163 132
163 128
163 177
164 126
164 135
165 156
165 127
165 183
165 191
166 162
166 188
167 120
168 120
169 119
169 156
169 170
170 141
170 169
170 153
171 134
172 131
172 155
172 157
172 139
173 122
173 159
174 142
174 192
175 131
175 139
177 132
177 163
177 128
178 143
178 160
178 125
179 119
180 131
180 157
180 200
181 122
181 161
182 122
182 161
183 127
183 165
183 156
183 204
184 123
184 194
185 130
185 149
185 170
186 123
186 201
187 145
187 136
187 137
188 166
188 124
189 177
189 146
189 128
189 163
189 193
190 138
190 198
191 165
191 127
191 156
192 174
193 128
193 189
193 163
193 132
194 184
195 145
195 137
196 152
197 129
198 190
198 138
199 123
200 139
200 131
200 180
200 150
201 186
201 129
202 181
202 144
202 122
203 121
203 179
203 119
204 183
204 165
204 191
204 127
205 159
205 180
205 15
205 189
207 206
207 211
208 210
210 208
211 207
211 213
212 213
213 211
213 212
215 216
216 215
216 218
218 216
219 53
219 9
219 85
219 220
219 221
219 222
219 223
220 219
221 219
221 222
222 219
222 221
222 223
223 219
223 222
