0
0
0
0
0
0
0
1
0.064514
0.121552
0.015374
1
0.074971
0.083763
0.134196
0.0081
0.500602
0.026723
0.071035
0
0.089042
0.11663
1
1
0.16462
0.143168
0.106305
0.500215
0.27014
0.002313
0.017994
0.123382
0.210963
0.001939
0.112265
1
0.004266
0.017766
0.015732
0.232458
0.002669
0.125444
0.265557
0.005114
0
0.126289
0.012886
0.186732
1
0.022776
0.005992
0.044583
0
1
0.407965
0.119048
0.032805
0.293032
0.500333
0.298331
0.500553
0.50015
0.041983
0.270363
0
0.250794
0.143955
0.007842
0.039451
0.333523
0.055933
0.292061
0.003639
0.022313
0
0.022562
0
0.224137
0.105483
0.157601
0.187334
0
0.2987
0.333581
0.023923
0.139844
0.298235
0
0.001798
0
0.218724
0.500474
0.500732
0.215246
0.044798
0.190802
0.333401
0.035987
0.050208
0.029061
0.021555
0
0
0
0
0
0
0
0
0
0
0
0
0
0
0
0
0
0
0.000156
1
2.1e-05
1
0
0.000452
0.064294
0.123212
0.06218
0.049856
0
0.130846
1
0.005999
0.501103
1.1e-05
0.050114
0
0
0.112571
0.156229
0.500517
0.008149
9e-05
0.016186
0.33416
0
0.010221
0
0.017231
0.220909
0.135504
0.000219
1
0.004149
0.500634
0.030746
0.009934
0.065216
2e-06
0.20185
0.014838
0.228121
0.25047
0.003553
0.041161
0.009751
0.035721
0.501114
0.25103
0.00312
0.008854
3e-06
0.172972
0.282095
0
0.276184
0
0.010057
0.014618
5.6e-05
0.156934
0.233251
0.287998
0.009857
0
0.066902
0
0
0.005123
0.008956
0.033509
0.011286
0
0.001786
0
0
0.50019
0
0.033196
0
0.060776
0
0
3.3e-05
0.001993
0.023017
0
0
0
0
0
0
0
0
0
0
0
0
0
1
0.501254
0.148337
0.218549
0.285572
