2 5
2 31
3 9
3 15
4 12
4 17
4 26
4 58
5 2
5 45
5 46
6 4
6 7
6 8
6 29
6 42
7 6
7 10
7 11
7 36
7 41
7 43
8 6
8 20
8 56
9 3
9 12
9 50
10 7
10 14
10 18
10 19
10 30
10 42
10 44
11 7
11 27
12 4
12 9
12 16
13 4
13 7
14 10
14 44
15 3
15 33
15 38
15 48
16 12
17 4
17 26
17 58
18 10
18 22
18 23
18 53
19 10
19 14
19 44
20 8
20 56
21 37
21 46
22 18
22 23
22 53
23 22
23 18
23 24
23 51
23 60
24 23
24 37
25 24
25 2
25 13
26 4
26 17
27 11
27 7
27 36
28 35
29 6
30 10
30 34
30 36
31 2
32 8
32 39
32 42
33 15
33 38
34 30
35 28
35 59
35 62
36 30
36 27
36 7
36 40
36 47
36 49
36 54
37 21
37 24
38 15
38 33
39 32
40 36
40 47
40 49
41 7
42 10
42 6
42 32
42 57
43 7
44 10
44 19
44 14
45 5
46 21
46 45
46 5
47 36
47 40
47 54
47 55
48 32
48 15
48 3
48 52
49 40
49 36
50 9
51 23
51 60
52 48
52 61
53 22
53 18
54 47
54 36
54 40
54 55
55 54
55 40
55 47
56 8
56 20
57 42
58 4
58 17
59 35
60 23
60 51
61 52
62 35
62 59
63 64
64 63
66 63
67 68
68 67
68 70
70 68
72 73
72 74
72 78
72 80
72 81
72 82
73 72
73 118
74 72
74 76
74 83
74 109
74 133
75 87
75 112
76 74
76 85
76 100
76 102
77 72
77 89
78 72
78 101
80 72
80 73
80 82
80 97
80 111
80 118
81 72
81 80
81 78
81 96
82 80
82 72
82 90
83 74
84 99
84 104
85 76
85 91
85 93
85 114
85 115
85 125
86 88
86 105
87 75
87 90
87 126
88 86
89 77
90 72
90 80
90 82
90 87
90 92
90 110
90 120
90 123
91 76
91 89
91 85
92 90
92 123
93 85
94 86
94 76
94 99
95 74
96 81
97 78
97 72
97 96
97 80
97 103
97 106
98 72
98 82
98 80
98 108
98 110
98 117
98 124
99 94
99 84
100 76
100 102
101 78
102 76
102 100
102 113
103 97
104 84
105 86
105 88
106 97
106 99
107 84
108 98
109 74
109 106
109 83
109 116
109 119
110 98
110 90
110 75
110 121
111 80
111 94
112 75
113 76
113 102
113 100
114 85
114 125
115 85
115 114
116 109
116 95
117 98
117 108
118 80
118 82
118 72
118 73
119 109
120 90
120 92
121 110
122 87
123 90
123 92
123 120
124 98
124 108
124 117
125 85
125 114
126 87
127 128
127 129
128 127
129 127
129 130
129 132
130 129
131 128
131 127
132 129
133 74
133 90
135 136
136 135
