0
0
8e-06
1.2e-05
0.005139
0.000126
0.077499
1
0.010241
0.0001
0.073551
0.254146
0.000842
0
0.0164
2e-06
0.000433
0.000983
0.095402
0.017046
0.003
0.00375
0.179091
1
0.111985
0
0.001416
0.064489
0
0.025938
0.018343
1e-06
0.00229
0
0.009159
0
0.075694
0.022579
0
0.001128
0.014294
0.500509
0.018573
0.500077
0.016271
0.000269
0.000741
0.012315
0
0.021377
5e-05
0.297708
0
0.038583
0.012413
0.003954
0.003051
0.009269
0.001421
0
0.297766
0
0
0
0
0
0
0
0
0
0
0
0.14683
0.074753
0.097733
0.045366
0.096649
0.004597
0.193883
0
0.210293
0.059517
0.244182
0.21495
0.008259
1
0.001461
0.146925
0.000628
0.027876
1
0.166516
0.276474
0.499947
0.01276
0.062946
0.338314
1
1
0.073946
0.022496
0.048675
0.018964
0.500257
0.004127
0.000488
0.438683
0
0.348414
1
0.26548
0.042331
0.022491
0.0048
0.292008
0.333965
0.250404
0.297426
0.045284
0.333263
0.294184
0.132779
0
0.239265
0.250695
0.298675
0.073463
0
0
0
0
0
0
0.012285
0
0
0
0
0
