139
321
2 5 0.125
2 31 0.5
3 9 0.125
3 15 0.1
4 12 0.166667
4 17 0.125
4 26 0.25
4 58 0.25
5 2 0.111111
5 45 0.333333
5 46 0.2
6 4 0.0666667
6 7 0.0625
6 8 0.125
6 29 0.333333
6 42 0.125
7 6 0.0769231
7 10 0.0666667
7 11 0.25
7 36 0.0714286
7 41 0.5
7 43 0.5
8 6 0.0769231
8 20 0.25
8 56 0.25
9 3 0.0909091
9 12 0.166667
9 50 0.5
10 7 0.0625
10 14 0.166667
10 18 0.0769231
10 19 0.2
10 30 0.125
10 42 0.125
10 44 0.166667
11 7 0.0625
11 27 0.2
12 4 0.0666667
12 9 0.125
12 16 0.5
13 4 0.0666667
13 7 0.0625
14 10 0.0666667
14 44 0.166667
15 3 0.0909091
15 33 0.25
15 38 0.25
15 48 0.125
16 12 0.166667
17 4 0.0666667
17 26 0.25
17 58 0.25
18 10 0.0666667
18 22 0.166667
18 23 0.0909091
18 53 0.142857
19 10 0.0666667
19 14 0.166667
19 44 0.166667
20 8 0.125
20 56 0.25
21 37 0.2
21 46 0.2
22 18 0.0769231
22 23 0.0909091
22 53 0.142857
23 22 0.166667
23 18 0.0769231
23 24 0.111111
23 51 0.25
23 60 0.25
24 23 0.0909091
24 37 0.2
25 24 0.111111
25 2 0.111111
25 13 0.2
26 4 0.0666667
26 17 0.125
27 11 0.25
27 7 0.0625
27 36 0.0714286
28 35 0.125
29 6 0.0769231
30 10 0.0666667
30 34 0.5
30 36 0.0714286
31 2 0.111111
32 8 0.125
32 39 0.5
32 42 0.125
33 15 0.1
33 38 0.25
34 30 0.125
35 28 0.166667
35 59 0.333333
35 62 0.125
36 30 0.125
36 27 0.2
36 7 0.0625
36 40 0.125
36 47 0.125
36 49 0.25
36 54 0.142857
37 21 0.166667
37 24 0.111111
38 15 0.1
38 33 0.25
39 32 0.125
40 36 0.0714286
40 47 0.125
40 49 0.25
41 7 0.0625
42 10 0.0666667
42 6 0.0769231
42 32 0.125
42 57 0.5
43 7 0.0625
44 10 0.0666667
44 19 0.2
44 14 0.166667
45 5 0.125
46 21 0.166667
46 45 0.333333
46 5 0.125
47 36 0.0714286
47 40 0.125
47 54 0.142857
47 55 0.166667
48 32 0.125
48 15 0.1
48 3 0.0909091
48 52 0.2
49 40 0.125
49 36 0.0714286
50 9 0.125
51 23 0.0909091
51 60 0.25
52 48 0.125
52 61 0.5
53 22 0.166667
53 18 0.0769231
54 47 0.125
54 36 0.0714286
54 40 0.125
54 55 0.166667
55 54 0.142857
55 40 0.125
55 47 0.125
56 8 0.125
56 20 0.25
57 42 0.125
58 4 0.0666667
58 17 0.125
59 35 0.125
60 23 0.0909091
60 51 0.25
61 52 0.2
62 35 0.125
62 59 0.333333
63 64 0.25
64 63 0.142857
66 63 0.142857
67 68 0.2
68 67 0.1
68 70 0.5
70 68 0.2
72 73 0.2
72 74 0.0666667
72 78 0.166667
72 80 0.0666667
72 81 0.125
72 82 0.111111
73 72 0.04
73 118 0.166667
74 72 0.04
74 76 0.0769231
74 83 0.2
74 109 0.1
74 133 0.125
75 87 0.142857
75 112 0.5
76 74 0.0666667
76 85 0.0714286
76 100 0.2
76 102 0.166667
77 72 0.04
77 89 0.166667
78 72 0.04
78 101 0.25
80 72 0.04
80 73 0.2
80 82 0.111111
80 97 0.111111
80 111 0.2
80 118 0.166667
81 72 0.04
81 80 0.0666667
81 78 0.166667
81 96 0.333333
82 80 0.0666667
82 72 0.04
82 90 0.0588235
83 74 0.0666667
84 99 0.166667
84 104 0.5
85 76 0.0769231
85 91 0.166667
85 93 0.5
85 114 0.2
85 115 0.333333
85 125 0.25
86 88 0.333333
86 105 0.333333
87 75 0.111111
87 90 0.0588235
87 126 0.5
88 86 0.111111
89 77 0.166667
90 72 0.04
90 80 0.0666667
90 82 0.111111
90 87 0.142857
90 92 0.2
90 110 0.142857
90 120 0.25
90 123 0.2
91 76 0.0769231
91 89 0.166667
91 85 0.0714286
92 90 0.0588235
92 123 0.2
93 85 0.0714286
94 86 0.111111
94 76 0.0769231
94 99 0.166667
95 74 0.0666667
96 81 0.125
97 78 0.166667
97 72 0.04
97 96 0.333333
97 80 0.0666667
97 103 0.5
97 106 0.25
98 72 0.04
98 82 0.111111
98 80 0.0666667
98 108 0.25
98 110 0.142857
98 117 0.25
98 124 0.25
99 94 0.111111
99 84 0.111111
100 76 0.0769231
100 102 0.166667
101 78 0.166667
102 76 0.0769231
102 100 0.2
102 113 0.25
103 97 0.111111
104 84 0.111111
105 86 0.111111
105 88 0.333333
106 97 0.111111
106 99 0.166667
107 84 0.111111
108 98 0.0909091
109 74 0.0666667
109 106 0.25
109 83 0.2
109 116 0.25
109 119 0.333333
110 98 0.0909091
110 90 0.0588235
110 75 0.111111
110 121 0.5
111 80 0.0666667
111 94 0.111111
112 75 0.111111
113 76 0.0769231
113 102 0.166667
113 100 0.2
114 85 0.0714286
114 125 0.25
115 85 0.0714286
115 114 0.2
116 109 0.1
116 95 0.25
117 98 0.0909091
117 108 0.25
118 80 0.0666667
118 82 0.111111
118 72 0.04
118 73 0.2
119 109 0.1
120 90 0.0588235
120 92 0.2
121 110 0.142857
122 87 0.142857
123 90 0.0588235
123 92 0.2
123 120 0.25
124 98 0.0909091
124 108 0.25
124 117 0.25
125 85 0.0714286
125 114 0.2
126 87 0.142857
127 128 0.142857
127 129 0.125
128 127 0.0555556
129 127 0.0555556
129 130 0.25
129 132 0.5
130 129 0.125
131 128 0.142857
131 127 0.0555556
132 129 0.125
133 74 0.0666667
133 90 0.0588235
135 136 0.25
136 135 0.25
