16 2
16 7
16 17
49 38
49 35
50 34
50 60
32 33
32 47
32 55
33 32
33 35
33 39
33 40
33 45
33 56
33 57
34 33
34 42
34 50
34 60
34 62
2 7
2 11
2 16
51 39
35 33
35 36
35 37
35 38
35 49
35 53
3 4
3 10
3 21
3 26
3 29
36 35
37 35
37 36
37 38
37 53
52 42
53 37
53 35
17 16
17 11
17 20
4 3
4 6
4 13
4 26
5 10
5 18
5 23
5 25
54 38
54 41
54 59
18 5
38 37
38 35
38 41
38 49
38 54
55 48
55 32
55 47
6 4
19 9
19 16
39 33
39 40
39 43
39 51
40 39
40 33
40 42
20 7
20 17
41 38
41 59
56 33
56 58
7 2
7 9
7 16
7 20
7 27
21 3
57 33
22 12
22 24
22 30
42 34
42 40
42 52
58 56
23 5
23 10
59 40
59 41
59 38
59 54
60 50
60 34
61 48
8 4
8 3
8 26
24 22
24 30
25 5
25 18
25 28
25 65
26 3
26 8
26 4
26 13
9 7
9 12
9 19
62 34
62 50
10 5
10 3
10 15
27 7
28 23
28 25
11 2
43 39
29 3
44 37
44 35
44 46
45 33
12 9
30 24
30 22
13 4
13 26
46 44
65 25
65 5
65 60
15 10
47 32
47 55
48 55
