66
151
16 2 0.0714286
16 7 0.0714286
16 17 0.2
49 38 0.0909091
49 35 0.0555556
50 34 0.0625
50 60 0.2
32 33 0.04
32 47 0.25
32 55 0.166667
33 32 0.0625
33 35 0.0555556
33 39 0.125
33 40 0.125
33 45 0.5
33 56 0.1
33 57 0.5
34 33 0.04
34 42 0.166667
34 50 0.2
34 60 0.2
34 62 0.333333
2 7 0.0714286
2 11 0.333333
2 16 0.142857
51 39 0.125
35 33 0.04
35 36 0.333333
35 37 0.1
35 38 0.0909091
35 49 0.25
35 53 0.25
3 4 0.111111
3 10 0.142857
3 21 0.5
3 26 0.125
3 29 0.5
36 35 0.0555556
37 35 0.0555556
37 36 0.333333
37 38 0.0909091
37 53 0.25
52 42 0.166667
53 37 0.1
53 35 0.0555556
17 16 0.142857
17 11 0.333333
17 20 0.25
4 3 0.0555556
4 6 0.25
4 13 0.25
4 26 0.125
5 10 0.142857
5 18 0.333333
5 23 0.25
5 25 0.142857
54 38 0.0909091
54 41 0.2
54 59 0.166667
18 5 0.0666667
38 37 0.1
38 35 0.0555556
38 41 0.2
38 49 0.25
38 54 0.2
55 48 0.111111
55 32 0.0625
55 47 0.25
6 4 0.111111
19 9 0.166667
19 16 0.142857
39 33 0.04
39 40 0.125
39 43 0.5
39 51 0.5
40 39 0.125
40 33 0.04
40 42 0.166667
20 7 0.0714286
20 17 0.2
41 38 0.0909091
41 59 0.166667
56 33 0.04
56 58 0.5
7 2 0.0714286
7 9 0.166667
7 16 0.142857
7 20 0.25
7 27 0.5
21 3 0.0555556
57 33 0.04
22 12 0.333333
22 24 0.25
22 30 0.25
42 34 0.0625
42 40 0.125
42 52 0.5
58 56 0.1
23 5 0.0666667
23 10 0.142857
59 40 0.125
59 41 0.2
59 38 0.0909091
59 54 0.2
60 50 0.2
60 34 0.0625
61 48 0.111111
8 4 0.111111
8 3 0.0555556
8 26 0.125
24 22 0.142857
24 30 0.25
25 5 0.0666667
25 18 0.333333
25 28 0.333333
25 65 0.0714286
26 3 0.0555556
26 8 0.142857
26 4 0.111111
26 13 0.25
9 7 0.0714286
9 12 0.333333
9 19 0.333333
62 34 0.0625
62 50 0.2
10 5 0.0666667
10 3 0.0555556
10 15 0.5
27 7 0.0714286
28 23 0.25
28 25 0.142857
11 2 0.0714286
43 39 0.125
29 3 0.0555556
44 37 0.1
44 35 0.0555556
44 46 0.5
45 33 0.04
12 9 0.166667
30 24 0.25
30 22 0.142857
13 4 0.111111
13 26 0.125
46 44 0.25
65 25 0.142857
65 5 0.0666667
65 60 0.2
15 10 0.142857
47 32 0.0625
47 55 0.166667
48 55 0.166667
