0 1
0 3
0 5
0 6
0 18
0 21
0 43
0 60
0 86
0 189
1 0
1 2
1 7
1 120
2 1
2 0
2 4
2 6
2 10
2 14
2 28
2 35
2 47
2 82
2 190
3 0
3 18
3 21
3 57
3 76
3 119
3 129
4 2
4 9
4 12
4 17
4 32
4 42
5 0
5 19
6 2
6 0
6 8
6 10
6 13
6 26
6 30
6 39
6 49
6 152
6 205
7 1
7 28
8 6
8 30
8 46
8 49
8 68
8 73
8 81
8 121
8 151
8 192
9 4
9 12
9 34
9 45
9 47
9 53
9 63
9 92
9 98
9 133
10 6
10 2
10 8
10 11
10 16
10 59
10 116
10 182
11 10
11 47
11 59
12 9
12 4
12 10
12 14
12 15
12 38
12 140
13 6
13 4
13 17
13 33
13 55
13 93
14 12
14 2
14 27
14 100
14 103
14 134
14 190
15 12
15 22
15 29
15 135
15 170
15 183
16 10
17 13
17 4
17 62
17 74
18 1
18 0
18 3
18 20
18 37
18 40
18 68
18 69
18 79
18 95
18 114
18 163
18 202
19 5
19 24
19 31
19 80
20 18
20 25
20 69
20 79
20 95
21 0
21 3
21 23
21 166
21 181
22 15
22 195
22 201
23 21
23 181
24 19
24 99
24 136
25 18
25 20
25 28
25 79
25 163
26 6
26 145
27 14
28 7
28 18
28 25
28 2
28 44
28 91
28 101
28 112
29 15
29 22
29 41
29 97
29 111
29 159
30 6
30 8
30 34
30 36
30 63
30 89
30 176
30 200
31 19
31 90
31 99
31 174
32 4
32 182
33 13
33 17
33 6
33 26
33 77
33 152
34 30
34 9
34 67
34 96
34 191
35 2
35 0
36 30
36 48
36 110
36 125
36 198
37 18
37 20
38 12
39 6
39 49
39 116
39 128
39 158
40 18
40 61
40 66
40 83
41 29
41 50
41 65
41 71
41 144
41 157
41 169
42 4
42 147
43 6
43 0
43 51
43 60
43 113
44 28
45 9
45 98
45 104
46 8
46 9
46 56
46 63
46 70
46 78
46 85
46 206
47 11
47 2
47 9
47 64
47 91
48 36
48 117
49 39
49 8
49 6
49 58
49 93
49 103
49 204
50 41
50 52
50 102
51 43
51 60
51 113
52 50
52 65
52 146
52 150
53 9
53 98
54 41
54 71
54 144
54 161
54 169
55 13
55 164
55 173
56 46
56 78
56 85
56 124
56 133
56 143
56 168
57 3
57 76
57 129
58 49
58 93
58 204
59 11
59 10
59 75
59 182
60 43
60 51
60 0
60 86
60 152
61 40
61 117
62 17
63 47
63 9
63 46
63 30
63 103
63 109
63 196
64 47
65 52
65 54
65 41
65 87
65 142
66 28
66 40
66 44
66 105
66 179
66 184
67 34
67 70
68 18
68 25
68 8
69 37
69 18
69 20
69 84
69 101
69 167
69 178
70 46
70 67
70 34
71 41
71 54
71 127
72 34
72 67
72 191
73 8
73 139
73 172
74 17
74 183
75 59
75 182
76 3
76 57
76 116
76 186
77 33
77 94
78 56
78 46
78 85
78 124
78 143
79 25
79 20
79 18
79 160
80 19
80 153
81 8
82 2
83 40
84 69
84 119
84 167
85 78
85 56
85 46
86 60
86 0
87 65
88 6
88 187
88 197
88 207
89 30
89 200
90 31
91 28
91 64
91 47
91 30
91 99
91 107
91 137
91 209
92 9
92 71
92 154
92 203
93 49
93 58
93 13
94 17
94 62
94 77
94 33
94 106
94 131
94 162
95 25
95 18
95 20
96 67
96 34
97 29
98 9
98 45
98 53
99 6
99 24
99 91
99 31
99 132
99 147
100 27
100 14
101 28
101 69
101 18
101 141
102 50
103 49
103 58
103 14
103 63
103 171
104 47
104 45
104 9
104 64
104 108
104 111
104 115
104 180
105 66
105 179
105 184
106 94
106 177
107 91
108 104
108 180
109 63
109 196
110 36
111 104
111 29
111 92
112 28
113 51
113 43
113 118
113 126
114 25
114 20
114 18
114 202
115 104
116 76
116 73
116 10
116 39
116 155
117 79
117 40
117 48
117 61
118 113
119 3
119 84
120 1
121 8
121 192
122 88
122 26
122 123
122 155
123 122
124 56
124 78
125 36
125 110
125 198
125 208
126 113
127 71
128 39
128 13
128 26
128 199
129 3
129 57
130 91
130 107
131 94
131 188
132 99
132 2
132 11
132 7
132 193
133 56
133 9
133 46
133 53
133 148
134 99
134 14
134 149
135 15
135 177
136 24
137 91
138 114
138 18
138 20
138 25
138 163
139 73
139 165
139 172
140 12
141 101
142 65
143 46
143 124
143 78
143 56
143 85
143 168
143 175
144 41
144 54
145 26
146 52
146 150
147 99
147 31
147 42
147 67
147 33
147 174
148 133
149 134
150 52
150 146
150 185
150 201
151 8
152 60
152 33
152 6
153 80
154 92
155 116
155 122
155 128
156 150
156 42
157 41
157 169
158 39
159 29
160 79
161 54
161 41
161 144
161 169
162 94
163 25
163 138
163 18
163 202
164 55
165 139
165 73
166 21
167 69
167 84
167 178
168 124
168 56
168 143
168 46
169 41
169 54
169 157
169 161
170 15
170 183
171 103
172 73
172 139
173 55
173 164
174 31
174 4
174 147
175 56
175 143
175 78
175 46
176 30
176 89
177 135
177 106
178 84
178 167
178 69
179 66
179 105
180 104
180 108
181 21
181 23
182 32
182 10
182 59
182 75
183 15
183 74
183 170
184 179
184 105
184 66
185 150
186 76
187 88
187 207
188 131
189 0
190 2
190 14
191 96
191 34
191 72
191 194
192 121
192 8
193 132
194 191
194 72
194 67
195 22
196 63
196 109
197 88
197 187
198 36
198 125
198 208
199 128
200 30
200 89
201 22
201 150
202 138
202 114
202 18
202 25
202 163
203 154
203 92
203 146
203 52
204 49
204 58
205 6
206 190
206 155
206 14
206 46
207 88
207 187
208 125
208 36
208 198
209 91
210 52
210 146
