211
687
0 1 0.111111
0 3 0.0714286
0 5 0.25
0 6 0.0357143
0 18 0.0322581
0 21 0.1
0 43 0.111111
0 60 0.1
0 86 0.25
0 189 0.5
1 0 0.0344828
1 2 0.0416667
1 7 0.2
1 120 0.5
2 1 0.111111
2 0 0.0344828
2 4 0.0714286
2 6 0.0357143
2 10 0.0625
2 14 0.0666667
2 28 0.0625
2 35 0.333333
2 47 0.0833333
2 82 0.5
2 190 0.2
3 0 0.0344828
3 18 0.0322581
3 21 0.1
3 57 0.166667
3 76 0.125
3 119 0.25
3 129 0.25
4 2 0.0416667
4 9 0.0454545
4 12 0.0769231
4 17 0.1
4 32 0.25
4 42 0.2
5 0 0.0344828
5 19 0.125
6 2 0.0416667
6 0 0.0344828
6 8 0.047619
6 10 0.0625
6 13 0.0714286
6 26 0.142857
6 30 0.0588235
6 39 0.1
6 49 0.0666667
6 152 0.166667
6 205 0.5
7 1 0.111111
7 28 0.0625
8 6 0.0357143
8 30 0.0588235
8 46 0.0526316
8 49 0.0666667
8 68 0.142857
8 73 0.125
8 81 0.5
8 121 0.25
8 151 0.333333
8 192 0.25
9 4 0.0714286
9 12 0.0769231
9 34 0.0833333
9 45 0.166667
9 47 0.0833333
9 53 0.166667
9 63 0.0769231
9 92 0.125
9 98 0.166667
9 133 0.125
10 6 0.0357143
10 2 0.0416667
10 8 0.047619
10 11 0.142857
10 16 0.5
10 59 0.125
10 116 0.111111
10 182 0.125
11 10 0.0625
11 47 0.0833333
11 59 0.125
12 9 0.0454545
12 4 0.0714286
12 10 0.0625
12 14 0.0666667
12 15 0.0833333
12 38 0.5
12 140 0.5
13 6 0.0357143
13 4 0.0714286
13 17 0.1
13 33 0.0909091
13 55 0.142857
13 93 0.166667
14 12 0.0769231
14 2 0.0416667
14 27 0.333333
14 100 0.333333
14 103 0.111111
14 134 0.2
14 190 0.2
15 12 0.0769231
15 22 0.142857
15 29 0.0769231
15 135 0.25
15 170 0.25
15 183 0.142857
16 10 0.0625
17 13 0.0714286
17 4 0.0714286
17 62 0.333333
17 74 0.25
18 1 0.111111
18 0 0.0344828
18 3 0.0714286
18 20 0.0555556
18 37 0.25
18 40 0.111111
18 68 0.142857
18 69 0.0714286
18 79 0.111111
18 95 0.2
18 114 0.125
18 163 0.0714286
18 202 0.125
19 5 0.25
19 24 0.166667
19 31 0.111111
19 80 0.166667
20 18 0.0322581
20 25 0.0714286
20 69 0.0714286
20 79 0.111111
20 95 0.2
21 0 0.0344828
21 3 0.0714286
21 23 0.25
21 166 0.5
21 181 0.25
22 15 0.0833333
22 195 0.5
22 201 0.25
23 21 0.1
23 181 0.25
24 19 0.125
24 99 0.0833333
24 136 0.5
25 18 0.0322581
25 20 0.0555556
25 28 0.0625
25 79 0.111111
25 163 0.0714286
26 6 0.0357143
26 145 0.5
27 14 0.0666667
28 7 0.2
28 18 0.0322581
28 25 0.0714286
28 2 0.0416667
28 44 0.333333
28 91 0.0625
28 101 0.142857
28 112 0.5
29 15 0.0833333
29 22 0.142857
29 41 0.0526316
29 97 0.5
29 111 0.125
29 159 0.5
30 6 0.0357143
30 8 0.047619
30 34 0.0833333
30 36 0.0909091
30 63 0.0769231
30 89 0.2
30 176 0.333333
30 200 0.25
31 19 0.125
31 90 0.5
31 99 0.0833333
31 174 0.2
32 4 0.0714286
32 182 0.125
33 13 0.0714286
33 17 0.1
33 6 0.0357143
33 26 0.142857
33 77 0.25
33 152 0.166667
34 30 0.0588235
34 9 0.0454545
34 67 0.125
34 96 0.25
34 191 0.142857
35 2 0.0416667
35 0 0.0344828
36 30 0.0588235
36 48 0.25
36 110 0.333333
36 125 0.142857
36 198 0.166667
37 18 0.0322581
37 20 0.0555556
38 12 0.0769231
39 6 0.0357143
39 49 0.0666667
39 116 0.111111
39 128 0.142857
39 158 0.5
40 18 0.0322581
40 61 0.166667
40 66 0.1
40 83 0.5
41 29 0.0769231
41 50 0.166667
41 65 0.111111
41 71 0.142857
41 144 0.166667
41 157 0.25
41 169 0.125
42 4 0.0714286
42 147 0.111111
43 6 0.0357143
43 0 0.0344828
43 51 0.166667
43 60 0.1
43 113 0.111111
44 28 0.0625
45 9 0.0454545
45 98 0.166667
45 104 0.0769231
46 8 0.047619
46 9 0.0454545
46 56 0.0666667
46 63 0.0769231
46 70 0.2
46 78 0.0909091
46 85 0.142857
46 206 0.2
47 11 0.142857
47 2 0.0416667
47 9 0.0454545
47 64 0.25
47 91 0.0625
48 36 0.0909091
48 117 0.166667
49 39 0.1
49 8 0.047619
49 6 0.0357143
49 58 0.142857
49 93 0.166667
49 103 0.111111
49 204 0.25
50 41 0.0526316
50 52 0.1
50 102 0.5
51 43 0.111111
51 60 0.1
51 113 0.111111
52 50 0.166667
52 65 0.111111
52 146 0.142857
52 150 0.111111
53 9 0.0454545
53 98 0.166667
54 41 0.0526316
54 71 0.142857
54 144 0.166667
54 161 0.166667
54 169 0.125
55 13 0.0714286
55 164 0.333333
55 173 0.333333
56 46 0.0526316
56 78 0.0909091
56 85 0.142857
56 124 0.166667
56 133 0.125
56 143 0.0909091
56 168 0.166667
57 3 0.0714286
57 76 0.125
57 129 0.25
58 49 0.0666667
58 93 0.166667
58 204 0.25
59 11 0.142857
59 10 0.0625
59 75 0.25
59 182 0.125
60 43 0.111111
60 51 0.166667
60 0 0.0344828
60 86 0.25
60 152 0.166667
61 40 0.111111
61 117 0.166667
62 17 0.1
63 47 0.0833333
63 9 0.0454545
63 46 0.0526316
63 30 0.0588235
63 103 0.111111
63 109 0.25
63 196 0.25
64 47 0.0833333
65 52 0.1
65 54 0.1
65 41 0.0526316
65 87 0.5
65 142 0.5
66 28 0.0625
66 40 0.111111
66 44 0.333333
66 105 0.166667
66 179 0.2
66 184 0.2
67 34 0.0833333
67 70 0.2
68 18 0.0322581
68 25 0.0714286
68 8 0.047619
69 37 0.25
69 18 0.0322581
69 20 0.0555556
69 84 0.142857
69 101 0.142857
69 167 0.166667
69 178 0.2
70 46 0.0526316
70 67 0.125
70 34 0.0833333
71 41 0.0526316
71 54 0.1
71 127 0.5
72 34 0.0833333
72 67 0.125
72 191 0.142857
73 8 0.047619
73 139 0.166667
73 172 0.25
74 17 0.1
74 183 0.142857
75 59 0.125
75 182 0.125
76 3 0.0714286
76 57 0.166667
76 116 0.111111
76 186 0.5
77 33 0.0909091
77 94 0.0909091
78 56 0.0666667
78 46 0.0526316
78 85 0.142857
78 124 0.166667
78 143 0.0909091
79 25 0.0714286
79 20 0.0555556
79 18 0.0322581
79 160 0.5
80 19 0.125
80 153 0.5
81 8 0.047619
82 2 0.0416667
83 40 0.111111
84 69 0.0714286
84 119 0.25
84 167 0.166667
85 78 0.0909091
85 56 0.0666667
85 46 0.0526316
86 60 0.1
86 0 0.0344828
87 65 0.111111
88 6 0.0357143
88 187 0.2
88 197 0.333333
88 207 0.25
89 30 0.0588235
89 200 0.25
90 31 0.111111
91 28 0.0625
91 64 0.25
91 47 0.0833333
91 30 0.0588235
91 99 0.0833333
91 107 0.333333
91 137 0.5
91 209 0.5
92 9 0.0454545
92 71 0.142857
92 154 0.333333
92 203 0.2
93 49 0.0666667
93 58 0.142857
93 13 0.0714286
94 17 0.1
94 62 0.333333
94 77 0.25
94 33 0.0909091
94 106 0.25
94 131 0.25
94 162 0.5
95 25 0.0714286
95 18 0.0322581
95 20 0.0555556
96 67 0.125
96 34 0.0833333
97 29 0.0769231
98 9 0.0454545
98 45 0.166667
98 53 0.166667
99 6 0.0357143
99 24 0.166667
99 91 0.0625
99 31 0.111111
99 132 0.142857
99 147 0.111111
100 27 0.333333
100 14 0.0666667
101 28 0.0625
101 69 0.0714286
101 18 0.0322581
101 141 0.5
102 50 0.166667
103 49 0.0666667
103 58 0.142857
103 14 0.0666667
103 63 0.0769231
103 171 0.5
104 47 0.0833333
104 45 0.166667
104 9 0.0454545
104 64 0.25
104 108 0.25
104 111 0.125
104 115 0.5
104 180 0.25
105 66 0.1
105 179 0.2
105 184 0.2
106 94 0.0909091
106 177 0.25
107 91 0.0625
108 104 0.0769231
108 180 0.25
109 63 0.0769231
109 196 0.25
110 36 0.0909091
111 104 0.0769231
111 29 0.0769231
111 92 0.125
112 28 0.0625
113 51 0.166667
113 43 0.111111
113 118 0.5
113 126 0.5
114 25 0.0714286
114 20 0.0555556
114 18 0.0322581
114 202 0.125
115 104 0.0769231
116 76 0.125
116 73 0.125
116 10 0.0625
116 39 0.1
116 155 0.111111
117 79 0.111111
117 40 0.111111
117 48 0.25
117 61 0.166667
118 113 0.111111
119 3 0.0714286
119 84 0.142857
120 1 0.111111
121 8 0.047619
121 192 0.25
122 88 0.125
122 26 0.142857
122 123 0.5
122 155 0.111111
123 122 0.166667
124 56 0.0666667
124 78 0.0909091
125 36 0.0909091
125 110 0.333333
125 198 0.166667
125 208 0.2
126 113 0.111111
127 71 0.142857
128 39 0.1
128 13 0.0714286
128 26 0.142857
128 199 0.5
129 3 0.0714286
129 57 0.166667
130 91 0.0625
130 107 0.333333
131 94 0.0909091
131 188 0.5
132 99 0.0833333
132 2 0.0416667
132 11 0.142857
132 7 0.2
132 193 0.5
133 56 0.0666667
133 9 0.0454545
133 46 0.0526316
133 53 0.166667
133 148 0.5
134 99 0.0833333
134 14 0.0666667
134 149 0.5
135 15 0.0833333
135 177 0.25
136 24 0.166667
137 91 0.0625
138 114 0.125
138 18 0.0322581
138 20 0.0555556
138 25 0.0714286
138 163 0.0714286
139 73 0.125
139 165 0.333333
139 172 0.25
140 12 0.0769231
141 101 0.142857
142 65 0.111111
143 46 0.0526316
143 124 0.166667
143 78 0.0909091
143 56 0.0666667
143 85 0.142857
143 168 0.166667
143 175 0.2
144 41 0.0526316
144 54 0.1
145 26 0.142857
146 52 0.1
146 150 0.111111
147 99 0.0833333
147 31 0.111111
147 42 0.2
147 67 0.125
147 33 0.0909091
147 174 0.2
148 133 0.125
149 134 0.2
150 52 0.1
150 146 0.142857
150 185 0.5
150 201 0.25
151 8 0.047619
152 60 0.1
152 33 0.0909091
152 6 0.0357143
153 80 0.166667
154 92 0.125
155 116 0.111111
155 122 0.166667
155 128 0.142857
156 150 0.111111
156 42 0.2
157 41 0.0526316
157 169 0.125
158 39 0.1
159 29 0.0769231
160 79 0.111111
161 54 0.1
161 41 0.0526316
161 144 0.166667
161 169 0.125
162 94 0.0909091
163 25 0.0714286
163 138 0.142857
163 18 0.0322581
163 202 0.125
164 55 0.142857
165 139 0.166667
165 73 0.125
166 21 0.1
167 69 0.0714286
167 84 0.142857
167 178 0.2
168 124 0.166667
168 56 0.0666667
168 143 0.0909091
168 46 0.0526316
169 41 0.0526316
169 54 0.1
169 157 0.25
169 161 0.166667
170 15 0.0833333
170 183 0.142857
171 103 0.111111
172 73 0.125
172 139 0.166667
173 55 0.142857
173 164 0.333333
174 31 0.111111
174 4 0.0714286
174 147 0.111111
175 56 0.0666667
175 143 0.0909091
175 78 0.0909091
175 46 0.0526316
176 30 0.0588235
176 89 0.2
177 135 0.25
177 106 0.25
178 84 0.142857
178 167 0.166667
178 69 0.0714286
179 66 0.1
179 105 0.166667
180 104 0.0769231
180 108 0.25
181 21 0.1
181 23 0.25
182 32 0.25
182 10 0.0625
182 59 0.125
182 75 0.25
183 15 0.0833333
183 74 0.25
183 170 0.25
184 179 0.2
184 105 0.166667
184 66 0.1
185 150 0.111111
186 76 0.125
187 88 0.125
187 207 0.25
188 131 0.25
189 0 0.0344828
190 2 0.0416667
190 14 0.0666667
191 96 0.25
191 34 0.0833333
191 72 0.2
191 194 0.25
192 121 0.25
192 8 0.047619
193 132 0.142857
194 191 0.142857
194 72 0.2
194 67 0.125
195 22 0.142857
196 63 0.0769231
196 109 0.25
197 88 0.125
197 187 0.2
198 36 0.0909091
198 125 0.142857
198 208 0.2
199 128 0.142857
200 30 0.0588235
200 89 0.2
201 22 0.142857
201 150 0.111111
202 138 0.142857
202 114 0.125
202 18 0.0322581
202 25 0.0714286
202 163 0.0714286
203 154 0.333333
203 92 0.125
203 146 0.142857
203 52 0.1
204 49 0.0666667
204 58 0.142857
205 6 0.0357143
206 190 0.2
206 155 0.111111
206 14 0.0666667
206 46 0.0526316
207 88 0.125
207 187 0.2
208 125 0.142857
208 36 0.0909091
208 198 0.166667
209 91 0.0625
210 52 0.1
210 146 0.142857
