1
0.30334
1
0.145463
0.156187
0.251196
0.126987
0.100091
1
0.119884
0.132119
0.059799
1
0.0294
0.14318
0.172565
0.066339
0.156535
1
0.034392
0.103085
0.113692
0.163127
0.033861
0.019852
0.089342
0.034993
0.058138
0.201821
1
0.122366
0.014801
0.043971
0.117435
0.021449
0.33356
0.011288
0.26589
0.500939
0.022299
0.211465
0.111299
0.033276
0.12686
0.374653
0.185263
0.054708
0.269527
0.004249
0.077752
0.034946
0.044372
0.103804
0.029651
0.105779
0.004247
0.005669
0.03204
0.018853
0.026177
0.138407
0.035633
0.36208
0.024495
0.471859
1
1
0.006511
0.265249
0.080663
0.012002
0.036136
0.00074
0.127757
0.046572
0.011989
0.02381
0.269169
0.006189
0.13016
0.005725
0.500555
0.500649
0.105494
0.020542
0.009289
0.272585
0.499968
7.8e-05
0.035595
0.007427
1
0.043716
0.020131
1
0.215329
0.005928
0.500531
0.051956
0.087341
0.047738
0.040023
0.017619
0.026763
1
0.225341
0.253384
0.334599
0.298591
0.007165
0.004132
0.23592
0.100871
0.018577
0.143888
0.500767
0.019539
0.006386
0.009335
0.040212
0.151333
0.297135
0.000589
0.000297
0.002173
0.001865
0.009412
0.018098
0.003663
0.041729
0
0.250904
0.012435
0.015459
0.02864
0.057831
0.010044
0.499839
0.032887
0.025787
0.500988
0.020127
0.500319
0.001164
0.038388
0.017567
0.018061
0.013421
0.007728
0.014239
0.017604
0.333593
0.061157
0.002809
0.016563
0.003359
0
0.03422
0.011127
0.499741
0.064994
0.022158
0.50079
0.087719
0.001755
0.008655
0.057091
0.018106
0.001142
0.031298
0.049289
0.013482
0.036028
0.001387
0.005466
0.000246
0.040639
0.072648
0.018555
0.265458
0.299841
0.03395
0.024635
0.035631
0.232106
0.00884
0.01195
2.3e-05
0.125385
0.501639
0.223486
0.003064
0.297598
0.006175
0.000738
0.081228
0.00721
3e-05
0.002189
0.001854
0.03641
0.043993
0.147976
0.008855
0.022741
0.063383
0.011085
3e-05
0.000747
0.499935
0
