34 10
34 1
34 0
22 17
22 13
22 12
22 15
0 1
0 2
1 0
1 2
2 1
2 0
51 41
36 38
36 41
36 45
36 48
3 5
3 6
3 10
4 11
37 38
37 50
23 15
23 13
23 12
23 29
24 11
24 20
24 19
38 37
38 36
38 40
53 39
53 55
25 11
25 20
25 10
39 53
5 3
5 8
5 18
40 38
6 3
6 21
7 9
7 12
7 26
54 43
8 5
8 28
55 48
55 53
55 39
41 36
41 38
41 44
41 47
41 49
41 51
26 7
9 7
56 41
57 47
10 3
10 16
10 25
11 4
11 19
11 20
11 24
11 25
12 7
12 4
12 13
12 14
12 15
12 17
12 59
13 12
13 14
13 15
13 22
14 12
14 13
14 15
27 20
27 12
27 14
58 50
42 36
59 12
59 60
28 8
43 41
43 54
60 59
44 41
45 36
29 17
29 23
29 13
29 22
29 15
15 12
15 13
15 14
15 17
15 23
15 29
30 31
30 32
46 49
16 10
31 30
32 30
17 12
17 15
17 14
47 41
47 57
62 63
63 62
18 5
19 11
19 20
48 36
48 55
49 46
49 41
50 37
50 58
20 11
20 19
20 24
20 25
21 6
