0 1
0 3
1 0
1 2
1 5
2 1
2 12
3 0
3 4
4 3
5 1
5 2
5 6
5 8
5 10
5 12
6 9
6 12
6 5
6 7
7 6
8 5
9 11
9 492
9 6
10 11
10 5
11 9
11 10
12 64
12 2
12 67
12 5
12 6
12 263
12 172
12 13
12 66
12 14
12 77
12 16
12 17
12 146
12 21
12 86
12 15
12 158
12 32
12 39
12 167
12 44
12 47
12 53
13 124
13 162
13 19
13 36
13 105
13 23
13 12
13 202
13 76
13 125
14 32
14 64
14 99
14 481
14 44
14 106
14 107
14 12
14 45
14 117
14 87
14 42
14 30
15 48
15 33
15 90
15 12
15 29
15 93
16 34
16 59
16 86
16 22
16 27
16 12
16 31
17 64
17 18
17 212
17 110
17 88
17 137
17 58
17 12
17 14
17 63
18 40
18 17
18 51
18 256
19 80
19 195
19 20
19 40
19 25
19 13
19 61
20 19
20 35
20 71
20 185
20 138
20 23
21 16
21 66
21 37
21 188
21 14
21 12
21 46
22 16
22 24
22 53
22 223
23 145
23 114
23 52
23 20
23 26
23 43
23 76
23 13
24 97
24 163
24 22
24 102
24 123
24 92
24 461
24 479
25 19
25 116
25 142
25 195
25 199
25 40
25 41
25 196
25 30
26 115
26 19
26 132
26 70
26 23
26 25
26 43
26 28
27 16
27 56
27 21
27 127
28 26
28 43
28 132
28 70
29 159
29 15
30 25
30 122
30 35
30 171
30 14
31 16
31 56
31 152
32 96
32 12
32 14
33 176
33 15
34 16
34 65
34 69
34 54
34 217
34 89
34 12
34 45
34 14
34 223
35 73
35 107
35 20
35 38
35 30
36 177
36 13
37 104
37 21
37 72
37 121
37 74
37 203
37 188
37 479
38 107
38 73
38 35
39 12
40 25
40 18
40 19
40 140
40 126
41 25
41 116
41 199
42 99
42 45
42 14
43 26
43 28
43 23
44 144
44 49
44 34
44 69
44 216
44 75
44 12
44 109
44 14
45 17
45 34
45 182
45 135
45 42
45 14
46 112
46 21
47 64
47 66
47 180
47 68
47 39
47 172
47 12
47 77
47 158
48 90
48 15
49 144
49 216
49 50
49 44
50 49
50 83
50 134
50 44
50 62
50 207
51 18
51 116
52 57
52 175
52 23
53 128
53 113
53 82
53 69
53 22
53 169
53 58
53 12
53 78
54 16
54 34
54 44
55 45
56 27
56 29
56 31
57 52
57 78
57 175
58 17
58 60
58 53
58 169
59 16
60 58
60 148
60 69
61 80
61 19
61 195
62 50
62 147
62 29
63 17
63 212
63 110
64 17
64 133
64 158
64 193
64 47
64 12
64 141
64 14
64 111
65 217
65 34
65 101
66 130
66 100
66 198
66 12
66 205
66 206
66 174
66 178
66 53
66 47
66 220
66 21
67 16
67 96
67 34
67 156
67 12
68 172
68 12
68 492
68 47
69 60
69 34
69 148
69 44
69 53
70 166
70 150
70 26
70 28
70 13
70 94
71 64
71 20
72 194
72 84
72 37
72 85
73 35
73 38
74 112
74 206
74 213
74 21
74 118
74 91
74 46
74 37
75 139
75 44
75 109
76 209
76 191
76 28
76 13
76 23
77 261
77 86
77 39
77 492
77 154
77 47
77 12
77 167
77 158
77 95
78 136
78 50
78 164
78 53
78 151
78 120
78 57
78 44
78 161
78 149
79 66
79 75
79 12
79 47
80 19
80 61
81 40
81 185
82 53
83 160
83 50
83 134
83 207
84 72
84 194
84 85
85 72
85 170
85 84
85 238
86 16
86 165
86 263
86 47
86 12
86 77
86 159
87 117
87 14
87 261
88 64
88 40
88 20
88 30
88 17
89 217
89 34
90 48
90 152
90 98
90 119
90 56
90 127
90 143
90 15
91 112
91 74
91 206
91 118
91 213
92 24
92 211
92 85
93 48
93 187
93 92
93 29
93 15
94 150
94 70
95 146
95 12
95 77
96 32
96 34
96 67
96 179
96 12
96 108
97 24
98 152
98 90
98 119
99 42
99 106
99 14
100 66
100 130
101 65
101 34
102 24
103 56
103 131
103 37
104 131
104 37
104 203
105 13
106 107
106 99
106 14
106 87
107 73
107 106
107 35
107 14
107 38
108 96
108 183
109 75
109 44
109 139
110 88
110 17
110 182
110 63
111 64
112 21
112 153
112 74
112 91
112 157
112 46
113 169
113 53
114 210
114 130
114 197
114 23
115 129
115 26
115 28
115 197
115 185
116 25
116 51
116 41
117 42
117 14
117 87
118 74
118 91
118 213
119 98
119 143
119 90
119 127
120 149
120 78
121 131
121 37
122 30
123 24
123 163
124 105
124 13
125 13
125 70
126 40
126 140
127 119
127 24
127 90
127 27
127 461
127 190
128 53
129 208
129 115
130 66
130 100
130 184
130 114
130 174
130 221
131 104
131 121
131 82
131 86
131 103
132 26
132 28
133 64
134 50
134 83
134 207
135 45
135 182
136 120
136 78
137 17
138 20
139 49
139 186
139 75
139 44
139 109
140 40
140 197
140 126
141 64
141 133
142 25
143 168
143 90
143 27
143 119
144 49
144 75
144 44
144 109
145 114
145 197
145 222
145 23
146 180
146 167
146 47
146 12
146 77
146 95
147 62
148 218
148 60
148 69
148 173
149 120
149 78
150 94
150 70
151 112
151 52
151 206
151 78
152 181
152 90
152 155
152 98
152 31
153 112
153 157
154 12
154 77
154 95
155 152
155 192
155 181
156 67
157 112
157 153
158 64
158 12
158 77
158 47
159 62
159 492
159 86
159 158
159 29
160 50
160 83
161 164
161 78
162 13
162 23
163 24
163 123
164 161
164 149
164 78
165 86
166 94
166 70
167 146
167 12
167 77
168 143
169 113
169 58
169 53
169 201
170 85
170 215
171 122
171 30
172 12
172 68
172 47
173 148
174 130
174 66
175 57
175 52
176 33
177 36
178 66
178 100
178 21
178 151
178 204
178 189
179 96
179 183
180 146
180 12
180 47
181 152
181 192
181 155
182 14
182 45
182 110
182 135
183 179
183 108
184 130
184 221
185 81
185 18
185 115
185 20
186 139
187 93
188 104
188 37
188 46
188 21
189 178
189 204
190 27
190 31
190 54
190 127
191 209
191 76
192 152
192 155
192 181
193 64
194 72
194 170
194 84
195 200
195 25
195 19
195 61
195 38
196 25
196 142
197 40
197 145
197 114
197 115
197 140
198 66
198 100
198 206
199 256
199 41
199 25
200 195
201 169
202 124
202 13
203 104
203 37
204 178
204 189
205 66
206 74
206 91
206 66
206 198
206 151
207 160
207 50
207 83
207 134
208 129
208 219
209 76
209 191
210 114
211 187
211 92
211 93
212 17
212 63
213 74
213 91
213 118
214 12
214 77
214 95
215 170
216 49
216 44
217 89
217 34
217 65
218 148
219 208
219 129
220 66
220 100
220 198
221 184
221 130
222 145
223 16
223 224
223 34
223 227
223 228
223 22
223 54
223 231
223 226
223 481
224 227
224 228
224 229
224 223
225 224
225 230
226 223
227 224
227 233
227 223
228 224
228 229
228 232
228 234
228 235
228 237
228 223
229 224
229 236
229 228
229 261
230 225
231 226
231 223
232 228
233 227
233 228
234 228
234 237
235 233
235 234
235 228
236 229
237 234
237 228
238 16
238 240
238 85
238 246
238 252
238 155
238 44
238 239
238 254
238 127
239 241
239 238
240 245
240 238
241 248
241 242
241 239
242 241
242 244
242 245
242 247
242 255
242 254
242 239
243 241
243 251
244 242
245 240
245 242
245 250
246 249
246 244
246 252
246 238
247 242
248 241
248 243
249 244
249 253
249 246
250 245
251 243
252 254
252 238
252 246
253 249
254 242
254 252
254 238
255 242
256 257
256 18
256 19
256 199
256 41
256 191
257 256
257 258
257 259
257 260
258 257
259 257
259 481
260 257
261 210
261 212
261 229
261 262
261 87
261 77
262 261
263 178
263 86
263 264
263 265
263 267
263 12
263 274
263 286
263 223
264 322
264 363
264 295
264 377
264 266
264 263
264 428
264 317
264 270
265 290
265 263
265 305
265 268
265 354
265 269
265 273
265 278
265 344
265 442
265 431
265 349
265 280
266 368
266 399
266 264
266 299
266 316
266 270
266 271
267 272
267 277
267 374
267 263
267 282
267 287
268 304
268 275
268 281
268 296
268 265
268 279
269 385
269 265
269 392
269 358
269 305
270 288
270 289
270 322
270 422
270 264
270 372
270 266
270 402
270 271
270 400
270 274
270 435
270 276
270 441
270 345
270 284
270 446
271 289
271 420
271 430
271 266
271 459
271 282
271 270
272 371
272 437
272 310
272 263
272 267
272 303
273 265
274 320
274 291
274 263
274 424
274 284
274 334
274 336
274 306
274 387
274 270
274 409
274 316
274 319
275 456
275 308
275 330
275 404
275 268
276 329
276 449
276 366
276 270
276 361
277 339
277 374
277 311
277 328
277 267
277 381
277 461
278 405
278 457
278 280
278 265
278 284
278 460
279 275
279 308
279 439
279 283
279 268
279 451
280 276
280 350
280 278
280 265
280 300
280 270
281 336
281 297
281 408
281 291
281 268
282 271
282 323
282 342
282 329
282 267
282 430
282 287
283 307
283 292
283 421
283 279
283 281
283 396
283 285
284 353
284 274
284 355
284 302
284 278
284 313
284 315
284 290
284 270
284 285
285 298
285 283
285 284
286 369
286 348
286 341
286 263
287 282
287 267
288 422
288 270
289 325
289 414
289 440
289 315
289 284
289 397
289 270
289 271
290 448
290 353
290 278
290 294
290 359
290 344
290 265
290 444
290 284
290 376
290 335
291 274
291 297
291 281
291 362
291 295
291 285
292 307
292 324
292 421
292 296
292 283
292 415
293 264
293 454
293 388
293 453
293 382
294 290
295 320
295 291
295 340
295 309
295 264
295 380
295 333
295 319
296 292
296 279
296 312
296 314
296 268
296 301
296 383
297 379
297 281
297 291
298 285
299 274
299 395
299 295
299 266
299 331
299 334
299 319
300 280
300 343
301 296
301 312
301 365
301 352
301 367
302 289
302 387
302 284
302 313
303 272
303 310
304 268
305 265
305 346
305 269
306 274
307 396
307 283
307 292
308 370
308 275
308 357
308 279
308 439
308 301
309 416
309 432
309 295
309 264
309 266
309 299
310 272
310 423
310 303
311 328
311 277
312 296
312 443
312 301
313 355
313 284
313 414
313 302
314 296
314 301
314 318
314 453
315 440
315 289
315 284
315 414
315 321
316 266
316 299
316 274
317 288
317 320
317 386
317 420
317 373
317 327
317 264
317 332
317 270
317 479
318 314
319 274
319 299
319 413
319 295
320 401
320 274
320 375
320 426
320 295
320 317
321 315
321 414
322 264
322 403
322 270
322 455
323 282
323 338
323 398
324 292
324 415
325 289
325 414
326 267
326 277
327 460
327 386
327 420
327 317
328 277
328 310
328 311
329 282
329 276
329 398
329 271
330 275
331 347
331 299
331 295
332 317
332 278
332 365
333 295
334 274
334 299
334 306
334 438
335 290
336 281
336 274
336 337
337 336
338 371
338 323
338 342
338 310
339 458
339 410
339 427
339 277
340 333
340 295
341 348
341 349
341 286
342 282
342 338
343 280
343 300
344 265
344 290
345 400
345 441
345 450
345 270
346 456
346 305
346 275
347 331
348 369
348 341
348 286
349 265
349 341
349 437
349 351
350 417
350 452
350 280
350 412
350 317
350 270
351 349
352 301
353 290
353 284
354 265
354 436
355 313
355 290
355 284
356 290
356 389
356 278
356 344
356 265
356 378
357 308
358 269
359 290
359 444
359 335
360 307
361 449
361 276
362 434
362 291
363 264
363 368
364 264
364 291
364 451
364 279
365 352
365 419
365 332
365 301
365 453
366 449
366 276
367 301
368 264
368 266
368 363
369 348
369 341
369 286
369 437
370 308
370 357
371 272
371 338
371 397
372 270
373 386
373 317
374 267
374 277
375 320
376 290
377 264
378 384
378 356
379 297
380 333
380 295
381 277
382 425
382 388
382 293
383 296
384 416
384 378
385 392
385 269
386 373
386 317
386 327
387 274
387 302
387 270
388 454
388 425
388 293
388 382
389 356
389 406
390 338
390 394
390 342
390 418
391 369
391 286
392 385
392 269
393 365
394 390
395 299
396 307
396 283
397 289
397 371
397 411
397 326
398 329
398 323
399 266
400 345
400 372
400 270
401 320
401 426
401 437
402 450
402 372
402 422
402 270
403 322
404 275
405 278
406 445
406 378
406 387
406 389
406 407
407 406
408 281
409 274
409 306
410 339
411 397
412 350
413 319
414 321
414 325
414 289
414 313
414 315
414 447
415 324
415 292
415 421
416 384
416 264
416 309
417 312
417 429
417 350
418 433
418 394
418 390
419 393
419 365
419 453
420 327
420 317
420 398
420 271
421 283
421 292
421 415
422 288
422 400
422 402
422 270
423 310
424 274
425 454
425 388
425 293
425 382
426 320
426 401
427 410
427 339
428 264
428 363
429 417
430 282
430 271
431 265
431 354
431 436
432 309
433 418
434 362
434 291
435 288
435 345
435 450
435 270
436 265
436 354
436 431
437 272
437 369
437 349
437 401
438 334
439 370
439 308
439 357
439 279
440 289
440 315
440 284
441 400
441 345
441 270
442 265
443 312
444 290
444 359
445 384
445 406
446 345
446 402
446 372
446 270
447 414
448 290
448 444
449 361
449 276
449 366
450 345
450 402
450 435
450 372
451 364
451 279
452 350
453 314
453 419
453 365
453 293
454 425
454 388
454 293
455 322
455 403
456 346
456 275
457 460
457 278
458 339
459 271
460 457
460 278
460 327
461 181
461 103
461 24
461 127
461 462
461 277
462 461
462 463
463 462
464 441
464 465
464 387
464 468
464 470
464 265
464 233
464 295
465 464
465 466
465 467
465 469
466 465
466 475
466 469
466 470
467 465
468 464
469 472
469 465
469 466
469 478
470 464
470 473
470 466
470 476
470 471
471 474
471 470
472 469
473 470
474 471
475 466
476 477
476 470
477 476
478 476
478 469
479 480
479 37
479 24
479 329
479 155
479 317
480 479
481 482
481 259
481 484
481 487
481 441
481 483
481 14
481 223
482 481
482 490
482 485
482 487
483 481
483 486
484 481
484 486
484 487
485 489
485 482
486 483
486 484
487 488
487 481
487 482
487 491
487 484
488 482
488 490
488 487
489 485
490 488
490 481
490 482
491 487
492 497
492 499
492 68
492 495
492 295
492 9
492 493
492 77
492 159
493 496
493 498
493 499
493 492
494 492
495 492
496 493
497 492
497 495
498 493
499 492
499 493
