0 1
1 0
2 3
2 5
2 9
2 18
2 20
2 22
2 23
2 34
2 36
2 39
2 41
2 55
3 2
3 54
4 2
4 17
4 24
4 27
4 58
5 2
5 6
5 14
5 35
5 46
5 50
6 5
6 7
6 8
6 10
6 19
6 21
6 30
6 33
6 37
6 42
7 6
7 10
7 19
7 21
7 33
8 6
8 7
8 38
8 43
8 48
9 2
9 18
10 7
10 6
10 4
10 12
10 13
10 15
10 28
10 52
10 126
11 4
11 2
11 25
12 10
12 8
12 16
13 10
13 44
14 5
14 35
15 10
16 12
17 4
18 2
18 9
18 26
18 29
18 51
18 126
19 6
19 7
19 59
20 2
20 9
20 22
20 23
20 49
21 7
21 6
22 20
22 2
23 20
23 2
23 31
23 56
24 4
24 58
25 11
26 18
26 32
26 40
27 4
27 58
28 10
28 13
28 45
29 18
29 40
30 6
30 7
31 23
31 56
31 57
32 9
32 26
32 2
33 21
33 7
33 6
34 2
34 22
34 36
35 14
35 5
36 34
36 2
37 7
37 6
37 30
37 42
38 8
38 43
38 48
39 2
39 36
39 6
40 29
40 18
40 26
40 47
40 51
41 34
41 2
42 37
42 6
42 21
43 8
43 38
44 13
45 28
46 8
46 38
46 42
46 5
47 40
47 18
47 26
48 8
48 38
49 2
49 20
50 5
50 35
51 18
51 40
52 10
53 46
54 3
55 2
56 23
56 31
57 31
57 23
57 56
58 4
58 27
58 24
59 19
60 62
61 63
62 60
62 63
63 61
63 62
65 64
68 69
69 68
71 20
71 5
71 72
71 73
71 74
71 77
71 80
71 86
71 87
71 90
71 98
72 71
72 75
72 85
72 104
72 105
73 71
73 74
73 77
73 95
73 98
73 108
74 71
74 73
74 89
75 72
75 78
75 79
75 83
75 106
75 116
76 81
76 84
76 85
76 91
76 101
76 126
77 71
77 73
77 86
78 75
79 75
79 72
80 71
80 87
80 90
80 108
81 76
81 82
81 99
81 109
81 115
82 81
82 109
82 115
83 71
83 75
84 76
84 92
84 100
84 102
84 103
84 107
85 72
85 76
85 94
86 71
86 77
86 95
87 71
87 73
87 80
87 114
88 76
88 91
89 74
90 71
90 80
91 76
91 88
92 84
92 99
92 100
92 102
93 89
93 74
94 76
94 85
94 72
94 71
94 111
95 73
95 87
95 86
95 71
96 74
96 97
97 96
98 71
98 73
98 80
98 99
99 92
99 76
99 98
99 81
99 113
99 117
100 84
100 92
100 107
100 110
101 76
101 88
102 92
102 100
102 84
102 103
102 126
103 100
103 102
103 84
103 107
103 110
104 72
105 72
106 75
107 92
107 100
107 103
107 84
108 71
108 80
108 73
108 95
109 81
109 82
109 115
110 103
110 100
110 92
111 94
113 99
113 117
114 87
114 95
114 71
114 80
115 82
115 81
115 109
116 75
116 106
116 78
117 99
117 113
118 119
118 120
119 118
119 121
119 122
120 119
120 118
121 119
121 123
122 119
123 121
124 125
125 124
126 4
126 76
126 102
126 10
126 18
126 128
126 129
127 126
128 126
129 126
