130
364
0 1 0.5
1 0 0.0909091
2 3 0.125
2 5 0.0588235
2 9 0.166667
2 18 0.0625
2 20 0.0833333
2 22 0.2
2 23 0.1
2 34 0.125
2 36 0.2
2 39 0.25
2 41 0.333333
2 55 0.5
3 2 0.02
3 54 0.5
4 2 0.02
4 17 0.5
4 24 0.25
4 27 0.2
4 58 0.166667
5 2 0.02
5 6 0.04
5 14 0.25
5 35 0.2
5 46 0.166667
5 50 0.333333
6 5 0.0588235
6 7 0.0666667
6 8 0.0769231
6 10 0.037037
6 19 0.1
6 21 0.166667
6 30 0.25
6 33 0.2
6 37 0.166667
6 42 0.166667
7 6 0.04
7 10 0.037037
7 19 0.1
7 21 0.166667
7 33 0.2
8 6 0.04
8 7 0.0666667
8 38 0.125
8 43 0.25
8 48 0.166667
9 2 0.02
9 18 0.0625
10 7 0.0666667
10 6 0.04
10 4 0.0555556
10 12 0.111111
10 13 0.125
10 15 0.333333
10 28 0.2
10 52 0.5
10 126 0.0526316
11 4 0.0555556
11 2 0.02
11 25 0.5
12 10 0.037037
12 8 0.0769231
12 16 0.5
13 10 0.037037
13 44 0.5
14 5 0.0588235
14 35 0.2
15 10 0.037037
16 12 0.111111
17 4 0.0555556
18 2 0.02
18 9 0.166667
18 26 0.125
18 29 0.2
18 51 0.25
18 126 0.0526316
19 6 0.04
19 7 0.0666667
19 59 0.5
20 2 0.02
20 9 0.166667
20 22 0.2
20 23 0.1
20 49 0.333333
21 7 0.0666667
21 6 0.04
22 20 0.0833333
22 2 0.02
23 20 0.0833333
23 2 0.02
23 31 0.166667
23 56 0.2
24 4 0.0555556
24 58 0.166667
25 11 0.125
26 18 0.0625
26 32 0.2
26 40 0.111111
27 4 0.0555556
27 58 0.166667
28 10 0.037037
28 13 0.125
28 45 0.5
29 18 0.0625
29 40 0.111111
30 6 0.04
30 7 0.0666667
31 23 0.1
31 56 0.2
31 57 0.25
32 9 0.166667
32 26 0.125
32 2 0.02
33 21 0.166667
33 7 0.0666667
33 6 0.04
34 2 0.02
34 22 0.2
34 36 0.2
35 14 0.25
35 5 0.0588235
36 34 0.125
36 2 0.02
37 7 0.0666667
37 6 0.04
37 30 0.25
37 42 0.166667
38 8 0.0769231
38 43 0.25
38 48 0.166667
39 2 0.02
39 36 0.2
39 6 0.04
40 29 0.2
40 18 0.0625
40 26 0.125
40 47 0.2
40 51 0.25
41 34 0.125
41 2 0.02
42 37 0.166667
42 6 0.04
42 21 0.166667
43 8 0.0769231
43 38 0.125
44 13 0.125
45 28 0.2
46 8 0.0769231
46 38 0.125
46 42 0.166667
46 5 0.0588235
47 40 0.111111
47 18 0.0625
47 26 0.125
48 8 0.0769231
48 38 0.125
49 2 0.02
49 20 0.0833333
50 5 0.0588235
50 35 0.2
51 18 0.0625
51 40 0.111111
52 10 0.037037
53 46 0.166667
54 3 0.125
55 2 0.02
56 23 0.1
56 31 0.166667
57 31 0.166667
57 23 0.1
57 56 0.2
58 4 0.0555556
58 27 0.2
58 24 0.25
59 19 0.1
60 62 0.25
61 63 0.25
62 60 0.125
62 63 0.25
63 61 0.25
63 62 0.25
65 64 0.25
68 69 0.25
69 68 0.2
71 20 0.0833333
71 5 0.0588235
71 72 0.0625
71 73 0.0625
71 74 0.1
71 77 0.166667
71 80 0.1
71 86 0.166667
71 87 0.111111
71 90 0.25
71 98 0.142857
72 71 0.0222222
72 75 0.0769231
72 85 0.166667
72 104 0.5
72 105 0.5
73 71 0.0222222
73 74 0.1
73 77 0.166667
73 95 0.125
73 98 0.142857
73 108 0.166667
74 71 0.0222222
74 73 0.0625
74 89 0.333333
75 72 0.0625
75 78 0.333333
75 79 0.142857
75 83 0.25
75 106 0.333333
75 116 0.25
76 81 0.0714286
76 84 0.0666667
76 85 0.166667
76 91 0.2
76 101 0.333333
76 126 0.0526316
77 71 0.0222222
77 73 0.0625
77 86 0.166667
78 75 0.0769231
79 75 0.0769231
79 72 0.0625
80 71 0.0222222
80 87 0.111111
80 90 0.25
80 108 0.166667
81 76 0.0434783
81 82 0.125
81 99 0.0909091
81 109 0.166667
81 115 0.166667
82 81 0.0714286
82 109 0.166667
82 115 0.166667
83 71 0.0222222
83 75 0.0769231
84 76 0.0434783
84 92 0.1
84 100 0.1
84 102 0.111111
84 103 0.111111
84 107 0.1
85 72 0.0625
85 76 0.0434783
85 94 0.1
86 71 0.0222222
86 77 0.166667
86 95 0.125
87 71 0.0222222
87 73 0.0625
87 80 0.1
87 114 0.2
88 76 0.0434783
88 91 0.2
89 74 0.1
90 71 0.0222222
90 80 0.1
91 76 0.0434783
91 88 0.25
92 84 0.0666667
92 99 0.0909091
92 100 0.1
92 102 0.111111
93 89 0.333333
93 74 0.1
94 76 0.0434783
94 85 0.166667
94 72 0.0625
94 71 0.0222222
94 111 0.5
95 73 0.0625
95 87 0.111111
95 86 0.166667
95 71 0.0222222
96 74 0.1
96 97 0.5
97 96 0.111111
98 71 0.0222222
98 73 0.0625
98 80 0.1
98 99 0.0909091
99 92 0.1
99 76 0.0434783
99 98 0.142857
99 81 0.0714286
99 113 0.25
99 117 0.25
100 84 0.0666667
100 92 0.1
100 107 0.1
100 110 0.2
101 76 0.0434783
101 88 0.25
102 92 0.1
102 100 0.1
102 84 0.0666667
102 103 0.111111
102 126 0.0526316
103 100 0.1
103 102 0.111111
103 84 0.0666667
103 107 0.1
103 110 0.2
104 72 0.0625
105 72 0.0625
106 75 0.0769231
107 92 0.1
107 100 0.1
107 103 0.111111
107 84 0.0666667
108 71 0.0222222
108 80 0.1
108 73 0.0625
108 95 0.125
109 81 0.0714286
109 82 0.125
109 115 0.166667
110 103 0.111111
110 100 0.1
110 92 0.1
111 94 0.1
113 99 0.0909091
113 117 0.25
114 87 0.111111
114 95 0.125
114 71 0.0222222
114 80 0.1
115 82 0.125
115 81 0.0714286
115 109 0.166667
116 75 0.0769231
116 106 0.333333
116 78 0.333333
117 99 0.0909091
117 113 0.25
118 119 0.142857
118 120 0.333333
119 118 0.1
119 121 0.142857
119 122 0.5
120 119 0.142857
120 118 0.1
121 119 0.142857
121 123 0.5
122 119 0.142857
123 121 0.142857
124 125 0.5
125 124 0.166667
126 4 0.0555556
126 76 0.0434783
126 102 0.111111
126 10 0.037037
126 18 0.0625
126 128 0.5
126 129 0.5
127 126 0.0526316
128 126 0.0526316
129 126 0.0526316
