0
0
1
0.125752
0.108544
0.166301
1
0.191269
0.086889
0.20969
1
0
0.111881
0.147883
0.049999
0.334183
0.056197
0.054314
0.13248
0.11802
0.184277
0.24679
0.256565
0.117119
0.031142
0
0.017475
0.025396
0.20034
0.027324
0.286386
0.022854
0.003596
0.229076
0.187798
0.048559
0.266036
0.190647
0.018182
0.250932
0.008258
0.333447
0.193685
0.024967
0.073955
0.100185
0.027801
0.001677
0.016676
0.061762
0.05553
0.034258
0.501097
0
0.062722
0.500298
0.027428
0.005692
0.024732
0.058833
0
0
0
0
0
0
0
0
0
0
0
1
0.131661
0.105629
0.109435
1
0.090469
0.203063
0.389126
0.143093
0.160731
0.07765
0.013052
0.251179
0.024035
0.036448
0.194629
0.130879
0.011674
0.036642
0.276224
0.019419
0.114447
0
0.003652
0.044815
0
0
0.274709
1
0.027393
0.029913
0.123185
0.01696
0.065746
0.065728
0.388917
0.006591
0.043263
0.016577
0.008409
0.001804
0
0.297724
0.026297
0.016572
0.250488
0.297647
0
0
0
0
0
0
0
0
1
0
0.499805
0.500522
