0 1
0 2
0 3
0 4
1 0
1 5
2 0
2 5
3 0
3 238
4 0
5 1
5 2
5 6
5 223
6 10
6 11
6 5
6 7
7 9
7 12
7 6
8 7
9 7
10 12
10 6
10 7
11 6
12 133
12 6
12 7
12 73
12 10
12 13
12 14
12 16
12 17
12 19
12 85
12 216
12 25
12 218
12 92
12 93
12 31
12 34
12 28
12 38
12 39
12 41
12 106
12 221
12 479
12 61
13 33
13 12
13 14
13 15
13 80
13 114
13 19
13 238
13 185
13 24
13 153
13 28
13 29
14 96
14 81
14 38
14 104
14 74
14 12
14 13
14 109
15 176
15 100
15 18
15 52
15 86
15 20
15 90
15 13
15 46
15 143
16 32
16 67
16 223
16 21
16 39
16 151
16 12
16 30
16 69
17 112
17 201
17 131
17 87
17 41
17 42
17 59
17 12
17 45
18 144
18 15
19 75
19 12
19 13
19 207
20 89
20 27
20 15
21 16
21 82
21 53
21 22
21 23
21 184
21 57
21 78
22 88
22 188
22 21
22 78
23 209
23 44
23 21
23 53
24 164
24 13
24 62
25 83
25 37
25 41
25 26
25 187
25 12
25 138
25 238
25 141
26 33
26 66
26 214
26 198
26 119
26 25
26 43
26 175
26 238
26 111
27 195
27 20
27 149
27 217
27 124
27 110
27 190
28 72
28 12
28 13
28 70
28 183
29 24
29 48
29 13
29 54
30 16
30 211
30 188
30 69
30 223
31 192
31 194
31 154
31 79
31 12
31 159
32 16
32 17
32 197
33 205
33 36
33 181
33 136
33 26
33 107
33 58
33 13
34 128
34 130
34 35
34 120
34 220
34 12
35 120
35 137
35 34
35 220
36 40
36 33
36 50
36 144
37 25
37 51
38 96
38 91
38 12
38 118
38 14
39 16
39 17
39 83
39 479
39 71
39 56
39 25
39 151
39 12
39 47
40 36
41 17
41 98
41 65
41 39
41 129
41 25
41 186
41 43
41 12
42 32
42 17
42 51
42 147
42 213
42 115
42 87
43 125
43 180
43 55
43 41
43 26
43 63
43 92
43 13
43 45
44 23
45 17
45 34
45 43
45 179
45 222
46 36
46 20
46 15
47 17
47 178
47 49
47 151
47 39
47 140
48 29
48 54
48 101
49 140
49 165
49 47
50 18
50 36
50 110
51 42
51 37
52 212
52 15
53 68
53 82
53 60
53 21
53 23
54 48
54 189
54 29
54 101
55 43
55 180
55 125
55 126
56 71
56 67
56 37
56 39
57 209
57 21
58 200
58 33
58 157
58 110
58 261
59 17
60 53
61 123
61 12
61 77
61 150
61 39
62 24
63 43
63 180
64 61
64 150
65 41
66 144
66 97
66 193
66 84
66 113
66 105
66 26
66 177
66 31
67 56
67 16
67 102
67 39
68 53
69 16
69 211
69 30
70 28
71 56
71 208
71 39
72 28
73 17
73 210
73 59
73 12
73 215
74 208
74 99
74 163
74 14
75 80
75 19
75 116
75 155
76 70
76 135
77 64
77 123
77 61
78 16
78 132
78 21
78 22
78 103
78 94
79 159
79 31
80 75
80 167
80 204
80 171
80 108
80 13
80 207
81 14
82 132
82 44
82 53
82 78
82 21
83 196
83 134
83 39
83 25
83 122
83 95
84 113
84 66
84 193
84 177
85 218
85 12
85 93
85 133
86 121
86 27
86 161
86 46
86 15
87 17
87 42
87 146
87 38
88 22
89 20
90 15
91 96
91 38
92 66
92 43
92 12
92 117
92 166
93 216
93 106
93 12
93 85
94 78
95 122
95 83
95 196
95 134
96 219
96 149
96 38
96 121
96 91
96 14
96 127
97 66
97 84
98 129
98 41
98 186
98 238
98 65
99 74
100 191
100 15
101 48
101 29
101 54
101 189
102 67
103 132
103 78
104 109
104 14
105 97
105 66
106 216
106 12
106 93
107 33
107 26
107 182
108 80
108 25
109 104
109 148
109 14
110 50
110 139
110 169
110 89
110 58
110 27
110 172
110 202
110 174
111 26
111 199
111 119
112 17
112 131
113 177
113 66
113 84
113 261
113 193
114 52
114 13
115 42
116 19
116 162
116 75
116 108
117 160
117 145
117 92
118 38
119 26
119 214
119 111
120 152
120 34
120 35
120 220
121 96
121 86
122 83
122 95
123 64
123 61
123 150
123 77
124 128
124 27
124 149
124 86
125 43
125 126
125 55
126 43
126 125
126 55
127 96
128 48
128 121
128 34
128 124
129 41
129 98
129 186
130 34
130 35
131 112
131 17
132 82
132 156
132 78
132 103
133 12
133 85
134 83
134 95
135 12
135 106
135 76
135 70
136 33
137 120
137 34
137 35
138 25
138 141
139 169
139 174
139 110
140 49
140 165
140 47
141 25
141 138
142 50
143 15
144 36
144 18
144 92
144 66
144 158
145 160
145 92
145 117
146 87
147 42
148 109
149 96
149 121
149 27
149 124
150 64
150 123
150 61
151 16
151 168
151 209
151 47
151 39
152 120
152 130
152 35
153 464
153 108
153 13
154 159
154 31
155 19
155 75
156 132
157 58
158 144
159 192
159 154
159 79
159 194
159 31
160 145
160 92
160 117
160 166
161 27
161 86
162 116
163 74
164 24
164 52
165 49
165 178
165 140
165 47
166 160
166 145
166 92
167 80
167 204
168 151
169 202
169 139
169 174
169 110
169 261
170 41
170 98
171 80
171 167
172 50
172 139
172 110
172 203
173 50
174 169
174 139
174 261
174 110
175 26
176 90
176 15
177 113
177 66
177 84
178 49
178 165
178 47
179 45
180 63
180 43
180 125
180 55
181 136
181 33
181 182
182 107
182 181
183 72
183 28
184 21
185 13
186 129
186 98
186 41
187 25
187 141
188 30
188 22
188 223
189 29
189 54
189 101
190 27
191 24
191 100
192 31
192 159
193 113
193 66
193 84
194 192
194 79
194 31
194 159
195 27
195 190
196 168
196 83
196 95
197 32
198 26
198 492
198 111
199 26
199 119
199 198
199 111
200 58
200 206
201 112
201 17
201 131
202 169
202 110
203 172
204 80
204 263
204 167
205 33
206 200
206 58
206 157
207 80
207 19
207 75
207 155
208 74
208 99
208 71
209 211
209 21
209 23
209 184
209 57
209 151
210 73
211 209
211 69
211 30
212 52
213 42
214 26
214 111
214 119
215 73
215 210
216 106
216 12
216 93
217 27
217 195
217 190
218 12
218 85
218 93
219 96
220 120
220 152
220 130
220 35
220 34
221 12
221 133
222 45
223 16
223 224
223 5
223 225
223 232
223 188
223 30
223 229
224 226
224 228
224 223
225 227
225 223
226 224
226 228
226 230
226 231
226 234
226 235
226 237
227 225
228 224
228 233
228 226
228 236
229 223
230 226
231 226
231 227
232 223
233 228
234 226
234 235
234 237
235 226
235 234
235 231
236 228
237 234
237 226
238 240
238 98
238 3
238 243
238 25
238 26
238 247
238 13
238 254
238 239
239 241
239 242
239 250
239 238
239 247
240 252
240 244
240 238
241 250
241 239
242 241
242 251
242 239
243 238
243 255
244 240
244 252
244 246
245 249
245 242
246 248
246 244
246 239
247 255
247 254
247 238
247 239
248 246
248 247
249 245
250 241
250 239
251 242
251 239
252 240
252 244
252 253
253 252
254 238
254 247
255 243
255 247
256 225
256 259
256 22
256 71
256 257
256 61
256 78
257 256
257 258
257 260
258 257
259 256
260 257
261 113
261 262
261 169
261 58
261 26
261 174
262 261
263 75
263 324
263 325
263 264
263 265
263 266
263 267
263 204
263 269
263 271
263 337
263 274
263 277
263 459
263 25
263 286
263 295
263 296
263 51
263 382
263 120
263 318
264 274
264 276
264 308
264 263
264 265
264 298
264 287
265 322
265 263
265 264
265 378
265 268
265 397
265 270
265 338
265 371
265 276
265 373
265 278
265 340
265 314
265 283
265 285
266 288
266 385
266 275
266 263
266 280
266 345
266 339
266 269
266 302
267 457
267 263
267 264
267 284
267 428
267 365
268 419
268 372
268 437
268 278
268 312
268 265
268 394
268 302
269 288
269 273
269 326
269 263
269 266
269 396
270 355
270 265
270 282
270 307
270 408
271 272
271 369
271 306
271 451
271 479
271 359
271 263
271 383
272 271
273 321
273 390
273 353
273 456
273 327
273 301
273 270
273 269
273 304
273 344
273 342
273 279
273 280
273 381
274 308
274 263
274 264
274 313
274 298
274 364
274 356
275 337
275 293
275 296
275 266
275 347
275 330
275 309
276 264
276 265
276 305
277 402
277 291
277 263
278 292
278 329
278 265
278 411
278 268
278 285
278 334
278 319
279 400
279 273
279 307
279 360
279 321
279 280
279 303
279 319
280 273
280 407
280 405
280 289
280 281
280 266
280 279
280 349
280 399
281 280
281 416
281 404
282 306
282 358
282 265
282 316
282 338
282 270
282 418
283 265
283 397
284 341
284 294
284 375
284 297
284 267
284 286
285 265
285 299
285 278
286 284
286 263
287 264
287 274
287 356
288 272
288 290
288 326
288 377
288 266
288 269
288 271
289 280
289 409
289 266
290 288
290 368
290 377
290 343
291 388
291 277
291 263
291 328
291 268
291 458
291 331
291 300
292 427
292 398
292 278
292 415
293 330
293 275
293 309
294 284
294 318
294 286
294 335
295 263
296 385
296 275
296 263
297 412
297 284
297 375
298 264
298 296
298 274
298 313
298 263
299 285
300 331
300 291
300 458
301 273
301 390
301 342
301 353
301 344
301 327
302 320
302 323
302 266
302 268
302 362
302 426
303 279
304 273
304 311
304 357
304 279
305 384
305 284
305 276
305 341
305 417
306 384
306 341
306 310
306 393
306 282
306 367
306 317
306 270
306 271
307 420
307 316
307 270
307 279
308 264
308 298
308 379
308 274
309 330
309 275
309 293
310 306
311 304
311 442
312 268
312 374
312 263
313 274
313 298
314 441
314 276
314 393
314 265
314 410
314 366
315 352
315 412
315 284
315 452
316 481
316 273
316 307
316 327
316 282
316 380
316 333
317 306
317 367
318 332
318 382
318 294
318 263
319 336
319 329
319 303
319 278
319 279
320 302
321 432
321 273
321 316
321 279
322 265
323 320
323 362
323 453
323 302
324 337
324 402
324 459
324 325
324 263
325 324
325 263
326 288
326 354
326 269
327 273
327 363
327 316
327 347
327 348
327 301
328 458
328 291
328 300
328 334
329 398
329 278
329 319
330 275
330 309
330 293
331 328
331 458
331 291
331 300
332 401
332 388
332 318
333 316
334 328
334 377
334 403
334 278
334 415
335 414
335 365
335 294
335 413
336 350
336 319
337 433
337 275
337 324
337 421
337 263
337 295
337 387
337 430
338 265
338 282
338 389
339 266
340 265
340 370
340 380
341 376
341 305
341 306
341 284
341 346
342 273
342 301
343 290
344 273
344 301
344 481
345 385
345 266
346 376
346 341
346 479
347 361
347 275
347 327
348 442
348 461
348 327
349 280
350 336
350 351
351 312
351 356
351 350
352 315
353 273
353 301
354 368
354 450
354 326
355 384
355 270
356 274
356 351
356 287
357 304
358 282
359 392
359 449
359 282
359 271
360 400
360 279
361 347
362 323
362 445
362 302
363 327
364 274
365 267
365 335
366 314
367 384
367 306
367 317
368 290
368 354
368 326
369 383
369 451
369 271
370 340
371 265
372 394
372 419
372 268
372 437
373 265
373 283
374 312
375 460
375 435
375 457
375 297
375 267
375 284
375 429
376 346
376 341
377 288
377 290
377 444
377 334
378 265
379 308
380 316
380 370
380 436
380 340
381 273
381 301
381 461
382 402
382 318
382 263
383 369
383 271
384 272
384 305
384 306
384 355
384 438
384 423
384 440
384 367
385 296
385 345
385 266
386 355
386 270
387 337
387 431
387 439
387 289
388 328
388 300
388 291
388 332
388 318
389 338
389 395
390 344
390 353
390 456
390 301
390 273
391 304
391 311
392 359
393 448
393 306
393 389
393 425
393 314
393 338
394 372
394 268
395 338
395 389
396 424
396 269
396 327
397 265
397 283
398 329
398 292
399 280
400 360
400 303
400 279
401 332
401 324
401 300
401 422
401 263
402 454
402 324
402 388
402 277
402 382
403 334
404 416
404 281
405 280
406 337
407 280
407 336
407 443
407 446
408 355
408 270
409 289
410 441
410 314
410 366
411 278
412 297
412 315
412 335
413 414
413 335
414 447
414 413
414 335
415 292
415 334
416 281
416 404
417 305
418 282
419 268
419 372
420 307
421 337
421 430
421 406
422 401
423 384
423 440
424 353
424 396
425 448
425 393
426 323
426 302
427 292
428 267
429 305
429 434
429 284
429 375
430 337
430 421
430 433
431 387
431 439
432 321
433 337
433 430
434 429
435 375
436 380
437 268
437 372
438 384
438 423
439 387
439 431
440 384
440 423
441 410
441 314
442 311
442 348
442 327
443 407
444 377
445 362
445 323
445 302
446 443
446 407
447 414
448 393
448 425
449 392
449 359
450 354
450 326
451 369
451 271
452 352
452 315
453 362
453 323
453 445
454 402
455 277
456 344
456 273
456 461
456 390
457 267
457 375
458 328
458 464
458 331
458 291
458 300
459 324
459 263
460 375
461 456
461 396
461 139
461 348
461 381
461 462
462 461
462 463
463 462
464 473
464 458
464 300
464 477
464 80
464 465
464 466
464 468
464 469
464 470
464 471
464 472
464 153
464 362
465 464
465 474
465 475
466 464
467 464
467 474
467 468
467 470
468 464
468 467
468 478
469 464
469 477
470 464
470 467
471 464
472 464
473 464
474 465
474 467
474 475
475 465
475 474
475 476
476 475
477 464
477 469
478 468
479 480
479 274
479 39
479 346
479 12
479 271
480 479
481 432
481 482
481 485
481 344
481 169
481 202
481 316
482 481
482 483
482 484
482 486
483 488
483 482
484 482
485 481
485 487
486 489
486 482
487 481
487 485
488 490
488 483
489 490
489 491
489 486
490 488
490 489
491 489
492 216
492 198
492 497
492 264
492 26
492 283
492 493
492 494
492 495
493 492
494 497
494 498
494 492
495 496
495 492
495 493
496 499
496 495
497 492
497 494
498 494
499 496
