#ignore first line
1 2 0.25
1 4 0.5
2 1 0.25
2 3 0.16666666666666666
3 2 0.25
3 5 0.3333333333333333
3 6 0.07692307692307693
4 1 0.25
5 3 0.16666666666666666
6 3 0.16666666666666666
6 5 0.3333333333333333
6 7 0.16666666666666666
6 8 0.5
6 9 0.25
6 10 0.25
6 13 0.029411764705882353
7 11 0.5
7 12 0.5
7 6 0.07692307692307693
8 6 0.07692307692307693
9 10 0.25
9 6 0.07692307692307693
10 9 0.25
10 6 0.07692307692307693
11 7 0.16666666666666666
12 7 0.16666666666666666
13 34 0.07692307692307693
13 37 0.1
13 6 0.07692307692307693
13 178 0.2
13 107 0.25
13 14 0.1
13 15 0.0625
13 17 0.09090909090909091
13 18 0.045454545454545456
13 148 0.125
13 56 0.06666666666666667
13 25 0.06666666666666667
13 91 0.07142857142857142
13 29 0.07142857142857142
13 159 0.25
13 64 0.05555555555555555
14 100 0.16666666666666666
14 21 0.07142857142857142
14 28 0.08333333333333333
14 13 0.029411764705882353
14 66 0.25
15 17 0.09090909090909091
15 19 0.09090909090909091
15 23 0.05263157894736842
15 171 0.125
15 96 0.5
15 13 0.029411764705882353
15 78 0.25
15 16 0.07142857142857142
16 115 0.125
16 239 0.045454545454545456
16 71 0.06666666666666667
16 58 0.5
16 46 0.16666666666666666
16 15 0.0625
16 206 0.14285714285714285
17 73 0.14285714285714285
17 169 0.125
17 13 0.029411764705882353
17 15 0.0625
17 194 0.125
18 81 0.5
18 124 0.08333333333333333
18 90 0.1111111111111111
18 24 0.09090909090909091
18 26 0.05263157894736842
18 27 0.06666666666666667
18 108 0.3333333333333333
18 13 0.029411764705882353
18 59 0.07692307692307693
18 127 0.25
18 62 0.05
19 49 0.5
19 83 0.25
19 20 0.08333333333333333
19 222 0.3333333333333333
19 15 0.0625
20 161 0.5
20 19 0.09090909090909091
20 71 0.06666666666666667
20 137 0.25
20 76 0.2
20 83 0.25
21 50 0.08333333333333333
21 51 0.06666666666666667
21 153 0.16666666666666666
21 195 0.16666666666666666
21 14 0.1
21 79 0.125
21 32 0.16666666666666666
22 209 0.2
22 35 0.043478260869565216
22 72 0.16666666666666666
22 42 0.125
22 140 0.2
22 162 0.1
22 112 0.14285714285714285
22 17 0.09090909090909091
22 146 0.14285714285714285
22 54 0.14285714285714285
22 93 0.16666666666666666
22 223 0.2
23 33 0.25
23 97 0.16666666666666666
23 36 0.5
23 133 0.3333333333333333
23 15 0.0625
23 185 0.5
23 74 0.2
23 47 0.25
24 113 0.08333333333333333
24 18 0.045454545454545456
24 60 0.058823529411764705
24 39 0.16666666666666666
24 124 0.08333333333333333
25 50 0.08333333333333333
25 68 0.09090909090909091
25 69 0.08333333333333333
25 13 0.029411764705882353
25 44 0.1
25 29 0.07142857142857142
25 64 0.05555555555555555
26 257 0.05555555555555555
26 18 0.045454545454545456
26 38 0.09090909090909091
26 23 0.05263157894736842
26 41 0.16666666666666666
26 92 0.25
26 45 0.08333333333333333
26 103 0.07692307692307693
26 31 0.14285714285714285
26 128 0.3333333333333333
27 257 0.05555555555555555
27 18 0.045454545454545456
27 132 0.25
27 172 0.5
27 40 0.16666666666666666
27 194 0.125
27 24 0.09090909090909091
27 30 0.09090909090909091
28 106 0.16666666666666666
28 52 0.1
28 149 0.2
28 14 0.1
28 170 0.5
29 65 0.125
29 121 0.14285714285714285
29 135 0.16666666666666666
29 23 0.05263157894736842
29 25 0.06666666666666667
29 75 0.2
29 13 0.029411764705882353
30 27 0.06666666666666667
30 220 0.2
30 53 0.3333333333333333
30 152 0.1111111111111111
31 26 0.05263157894736842
31 38 0.09090909090909091
31 167 0.5
32 69 0.08333333333333333
32 211 0.5
32 21 0.07142857142857142
33 23 0.05263157894736842
33 184 0.5
34 120 0.16666666666666666
34 57 0.09090909090909091
34 43 0.5
34 13 0.029411764705882353
34 62 0.05
34 110 0.14285714285714285
35 177 0.09090909090909091
35 146 0.14285714285714285
35 99 0.2
35 22 0.043478260869565216
35 199 0.25
35 72 0.16666666666666666
35 42 0.125
35 112 0.14285714285714285
35 93 0.16666666666666666
35 162 0.1
35 54 0.14285714285714285
36 23 0.05263157894736842
37 101 0.2
37 148 0.125
37 13 0.029411764705882353
37 159 0.25
37 80 0.3333333333333333
38 154 0.5
38 26 0.05263157894736842
38 60 0.058823529411764705
38 31 0.14285714285714285
38 88 0.25
39 105 0.1
39 139 0.5
39 24 0.09090909090909091
40 27 0.06666666666666667
40 132 0.25
40 462 0.1111111111111111
41 26 0.05263157894736842
41 92 0.25
42 35 0.043478260869565216
42 22 0.043478260869565216
42 86 0.5
43 34 0.07692307692307693
44 25 0.06666666666666667
44 50 0.08333333333333333
44 64 0.05555555555555555
45 67 0.14285714285714285
45 71 0.06666666666666667
45 216 0.5
45 26 0.05263157894736842
45 31 0.14285714285714285
45 48 0.14285714285714285
46 201 0.25
46 52 0.1
46 16 0.07142857142857142
47 23 0.05263157894736842
48 67 0.14285714285714285
48 45 0.08333333333333333
48 102 0.1111111111111111
49 19 0.09090909090909091
50 465 0.058823529411764705
50 84 0.14285714285714285
50 21 0.07142857142857142
50 135 0.16666666666666666
50 25 0.06666666666666667
50 44 0.1
51 149 0.2
51 85 0.125
51 70 0.1
51 87 0.1111111111111111
51 179 0.16666666666666666
51 21 0.07142857142857142
51 142 0.14285714285714285
52 89 0.25
52 28 0.08333333333333333
52 46 0.16666666666666666
52 239 0.045454545454545456
52 214 0.25
53 30 0.09090909090909091
54 42 0.125
54 35 0.043478260869565216
54 22 0.043478260869565216
54 102 0.1111111111111111
55 257 0.05555555555555555
55 165 0.1111111111111111
55 152 0.1111111111111111
55 53 0.3333333333333333
55 220 0.2
55 30 0.09090909090909091
56 116 0.2
56 84 0.14285714285714285
56 151 0.2
56 13 0.029411764705882353
56 44 0.1
56 61 0.1
56 95 0.14285714285714285
57 130 0.06666666666666667
57 34 0.07692307692307693
57 110 0.14285714285714285
57 95 0.14285714285714285
57 120 0.16666666666666666
58 16 0.07142857142857142
59 257 0.05555555555555555
59 18 0.045454545454545456
59 111 0.5
59 82 0.25
59 62 0.05
59 207 0.25
60 131 0.1111111111111111
60 38 0.09090909090909091
60 24 0.09090909090909091
60 77 0.0625
60 174 0.2
60 143 0.16666666666666666
60 160 0.1111111111111111
61 84 0.14285714285714285
61 125 0.1
61 151 0.2
61 56 0.06666666666666667
62 18 0.045454545454545456
62 182 0.3333333333333333
62 34 0.07692307692307693
62 205 0.3333333333333333
62 59 0.07692307692307693
62 157 0.16666666666666666
62 63 0.5
63 62 0.05
64 129 0.25
64 114 0.5
64 119 0.1
64 130 0.06666666666666667
64 25 0.06666666666666667
64 91 0.07142857142857142
64 44 0.1
64 13 0.029411764705882353
64 176 0.16666666666666666
65 138 0.5
65 181 0.5
65 29 0.07142857142857142
65 47 0.25
66 100 0.16666666666666666
66 14 0.1
67 45 0.08333333333333333
67 71 0.06666666666666667
67 48 0.14285714285714285
68 188 0.2
68 25 0.06666666666666667
68 44 0.1
68 141 0.2
68 94 0.16666666666666666
68 95 0.14285714285714285
69 119 0.1
69 104 0.2
69 25 0.06666666666666667
69 44 0.1
69 175 0.25
69 32 0.16666666666666666
70 51 0.06666666666666667
70 85 0.125
70 179 0.16666666666666666
70 87 0.1111111111111111
71 98 0.25
71 67 0.14285714285714285
71 20 0.08333333333333333
71 117 0.5
71 38 0.09090909090909091
71 45 0.08333333333333333
71 115 0.125
71 16 0.07142857142857142
72 105 0.1
72 35 0.043478260869565216
72 22 0.043478260869565216
73 17 0.09090909090909091
73 186 0.5
73 194 0.125
74 97 0.16666666666666666
74 23 0.05263157894736842
75 29 0.07142857142857142
75 135 0.16666666666666666
76 19 0.09090909090909091
76 20 0.08333333333333333
76 173 0.2
77 482 0.07142857142857142
77 134 0.2
77 119 0.1
77 60 0.058823529411764705
77 157 0.16666666666666666
77 143 0.16666666666666666
77 160 0.1111111111111111
78 123 0.3333333333333333
78 15 0.0625
79 153 0.16666666666666666
79 195 0.16666666666666666
79 21 0.07142857142857142
79 262 0.125
80 37 0.1
80 13 0.029411764705882353
81 18 0.045454545454545456
82 59 0.07692307692307693
82 462 0.1111111111111111
83 19 0.09090909090909091
83 20 0.08333333333333333
84 50 0.08333333333333333
84 44 0.1
84 61 0.1
84 56 0.06666666666666667
85 51 0.06666666666666667
85 70 0.1
85 87 0.1111111111111111
86 42 0.125
87 51 0.06666666666666667
87 85 0.125
87 70 0.1
87 142 0.14285714285714285
88 145 0.5
88 38 0.09090909090909091
89 52 0.1
89 214 0.25
90 18 0.045454545454545456
90 124 0.08333333333333333
90 127 0.25
90 224 0.06666666666666667
91 65 0.125
91 189 0.5
91 180 0.5
91 218 0.25
91 13 0.029411764705882353
91 125 0.1
91 62 0.05
91 64 0.05555555555555555
92 41 0.16666666666666666
92 26 0.05263157894736842
93 35 0.043478260869565216
93 22 0.043478260869565216
93 118 0.5
94 465 0.058823529411764705
94 68 0.09090909090909091
95 57 0.09090909090909091
95 68 0.09090909090909091
95 56 0.06666666666666667
96 15 0.0625
97 74 0.2
97 23 0.05263157894736842
98 171 0.125
98 71 0.06666666666666667
99 35 0.043478260869565216
99 198 0.14285714285714285
100 66 0.25
100 14 0.1
100 106 0.16666666666666666
101 13 0.029411764705882353
101 37 0.1
101 178 0.2
102 42 0.125
102 144 0.2
102 126 0.25
102 54 0.14285714285714285
102 48 0.14285714285714285
103 97 0.16666666666666666
103 109 0.25
103 196 0.16666666666666666
103 197 0.2
103 183 0.2
103 23 0.05263157894736842
103 26 0.05263157894736842
103 45 0.08333333333333333
104 69 0.08333333333333333
104 175 0.25
105 202 0.5
105 219 0.2
105 264 0.07692307692307693
105 39 0.16666666666666666
105 72 0.16666666666666666
106 100 0.16666666666666666
106 217 0.5
106 28 0.08333333333333333
107 13 0.029411764705882353
108 18 0.045454545454545456
108 90 0.1111111111111111
109 190 0.5
109 103 0.07692307692307693
110 57 0.09090909090909091
110 34 0.07692307692307693
110 120 0.16666666666666666
111 59 0.07692307692307693
112 35 0.043478260869565216
112 140 0.2
112 22 0.043478260869565216
113 163 0.14285714285714285
113 164 0.25
113 136 0.16666666666666666
113 122 0.125
113 24 0.09090909090909091
113 30 0.09090909090909091
113 62 0.05
114 64 0.05555555555555555
115 171 0.125
115 206 0.14285714285714285
115 71 0.06666666666666667
115 16 0.07142857142857142
116 61 0.1
116 56 0.06666666666666667
117 71 0.06666666666666667
118 93 0.16666666666666666
119 77 0.0625
119 168 0.3333333333333333
119 69 0.08333333333333333
119 239 0.045454545454545456
119 64 0.05555555555555555
120 57 0.09090909090909091
120 34 0.07692307692307693
120 110 0.14285714285714285
121 74 0.2
121 75 0.2
121 29 0.07142857142857142
121 191 0.5
121 47 0.25
122 113 0.08333333333333333
122 163 0.14285714285714285
122 164 0.25
122 136 0.16666666666666666
123 73 0.14285714285714285
123 78 0.25
124 18 0.045454545454545456
124 166 0.2
124 24 0.09090909090909091
124 90 0.1111111111111111
124 187 0.25
124 62 0.05
125 56 0.06666666666666667
125 218 0.25
125 91 0.07142857142857142
125 224 0.06666666666666667
125 29 0.07142857142857142
125 61 0.1
126 156 0.5
126 102 0.1111111111111111
127 90 0.1111111111111111
127 18 0.045454545454545456
128 41 0.16666666666666666
128 26 0.05263157894736842
129 176 0.16666666666666666
129 64 0.05555555555555555
130 210 0.16666666666666666
130 150 0.25
130 224 0.06666666666666667
130 57 0.09090909090909091
130 64 0.05555555555555555
130 110 0.14285714285714285
130 208 0.16666666666666666
130 62 0.05
131 60 0.058823529411764705
131 77 0.0625
131 174 0.2
131 160 0.1111111111111111
132 27 0.06666666666666667
132 40 0.16666666666666666
133 97 0.16666666666666666
133 23 0.05263157894736842
134 131 0.1111111111111111
134 60 0.058823529411764705
134 77 0.0625
135 50 0.08333333333333333
135 75 0.2
135 29 0.07142857142857142
136 113 0.08333333333333333
136 122 0.125
136 163 0.14285714285714285
137 20 0.08333333333333333
137 173 0.2
138 65 0.125
139 39 0.16666666666666666
140 22 0.043478260869565216
140 112 0.14285714285714285
141 188 0.2
141 68 0.09090909090909091
141 94 0.16666666666666666
142 51 0.06666666666666667
142 28 0.08333333333333333
142 85 0.125
142 70 0.1
142 87 0.1111111111111111
143 131 0.1111111111111111
143 60 0.058823529411764705
143 77 0.0625
144 102 0.1111111111111111
144 48 0.14285714285714285
145 88 0.25
146 177 0.09090909090909091
146 35 0.043478260869565216
146 22 0.043478260869565216
147 51 0.06666666666666667
147 70 0.1
148 465 0.058823529411764705
148 37 0.1
148 107 0.25
148 13 0.029411764705882353
149 51 0.06666666666666667
149 28 0.08333333333333333
150 130 0.06666666666666667
150 158 0.14285714285714285
151 116 0.2
151 61 0.1
151 56 0.06666666666666667
152 155 0.3333333333333333
152 165 0.1111111111111111
152 30 0.09090909090909091
152 55 0.09090909090909091
153 195 0.16666666666666666
153 21 0.07142857142857142
153 79 0.125
154 38 0.09090909090909091
155 55 0.09090909090909091
155 152 0.1111111111111111
156 126 0.25
157 60 0.058823529411764705
157 77 0.0625
157 62 0.05
157 143 0.16666666666666666
158 130 0.06666666666666667
158 210 0.16666666666666666
158 150 0.25
158 208 0.16666666666666666
159 37 0.1
159 13 0.029411764705882353
160 131 0.1111111111111111
160 60 0.058823529411764705
160 77 0.0625
160 134 0.2
161 20 0.08333333333333333
162 177 0.09090909090909091
162 146 0.14285714285714285
162 35 0.043478260869565216
162 209 0.2
162 22 0.043478260869565216
163 113 0.08333333333333333
163 122 0.125
163 136 0.16666666666666666
164 113 0.08333333333333333
164 122 0.125
165 257 0.05555555555555555
165 140 0.2
165 30 0.09090909090909091
165 55 0.09090909090909091
165 152 0.1111111111111111
166 187 0.25
166 124 0.08333333333333333
167 31 0.14285714285714285
168 119 0.1
169 17 0.09090909090909091
169 200 0.25
169 165 0.1111111111111111
169 204 0.25
169 144 0.2
170 28 0.08333333333333333
171 98 0.25
171 115 0.125
171 215 0.5
171 15 0.0625
172 27 0.06666666666666667
173 137 0.25
173 76 0.2
173 168 0.3333333333333333
174 131 0.1111111111111111
174 60 0.058823529411764705
174 160 0.1111111111111111
175 69 0.08333333333333333
175 104 0.2
176 129 0.25
176 262 0.125
176 64 0.05555555555555555
177 146 0.14285714285714285
177 35 0.043478260869565216
177 162 0.1
177 264 0.07692307692307693
177 223 0.2
177 112 0.14285714285714285
178 101 0.2
178 107 0.25
178 13 0.029411764705882353
179 51 0.06666666666666667
179 85 0.125
179 70 0.1
179 87 0.1111111111111111
180 91 0.07142857142857142
181 65 0.125
182 62 0.05
183 196 0.16666666666666666
183 103 0.07692307692307693
184 33 0.25
185 23 0.05263157894736842
186 73 0.14285714285714285
187 124 0.08333333333333333
187 166 0.2
188 68 0.09090909090909091
188 141 0.2
188 94 0.16666666666666666
189 91 0.07142857142857142
190 109 0.25
191 121 0.14285714285714285
192 116 0.2
192 61 0.1
192 56 0.06666666666666667
193 149 0.2
194 73 0.14285714285714285
194 41 0.16666666666666666
194 27 0.06666666666666667
194 17 0.09090909090909091
194 144 0.2
195 153 0.16666666666666666
195 21 0.07142857142857142
195 79 0.125
196 197 0.2
196 183 0.2
196 103 0.07692307692307693
197 196 0.16666666666666666
197 183 0.2
197 103 0.07692307692307693
198 99 0.2
198 219 0.2
198 264 0.07692307692307693
199 99 0.2
199 35 0.043478260869565216
199 198 0.14285714285714285
200 169 0.125
200 204 0.25
201 46 0.16666666666666666
201 206 0.14285714285714285
202 105 0.1
203 124 0.08333333333333333
203 166 0.2
204 169 0.125
204 200 0.25
205 62 0.05
206 201 0.25
206 115 0.125
206 60 0.058823529411764705
206 16 0.07142857142857142
207 59 0.07692307692307693
207 212 0.3333333333333333
208 130 0.06666666666666667
208 158 0.14285714285714285
208 210 0.16666666666666666
209 162 0.1
209 35 0.043478260869565216
209 22 0.043478260869565216
210 130 0.06666666666666667
210 158 0.14285714285714285
210 208 0.16666666666666666
211 32 0.16666666666666666
212 59 0.07692307692307693
212 207 0.25
213 69 0.08333333333333333
213 104 0.2
214 89 0.25
214 52 0.1
215 171 0.125
216 45 0.08333333333333333
217 106 0.16666666666666666
218 91 0.07142857142857142
218 125 0.1
219 105 0.1
219 67 0.14285714285714285
219 198 0.14285714285714285
220 30 0.09090909090909091
220 55 0.09090909090909091
220 152 0.1111111111111111
221 205 0.3333333333333333
221 62 0.05
221 182 0.3333333333333333
222 19 0.09090909090909091
222 148 0.125
223 177 0.09090909090909091
223 162 0.1
223 22 0.043478260869565216
224 225 0.08333333333333333
224 34 0.07692307692307693
224 227 0.07142857142857142
224 231 0.25
224 130 0.06666666666666667
224 90 0.1111111111111111
224 125 0.1
224 95 0.14285714285714285
225 226 0.16666666666666666
225 227 0.07142857142857142
225 228 0.125
225 231 0.25
225 235 0.25
225 224 0.06666666666666667
226 225 0.08333333333333333
226 233 0.14285714285714285
226 235 0.25
227 225 0.08333333333333333
227 228 0.125
227 229 0.2
227 232 0.5
227 237 0.25
227 238 0.25
227 224 0.06666666666666667
228 225 0.08333333333333333
228 227 0.07142857142857142
228 224 0.06666666666666667
229 227 0.07142857142857142
229 228 0.125
229 230 0.25
230 236 0.5
230 229 0.2
231 225 0.08333333333333333
231 224 0.06666666666666667
232 227 0.07142857142857142
233 226 0.16666666666666666
233 228 0.125
233 239 0.045454545454545456
233 234 0.5
234 233 0.14285714285714285
235 225 0.08333333333333333
235 226 0.16666666666666666
236 230 0.25
237 227 0.07142857142857142
237 238 0.25
238 227 0.07142857142857142
238 237 0.25
239 241 0.25
239 242 0.07142857142857142
239 243 0.16666666666666666
239 52 0.1
239 246 0.5
239 119 0.1
239 244 0.14285714285714285
239 233 0.14285714285714285
239 240 0.25
239 77 0.0625
239 16 0.07142857142857142
240 251 0.3333333333333333
240 239 0.045454545454545456
241 247 0.2
241 239 0.045454545454545456
242 245 0.2
242 255 0.3333333333333333
242 248 0.1111111111111111
242 250 0.16666666666666666
242 252 0.3333333333333333
242 239 0.045454545454545456
243 244 0.14285714285714285
243 239 0.045454545454545456
243 248 0.1111111111111111
244 250 0.16666666666666666
244 243 0.16666666666666666
244 239 0.045454545454545456
245 242 0.07142857142857142
245 256 0.25
246 239 0.045454545454545456
247 241 0.25
247 242 0.07142857142857142
247 249 0.5
248 242 0.07142857142857142
248 243 0.16666666666666666
248 254 0.5
248 239 0.045454545454545456
248 256 0.25
249 247 0.2
250 242 0.07142857142857142
250 244 0.14285714285714285
250 253 0.25
251 245 0.2
251 240 0.25
252 242 0.07142857142857142
253 250 0.16666666666666666
253 244 0.14285714285714285
253 242 0.07142857142857142
254 248 0.1111111111111111
255 242 0.07142857142857142
255 252 0.3333333333333333
256 245 0.2
256 248 0.1111111111111111
257 258 0.5
257 259 0.5
257 260 0.3333333333333333
257 165 0.1111111111111111
257 55 0.09090909090909091
257 26 0.05263157894736842
257 27 0.06666666666666667
257 59 0.07692307692307693
257 462 0.1111111111111111
258 257 0.05555555555555555
259 257 0.05555555555555555
260 257 0.05555555555555555
261 260 0.3333333333333333
262 25 0.06666666666666667
262 28 0.08333333333333333
262 263 0.5
262 79 0.125
262 176 0.16666666666666666
263 262 0.125
264 177 0.09090909090909091
264 265 0.09090909090909091
264 198 0.14285714285714285
264 354 0.25
264 105 0.1
264 301 0.08333333333333333
265 273 0.045454545454545456
265 266 0.03333333333333333
265 380 0.16666666666666666
265 277 0.08333333333333333
265 264 0.07692307692307693
266 289 0.125
266 396 0.14285714285714285
266 325 0.06666666666666667
266 392 0.3333333333333333
266 265 0.09090909090909091
266 299 0.047619047619047616
266 268 0.08333333333333333
266 270 0.041666666666666664
266 286 0.07692307692307693
266 275 0.045454545454545456
266 432 0.25
266 279 0.1
266 348 0.1111111111111111
266 267 0.045454545454545456
267 337 0.5
267 307 0.14285714285714285
267 310 0.1111111111111111
267 391 0.5
267 328 0.16666666666666666
267 393 0.25
267 266 0.03333333333333333
267 269 0.05263157894736842
267 318 0.09090909090909091
267 272 0.09090909090909091
268 266 0.03333333333333333
268 348 0.1111111111111111
268 389 0.14285714285714285
268 270 0.041666666666666664
268 271 0.05263157894736842
269 352 0.3333333333333333
269 276 0.07142857142857142
269 422 0.3333333333333333
269 455 0.5
269 280 0.125
269 267 0.045454545454545456
269 300 0.2
269 272 0.09090909090909091
270 273 0.045454545454545456
270 425 0.5
270 276 0.07142857142857142
270 423 0.07692307692307693
270 295 0.14285714285714285
270 394 0.1111111111111111
270 329 0.5
270 266 0.03333333333333333
270 268 0.08333333333333333
270 482 0.07142857142857142
270 304 0.1111111111111111
271 274 0.1
271 403 0.2
271 421 0.25
271 410 0.25
271 346 0.125
271 283 0.16666666666666666
271 268 0.08333333333333333
271 272 0.09090909090909091
272 267 0.045454545454545456
272 269 0.05263157894736842
272 278 0.25
272 271 0.05263157894736842
272 288 0.125
273 281 0.058823529411764705
273 314 0.14285714285714285
273 324 0.16666666666666666
273 277 0.08333333333333333
273 293 0.1
273 290 0.06666666666666667
273 265 0.09090909090909091
273 282 0.2
273 270 0.041666666666666664
273 319 0.3333333333333333
273 297 0.08333333333333333
274 417 0.14285714285714285
274 363 0.25
274 327 0.07142857142857142
274 271 0.05263157894736842
274 419 0.14285714285714285
275 385 0.16666666666666666
275 386 0.16666666666666666
275 339 0.3333333333333333
275 292 0.07142857142857142
275 434 0.1
275 312 0.08333333333333333
275 266 0.03333333333333333
275 411 0.25
275 360 0.1
275 334 0.08333333333333333
275 427 0.16666666666666666
276 353 0.06666666666666667
276 317 0.08333333333333333
276 280 0.125
276 269 0.05263157894736842
276 267 0.045454545454545456
276 285 0.058823529411764705
276 270 0.041666666666666664
277 273 0.045454545454545456
277 297 0.08333333333333333
277 265 0.09090909090909091
277 380 0.16666666666666666
277 286 0.07692307692307693
277 384 0.5
278 272 0.09090909090909091
279 266 0.03333333333333333
279 299 0.047619047619047616
279 396 0.14285714285714285
279 480 0.1
280 321 0.2
280 461 0.5
280 276 0.07142857142857142
280 269 0.05263157894736842
281 273 0.045454545454545456
281 433 0.14285714285714285
281 437 0.2
281 358 0.1111111111111111
281 311 0.07692307692307693
281 378 0.125
281 331 0.14285714285714285
281 284 0.08333333333333333
282 273 0.045454545454545456
283 369 0.2
283 309 0.1111111111111111
283 271 0.05263157894736842
284 297 0.08333333333333333
284 375 0.5
284 281 0.058823529411764705
284 446 0.5
284 286 0.07692307692307693
284 414 0.16666666666666666
285 305 0.5
285 291 0.09090909090909091
285 292 0.07142857142857142
285 287 0.16666666666666666
285 276 0.07142857142857142
285 356 0.14285714285714285
285 318 0.09090909090909091
285 303 0.16666666666666666
286 312 0.08333333333333333
286 277 0.08333333333333333
286 296 0.25
286 341 0.16666666666666666
286 266 0.03333333333333333
286 284 0.08333333333333333
286 270 0.041666666666666664
287 285 0.058823529411764705
287 335 0.16666666666666666
287 448 0.16666666666666666
288 294 0.14285714285714285
288 427 0.16666666666666666
288 278 0.25
288 272 0.09090909090909091
289 266 0.03333333333333333
289 330 0.25
289 306 0.16666666666666666
290 273 0.045454545454545456
290 293 0.1
290 458 0.125
290 314 0.14285714285714285
290 400 0.14285714285714285
290 333 0.16666666666666666
290 336 0.14285714285714285
291 405 0.125
291 379 0.25
291 292 0.07142857142857142
291 285 0.058823529411764705
291 303 0.16666666666666666
292 291 0.09090909090909091
292 356 0.14285714285714285
292 327 0.07142857142857142
292 298 0.3333333333333333
292 332 0.5
292 285 0.058823529411764705
292 275 0.045454545454545456
293 273 0.045454545454545456
293 282 0.2
293 388 0.25
293 394 0.1111111111111111
293 290 0.06666666666666667
294 426 0.2
294 357 0.25
294 270 0.041666666666666664
294 288 0.125
295 281 0.058823529411764705
295 420 0.25
295 270 0.041666666666666664
295 326 0.25
296 315 0.2
296 286 0.07692307692307693
297 273 0.045454545454545456
297 322 0.14285714285714285
297 277 0.08333333333333333
297 284 0.08333333333333333
297 365 0.3333333333333333
297 414 0.16666666666666666
298 292 0.07142857142857142
299 323 0.09090909090909091
299 343 0.1
299 279 0.1
299 362 0.1111111111111111
299 266 0.03333333333333333
299 347 0.07142857142857142
299 419 0.14285714285714285
299 350 0.125
299 302 0.06666666666666667
299 320 0.0625
300 269 0.05263157894736842
300 423 0.07692307692307693
301 401 0.14285714285714285
301 390 0.2
301 264 0.07692307692307693
301 456 0.25
301 397 0.1111111111111111
301 382 0.14285714285714285
302 323 0.09090909090909091
302 404 0.16666666666666666
302 343 0.1
302 362 0.1111111111111111
302 299 0.047619047619047616
302 320 0.0625
303 457 0.5
303 291 0.09090909090909091
303 285 0.058823529411764705
304 308 0.05
304 270 0.041666666666666664
304 415 0.25
304 368 0.2
305 285 0.058823529411764705
306 289 0.125
306 266 0.03333333333333333
306 338 0.14285714285714285
307 313 0.1
307 393 0.25
307 267 0.045454545454545456
308 353 0.06666666666666667
308 372 0.1111111111111111
308 373 0.25
308 359 0.07692307692307693
308 279 0.1
308 312 0.08333333333333333
308 266 0.03333333333333333
308 316 0.125
308 398 0.2
308 304 0.1111111111111111
309 369 0.2
309 283 0.16666666666666666
309 269 0.05263157894736842
309 439 0.25
309 408 0.14285714285714285
310 267 0.045454545454545456
310 371 0.25
310 341 0.16666666666666666
310 342 0.25
311 433 0.14285714285714285
311 435 0.2
311 437 0.2
311 358 0.1111111111111111
311 281 0.058823529411764705
311 378 0.125
312 449 0.5
312 275 0.045454545454545456
312 308 0.05
312 310 0.1111111111111111
312 265 0.09090909090909091
312 286 0.07692307692307693
312 351 0.3333333333333333
313 355 0.25
313 441 0.25
313 267 0.045454545454545456
313 307 0.14285714285714285
313 271 0.05263157894736842
313 443 0.5
314 273 0.045454545454545456
314 290 0.06666666666666667
314 349 0.5
315 344 0.5
315 311 0.07692307692307693
315 296 0.25
316 428 0.2
316 308 0.05
316 398 0.2
317 402 0.25
317 307 0.14285714285714285
317 276 0.07142857142857142
317 389 0.14285714285714285
317 442 0.5
317 299 0.047619047619047616
317 302 0.06666666666666667
317 272 0.09090909090909091
318 267 0.045454545454545456
318 285 0.058823529411764705
318 291 0.09090909090909091
318 367 0.5
318 328 0.16666666666666666
319 273 0.045454545454545456
319 282 0.2
320 419 0.14285714285714285
320 438 0.16666666666666666
320 343 0.1
320 299 0.047619047619047616
320 350 0.125
320 347 0.07142857142857142
320 302 0.06666666666666667
321 354 0.25
321 300 0.2
321 280 0.125
322 297 0.08333333333333333
322 314 0.14285714285714285
322 338 0.14285714285714285
322 306 0.16666666666666666
323 299 0.047619047619047616
323 347 0.07142857142857142
323 325 0.06666666666666667
323 302 0.06666666666666667
323 438 0.16666666666666666
324 273 0.045454545454545456
324 282 0.2
324 345 0.5
325 323 0.09090909090909091
325 348 0.1111111111111111
325 279 0.1
325 429 0.2
325 266 0.03333333333333333
325 459 0.25
325 364 0.125
325 381 0.16666666666666666
326 420 0.25
326 295 0.14285714285714285
327 289 0.125
327 274 0.1
327 292 0.07142857142857142
327 377 0.14285714285714285
327 268 0.08333333333333333
327 412 0.16666666666666666
327 431 0.2
327 320 0.0625
328 267 0.045454545454545456
328 318 0.09090909090909091
328 395 0.5
329 270 0.041666666666666664
330 289 0.125
330 348 0.1111111111111111
331 281 0.058823529411764705
331 372 0.1111111111111111
331 324 0.16666666666666666
331 460 0.5
332 292 0.07142857142857142
333 290 0.06666666666666667
333 451 0.1111111111111111
333 400 0.14285714285714285
334 385 0.16666666666666666
334 434 0.1
334 275 0.045454545454545456
334 360 0.1
334 427 0.16666666666666666
334 411 0.25
335 359 0.07692307692307693
335 287 0.16666666666666666
335 448 0.16666666666666666
336 290 0.06666666666666667
336 451 0.1111111111111111
336 405 0.125
337 267 0.045454545454545456
338 409 0.5
338 306 0.16666666666666666
338 322 0.14285714285714285
339 338 0.14285714285714285
339 275 0.045454545454545456
340 394 0.1111111111111111
340 372 0.1111111111111111
340 293 0.1
340 388 0.25
341 452 0.5
341 310 0.1111111111111111
341 286 0.07692307692307693
342 371 0.25
342 310 0.1111111111111111
343 362 0.1111111111111111
343 299 0.047619047619047616
343 302 0.06666666666666667
343 320 0.0625
344 315 0.2
345 324 0.16666666666666666
346 410 0.25
346 403 0.2
346 421 0.25
346 271 0.05263157894736842
347 482 0.07142857142857142
347 323 0.09090909090909091
347 343 0.1
347 493 0.1
347 299 0.047619047619047616
347 350 0.125
347 302 0.06666666666666667
347 320 0.0625
348 289 0.125
348 266 0.03333333333333333
348 268 0.08333333333333333
348 325 0.06666666666666667
348 330 0.25
349 314 0.14285714285714285
350 362 0.1111111111111111
350 299 0.047619047619047616
350 347 0.07142857142857142
350 320 0.0625
351 318 0.09090909090909091
351 312 0.08333333333333333
352 269 0.05263157894736842
353 387 0.1
353 276 0.07142857142857142
353 406 0.14285714285714285
353 407 0.1111111111111111
353 376 0.25
353 361 0.16666666666666666
353 308 0.05
353 269 0.05263157894736842
354 321 0.2
354 264 0.07692307692307693
355 313 0.1
355 399 0.25
356 298 0.3333333333333333
356 292 0.07142857142857142
356 285 0.058823529411764705
356 278 0.25
356 318 0.09090909090909091
357 426 0.2
357 294 0.14285714285714285
358 281 0.058823529411764705
358 433 0.14285714285714285
358 311 0.07692307692307693
359 370 0.1
359 308 0.05
359 374 0.3333333333333333
359 383 0.2
359 366 0.16666666666666666
359 335 0.16666666666666666
360 385 0.16666666666666666
360 386 0.16666666666666666
360 275 0.045454545454545456
360 334 0.08333333333333333
360 434 0.1
361 353 0.06666666666666667
361 387 0.1
361 407 0.1111111111111111
362 299 0.047619047619047616
362 320 0.0625
362 350 0.125
362 343 0.1
362 302 0.06666666666666667
363 417 0.14285714285714285
363 274 0.1
364 381 0.16666666666666666
364 459 0.25
364 325 0.06666666666666667
365 297 0.08333333333333333
365 322 0.14285714285714285
366 370 0.1
366 359 0.07692307692307693
367 318 0.09090909090909091
368 415 0.25
368 304 0.1111111111111111
369 283 0.16666666666666666
369 309 0.1111111111111111
370 458 0.125
370 383 0.2
370 405 0.125
370 366 0.16666666666666666
370 359 0.07692307692307693
371 342 0.25
371 310 0.1111111111111111
372 340 0.14285714285714285
372 308 0.05
372 331 0.14285714285714285
372 316 0.125
372 440 0.5
373 316 0.125
373 308 0.05
374 366 0.16666666666666666
374 359 0.07692307692307693
375 284 0.08333333333333333
376 353 0.06666666666666667
377 417 0.14285714285714285
377 412 0.16666666666666666
377 327 0.07142857142857142
378 281 0.058823529411764705
378 435 0.2
378 358 0.1111111111111111
378 311 0.07692307692307693
379 291 0.09090909090909091
379 285 0.058823529411764705
380 265 0.09090909090909091
380 418 0.5
380 277 0.08333333333333333
381 429 0.2
381 364 0.125
381 325 0.06666666666666667
382 301 0.08333333333333333
382 456 0.25
383 370 0.1
383 366 0.16666666666666666
383 359 0.07692307692307693
384 277 0.08333333333333333
385 275 0.045454545454545456
385 334 0.08333333333333333
385 360 0.1
386 434 0.1
386 275 0.045454545454545456
386 360 0.1
387 353 0.06666666666666667
387 361 0.16666666666666666
387 406 0.14285714285714285
387 407 0.1111111111111111
387 376 0.25
388 340 0.14285714285714285
388 293 0.1
389 276 0.07142857142857142
389 268 0.08333333333333333
389 317 0.08333333333333333
389 436 0.5
390 401 0.14285714285714285
390 301 0.08333333333333333
390 382 0.14285714285714285
391 267 0.045454545454545456
392 266 0.03333333333333333
393 267 0.045454545454545456
393 307 0.14285714285714285
394 453 0.5
394 340 0.14285714285714285
394 308 0.05
394 293 0.1
394 270 0.041666666666666664
395 328 0.16666666666666666
396 266 0.03333333333333333
396 432 0.25
396 279 0.1
396 392 0.3333333333333333
397 454 0.5
397 301 0.08333333333333333
397 382 0.14285714285714285
397 408 0.14285714285714285
398 308 0.05
398 316 0.125
399 355 0.25
399 447 0.5
400 290 0.06666666666666667
400 451 0.1111111111111111
400 333 0.16666666666666666
401 301 0.08333333333333333
401 413 0.5
401 397 0.1111111111111111
401 390 0.2
402 317 0.08333333333333333
402 439 0.25
403 346 0.125
403 271 0.05263157894736842
404 268 0.08333333333333333
404 323 0.09090909090909091
404 364 0.125
404 302 0.06666666666666667
404 271 0.05263157894736842
405 370 0.1
405 379 0.25
405 291 0.09090909090909091
405 359 0.07692307692307693
405 336 0.14285714285714285
406 353 0.06666666666666667
406 387 0.1
406 448 0.16666666666666666
406 376 0.25
407 361 0.16666666666666666
407 353 0.06666666666666667
407 387 0.1
407 304 0.1111111111111111
407 368 0.2
408 369 0.2
408 397 0.1111111111111111
408 309 0.1111111111111111
408 424 0.5
409 338 0.14285714285714285
410 346 0.125
410 271 0.05263157894736842
411 275 0.045454545454545456
411 334 0.08333333333333333
412 377 0.14285714285714285
412 431 0.2
412 327 0.07142857142857142
413 401 0.14285714285714285
414 297 0.08333333333333333
414 284 0.08333333333333333
414 430 0.5
415 304 0.1111111111111111
415 368 0.2
416 441 0.25
416 397 0.1111111111111111
416 382 0.14285714285714285
416 264 0.07692307692307693
417 377 0.14285714285714285
417 274 0.1
417 363 0.25
417 327 0.07142857142857142
418 380 0.16666666666666666
419 274 0.1
419 299 0.047619047619047616
419 320 0.0625
420 326 0.25
420 295 0.14285714285714285
421 346 0.125
421 271 0.05263157894736842
422 269 0.05263157894736842
422 352 0.3333333333333333
423 482 0.07142857142857142
423 300 0.2
423 407 0.1111111111111111
423 444 0.3333333333333333
423 445 0.3333333333333333
423 270 0.041666666666666664
423 480 0.1
424 408 0.14285714285714285
425 270 0.041666666666666664
426 357 0.25
426 294 0.14285714285714285
426 288 0.125
427 275 0.045454545454545456
427 334 0.08333333333333333
427 288 0.125
428 316 0.125
428 308 0.05
428 373 0.25
428 398 0.2
429 381 0.16666666666666666
429 364 0.125
429 325 0.06666666666666667
430 414 0.16666666666666666
431 377 0.14285714285714285
431 412 0.16666666666666666
431 327 0.07142857142857142
432 266 0.03333333333333333
432 396 0.14285714285714285
433 281 0.058823529411764705
433 378 0.125
433 358 0.1111111111111111
433 311 0.07692307692307693
434 465 0.058823529411764705
434 386 0.16666666666666666
434 275 0.045454545454545456
434 334 0.08333333333333333
434 360 0.1
435 378 0.125
435 358 0.1111111111111111
435 311 0.07692307692307693
436 389 0.14285714285714285
437 281 0.058823529411764705
437 358 0.1111111111111111
437 311 0.07692307692307693
438 323 0.09090909090909091
438 302 0.06666666666666667
438 343 0.1
438 320 0.0625
439 402 0.25
439 309 0.1111111111111111
440 372 0.1111111111111111
441 313 0.1
441 416 0.2
442 317 0.08333333333333333
443 313 0.1
444 423 0.07692307692307693
445 444 0.3333333333333333
445 423 0.07692307692307693
446 284 0.08333333333333333
447 399 0.25
448 287 0.16666666666666666
448 335 0.16666666666666666
448 406 0.14285714285714285
449 312 0.08333333333333333
450 419 0.14285714285714285
451 290 0.06666666666666667
451 458 0.125
451 400 0.14285714285714285
451 333 0.16666666666666666
451 336 0.14285714285714285
452 341 0.16666666666666666
453 394 0.1111111111111111
454 397 0.1111111111111111
455 269 0.05263157894736842
456 301 0.08333333333333333
456 382 0.14285714285714285
457 303 0.16666666666666666
458 370 0.1
458 451 0.1111111111111111
458 336 0.14285714285714285
458 290 0.06666666666666667
458 400 0.14285714285714285
459 364 0.125
459 325 0.06666666666666667
460 331 0.14285714285714285
461 280 0.125
462 257 0.05555555555555555
462 82 0.25
462 228 0.125
462 463 0.25
462 40 0.16666666666666666
463 462 0.1111111111111111
463 464 0.5
464 463 0.25
465 467 0.08333333333333333
465 434 0.1
465 466 0.25
465 148 0.125
465 469 0.16666666666666666
465 471 0.25
465 50 0.08333333333333333
465 57 0.09090909090909091
465 94 0.16666666666666666
466 465 0.058823529411764705
466 467 0.08333333333333333
467 465 0.058823529411764705
467 466 0.25
467 468 0.16666666666666666
467 470 0.3333333333333333
467 475 0.1111111111111111
467 478 0.16666666666666666
468 473 0.14285714285714285
468 467 0.08333333333333333
468 475 0.1111111111111111
469 465 0.058823529411764705
469 477 0.5
469 472 0.25
470 467 0.08333333333333333
471 465 0.058823529411764705
471 478 0.16666666666666666
472 474 0.5
472 469 0.16666666666666666
473 475 0.1111111111111111
473 468 0.16666666666666666
473 476 0.5
474 472 0.25
475 473 0.14285714285714285
475 467 0.08333333333333333
475 468 0.16666666666666666
475 480 0.1
476 473 0.14285714285714285
477 469 0.16666666666666666
478 467 0.08333333333333333
478 475 0.1111111111111111
478 471 0.25
478 470 0.3333333333333333
479 473 0.14285714285714285
480 481 0.5
480 403 0.2
480 423 0.07692307692307693
480 279 0.1
480 475 0.1111111111111111
480 271 0.05263157894736842
481 480 0.1
482 483 0.1
482 486 0.25
482 423 0.07692307692307693
482 347 0.07142857142857142
482 77 0.0625
482 270 0.041666666666666664
482 160 0.1111111111111111
483 482 0.07142857142857142
483 491 0.3333333333333333
483 484 0.25
483 487 0.3333333333333333
483 488 0.2
484 483 0.1
484 485 0.5
485 484 0.25
486 489 0.5
486 482 0.07142857142857142
487 483 0.1
488 482 0.07142857142857142
488 483 0.1
488 490 0.25
489 486 0.25
490 492 0.5
490 488 0.2
491 483 0.1
491 487 0.3333333333333333
492 490 0.25
493 497 0.5
493 163 0.14285714285714285
493 347 0.07142857142857142
493 494 0.125
493 269 0.05263157894736842
493 387 0.1
493 62 0.05
494 498 0.5
494 500 0.5
494 493 0.1
494 495 0.25
495 494 0.125
495 496 0.25
496 499 0.5
496 495 0.25
497 493 0.1
498 494 0.125
499 496 0.25
500 494 0.125
