5 15
5 67
6 22
6 43
6 58
7 11
7 15
7 28
8 10
8 13
8 56
9 16
9 17
9 21
9 35
10 8
10 13
10 33
11 7
11 12
11 23
11 25
11 62
11 63
11 64
11 65
11 74
12 11
12 38
13 8
13 10
13 15
13 24
13 33
14 17
14 20
14 39
15 7
15 13
15 5
15 29
16 9
16 19
16 25
16 27
16 40
16 47
16 52
17 14
17 9
18 32
18 54
19 16
19 40
19 47
20 14
21 9
21 35
22 6
22 30
23 11
24 13
24 8
24 73
25 11
25 16
25 53
26 18
26 50
26 72
27 16
27 19
27 40
27 47
27 49
28 9
28 21
28 7
29 15
29 26
29 59
30 22
30 55
30 68
31 34
31 42
31 45
32 18
32 44
33 13
33 10
33 8
33 56
34 31
34 42
34 61
34 70
35 9
35 21
36 7
36 48
36 69
37 6
38 12
39 14
39 60
40 16
40 19
40 27
41 18
41 57
42 31
42 34
42 46
43 6
44 32
45 31
46 24
46 42
47 27
47 19
47 16
48 36
48 69
48 71
49 47
49 16
49 27
50 26
50 66
51 30
52 16
52 49
52 19
53 25
54 18
55 30
55 68
56 33
56 8
57 41
58 6
59 29
60 39
60 47
60 49
60 52
61 34
61 51
62 11
62 23
62 63
62 64
63 62
63 11
63 64
63 74
64 62
64 11
64 63
64 65
65 64
65 11
65 23
66 50
67 5
68 30
68 55
69 36
69 48
70 34
71 48
71 36
71 69
72 26
73 24
74 63
74 23
74 11
74 62
75 78
76 77
76 80
77 76
78 75
78 79
79 78
80 76
82 83
83 82
85 83
86 82
87 88
88 87
89 106
90 91
90 94
90 100
90 101
90 105
90 107
90 109
90 113
90 115
90 117
91 90
91 115
92 95
92 96
92 102
92 123
92 134
93 96
94 90
94 99
94 114
94 131
95 92
96 92
96 93
96 119
97 124
98 135
99 94
99 114
99 131
100 90
100 101
100 107
101 90
101 100
101 105
101 107
101 109
101 117
102 92
103 98
103 119
103 128
105 90
105 101
106 89
106 112
107 100
107 101
107 105
107 90
107 110
107 113
107 121
109 90
109 101
110 107
110 108
110 111
110 126
111 110
111 126
112 106
112 137
113 107
113 90
113 133
114 99
114 94
114 136
115 91
115 90
116 92
116 118
116 120
116 136
117 101
117 100
117 90
118 116
119 96
119 103
119 128
120 116
121 107
122 118
122 116
123 92
124 97
125 101
125 109
125 100
125 90
126 110
126 111
127 110
127 124
127 129
127 139
128 119
128 103
129 127
130 94
131 94
131 99
131 136
132 120
132 130
133 113
134 92
134 123
134 95
135 98
135 137
136 114
136 131
136 99
136 116
136 138
137 112
137 135
138 136
139 127
141 142
141 143
141 145
142 141
143 141
145 141
