0
0
0
0
0
0.001397
1
0.111842
7e-05
0.093479
0.000153
1
0.12546
0.000933
0.000994
0.011278
1
0.015629
0.126439
0.197228
0.000494
0.027732
0.167349
0.287178
0.00011
0.191528
1
0.148242
0.028224
0.001643
0.018729
0
0.020942
0.00016
0
0.028264
0
0
0.062895
0.000173
0.208875
0
0
0.500678
0.010506
0
0
0.164786
0
0.056933
0.250934
0
0.201464
0.095961
0.063329
0.005511
4.9e-05
0
0.500957
0.000807
3.5e-05
0
0.145681
0.174641
0.178394
0.226219
0.125614
0.000714
0.005544
0
0
0
0.501326
5.7e-05
0.188875
0
0
0
0
0
0
0
0
0
0
0
0
0
0
0
1
0.201388
1
0.035837
0.136645
0.389312
0.143164
0.025388
0.000519
0.199805
0.173274
0.134396
0.250998
0.003595
0
0.236309
2e-06
0.113854
0.022182
0.158253
0.110761
0.033057
8e-06
0.155729
0.206778
0.282002
0.101249
0.220083
0.033612
0.023872
0.017014
0.056936
0
0.389067
0.101542
0
0.032864
1
0.005399
0.500327
0
0.20676
0
0.078112
0.250679
0.000126
1
2.2e-05
0.500675
0.499938
0
0
0
0
0
0
0
0
