148
325
5 15 0.1
5 67 0.5
6 22 0.166667
6 43 0.5
6 58 0.5
7 11 0.0526316
7 15 0.1
7 28 0.25
8 10 0.125
8 13 0.0833333
8 56 0.166667
9 16 0.0526316
9 17 0.166667
9 21 0.2
9 35 0.25
10 8 0.0625
10 13 0.0833333
10 33 0.142857
11 7 0.111111
11 12 0.125
11 23 0.2
11 25 0.1
11 62 0.1
11 63 0.125
11 64 0.125
11 65 0.2
11 74 0.166667
12 11 0.0526316
12 38 0.5
13 8 0.0625
13 10 0.125
13 15 0.1
13 24 0.1
13 33 0.142857
14 17 0.166667
14 20 0.5
14 39 0.166667
15 7 0.111111
15 13 0.0833333
15 5 0.125
15 29 0.142857
16 9 0.0909091
16 19 0.125
16 25 0.1
16 27 0.111111
16 40 0.166667
16 47 0.125
16 52 0.2
17 14 0.0666667
17 9 0.0909091
18 32 0.166667
18 54 0.5
19 16 0.0526316
19 40 0.166667
19 47 0.125
20 14 0.0666667
21 9 0.0909091
21 35 0.25
22 6 0.1
22 30 0.111111
23 11 0.0526316
24 13 0.0833333
24 8 0.0625
24 73 0.5
25 11 0.0526316
25 16 0.0526316
25 53 0.5
26 18 0.125
26 50 0.25
26 72 0.5
27 16 0.0526316
27 19 0.125
27 40 0.166667
27 47 0.125
27 49 0.166667
28 9 0.0909091
28 21 0.2
28 7 0.111111
29 15 0.1
29 26 0.125
29 59 0.5
30 22 0.166667
30 55 0.25
30 68 0.25
31 34 0.0588235
31 42 0.125
31 45 0.5
32 18 0.125
32 44 0.5
33 13 0.0833333
33 10 0.125
33 8 0.0625
33 56 0.166667
34 31 0.125
34 42 0.125
34 61 0.2
34 70 0.2
35 9 0.0909091
35 21 0.2
36 7 0.111111
36 48 0.166667
36 69 0.2
37 6 0.1
38 12 0.125
39 14 0.0666667
39 60 0.2
40 16 0.0526316
40 19 0.125
40 27 0.111111
41 18 0.125
41 57 0.5
42 31 0.125
42 34 0.0588235
42 46 0.25
43 6 0.1
44 32 0.166667
45 31 0.125
46 24 0.1
46 42 0.125
47 27 0.111111
47 19 0.125
47 16 0.0526316
48 36 0.1
48 69 0.2
48 71 0.25
49 47 0.125
49 16 0.0526316
49 27 0.111111
50 26 0.125
50 66 0.5
51 30 0.111111
52 16 0.0526316
52 49 0.166667
52 19 0.125
53 25 0.1
54 18 0.125
55 30 0.111111
55 68 0.25
56 33 0.142857
56 8 0.0625
57 41 0.2
58 6 0.1
59 29 0.142857
60 39 0.166667
60 47 0.125
60 49 0.166667
60 52 0.2
61 34 0.0588235
61 51 0.25
62 11 0.0526316
62 23 0.2
62 63 0.125
62 64 0.125
63 62 0.1
63 11 0.0526316
63 64 0.125
63 74 0.166667
64 62 0.1
64 11 0.0526316
64 63 0.125
64 65 0.2
65 64 0.125
65 11 0.0526316
65 23 0.2
66 50 0.25
67 5 0.125
68 30 0.111111
68 55 0.25
69 36 0.1
69 48 0.166667
70 34 0.0588235
71 48 0.166667
71 36 0.1
71 69 0.2
72 26 0.125
73 24 0.1
74 63 0.125
74 23 0.2
74 11 0.0526316
74 62 0.1
75 78 0.25
76 77 0.5
76 80 0.5
77 76 0.142857
78 75 0.125
78 79 0.5
79 78 0.25
80 76 0.142857
82 83 0.333333
83 82 0.142857
85 83 0.333333
86 82 0.142857
87 88 0.333333
88 87 0.25
89 106 0.25
90 91 0.166667
90 94 0.0909091
90 100 0.125
90 101 0.0769231
90 105 0.2
90 107 0.0769231
90 109 0.142857
90 113 0.142857
90 115 0.25
90 117 0.2
91 90 0.0384615
91 115 0.25
92 95 0.333333
92 96 0.142857
92 102 0.25
92 123 0.333333
92 134 0.25
93 96 0.142857
94 90 0.0384615
94 99 0.142857
94 114 0.166667
94 131 0.166667
95 92 0.0769231
96 92 0.0769231
96 93 0.25
96 119 0.166667
97 124 0.1
98 135 0.25
99 94 0.0909091
99 114 0.166667
99 131 0.166667
100 90 0.0384615
100 101 0.0769231
100 107 0.0769231
101 90 0.0384615
101 100 0.125
101 105 0.2
101 107 0.0769231
101 109 0.142857
101 117 0.2
102 92 0.0769231
103 98 0.142857
103 119 0.166667
103 128 0.2
105 90 0.0384615
105 101 0.0769231
106 89 0.25
106 112 0.166667
107 100 0.125
107 101 0.0769231
107 105 0.2
107 90 0.0384615
107 110 0.1
107 113 0.142857
107 121 0.5
109 90 0.0384615
109 101 0.0769231
110 107 0.0769231
110 108 0.2
110 111 0.25
110 126 0.25
111 110 0.1
111 126 0.25
112 106 0.25
112 137 0.166667
113 107 0.0769231
113 90 0.0384615
113 133 0.5
114 99 0.142857
114 94 0.0909091
114 136 0.111111
115 91 0.166667
115 90 0.0384615
116 92 0.0769231
116 118 0.333333
116 120 0.166667
116 136 0.111111
117 101 0.0769231
117 100 0.125
117 90 0.0384615
118 116 0.1
119 96 0.142857
119 103 0.125
119 128 0.2
120 116 0.1
121 107 0.0769231
122 118 0.333333
122 116 0.1
123 92 0.0769231
124 97 0.25
125 101 0.0769231
125 109 0.142857
125 100 0.125
125 90 0.0384615
126 110 0.1
126 111 0.25
127 110 0.1
127 124 0.1
127 129 0.5
127 139 0.5
128 119 0.166667
128 103 0.125
129 127 0.111111
130 94 0.0909091
131 94 0.0909091
131 99 0.142857
131 136 0.111111
132 120 0.166667
132 130 0.25
133 113 0.142857
134 92 0.0769231
134 123 0.333333
134 95 0.333333
135 98 0.142857
135 137 0.166667
136 114 0.166667
136 131 0.166667
136 99 0.142857
136 116 0.1
136 138 0.5
137 112 0.166667
137 135 0.25
138 136 0.111111
139 127 0.111111
141 142 0.25
141 143 0.333333
141 145 0.5
142 141 0.1
143 141 0.1
145 141 0.1
