0 1
0 2
0 3
0 10
0 11
0 16
0 26
0 52
0 120
0 180
1 0
1 4
1 6
1 18
1 33
1 36
1 37
1 83
1 163
2 0
2 19
2 49
2 202
3 0
3 77
3 79
3 199
4 1
4 5
4 7
4 22
4 45
4 68
4 70
5 4
5 29
5 31
5 45
6 1
6 9
6 12
6 32
6 33
6 53
6 66
7 4
7 8
7 13
7 88
8 7
8 14
8 15
8 17
8 48
8 50
8 122
8 175
8 179
9 6
9 39
9 47
10 0
10 24
10 73
10 95
10 125
10 186
11 0
11 28
11 30
11 120
11 172
12 6
12 25
12 38
12 43
12 44
12 53
12 127
12 156
13 7
13 23
13 65
14 12
14 8
14 17
14 21
14 42
14 50
14 75
14 101
14 128
14 176
14 193
15 8
15 21
15 67
15 113
15 126
16 0
16 133
16 157
17 8
17 14
17 50
17 69
17 86
17 105
17 209
18 1
18 29
18 42
18 68
18 70
18 82
18 109
18 159
19 2
19 20
20 19
20 2
20 202
21 14
21 7
21 15
21 8
21 27
21 59
21 75
21 110
22 4
23 13
23 35
23 46
23 61
23 62
23 81
23 87
23 136
23 138
23 160
23 201
24 10
24 73
24 95
24 186
25 12
25 63
25 178
25 188
26 0
26 52
27 21
27 161
28 11
28 30
29 18
29 5
29 37
29 74
29 102
30 28
30 11
30 40
30 51
31 5
31 71
31 112
32 6
32 34
33 6
33 1
34 32
34 41
34 54
34 168
35 23
35 61
35 101
35 104
35 114
35 139
35 158
35 165
35 195
35 204
36 1
37 29
37 1
37 198
38 12
38 25
38 63
38 178
39 10
39 9
39 40
40 30
40 39
40 72
41 34
42 14
42 18
42 38
43 12
43 8
43 66
43 67
43 80
43 98
43 190
44 12
44 25
44 178
44 188
45 4
45 5
45 89
45 152
46 23
46 35
46 57
46 58
46 67
46 189
47 9
47 103
47 111
47 127
47 143
47 152
48 8
48 179
49 2
49 19
49 20
49 0
50 14
50 17
50 8
50 153
50 205
51 30
52 0
52 26
52 77
52 206
53 12
53 6
53 162
53 181
53 197
54 24
54 34
54 9
54 55
54 56
54 84
54 93
55 54
55 56
55 84
55 118
56 54
56 55
56 63
56 84
57 46
57 64
57 116
57 196
58 46
59 21
60 46
60 33
60 21
60 106
61 35
61 23
61 65
61 100
61 144
61 154
61 187
62 23
62 43
63 12
63 25
63 38
63 17
63 56
63 91
63 92
63 107
63 117
63 137
63 151
63 200
64 57
64 96
64 167
65 61
65 13
65 76
65 132
66 6
66 43
66 97
67 43
67 15
67 46
67 101
68 18
68 4
68 146
69 17
70 18
70 4
70 94
70 145
71 31
71 122
71 177
72 40
72 78
72 203
73 10
73 24
74 29
74 77
74 148
75 21
75 14
75 129
75 162
76 65
76 59
76 85
76 121
77 3
77 74
77 52
77 133
78 31
78 72
79 3
79 0
80 43
81 23
82 18
83 1
83 36
83 90
83 99
83 147
83 167
83 185
84 54
84 55
84 56
84 93
84 142
84 210
85 76
85 121
85 131
86 17
86 105
86 123
86 173
86 209
87 23
87 81
87 136
87 138
87 166
87 169
87 201
88 22
88 7
89 45
90 83
91 63
92 63
92 117
92 127
92 151
93 54
93 84
93 56
94 70
94 191
95 10
95 24
95 125
96 64
96 57
96 116
97 66
98 43
98 80
99 83
99 115
100 61
100 187
101 67
101 14
101 35
101 119
102 29
103 47
103 111
104 35
105 17
105 86
105 173
106 60
106 7
106 21
106 108
106 124
107 63
107 117
107 135
107 137
108 106
108 124
109 18
110 21
110 192
111 47
111 103
111 143
111 152
112 31
113 15
113 126
114 35
114 139
114 204
115 99
116 57
116 96
116 174
117 107
117 63
117 92
118 93
118 55
118 54
118 84
119 101
119 61
119 100
119 62
119 141
120 0
120 11
120 125
120 183
121 76
121 85
122 71
122 4
122 8
123 17
123 86
123 105
123 173
124 108
124 7
124 106
124 207
125 95
125 120
125 10
126 15
126 113
126 130
127 8
127 47
127 12
127 92
127 150
127 164
128 14
128 155
129 75
129 162
129 197
130 104
130 126
130 15
130 171
131 85
131 121
132 65
133 77
133 16
134 90
134 83
134 115
134 68
134 22
135 107
135 63
135 117
135 92
136 23
136 87
136 166
137 117
137 63
137 107
137 151
138 87
138 23
138 160
138 169
139 35
139 114
139 195
140 14
141 119
142 84
142 55
142 54
142 210
143 47
143 111
143 103
144 61
145 70
145 94
145 191
146 68
147 83
148 74
149 95
149 10
150 127
151 63
151 137
151 91
151 92
151 200
152 47
152 111
152 45
153 50
153 205
154 61
154 100
155 14
155 128
156 12
156 38
157 16
158 35
159 18
160 23
160 138
160 87
160 201
161 27
161 110
161 21
161 170
162 53
162 129
162 75
163 18
163 1
163 107
164 127
165 139
165 35
165 114
166 87
166 23
166 136
166 138
166 201
167 83
167 64
167 134
168 34
169 23
169 87
169 138
170 161
171 130
172 11
172 28
173 123
173 86
173 105
173 17
173 209
174 116
175 8
176 14
176 208
177 71
178 38
178 25
178 44
179 8
179 48
180 0
181 53
181 122
182 111
182 54
182 123
182 56
182 86
182 194
183 120
184 63
184 117
184 135
184 91
185 83
186 24
186 10
187 61
187 100
187 154
188 44
188 12
188 25
189 46
190 43
190 80
191 145
191 70
191 94
192 110
193 14
193 155
194 16
194 24
194 182
194 10
195 139
195 114
195 35
196 57
197 53
197 129
198 37
199 3
200 63
200 151
201 166
201 87
201 138
201 23
201 160
202 2
202 20
202 19
203 72
204 195
204 35
204 114
205 153
205 50
206 52
207 124
207 38
208 176
209 173
209 17
209 86
209 105
209 123
210 93
210 142
210 55
210 118
210 84
