1
0.179519
0.090681
0.128712
0.04923
0.020492
0.060314
0.113912
1
0.029126
0.0692
0.111821
0.191005
0.182933
1
0.109566
0.143974
0.17567
1
0.0181
0.008633
0.071311
0.029532
1
0.015318
0.135422
0.275333
0.017826
0.030645
0.105074
0.017343
0.006849
0.25946
0.046652
1
1
0.370044
0.046376
0.141636
0.006406
0.00381
0.500416
0.361519
1
0.036895
0.009222
0.096645
0.085375
0.29772
0.01847
0.20499
0.008693
0.156003
0.028194
0.062379
0.018174
0.107147
0.015267
0.048246
0.025748
0
0.133522
0.257407
1
0.035617
0.03897
0.173216
0.171101
0.15163
0.088245
0.116044
0.028172
0.000649
0.013632
0.023904
0.133708
0.005599
0.041364
0.000225
0.0429
0.370181
0.359184
0.500042
1
0.014696
0.001115
0.016992
0.111291
0.038002
0.004566
0.341247
0.282679
0.238894
0.01132
0.026719
0.015638
0.007461
0.087077
0.334001
0.252893
0.036602
0.249869
0.052569
0.021846
0.33536
0.024295
0
0.147048
0
0.500186
0.014903
0.014558
0.003455
0.030484
0.215969
0.094203
0.003629
0.166101
0.002559
0.035726
0.138406
0.001342
0.168574
0.005754
0
0.030341
0.021994
1
0.266151
0.026952
0.003697
0.000364
0.019376
0.04477
0.033432
0.018643
0.140408
0.177583
0.141373
0.218671
0
0.009076
0.002654
0.019245
0.066993
0.020008
0.075681
0.50048
0.011891
0
0.50081
0.173436
0.017297
0.061174
0.039618
0.14125
0.063832
0.071853
0.499903
0.500229
0.173049
0.003038
0.029755
0.044896
0.500577
0.250686
0.047017
0.200973
0.50077
0.048377
0.001516
0.001878
0.037319
0.00679
0.001827
0.501748
0.250991
0.014148
0.049324
0.297396
0.500767
0.009502
0
0.069282
0
0.500111
0.020167
0.03238
0.033327
0.048327
0.333099
0.006321
0.007355
0.33389
0
0.224783
0.007707
0.013341
0.02322
0.064259
0.27881
0.139617
0.019035
0.000324
0.232203
0.061377
0.077961
0
0.125435
0.024111
0.002385
