211
683
0 1 0.0555556
0 2 0.0909091
0 3 0.125
0 10 0.0666667
0 11 0.1
0 16 0.142857
0 26 0.25
0 52 0.125
0 120 0.125
0 180 0.5
1 0 0.0333333
1 4 0.0666667
1 6 0.0714286
1 18 0.0588235
1 33 0.2
1 36 0.333333
1 37 0.166667
1 83 0.0714286
1 163 0.25
2 0 0.0333333
2 19 0.142857
2 49 0.2
2 202 0.2
3 0 0.0333333
3 77 0.125
3 79 0.333333
3 199 0.5
4 1 0.0555556
4 5 0.125
4 7 0.0909091
4 22 0.25
4 45 0.111111
4 68 0.142857
4 70 0.111111
5 4 0.0666667
5 29 0.1
5 31 0.142857
5 45 0.111111
6 1 0.0555556
6 9 0.142857
6 12 0.047619
6 32 0.25
6 33 0.2
6 53 0.1
6 66 0.166667
7 4 0.0666667
7 8 0.047619
7 13 0.166667
7 88 0.333333
8 7 0.0909091
8 14 0.0384615
8 15 0.0909091
8 17 0.0588235
8 48 0.25
8 50 0.1
8 122 0.166667
8 175 0.5
8 179 0.25
9 6 0.0714286
9 39 0.2
9 47 0.0833333
10 0 0.0333333
10 24 0.0909091
10 73 0.166667
10 95 0.142857
10 125 0.142857
10 186 0.25
11 0 0.0333333
11 28 0.2
11 30 0.125
11 120 0.125
11 172 0.333333
12 6 0.0714286
12 25 0.1
12 38 0.0909091
12 43 0.0625
12 44 0.142857
12 53 0.1
12 127 0.0909091
12 156 0.333333
13 7 0.0909091
13 23 0.0416667
13 65 0.125
14 12 0.047619
14 8 0.047619
14 17 0.0588235
14 21 0.0588235
14 42 0.2
14 50 0.1
14 75 0.125
14 101 0.125
14 128 0.25
14 176 0.25
14 193 0.333333
15 8 0.047619
15 21 0.0588235
15 67 0.125
15 113 0.25
15 126 0.166667
16 0 0.0333333
16 133 0.25
16 157 0.5
17 8 0.047619
17 14 0.0384615
17 50 0.1
17 69 0.5
17 86 0.0769231
17 105 0.111111
17 209 0.125
18 1 0.0555556
18 29 0.1
18 42 0.2
18 68 0.142857
18 70 0.111111
18 82 0.5
18 109 0.5
18 159 0.5
19 2 0.0909091
19 20 0.166667
20 19 0.142857
20 2 0.0909091
20 202 0.2
21 14 0.0384615
21 7 0.0909091
21 15 0.0909091
21 8 0.047619
21 27 0.25
21 59 0.333333
21 75 0.125
21 110 0.2
22 4 0.0666667
23 13 0.166667
23 35 0.047619
23 46 0.0833333
23 61 0.0666667
23 62 0.25
23 81 0.333333
23 87 0.0714286
23 136 0.125
23 138 0.1
23 160 0.142857
23 201 0.111111
24 10 0.0666667
24 73 0.166667
24 95 0.142857
24 186 0.25
25 12 0.047619
25 63 0.0384615
25 178 0.166667
25 188 0.2
26 0 0.0333333
26 52 0.125
27 21 0.0588235
27 161 0.166667
28 11 0.1
28 30 0.125
29 18 0.0588235
29 5 0.125
29 37 0.166667
29 74 0.166667
29 102 0.5
30 28 0.2
30 11 0.1
30 40 0.166667
30 51 0.5
31 5 0.125
31 71 0.166667
31 112 0.5
32 6 0.0714286
32 34 0.125
33 6 0.0714286
33 1 0.0555556
34 32 0.25
34 41 0.5
34 54 0.0555556
34 168 0.5
35 23 0.0416667
35 61 0.0666667
35 101 0.125
35 104 0.333333
35 114 0.125
35 139 0.142857
35 158 0.5
35 165 0.25
35 195 0.166667
35 204 0.2
36 1 0.0555556
37 29 0.1
37 1 0.0555556
37 198 0.5
38 12 0.047619
38 25 0.1
38 63 0.0384615
38 178 0.166667
39 10 0.0666667
39 9 0.142857
39 40 0.166667
40 30 0.125
40 39 0.2
40 72 0.166667
41 34 0.125
42 14 0.0384615
42 18 0.0588235
42 38 0.0909091
43 12 0.047619
43 8 0.047619
43 66 0.166667
43 67 0.125
43 80 0.25
43 98 0.333333
43 190 0.333333
44 12 0.047619
44 25 0.1
44 178 0.166667
44 188 0.2
45 4 0.0666667
45 5 0.125
45 89 0.5
45 152 0.166667
46 23 0.0416667
46 35 0.047619
46 57 0.111111
46 58 0.5
46 67 0.125
46 189 0.5
47 9 0.142857
47 103 0.2
47 111 0.111111
47 127 0.0909091
47 143 0.2
47 152 0.166667
48 8 0.047619
48 179 0.25
49 2 0.0909091
49 19 0.142857
49 20 0.166667
49 0 0.0333333
50 14 0.0384615
50 17 0.0588235
50 8 0.047619
50 153 0.25
50 205 0.25
51 30 0.125
52 0 0.0333333
52 26 0.25
52 77 0.125
52 206 0.5
53 12 0.047619
53 6 0.0714286
53 162 0.166667
53 181 0.333333
53 197 0.25
54 24 0.0909091
54 34 0.125
54 9 0.142857
54 55 0.1
54 56 0.1
54 84 0.0769231
54 93 0.142857
55 54 0.0555556
55 56 0.1
55 84 0.0769231
55 118 0.125
56 54 0.0555556
56 55 0.1
56 63 0.0384615
56 84 0.0769231
57 46 0.0833333
57 64 0.166667
57 116 0.166667
57 196 0.5
58 46 0.0833333
59 21 0.0588235
60 46 0.0833333
60 33 0.2
60 21 0.0588235
60 106 0.125
61 35 0.047619
61 23 0.0416667
61 65 0.125
61 100 0.166667
61 144 0.5
61 154 0.25
61 187 0.2
62 23 0.0416667
62 43 0.0625
63 12 0.047619
63 25 0.1
63 38 0.0909091
63 17 0.0588235
63 56 0.1
63 91 0.25
63 92 0.111111
63 107 0.111111
63 117 0.111111
63 137 0.142857
63 151 0.111111
63 200 0.25
64 57 0.111111
64 96 0.2
64 167 0.2
65 61 0.0666667
65 13 0.166667
65 76 0.142857
65 132 0.5
66 6 0.0714286
66 43 0.0625
66 97 0.5
67 43 0.0625
67 15 0.0909091
67 46 0.0833333
67 101 0.125
68 18 0.0588235
68 4 0.0666667
68 146 0.5
69 17 0.0588235
70 18 0.0588235
70 4 0.0666667
70 94 0.2
70 145 0.166667
71 31 0.142857
71 122 0.166667
71 177 0.5
72 40 0.166667
72 78 0.333333
72 203 0.5
73 10 0.0666667
73 24 0.0909091
74 29 0.1
74 77 0.125
74 148 0.5
75 21 0.0588235
75 14 0.0384615
75 129 0.166667
75 162 0.166667
76 65 0.125
76 59 0.333333
76 85 0.166667
76 121 0.2
77 3 0.125
77 74 0.166667
77 52 0.125
77 133 0.25
78 31 0.142857
78 72 0.166667
79 3 0.125
79 0 0.0333333
80 43 0.0625
81 23 0.0416667
82 18 0.0588235
83 1 0.0555556
83 36 0.333333
83 90 0.333333
83 99 0.25
83 147 0.5
83 167 0.2
83 185 0.5
84 54 0.0555556
84 55 0.1
84 56 0.1
84 93 0.142857
84 142 0.166667
84 210 0.142857
85 76 0.142857
85 121 0.2
85 131 0.333333
86 17 0.0588235
86 105 0.111111
86 123 0.125
86 173 0.1
86 209 0.125
87 23 0.0416667
87 81 0.333333
87 136 0.125
87 138 0.1
87 166 0.125
87 169 0.2
87 201 0.111111
88 22 0.25
88 7 0.0909091
89 45 0.111111
90 83 0.0714286
91 63 0.0384615
92 63 0.0384615
92 117 0.111111
92 127 0.0909091
92 151 0.111111
93 54 0.0555556
93 84 0.0769231
93 56 0.1
94 70 0.111111
94 191 0.142857
95 10 0.0666667
95 24 0.0909091
95 125 0.142857
96 64 0.166667
96 57 0.111111
96 116 0.166667
97 66 0.166667
98 43 0.0625
98 80 0.25
99 83 0.0714286
99 115 0.333333
100 61 0.0666667
100 187 0.2
101 67 0.125
101 14 0.0384615
101 35 0.047619
101 119 0.142857
102 29 0.1
103 47 0.0833333
103 111 0.111111
104 35 0.047619
105 17 0.0588235
105 86 0.0769231
105 173 0.1
106 60 0.2
106 7 0.0909091
106 21 0.0588235
106 108 0.25
106 124 0.142857
107 63 0.0384615
107 117 0.111111
107 135 0.125
107 137 0.142857
108 106 0.125
108 124 0.142857
109 18 0.0588235
110 21 0.0588235
110 192 0.5
111 47 0.0833333
111 103 0.2
111 143 0.2
111 152 0.166667
112 31 0.142857
113 15 0.0909091
113 126 0.166667
114 35 0.047619
114 139 0.142857
114 204 0.2
115 99 0.25
116 57 0.111111
116 96 0.2
116 174 0.5
117 107 0.111111
117 63 0.0384615
117 92 0.111111
118 93 0.142857
118 55 0.1
118 54 0.0555556
118 84 0.0769231
119 101 0.125
119 61 0.0666667
119 100 0.166667
119 62 0.25
119 141 0.25
120 0 0.0333333
120 11 0.1
120 125 0.142857
120 183 0.5
121 76 0.142857
121 85 0.166667
122 71 0.166667
122 4 0.0666667
122 8 0.047619
123 17 0.0588235
123 86 0.0769231
123 105 0.111111
123 173 0.1
124 108 0.25
124 7 0.0909091
124 106 0.125
124 207 0.333333
125 95 0.142857
125 120 0.125
125 10 0.0666667
126 15 0.0909091
126 113 0.25
126 130 0.166667
127 8 0.047619
127 47 0.0833333
127 12 0.047619
127 92 0.111111
127 150 0.5
127 164 0.5
128 14 0.0384615
128 155 0.25
129 75 0.125
129 162 0.166667
129 197 0.25
130 104 0.333333
130 126 0.166667
130 15 0.0909091
130 171 0.5
131 85 0.166667
131 121 0.2
132 65 0.125
133 77 0.125
133 16 0.142857
134 90 0.333333
134 83 0.0714286
134 115 0.333333
134 68 0.142857
134 22 0.25
135 107 0.111111
135 63 0.0384615
135 117 0.111111
135 92 0.111111
136 23 0.0416667
136 87 0.0714286
136 166 0.125
137 117 0.111111
137 63 0.0384615
137 107 0.111111
137 151 0.111111
138 87 0.0714286
138 23 0.0416667
138 160 0.142857
138 169 0.2
139 35 0.047619
139 114 0.125
139 195 0.166667
140 14 0.0384615
141 119 0.142857
142 84 0.0769231
142 55 0.1
142 54 0.0555556
142 210 0.142857
143 47 0.0833333
143 111 0.111111
143 103 0.2
144 61 0.0666667
145 70 0.111111
145 94 0.2
145 191 0.142857
146 68 0.142857
147 83 0.0714286
148 74 0.166667
149 95 0.142857
149 10 0.0666667
150 127 0.0909091
151 63 0.0384615
151 137 0.142857
151 91 0.25
151 92 0.111111
151 200 0.25
152 47 0.0833333
152 111 0.111111
152 45 0.111111
153 50 0.1
153 205 0.25
154 61 0.0666667
154 100 0.166667
155 14 0.0384615
155 128 0.25
156 12 0.047619
156 38 0.0909091
157 16 0.142857
158 35 0.047619
159 18 0.0588235
160 23 0.0416667
160 138 0.1
160 87 0.0714286
160 201 0.111111
161 27 0.25
161 110 0.2
161 21 0.0588235
161 170 0.5
162 53 0.1
162 129 0.166667
162 75 0.125
163 18 0.0588235
163 1 0.0555556
163 107 0.111111
164 127 0.0909091
165 139 0.142857
165 35 0.047619
165 114 0.125
166 87 0.0714286
166 23 0.0416667
166 136 0.125
166 138 0.1
166 201 0.111111
167 83 0.0714286
167 64 0.166667
167 134 0.166667
168 34 0.125
169 23 0.0416667
169 87 0.0714286
169 138 0.1
170 161 0.166667
171 130 0.166667
172 11 0.1
172 28 0.2
173 123 0.125
173 86 0.0769231
173 105 0.111111
173 17 0.0588235
173 209 0.125
174 116 0.166667
175 8 0.047619
176 14 0.0384615
176 208 0.5
177 71 0.166667
178 38 0.0909091
178 25 0.1
178 44 0.142857
179 8 0.047619
179 48 0.25
180 0 0.0333333
181 53 0.1
181 122 0.166667
182 111 0.111111
182 54 0.0555556
182 123 0.125
182 56 0.1
182 86 0.0769231
182 194 0.2
183 120 0.125
184 63 0.0384615
184 117 0.111111
184 135 0.125
184 91 0.25
185 83 0.0714286
186 24 0.0909091
186 10 0.0666667
187 61 0.0666667
187 100 0.166667
187 154 0.25
188 44 0.142857
188 12 0.047619
188 25 0.1
189 46 0.0833333
190 43 0.0625
190 80 0.25
191 145 0.166667
191 70 0.111111
191 94 0.2
192 110 0.2
193 14 0.0384615
193 155 0.25
194 16 0.142857
194 24 0.0909091
194 182 0.142857
194 10 0.0666667
195 139 0.142857
195 114 0.125
195 35 0.047619
196 57 0.111111
197 53 0.1
197 129 0.166667
198 37 0.166667
199 3 0.125
200 63 0.0384615
200 151 0.111111
201 166 0.125
201 87 0.0714286
201 138 0.1
201 23 0.0416667
201 160 0.142857
202 2 0.0909091
202 20 0.166667
202 19 0.142857
203 72 0.166667
204 195 0.166667
204 35 0.047619
204 114 0.125
205 153 0.25
205 50 0.1
206 52 0.125
207 124 0.142857
207 38 0.0909091
208 176 0.25
209 173 0.1
209 17 0.0588235
209 86 0.0769231
209 105 0.111111
209 123 0.125
210 93 0.142857
210 142 0.166667
210 55 0.1
210 118 0.125
210 84 0.0769231
