0 1
0 2
1 0
2 0
3 4
4 3
4 79
5 7
5 10
5 11
5 20
5 56
5 60
5 64
5 65
5 70
6 9
6 13
6 15
6 16
6 24
6 32
6 59
6 61
6 141
7 5
7 11
7 27
7 44
8 5
8 21
8 25
8 49
8 53
9 6
9 38
9 61
10 5
10 14
10 26
10 36
10 48
10 51
10 58
10 79
11 5
11 7
11 12
11 19
11 29
11 31
11 33
11 46
11 50
11 57
12 11
12 42
13 8
13 6
13 17
13 28
13 40
13 43
13 66
14 10
14 36
14 58
15 6
15 9
15 16
16 6
16 15
16 7
16 52
17 13
18 12
18 7
18 22
18 30
19 12
19 11
19 23
19 34
19 37
19 41
19 54
20 5
21 8
21 11
21 39
21 68
22 18
22 47
23 19
23 34
23 37
24 6
24 9
24 32
24 79
25 8
25 49
26 10
26 14
26 36
27 7
28 13
28 55
28 62
28 66
29 11
30 7
30 22
30 18
30 35
31 11
31 50
32 24
32 9
32 6
32 38
32 59
33 11
34 19
34 23
34 37
34 41
34 54
35 30
36 10
36 14
36 26
36 67
37 23
37 19
37 34
38 32
38 9
38 19
38 15
38 68
39 21
39 68
40 13
41 23
41 34
41 19
42 12
43 13
44 22
44 7
44 63
45 8
46 11
46 50
46 57
47 22
47 18
48 36
48 10
49 8
49 25
49 53
50 31
50 46
50 11
51 10
51 14
51 48
51 58
52 16
53 49
53 8
53 45
53 136
54 34
54 19
55 13
55 28
55 40
55 62
56 5
57 11
57 50
57 46
58 36
58 51
58 14
58 10
59 6
59 32
60 5
60 70
61 6
61 9
61 59
62 13
62 28
62 55
62 66
63 44
64 5
64 20
64 65
65 5
65 64
66 28
66 13
66 62
67 9
67 36
67 32
67 6
67 69
68 21
68 39
68 38
69 67
70 65
70 5
70 60
71 72
71 73
71 74
72 71
72 73
72 74
73 71
73 72
73 74
74 73
74 72
74 71
75 77
77 75
79 4
79 10
79 24
80 81
80 82
80 83
80 88
80 89
80 94
80 98
80 102
80 108
80 127
81 80
82 80
83 80
83 84
83 101
83 104
83 115
83 116
84 83
84 85
84 86
84 91
84 92
84 114
84 129
85 84
85 86
86 84
86 85
86 90
86 103
86 111
86 118
86 128
87 96
87 108
88 80
88 100
88 102
88 117
89 80
89 105
89 106
89 124
90 86
90 118
91 84
91 92
92 91
92 84
93 97
94 80
94 99
94 105
94 119
95 113
96 87
96 81
96 112
96 113
96 121
97 93
98 80
98 88
98 107
99 94
99 105
99 119
100 80
100 88
101 83
102 80
102 88
102 100
103 86
104 83
104 115
105 99
105 94
105 89
105 109
105 126
106 89
106 124
107 98
108 80
108 87
109 105
110 106
110 89
110 123
111 108
111 86
112 96
112 121
113 96
113 95
114 84
115 83
115 104
116 104
116 83
117 88
117 80
118 86
118 90
118 120
119 99
119 94
120 90
120 86
120 118
121 112
121 96
122 104
122 116
122 101
122 125
123 110
124 106
124 89
125 122
126 105
126 109
127 80
128 118
128 86
129 84
131 132
131 134
132 131
132 133
132 134
133 132
133 135
134 131
134 132
135 133
136 53
136 132
136 6
138 139
138 140
139 138
139 140
140 138
140 139
141 9
141 70
141 6
141 26
