0
0
0
0.00088
0.005374
1
1
0.113811
0.066653
0.112306
0.060434
1
0.11748
1
0.01276
0.157742
0.102974
0.500774
0.000183
0.057711
0.386556
0.007961
0.001455
0.010404
0.158265
0.019063
0.015993
0.056901
0.146299
0.500954
2.4e-05
0.28674
0.136298
0.501787
0.009595
2e-06
0.008934
0.012026
0.030985
0.001842
0.340625
0.009396
0.058747
0.500575
0.012888
0.00544
0.191288
0.000467
0.01179
0.014809
0.219143
0.011322
0.051513
0.011194
0.015967
0.031232
0.499967
0.227853
0.011154
0.254089
0.284619
0.216321
0.04838
0.003204
0.23878
0.266321
0.18668
0.001161
0.006505
0.000543
0.212663
0
0
0
0
0
0
0
0
0.021636
1
0.166682
0.166229
0.149415
1
0.439659
1
0.018164
0.127921
0.072706
0.170174
0.28192
0.20211
0
0.126725
7.9e-05
0.001685
0
0.142603
0.021492
0.046008
0.363619
0.157003
0.50066
0.22535
0.021569
0.017486
0.071143
0.126301
0.008763
0
0.142655
0.000535
0.000267
0.499876
0.08909
0.276079
0.042812
0.200653
0.035243
0.050009
0.000515
1
0
0.020894
0.500482
0.007191
0.50024
0.334346
0.499611
0
1.2e-05
0.000113
1.7e-05
2.4e-05
9e-06
0.001291
0
0
0
0
0.076801
