142
389
0 1 0.25
0 2 0.5
1 0 0.0909091
2 0 0.0909091
3 4 0.25
4 3 0.166667
4 79 0.1
5 7 0.0555556
5 10 0.0588235
5 11 0.0357143
5 20 0.333333
5 56 0.5
5 60 0.25
5 64 0.2
5 65 0.2
5 70 0.166667
6 9 0.0666667
6 13 0.0555556
6 15 0.142857
6 16 0.0909091
6 24 0.142857
6 32 0.1
6 59 0.2
6 61 0.2
6 141 0.0769231
7 5 0.0434783
7 11 0.0357143
7 27 0.5
7 44 0.111111
8 5 0.0434783
8 21 0.111111
8 25 0.25
8 49 0.166667
8 53 0.142857
9 6 0.0322581
9 38 0.125
9 61 0.2
10 5 0.0434783
10 14 0.125
10 26 0.111111
10 36 0.0833333
10 48 0.166667
10 51 0.166667
10 58 0.142857
10 79 0.1
11 5 0.0434783
11 7 0.0555556
11 12 0.111111
11 19 0.0555556
11 29 0.5
11 31 0.25
11 33 0.5
11 46 0.142857
11 50 0.142857
11 57 0.2
12 11 0.0357143
12 42 0.5
13 8 0.0666667
13 6 0.0322581
13 17 0.5
13 28 0.125
13 40 0.333333
13 43 0.5
13 66 0.166667
14 10 0.0588235
14 36 0.0833333
14 58 0.142857
15 6 0.0322581
15 9 0.0666667
15 16 0.0909091
16 6 0.0322581
16 15 0.142857
16 7 0.0555556
16 52 0.5
17 13 0.0555556
18 12 0.111111
18 7 0.0555556
18 22 0.111111
18 30 0.1
19 12 0.111111
19 11 0.0357143
19 23 0.125
19 34 0.1
19 37 0.166667
19 41 0.142857
19 54 0.25
20 5 0.0434783
21 8 0.0666667
21 11 0.0357143
21 39 0.125
21 68 0.166667
22 18 0.0833333
22 47 0.333333
23 19 0.0555556
23 34 0.1
23 37 0.166667
24 6 0.0322581
24 9 0.0666667
24 32 0.1
24 79 0.1
25 8 0.0666667
25 49 0.166667
26 10 0.0588235
26 14 0.125
26 36 0.0833333
27 7 0.0555556
28 13 0.0555556
28 55 0.166667
28 62 0.142857
28 66 0.166667
29 11 0.0357143
30 7 0.0555556
30 22 0.111111
30 18 0.0833333
30 35 0.2
31 11 0.0357143
31 50 0.142857
32 24 0.142857
32 9 0.0666667
32 6 0.0322581
32 38 0.125
32 59 0.2
33 11 0.0357143
34 19 0.0555556
34 23 0.125
34 37 0.166667
34 41 0.142857
34 54 0.25
35 30 0.1
36 10 0.0588235
36 14 0.125
36 26 0.111111
36 67 0.125
37 23 0.125
37 19 0.0555556
37 34 0.1
38 32 0.1
38 9 0.0666667
38 19 0.0555556
38 15 0.142857
38 68 0.166667
39 21 0.111111
39 68 0.166667
40 13 0.0555556
41 23 0.125
41 34 0.1
41 19 0.0555556
42 12 0.111111
43 13 0.0555556
44 22 0.111111
44 7 0.0555556
44 63 0.25
45 8 0.0666667
46 11 0.0357143
46 50 0.142857
46 57 0.2
47 22 0.111111
47 18 0.0833333
48 36 0.0833333
48 10 0.0588235
49 8 0.0666667
49 25 0.25
49 53 0.142857
50 31 0.25
50 46 0.142857
50 11 0.0357143
51 10 0.0588235
51 14 0.125
51 48 0.166667
51 58 0.142857
52 16 0.0909091
53 49 0.166667
53 8 0.0666667
53 45 0.5
53 136 0.111111
54 34 0.1
54 19 0.0555556
55 13 0.0555556
55 28 0.125
55 40 0.333333
55 62 0.142857
56 5 0.0434783
57 11 0.0357143
57 50 0.142857
57 46 0.142857
58 36 0.0833333
58 51 0.166667
58 14 0.125
58 10 0.0588235
59 6 0.0322581
59 32 0.1
60 5 0.0434783
60 70 0.166667
61 6 0.0322581
61 9 0.0666667
61 59 0.2
62 13 0.0555556
62 28 0.125
62 55 0.166667
62 66 0.166667
63 44 0.111111
64 5 0.0434783
64 20 0.333333
64 65 0.2
65 5 0.0434783
65 64 0.2
66 28 0.125
66 13 0.0555556
66 62 0.142857
67 9 0.0666667
67 36 0.0833333
67 32 0.1
67 6 0.0322581
67 69 0.5
68 21 0.111111
68 39 0.125
68 38 0.125
69 67 0.125
70 65 0.2
70 5 0.0434783
70 60 0.25
71 72 0.0909091
71 73 0.0909091
71 74 0.166667
72 71 0.0714286
72 73 0.0909091
72 74 0.166667
73 71 0.0714286
73 72 0.0909091
73 74 0.166667
74 73 0.0909091
74 72 0.0909091
74 71 0.0714286
75 77 0.25
77 75 0.111111
79 4 0.25
79 10 0.0588235
79 24 0.142857
80 81 0.166667
80 82 0.166667
80 83 0.0555556
80 88 0.1
80 89 0.0714286
80 94 0.125
80 98 0.142857
80 102 0.142857
80 108 0.111111
80 127 0.5
81 80 0.0322581
82 80 0.0322581
83 80 0.0322581
83 84 0.0434783
83 101 0.333333
83 104 0.166667
83 115 0.25
83 116 0.25
84 83 0.0555556
84 85 0.25
84 86 0.0625
84 91 0.25
84 92 0.166667
84 114 0.5
84 129 0.5
85 84 0.0434783
85 86 0.0625
86 84 0.0434783
86 85 0.25
86 90 0.142857
86 103 0.5
86 111 0.142857
86 118 0.142857
86 128 0.333333
87 96 0.0909091
87 108 0.111111
88 80 0.0322581
88 100 0.166667
88 102 0.142857
88 117 0.333333
89 80 0.0322581
89 105 0.1
89 106 0.2
89 124 0.25
90 86 0.0625
90 118 0.142857
91 84 0.0434783
91 92 0.166667
92 91 0.25
92 84 0.0434783
93 97 0.5
94 80 0.0322581
94 99 0.125
94 105 0.1
94 119 0.25
95 113 0.166667
96 87 0.142857
96 81 0.166667
96 112 0.25
96 113 0.166667
96 121 0.25
97 93 0.2
98 80 0.0322581
98 88 0.1
98 107 0.5
99 94 0.125
99 105 0.1
99 119 0.25
100 80 0.0322581
100 88 0.1
101 83 0.0555556
102 80 0.0322581
102 88 0.1
102 100 0.166667
103 86 0.0625
104 83 0.0555556
104 115 0.25
105 99 0.125
105 94 0.125
105 89 0.0714286
105 109 0.333333
105 126 0.333333
106 89 0.0714286
106 124 0.25
107 98 0.142857
108 80 0.0322581
108 87 0.142857
109 105 0.1
110 106 0.2
110 89 0.0714286
110 123 0.5
111 108 0.111111
111 86 0.0625
112 96 0.0909091
112 121 0.25
113 96 0.0909091
113 95 0.25
114 84 0.0434783
115 83 0.0555556
115 104 0.166667
116 104 0.166667
116 83 0.0555556
117 88 0.1
117 80 0.0322581
118 86 0.0625
118 90 0.142857
118 120 0.25
119 99 0.125
119 94 0.125
120 90 0.142857
120 86 0.0625
120 118 0.142857
121 112 0.25
121 96 0.0909091
122 104 0.166667
122 116 0.25
122 101 0.333333
122 125 0.5
123 110 0.125
124 106 0.2
124 89 0.0714286
125 122 0.142857
126 105 0.1
126 109 0.333333
127 80 0.0322581
128 118 0.142857
128 86 0.0625
129 84 0.0434783
131 132 0.0909091
131 134 0.166667
132 131 0.125
132 133 0.125
132 134 0.166667
133 132 0.0909091
133 135 0.5
134 131 0.125
134 132 0.0909091
135 133 0.125
136 53 0.142857
136 132 0.0909091
136 6 0.0322581
138 139 0.2
138 140 0.125
139 138 0.142857
139 140 0.125
140 138 0.142857
140 139 0.2
141 9 0.0666667
141 70 0.166667
141 6 0.0322581
141 26 0.111111
