0 1
1 0
1 2
1 4
2 1
3 2
4 1
5 6
5 7
5 8
5 9
5 17
5 25
5 29
5 37
6 5
6 12
6 19
6 21
6 28
6 36
7 5
7 15
7 42
8 5
8 14
8 33
9 5
9 8
9 11
9 13
10 40
11 9
11 13
11 22
12 6
12 43
13 11
13 9
13 22
13 38
14 8
15 7
15 17
15 26
15 30
16 20
16 23
16 27
17 5
17 15
17 24
17 34
17 35
17 41
17 42
18 16
18 27
19 6
20 16
21 6
21 39
22 13
22 9
22 11
22 38
23 16
23 27
24 17
25 5
25 12
26 15
26 7
26 24
26 32
27 16
27 18
27 23
27 31
28 6
29 5
29 24
29 124
30 15
30 7
31 27
32 26
33 12
33 8
34 17
34 41
35 17
35 34
36 19
36 6
37 5
38 9
38 22
38 13
39 8
39 21
40 10
41 17
41 34
41 53
42 17
42 15
42 7
42 30
43 12
44 45
44 46
44 48
45 44
45 48
46 44
46 45
46 49
48 44
48 45
49 46
49 44
50 51
51 50
52 16
53 41
53 15
53 54
53 57
53 64
53 65
53 70
53 73
53 74
53 81
53 90
53 123
54 53
54 56
54 58
54 67
54 82
54 83
54 91
55 67
55 69
55 88
55 94
55 106
55 113
56 54
56 62
56 65
56 68
56 76
56 81
57 53
57 61
57 97
58 54
58 59
58 60
58 84
58 95
58 99
58 101
59 58
59 98
59 105
60 54
60 58
60 102
61 55
61 57
61 53
61 66
61 75
61 77
61 93
61 122
62 56
62 68
62 76
63 70
63 79
64 53
65 53
65 56
65 91
66 61
66 77
66 122
67 54
67 55
67 71
67 72
67 87
67 109
68 62
68 56
68 76
69 53
69 55
69 89
70 63
70 53
70 78
70 90
71 67
72 67
72 71
72 87
72 119
73 53
73 74
73 81
73 97
73 123
74 53
74 73
75 61
75 66
75 122
76 56
76 68
76 62
77 66
77 75
77 61
77 122
78 70
78 93
78 96
79 63
79 103
79 104
80 85
81 64
81 73
81 53
81 56
81 92
81 107
81 110
81 112
82 54
83 54
83 91
84 58
85 80
85 86
86 85
86 69
87 72
87 67
87 116
88 55
88 94
88 106
88 113
89 69
90 53
90 70
90 97
91 65
91 83
91 54
92 81
92 60
92 111
92 114
93 61
93 78
93 66
93 75
93 70
94 55
94 88
95 58
96 66
96 73
96 53
96 78
96 108
97 90
97 93
97 73
97 57
97 120
98 59
98 105
99 58
100 81
101 58
101 80
101 115
101 117
102 60
103 79
103 104
104 103
104 79
104 118
105 98
105 59
106 88
106 55
107 100
107 81
107 110
108 96
109 72
109 67
110 81
110 107
110 112
111 92
111 114
112 81
112 110
113 88
113 55
114 92
114 111
115 101
116 87
116 72
116 67
117 101
117 115
118 104
119 87
119 72
119 116
120 97
121 57
122 66
122 75
122 61
122 77
122 124
123 53
123 73
124 29
124 66
124 122
124 17
124 87
124 126
124 127
124 128
124 129
125 124
125 127
125 130
126 124
127 125
127 124
128 124
129 124
130 125
