0
0
0
0
0
1
1
0.118201
0.146905
0.11207
0
0.017926
0.219997
0.016087
0.073305
0.127213
0
0.153593
0
0.40784
0
0.250484
0.005064
0
0.104433
0.333487
0.021333
0
0.499697
0.36174
0.04199
0
0.010602
0.049321
0.073549
0.051223
0.334405
0.500475
0.004126
0.083399
0
0.191034
0.044224
0.110269
0
0
0
0
0
0
0
0
0
1
0.121059
1
0.089549
0.14977
1
0.167292
0.187048
0.029882
0.019702
0.018888
0.555771
0.155639
0.115702
0.096871
0.019433
0.167031
0.129924
0.040476
0.031094
0.21355
0.287482
0.020515
0.019598
0.034978
0.023295
0.002077
0.028857
1
0.060423
0.040001
0.501597
0.007239
0.001425
0.136711
0.206295
0.083432
0.187628
0.049017
0.142991
0.013715
0.284311
0.499464
0.003281
0.058927
0.050062
0.500275
0.116613
0.142907
0.093667
0.000612
0.000399
0.050038
0.285079
0.232597
0.001643
0.032297
0.227726
0.042409
0.287541
0.284883
0.04261
0.058515
0.028924
0.047849
0.000204
0.007745
0.02953
0
0.113155
0.287448
1
0.036158
0.251618
0.250762
0.501114
0.499624
0.006067
