1 30
2 4
2 9
2 11
2 15
2 16
2 25
2 28
2 29
2 42
2 43
3 1
3 6
3 7
4 2
4 5
4 12
4 41
4 49
5 4
5 6
5 38
5 48
5 52
6 3
6 5
6 2
6 21
6 40
6 48
7 3
7 13
7 36
7 44
9 2
9 4
9 24
9 39
9 50
10 8
10 14
10 19
10 26
10 32
10 34
11 2
11 16
11 19
11 45
11 51
12 4
12 5
12 17
12 33
12 53
13 7
13 44
13 47
14 10
14 18
14 20
14 22
15 2
15 23
16 11
16 15
16 2
17 12
17 33
17 53
18 14
18 27
18 32
19 10
19 11
19 22
20 14
21 6
21 40
22 19
22 14
22 32
22 35
23 15
24 9
24 45
24 50
25 2
26 16
26 10
26 31
26 45
27 18
28 2
28 37
28 43
29 2
29 28
30 1
31 26
32 10
32 22
32 18
32 46
33 12
33 17
33 53
34 10
35 22
36 7
36 13
36 47
37 15
37 28
38 5
39 9
39 24
40 6
40 21
41 4
41 11
42 2
42 28
43 2
43 28
44 13
44 36
44 7
45 24
45 11
45 10
45 26
46 32
46 10
46 8
47 36
47 7
47 13
48 6
48 9
48 24
48 5
49 4
50 24
50 9
50 39
51 11
52 5
52 38
53 17
53 12
53 33
54 55
54 56
54 60
54 62
55 54
55 57
55 64
56 54
56 64
57 55
57 58
57 59
58 57
58 61
59 57
60 54
60 57
60 59
60 63
61 58
61 57
62 54
63 60
64 55
64 56
65 59
65 47
65 66
66 65
67 68
67 72
67 81
67 87
67 89
67 92
67 98
67 123
67 127
68 67
68 70
68 83
68 84
68 88
69 71
69 99
69 106
69 115
69 117
70 68
70 80
70 82
70 84
70 103
70 128
71 69
71 99
72 67
72 73
72 74
72 75
72 76
72 77
72 78
72 91
72 119
72 134
73 72
73 86
73 89
73 93
74 72
74 101
74 132
74 138
75 72
75 96
75 100
75 108
75 121
76 72
76 117
76 124
76 125
77 72
78 72
78 74
78 68
78 81
78 102
78 105
78 107
78 110
79 74
79 118
79 139
80 70
80 82
80 109
81 67
81 78
81 111
82 70
82 80
82 84
82 90
82 94
82 116
83 68
84 68
84 82
84 70
84 141
85 76
85 75
86 73
87 67
87 127
88 68
88 82
88 98
89 73
89 78
89 88
89 67
89 112
89 136
90 82
90 103
90 116
91 72
91 119
92 67
92 127
93 73
93 86
93 97
94 82
94 116
95 76
95 124
96 75
96 100
97 93
98 67
98 88
98 103
99 69
99 71
99 104
99 142
100 75
100 96
100 108
100 122
101 74
101 132
102 78
102 105
103 98
103 70
103 82
103 90
103 114
104 99
104 142
105 78
105 102
106 69
106 120
106 126
107 78
108 100
108 75
108 96
108 122
109 80
109 70
110 78
111 81
112 89
112 136
112 140
113 76
113 117
113 125
114 103
115 69
116 82
116 94
116 90
117 113
117 76
117 69
117 115
117 120
117 125
118 79
119 72
119 91
119 77
120 117
120 106
121 108
121 75
121 79
121 129
121 137
122 75
122 108
122 100
122 96
122 130
123 67
123 87
123 127
124 76
124 95
125 117
125 113
125 76
126 106
127 123
127 67
127 92
127 87
128 70
128 80
129 121
129 137
130 96
130 122
130 108
131 80
131 68
131 128
131 81
132 74
132 101
132 134
132 135
132 138
133 85
134 77
134 72
134 74
134 132
135 132
135 74
136 89
136 112
137 129
137 121
137 143
138 74
138 132
139 79
140 136
140 112
140 89
141 84
142 99
142 104
143 121
143 137
143 129
144 145
145 144
146 148
147 149
148 146
149 147
