0
0.001404
1
0.009682
0.146403
1
0.105403
0.001042
0.171302
0.119936
1
0.121397
0.016556
0.000148
0.088074
0.198842
0.195507
0.003679
0.035517
0.140787
0.044256
0.031334
0.043467
0.0995
0.046043
0.49973
0.103458
0.017702
0.209533
0.333891
0.000703
0.051815
0.130435
0.003689
0.250651
0.021824
0.000223
0.042102
0.253795
0.036114
0.03139
0.048926
0.201013
0.285704
0.000212
0.037116
0.032698
6.4e-05
0.179732
0.073501
0.031809
0.060641
0.33481
0.003634
1
0.178734
0.258603
0.038117
0.005436
0.048817
0.166934
0.001784
0.500315
0.083667
0.103108
0
0
1
0.141694
0.090505
0.010475
0.016643
1
0.120955
0.160481
0.083418
0.186738
0.265746
1
0.001563
0.002324
0.266133
0.006046
0.047333
0.019648
0
0.045969
0.262379
0.066759
0.100334
0.003744
0.288765
0.283324
0.024454
0.001233
0.015848
0.014924
0.01212
0.1723
0.013011
0.013292
0.038492
0.298074
0.015508
0.003991
0.298272
0.056095
0.50161
0.011602
0.000759
0.500611
0.133853
0.019524
0.223409
0.007628
0.349074
0.001655
1
0.000779
0.240471
0.253581
0.009334
0.003029
0.22833
0.046959
0.165972
0.028077
0.199036
0.002661
0.002207
0.000774
0
0.038976
0
0.169686
0.013058
0.023208
0.001923
0.048
0.000777
0.004864
0.009822
0.003807
0.000473
0
0
0
0
0
0
0
