0 1
0 4
0 14
0 23
0 46
0 56
0 73
0 87
0 117
0 137
0 155
1 0
1 2
1 5
1 7
1 12
1 20
1 27
1 41
1 50
1 70
1 114
1 179
2 1
2 3
2 30
2 31
2 65
2 171
3 2
3 6
3 31
3 158
4 0
4 15
4 110
4 185
5 1
5 39
5 44
5 75
6 3
6 5
6 11
6 21
6 47
6 54
6 63
6 64
6 81
6 94
6 102
6 106
6 108
6 113
6 183
6 189
7 1
7 8
7 9
7 10
7 32
7 70
7 72
7 74
7 151
8 7
8 9
8 16
8 22
8 37
8 61
9 8
9 7
9 45
9 133
9 150
9 182
10 7
10 74
11 6
11 33
11 55
11 56
11 80
11 196
12 1
12 24
12 40
12 172
12 175
13 6
13 17
13 19
13 38
13 83
13 99
13 101
13 113
13 176
14 0
14 89
14 148
15 4
15 25
15 56
15 84
15 98
15 140
16 8
17 13
17 107
17 125
18 1
18 12
18 35
18 70
18 169
19 13
19 22
19 26
19 29
19 36
19 53
19 79
20 1
20 78
21 6
21 43
21 54
21 59
21 108
21 125
21 189
22 8
22 19
22 28
22 42
22 156
22 160
22 168
23 0
23 56
23 87
23 137
23 155
24 12
25 15
25 84
25 140
26 19
26 130
26 145
27 1
28 22
28 76
28 120
28 146
28 184
29 19
29 22
29 69
29 130
29 152
30 2
30 52
30 109
30 111
30 119
31 28
31 3
31 2
32 30
32 10
32 7
32 34
32 78
32 187
33 11
33 55
33 66
33 77
33 98
33 180
34 32
34 187
35 18
35 20
35 37
35 60
35 93
36 28
36 19
36 62
36 105
36 143
36 145
36 157
37 35
37 9
37 8
37 132
38 13
38 49
39 5
39 44
39 71
39 154
40 12
40 8
40 134
41 1
41 35
41 112
42 22
42 147
43 6
43 21
43 47
43 68
43 94
43 124
43 135
44 5
44 39
44 75
44 94
45 9
45 50
45 74
46 0
46 103
47 6
47 43
47 48
47 82
47 86
47 116
47 122
47 141
47 190
48 47
49 6
49 38
49 13
49 51
49 57
49 58
49 173
49 194
50 1
50 5
50 45
50 7
51 49
51 88
51 194
52 30
52 109
52 151
53 19
54 6
54 21
54 63
54 102
54 126
54 131
54 189
54 197
55 25
55 33
55 11
55 149
55 153
56 15
56 11
56 23
56 0
57 51
57 40
57 49
57 91
58 51
58 49
58 64
58 173
59 21
59 28
59 36
59 43
59 69
59 82
59 111
60 35
61 8
61 118
61 161
62 36
63 6
63 54
63 81
63 106
63 126
64 49
64 63
64 58
64 6
64 67
64 162
64 181
64 197
65 2
65 171
66 33
66 180
67 64
68 6
68 43
68 88
68 100
68 104
69 59
69 29
69 85
69 115
69 163
69 193
70 7
70 18
70 1
70 78
70 96
70 123
71 39
71 5
71 44
71 88
72 7
72 92
73 0
74 45
74 7
74 10
75 5
75 44
76 28
76 120
76 146
76 184
77 33
78 32
78 70
78 20
79 19
80 11
80 13
80 46
81 6
81 63
81 106
81 189
82 55
82 59
82 47
82 86
82 138
83 13
83 99
83 101
83 176
84 15
84 25
84 185
85 69
85 163
86 19
86 47
86 82
87 0
87 11
87 23
87 98
87 103
87 170
87 186
88 49
88 68
88 71
88 51
88 97
88 178
89 14
90 68
90 100
90 104
91 57
92 72
93 35
94 5
94 44
94 43
94 6
95 18
95 169
96 70
96 78
97 88
97 178
98 33
98 87
98 15
98 77
98 177
98 186
99 13
99 83
99 176
100 68
100 90
100 104
101 13
101 83
101 99
101 107
101 125
101 176
102 6
102 54
103 87
103 46
103 186
104 90
104 100
104 68
104 159
105 36
105 143
106 63
106 6
106 81
106 108
106 126
107 17
107 101
107 86
108 106
108 54
108 21
108 6
108 128
109 52
109 30
109 119
110 4
111 59
111 30
112 41
113 102
113 13
113 6
113 106
113 127
113 136
113 167
113 174
114 1
115 69
115 59
115 85
115 129
115 130
115 145
116 47
117 0
117 23
117 137
118 61
118 161
119 30
119 109
120 28
120 76
120 2
120 121
120 164
120 192
121 120
122 47
122 141
123 70
123 160
124 43
125 17
125 21
125 13
125 29
125 101
126 54
126 63
126 106
126 128
127 113
127 136
128 54
128 21
128 126
128 81
128 108
128 183
128 189
129 115
129 153
130 29
130 115
130 26
130 142
131 126
131 102
131 21
131 128
131 54
131 183
132 37
133 9
133 139
133 182
134 40
135 43
136 113
136 127
136 174
136 188
137 23
137 0
137 117
138 82
138 31
138 76
139 133
139 9
139 172
139 182
140 15
140 25
140 144
141 47
141 122
142 130
143 36
143 105
143 145
144 140
144 166
145 36
145 143
145 26
145 115
146 111
146 28
146 76
146 32
146 152
146 175
146 191
147 22
147 42
147 156
148 14
149 55
150 9
150 133
150 182
151 7
151 52
151 109
152 29
152 22
152 146
153 17
153 115
153 55
153 125
153 129
153 165
154 39
154 5
155 23
155 0
156 22
156 147
156 42
157 36
157 143
157 192
158 3
159 90
159 100
159 104
159 68
160 22
160 96
160 123
160 8
161 118
161 61
162 64
162 67
162 179
162 181
163 85
163 69
163 193
164 120
164 121
164 192
165 153
166 144
167 113
167 136
167 127
167 188
168 147
168 42
168 22
169 18
169 95
170 87
171 2
171 65
172 12
172 9
172 139
172 133
173 49
173 58
174 136
174 127
174 113
174 167
174 188
175 12
175 78
175 146
175 3
176 13
176 101
176 99
176 83
177 73
177 98
177 0
178 97
178 88
179 64
179 27
179 162
179 1
179 12
180 33
180 66
180 77
181 64
181 162
182 150
182 139
182 9
182 133
183 54
183 131
183 128
183 6
184 28
184 76
185 84
185 4
186 103
186 87
186 98
187 34
187 32
187 8
188 127
188 167
188 113
188 136
188 174
189 54
189 21
189 128
189 81
189 6
190 47
190 141
191 146
192 59
192 157
192 121
192 120
192 164
193 85
193 69
193 163
194 49
194 58
194 51
195 32
195 76
195 2
196 11
197 64
197 54
197 181
197 12
