1
1
0.086865
0.139181
0.127663
0.168578
1
1
0.088646
0.086525
0.255132
0.101917
0.111395
0.085899
0.166659
0.026439
0.044454
0.167531
0.128722
0.089567
0.37033
0.100204
0.031132
0.161685
0.055979
0.022637
0.044222
0.365053
0.164681
0.045666
0.047669
0.04212
0.167498
0.019774
0.048524
1
1
0.152362
0.26452
0.025752
0.045552
0.20171
0.007255
0.089697
0.040077
0.073441
0.206765
1
0.499698
1
0.173183
0.177641
0.045438
0.044869
0.094527
0.122317
0.154226
0.16628
0.178002
0.045616
0.50059
0.015011
0.501069
0.128318
0.089101
0.025821
0.005746
0.039233
0.00963
0.019463
0.175122
0.007073
0.250498
0.334565
0.204082
0.04982
0.122489
0.0092
0.110145
0.04502
0.020565
0.149792
0.132309
0.016969
0.01305
0.024245
0.188193
0.091107
0.017176
0.083293
0.000511
0.083532
0.125117
0.500119
0.137256
0.010733
0.046531
0.005169
0.014172
0.018928
0.001589
0.025114
0.191479
0.050216
0.001397
0.284191
0.129845
0.037602
0.135373
0.04101
0.064216
0.21042
0.101189
0.072109
0.500741
0.12491
0.500948
0.230689
0.004469
0.020882
0.028629
0.015828
0.291081
0.045073
0.044979
0.136954
0.043503
0.011539
0.036078
0.270635
0.025859
0.025894
0.076949
0.017068
0.022853
0.044798
0.011294
0.21376
0.033224
0.006952
0.00793
0.245625
0.012869
0.213562
0.002024
0.161633
1
0.003363
0.083586
0.061209
0.019391
0.202484
0.204876
1
0.008796
0.277277
0.00648
0.201148
0.069622
0.000302
0.012475
0.004515
0.035627
0.007492
0.011233
0.500631
0.001062
0.011766
0.007869
0.032555
0.045548
0.025751
0.019186
0.279641
0.010401
0.180518
0.017132
0.003533
0.005138
0.144845
0.004797
0.028842
0.015049
0.11555
0.068383
0.033496
0.02424
0.040696
0.003991
0.131045
0.333577
0.500587
0.029133
0.005054
0.161851
0
0.050862
0.030039
