46
87
17 14 0.0833333
17 21 0.2
27 24 0.2
27 32 0.333333
27 33 0.25
27 34 0.333333
27 43 0.0625
38 35 0.125
18 6 0.142857
18 9 0.166667
18 23 0.5
28 29 0.2
28 31 0.166667
28 40 0.25
0 1 0.1
0 2 0.166667
1 0 0.111111
1 22 0.333333
19 10 0.142857
39 33 0.25
2 0 0.111111
2 14 0.0833333
20 4 0.111111
20 12 0.333333
29 28 0.0909091
29 37 0.333333
3 6 0.142857
3 9 0.166667
40 30 0.0666667
40 28 0.0909091
4 10 0.142857
4 12 0.333333
4 20 0.333333
41 31 0.166667
5 7 0.125
6 3 0.0833333
21 14 0.0833333
21 17 0.25
21 24 0.2
7 5 0.125
7 11 0.333333
7 15 0.2
30 28 0.0909091
30 31 0.166667
30 40 0.25
30 42 0.5
30 43 0.0625
9 3 0.0833333
9 18 0.166667
42 30 0.0666667
31 28 0.0909091
31 30 0.0666667
31 41 0.5
32 27 0.0454545
43 14 0.0833333
43 27 0.0454545
43 30 0.0666667
43 44 0.5
22 1 0.1
22 7 0.125
23 18 0.166667
24 14 0.0833333
24 21 0.2
10 4 0.111111
10 19 0.333333
44 43 0.0625
11 7 0.125
12 4 0.111111
33 27 0.0454545
33 39 0.5
34 27 0.0454545
34 32 0.333333
35 38 0.5
13 0 0.111111
13 4 0.111111
14 10 0.142857
14 2 0.166667
14 16 0.333333
14 17 0.25
14 24 0.2
14 43 0.0625
15 7 0.125
15 11 0.333333
16 14 0.0833333
16 13 0.333333
37 29 0.2
37 28 0.0909091
