0 1
0 3
0 8
1 0
2 0
2 4
3 0
4 2
4 5
5 4
6 5
6 7
7 6
7 8
8 7
8 6
8 0
8 9
8 14
8 16
8 56
9 8
9 11
9 13
9 21
9 33
10 11
10 22
10 33
10 69
10 92
11 10
11 9
11 12
11 17
11 18
11 19
11 38
11 55
11 83
12 11
12 18
12 46
12 53
12 100
12 101
13 9
13 51
13 67
14 8
14 16
14 27
14 76
14 104
14 236
15 23
15 24
15 50
16 8
16 14
16 15
16 23
16 27
16 73
17 11
17 13
17 18
17 28
17 61
18 12
18 11
18 9
18 17
18 21
18 75
19 11
19 31
19 32
19 34
19 52
20 16
20 30
20 109
20 110
21 18
21 19
21 9
21 25
21 66
22 10
22 57
22 60
22 68
23 16
23 15
23 42
23 54
23 73
24 15
24 50
24 88
25 21
25 66
26 20
26 35
26 64
27 14
27 20
27 16
27 29
27 45
27 70
27 94
27 108
27 122
28 17
29 27
30 20
30 27
30 35
30 48
30 59
30 65
30 90
31 19
31 34
32 19
32 52
33 10
33 9
33 41
33 63
33 107
34 19
34 31
34 52
35 30
35 26
35 45
35 74
35 86
35 112
36 30
36 37
36 39
37 36
37 39
37 44
37 76
37 89
37 91
38 11
39 36
39 37
39 89
39 113
40 43
40 62
40 105
41 33
42 23
42 98
43 40
43 72
43 105
44 39
44 36
44 37
45 8
45 35
45 27
45 85
46 12
46 77
46 81
46 106
47 40
47 43
47 62
47 72
48 30
48 65
49 20
49 16
49 54
49 58
50 15
50 24
50 88
51 13
52 32
52 19
52 34
52 60
53 12
53 101
54 23
54 49
54 79
54 96
55 11
55 92
55 111
56 8
56 95
56 99
56 103
57 22
57 71
58 49
59 30
59 90
60 22
60 52
61 17
61 62
61 82
62 40
62 43
62 47
62 61
63 33
63 107
64 26
65 30
65 59
65 48
65 90
66 21
66 25
67 13
67 17
67 80
68 22
68 57
68 71
69 10
69 92
70 27
71 68
71 22
71 57
72 47
72 40
72 43
72 112
73 23
73 16
73 84
74 72
74 35
74 87
75 18
76 39
76 37
76 36
76 14
76 102
77 46
77 106
78 8
79 54
79 96
80 67
81 46
82 61
83 11
84 73
85 45
86 35
86 112
87 74
88 24
88 50
89 36
89 37
89 39
89 91
89 113
90 59
90 30
90 65
91 37
91 89
91 36
92 69
92 76
92 55
92 10
93 8
94 27
94 108
95 56
95 103
96 54
96 79
97 41
97 33
98 42
99 56
99 103
100 12
100 53
101 100
101 12
101 53
102 76
103 99
103 56
103 95
104 14
105 85
105 40
105 43
105 47
106 46
106 77
106 81
107 63
107 33
108 27
108 94
109 20
110 20
111 55
112 86
112 35
112 72
113 39
113 89
113 37
114 116
114 119
115 117
116 114
116 118
117 115
118 116
119 114
120 114
122 74
122 27
122 95
122 123
122 125
122 130
123 122
124 126
124 127
125 122
125 127
126 124
126 129
127 124
127 125
127 128
128 127
129 126
130 122
131 132
132 131
134 135
134 141
134 156
135 134
135 145
136 153
136 173
136 197
136 213
137 139
137 140
137 160
137 162
137 167
137 182
137 185
138 142
138 150
138 186
138 198
138 205
139 137
139 201
139 220
140 137
140 163
141 134
141 144
141 175
142 138
142 189
143 147
143 149
144 141
144 166
145 135
145 134
145 146
145 204
146 139
146 145
146 148
146 165
146 172
146 202
147 143
148 146
148 141
148 161
148 174
149 143
149 179
149 187
149 212
150 139
150 138
150 151
150 152
150 154
150 223
151 150
151 152
151 158
151 223
152 150
152 151
152 157
152 168
152 176
152 177
152 192
152 206
152 214
153 136
153 197
153 213
153 221
154 150
154 151
155 134
155 145
156 134
156 159
156 191
156 215
157 152
157 168
157 176
157 177
157 200
157 211
158 152
158 151
158 181
158 194
159 156
160 137
161 148
161 163
161 169
162 137
163 161
163 140
163 180
164 136
164 143
165 146
165 172
166 144
167 139
167 162
167 137
167 172
167 178
167 184
167 196
167 210
167 217
167 218
168 152
168 157
168 155
168 192
168 203
169 161
169 188
170 140
170 144
171 159
172 146
172 165
172 167
172 208
172 217
173 136
173 195
173 199
174 148
174 193
175 141
176 152
176 157
176 200
177 152
177 157
178 167
178 196
178 210
179 149
179 187
180 163
181 158
181 154
182 137
183 147
184 167
185 137
185 166
186 138
186 205
187 149
187 179
187 212
188 169
189 142
191 156
191 159
191 236
192 150
192 152
192 168
192 209
192 219
193 148
193 174
194 158
195 173
196 167
196 178
197 136
197 153
198 138
198 186
199 173
200 176
200 152
200 157
200 214
201 139
202 146
203 168
204 145
204 207
205 176
205 152
205 186
205 138
206 152
206 176
207 204
208 172
209 192
210 167
210 178
211 200
211 152
211 176
211 157
211 214
212 187
212 149
212 179
213 153
213 136
213 221
214 211
214 152
214 200
215 156
215 159
216 166
217 208
217 172
217 167
218 167
219 192
219 143
220 139
220 222
221 136
221 197
221 153
221 213
222 139
222 220
223 150
223 151
224 225
225 224
226 227
226 228
226 229
226 230
227 226
228 226
229 226
230 226
231 232
232 231
232 233
233 232
233 235
235 233
236 14
236 152
236 191
236 89
236 240
237 238
237 240
238 237
240 236
240 237
