0.126442
0.03181
0.002757
0.063184
0.008482
0.033584
0.201976
0.281798
1
0.128174
0.07394
1
0.153081
0.019732
0.134421
0.011431
0.122385
0.090546
0.093941
0.092701
0.121941
0.024563
0.008557
0.014918
0.001981
0.007262
0.010511
1
0.030383
0.333463
1
0.026611
0.02589
0.012323
0.020547
0.081871
0.134618
1
0.500178
0.154953
0.002255
0.00171
0.001921
0.002691
0.250165
0.11944
1
0.002599
0.282128
0.000237
0.00215
0.00499
0.016372
0.042291
0.001895
0.126704
0.118786
0.002038
0.000111
0.259809
0.00409
0.009242
0.001502
0.003646
0.005199
0.196137
0.007306
0.003979
0.001773
0.024633
0.500579
0.000749
0.016501
0.019006
0.133643
0.047025
0.115334
0.282137
0
0.000586
0.001962
0.378058
0.004554
0.500077
0.004786
0.040222
0.022849
0.066948
0.000941
0.112498
0.220903
0.216679
0.029976
0
0.297596
0.182985
0.000551
0
0.000984
0.040139
0.045199
0.0368
0.057551
0.051886
0.067263
0.000765
0.202198
0.00369
0.298071
0.040437
0.060895
0.06312
0.014538
0.051623
0
0
0
0
0
0
0
0
1
0.251065
0.002818
0.100544
0.000491
0.016689
0.008394
0.000254
0.500697
0
0
0
0.010491
0.018504
0
1
1
0.209102
0.142641
0.008886
0.251115
0.00153
0.007564
0.102519
1
0.000283
0.071989
0.000152
0.143075
0.131417
1
0
0.036567
0.01855
0.001301
0.127581
0.018729
0.000704
0.500675
0.013398
0.556156
0.021975
0
0.28653
0.029022
1
0.109452
0.002218
0
0
0.20562
0
0.011899
0.004502
0.180976
0.270951
0.23458
4.2e-05
0.011003
0.003159
0.499994
0
0.500343
0.200719
0.279127
3.1e-05
0.001107
0.063147
0
0.002107
0.110323
0.004011
0.009442
0
0.288937
0
0.333875
0
0.056293
0.104659
0.500263
0.054719
0.025448
0.202701
0.333856
0.012758
0.1161
0.054982
0.288291
0.036435
2.5e-05
0
0.131883
0.000405
0
0.166303
0.500443
0.015875
0.052515
0
0.017644
0.065565
0
0
1
0.125761
0.251097
0.250364
0.500239
0
0
0
0
0
0.009603
0.000399
9.6e-05
0
0.002433
