0 1
1 0
20 7
20 9
21 5
21 19
21 26
2 3
2 8
2 27
2 31
22 2
22 4
22 8
23 16
23 29
3 2
3 5
3 6
3 14
4 2
4 22
24 18
24 10
25 10
25 24
26 21
26 19
27 4
27 8
27 2
5 3
5 11
5 16
5 21
6 3
6 14
6 28
28 6
28 14
43 44
43 45
43 46
43 48
49 45
44 43
44 45
44 46
44 48
29 16
29 23
45 43
45 44
45 49
30 11
46 43
46 44
50 42
31 8
31 2
31 27
7 3
7 6
7 9
7 12
7 17
7 19
7 20
32 18
32 10
32 13
51 45
33 15
8 2
8 11
8 19
8 22
8 27
8 31
9 7
9 12
9 20
10 13
10 25
10 32
11 5
11 8
11 15
11 30
12 7
12 9
13 10
13 18
13 32
14 3
14 6
14 28
34 35
34 36
34 37
15 11
15 33
16 5
16 23
16 29
35 34
35 38
35 39
36 34
37 34
38 35
38 39
39 35
39 38
17 7
17 9
40 41
54 55
55 54
18 10
18 13
18 24
48 46
48 43
48 44
19 2
19 8
19 7
19 26
41 40
