56
130
0 1 0.333333
1 0 0.25
20 7 0.0714286
20 9 0.125
21 5 0.1
21 19 0.125
21 26 0.25
2 3 0.0833333
2 8 0.0769231
2 27 0.166667
2 31 0.2
22 2 0.0714286
22 4 0.25
22 8 0.0769231
23 16 0.125
23 29 0.25
3 2 0.0714286
3 5 0.1
3 6 0.142857
3 14 0.166667
4 2 0.0714286
4 22 0.2
24 18 0.166667
24 10 0.111111
25 10 0.111111
25 24 0.25
26 21 0.142857
26 19 0.125
27 4 0.25
27 8 0.0769231
27 2 0.0714286
5 3 0.0833333
5 11 0.125
5 16 0.125
5 21 0.142857
6 3 0.0833333
6 14 0.166667
6 28 0.25
28 6 0.142857
28 14 0.166667
43 44 0.1
43 45 0.0909091
43 46 0.142857
43 48 0.142857
49 45 0.0909091
44 43 0.0909091
44 45 0.0909091
44 46 0.142857
44 48 0.142857
29 16 0.125
29 23 0.25
45 43 0.0909091
45 44 0.1
45 49 0.333333
30 11 0.125
46 43 0.0909091
46 44 0.1
50 42 0.2
31 8 0.0769231
31 2 0.0714286
31 27 0.166667
7 3 0.0833333
7 6 0.142857
7 9 0.125
7 12 0.25
7 17 0.333333
7 19 0.125
7 20 0.25
32 18 0.166667
32 10 0.111111
32 13 0.166667
51 45 0.0909091
33 15 0.25
8 2 0.0714286
8 11 0.125
8 19 0.125
8 22 0.2
8 27 0.166667
8 31 0.2
9 7 0.0714286
9 12 0.25
9 20 0.25
10 13 0.166667
10 25 0.2
10 32 0.2
11 5 0.1
11 8 0.0769231
11 15 0.25
11 30 0.5
12 7 0.0714286
12 9 0.125
13 10 0.111111
13 18 0.166667
13 32 0.2
14 3 0.0833333
14 6 0.142857
14 28 0.25
34 35 0.166667
34 36 0.5
34 37 0.5
15 11 0.125
15 33 0.5
16 5 0.1
16 23 0.25
16 29 0.25
35 34 0.125
35 38 0.25
35 39 0.25
36 34 0.125
37 34 0.125
38 35 0.166667
38 39 0.25
39 35 0.166667
39 38 0.25
17 7 0.0714286
17 9 0.125
40 41 0.5
54 55 0.5
55 54 0.25
18 10 0.111111
18 13 0.166667
18 24 0.25
48 46 0.142857
48 43 0.0909091
48 44 0.1
19 2 0.0714286
19 8 0.0769231
19 7 0.0714286
19 26 0.25
41 40 0.25
