0 1
27 28
28 27
1 0
1 2
2 1
13 8
13 19
14 6
34 31
3 4
3 11
4 3
4 5
4 15
4 16
15 4
16 10
16 15
16 4
35 31
35 38
5 4
5 3
5 7
5 18
37 31
37 36
37 41
6 9
6 10
6 17
7 5
7 8
38 35
29 30
29 31
29 32
17 6
18 5
18 12
18 9
39 34
39 31
8 7
8 13
8 19
8 20
40 30
40 29
41 37
19 8
19 13
19 20
9 6
9 12
10 6
10 16
30 29
30 31
30 32
30 40
42 43
42 44
43 42
44 42
44 45
45 44
20 13
20 8
20 19
31 30
31 29
31 34
31 35
31 37
31 39
46 47
47 46
32 29
32 30
11 3
48 49
49 48
22 25
23 22
23 24
23 26
12 9
24 23
24 26
25 22
26 23
26 24
