50
94
0 1 0.166667
27 28 0.5
28 27 0.25
1 0 0.25
1 2 0.5
2 1 0.166667
13 8 0.1
13 19 0.166667
14 6 0.0833333
34 31 0.0833333
3 4 0.125
3 11 0.5
4 3 0.111111
4 5 0.0909091
4 15 0.333333
4 16 0.2
15 4 0.125
16 10 0.166667
16 15 0.333333
16 4 0.125
35 31 0.0833333
35 38 0.5
5 4 0.125
5 3 0.111111
5 7 0.142857
5 18 0.25
37 31 0.0833333
37 36 0.25
37 41 0.5
6 9 0.2
6 10 0.166667
6 17 0.5
7 5 0.0909091
7 8 0.1
38 35 0.166667
29 30 0.125
29 31 0.0833333
29 32 0.25
17 6 0.0833333
18 5 0.0909091
18 12 0.333333
18 9 0.2
39 34 0.333333
39 31 0.0833333
8 7 0.142857
8 13 0.2
8 19 0.166667
8 20 0.125
40 30 0.125
40 29 0.0833333
41 37 0.166667
19 8 0.1
19 13 0.2
19 20 0.125
9 6 0.0833333
9 12 0.333333
10 6 0.0833333
10 16 0.2
30 29 0.0833333
30 31 0.0833333
30 32 0.25
30 40 0.333333
42 43 0.25
42 44 0.25
43 42 0.142857
44 42 0.142857
44 45 0.5
45 44 0.25
20 13 0.2
20 8 0.1
20 19 0.166667
31 30 0.125
31 29 0.0833333
31 34 0.333333
31 35 0.166667
31 37 0.166667
31 39 0.333333
46 47 0.25
47 46 0.25
32 29 0.0833333
32 30 0.125
11 3 0.111111
48 49 0.5
49 48 0.25
22 25 0.5
23 22 0.2
23 24 0.25
23 26 0.25
12 9 0.2
24 23 0.142857
24 26 0.25
25 22 0.2
26 23 0.142857
26 24 0.25
