0 1
0 4
0 12
1 0
1 2
2 0
2 1
3 0
3 5
4 0
5 3
5 6
6 8
6 5
7 8
7 6
8 9
8 10
8 6
8 7
9 8
9 11
9 6
10 8
11 9
11 12
12 0
12 105
12 11
12 44
12 13
12 14
12 178
12 19
12 9
12 154
12 28
12 26
13 16
13 18
13 37
13 25
13 59
13 12
13 63
14 17
14 131
14 164
14 69
14 70
14 145
14 169
14 12
14 30
14 15
15 16
15 52
15 39
15 180
15 59
15 14
15 127
16 64
16 33
16 34
16 35
16 104
16 73
16 13
16 15
16 20
16 22
16 23
16 158
17 36
17 21
17 55
17 24
17 43
17 44
17 14
17 213
18 121
18 13
18 150
18 31
19 193
19 27
19 12
19 165
19 71
20 16
20 112
20 90
21 48
21 17
21 148
21 153
21 185
21 479
22 16
22 192
22 34
22 100
22 87
22 196
23 16
23 64
23 99
23 102
23 263
23 104
23 128
24 256
24 17
24 44
24 461
24 55
25 96
25 123
25 124
25 13
25 53
26 32
26 146
26 204
26 12
26 28
26 492
26 14
26 47
27 32
27 40
27 95
27 19
27 41
28 32
28 56
28 40
28 26
28 27
28 12
28 138
28 47
29 19
29 151
30 195
30 52
30 14
30 70
30 169
30 164
30 46
30 69
31 80
31 18
31 130
31 38
31 87
32 26
32 27
32 28
32 66
33 16
33 112
33 34
33 25
33 176
33 50
34 16
34 33
34 116
34 37
34 22
34 13
34 143
35 16
35 57
35 58
35 67
35 97
36 17
36 210
36 212
36 56
36 24
36 55
36 28
37 42
37 122
37 34
37 35
37 13
38 65
38 116
38 22
38 54
38 187
38 31
39 106
39 125
39 109
39 15
40 81
40 138
40 27
40 28
40 101
41 170
41 27
41 95
42 122
42 37
43 24
43 17
43 36
43 117
43 68
44 144
44 17
44 49
44 24
44 75
44 12
44 45
44 207
44 61
45 177
45 175
45 44
45 189
45 103
46 256
46 30
46 134
46 142
46 56
46 492
46 219
46 60
46 14
47 209
47 51
47 36
47 85
47 184
47 132
47 26
47 28
47 238
48 153
48 21
48 185
49 44
49 110
50 33
51 47
52 64
52 162
52 53
52 69
52 14
52 21
52 30
52 15
53 52
53 69
53 25
53 91
53 14
53 79
54 187
54 38
55 17
55 36
55 108
55 119
55 24
55 68
55 92
55 173
55 47
56 36
56 94
56 28
56 62
56 46
57 67
57 35
58 97
58 35
59 80
59 208
59 114
59 103
59 15
59 45
59 126
59 13
60 32
60 160
60 26
60 46
61 86
61 120
61 105
61 44
61 141
61 30
62 56
62 161
62 83
62 238
63 13
63 214
64 16
64 52
64 23
64 216
64 140
64 78
65 136
65 126
65 38
66 32
66 129
66 118
66 88
66 41
66 74
66 27
66 111
67 57
67 35
67 97
68 139
68 85
68 167
68 55
68 217
68 43
68 175
69 68
69 53
69 52
69 30
69 139
69 175
69 14
69 85
70 72
70 76
70 30
70 14
70 55
71 81
71 19
71 165
71 118
71 151
71 193
72 146
72 84
72 70
72 171
72 76
72 174
73 16
74 88
74 129
74 66
75 44
76 72
76 171
76 222
76 70
77 56
77 161
77 194
77 93
78 64
78 140
79 113
79 82
79 53
79 205
80 18
80 59
80 45
80 31
81 40
81 98
81 190
81 71
82 137
82 205
82 79
83 62
84 72
84 76
84 70
85 68
85 12
85 69
85 166
85 47
86 61
87 147
87 156
87 206
87 22
87 31
88 66
88 74
89 137
89 113
89 82
89 79
90 20
91 464
91 69
91 53
92 119
92 55
93 194
93 115
93 77
94 56
94 28
94 107
94 36
94 101
95 41
95 170
95 27
96 25
96 123
97 67
97 58
97 35
97 109
98 81
98 197
99 172
99 23
100 196
100 22
101 40
101 152
101 188
101 94
102 23
103 136
103 59
103 45
103 126
103 61
104 16
104 215
104 180
104 23
105 201
105 186
105 12
105 61
105 191
106 133
106 39
107 94
108 173
108 55
109 97
109 148
109 39
110 49
111 66
111 74
112 33
112 90
112 20
112 157
112 113
113 112
113 89
113 82
113 214
113 79
114 208
114 59
115 159
115 77
115 93
116 34
116 218
116 38
117 43
118 66
118 19
118 163
118 71
119 92
119 108
119 173
119 55
120 61
121 18
122 42
122 37
123 96
123 25
124 25
124 155
124 33
125 106
125 133
125 39
126 65
126 59
126 103
127 180
127 15
128 99
128 172
128 102
128 23
129 66
129 74
130 31
131 202
131 223
131 14
131 30
131 221
132 47
133 106
133 125
133 39
134 46
135 45
136 65
136 103
136 31
137 89
137 82
137 217
137 79
138 40
138 163
138 28
138 118
139 168
139 137
139 68
139 69
140 64
140 78
141 178
141 86
141 61
141 126
141 183
142 24
142 36
142 46
143 34
144 44
145 30
145 14
146 131
146 198
146 70
146 72
146 26
146 76
147 206
147 87
148 200
148 199
148 21
148 109
149 12
150 18
151 19
151 29
151 71
152 188
152 101
153 48
153 185
153 21
154 12
154 71
155 124
156 87
157 112
158 16
159 115
159 77
160 60
160 181
160 261
161 77
161 62
161 159
162 52
163 138
163 118
164 145
164 30
164 14
165 19
165 29
165 71
166 85
167 217
167 68
168 139
169 145
169 14
169 30
170 41
170 95
171 256
171 174
171 70
171 72
171 76
171 222
172 128
172 99
172 23
173 119
173 108
173 55
174 72
174 171
174 70
175 211
175 68
175 69
175 217
175 153
175 45
176 33
176 50
177 45
177 189
178 179
178 12
178 61
178 141
179 178
180 104
180 146
180 15
180 127
181 160
181 60
182 178
182 12
183 141
184 209
184 47
185 48
185 153
185 21
186 105
186 201
187 54
187 38
188 152
188 101
189 80
189 177
189 59
189 45
190 81
191 105
191 201
192 100
192 22
193 19
193 165
193 71
194 115
194 77
194 93
195 145
195 30
195 14
195 221
196 192
196 100
196 22
197 98
198 146
199 200
199 216
199 148
200 216
200 479
200 148
200 199
201 105
201 186
201 191
202 131
203 136
204 26
205 89
205 82
205 166
205 79
206 147
206 156
206 87
207 220
207 44
208 114
208 59
209 184
209 47
210 36
211 175
212 36
213 24
213 17
214 137
214 90
214 113
214 63
215 104
216 64
216 200
216 52
216 199
217 137
217 175
217 68
217 167
218 116
219 46
220 144
220 44
220 207
221 202
221 131
221 223
221 78
221 195
222 72
222 171
222 76
223 112
223 224
223 226
223 131
223 227
223 13
223 206
223 221
224 225
224 226
224 234
224 223
225 224
225 235
225 229
225 230
226 224
226 233
226 228
226 223
227 231
227 223
228 232
228 226
229 225
229 236
229 237
230 225
231 227
232 228
233 226
234 224
234 226
235 225
236 229
236 237
237 236
237 229
238 240
238 49
238 242
238 243
238 254
238 186
238 139
238 239
238 62
238 47
239 241
239 242
239 251
239 238
240 238
240 247
241 249
241 244
241 239
242 249
242 243
242 245
242 238
242 239
243 481
243 242
243 245
243 248
243 252
243 238
244 241
244 253
244 246
245 242
245 243
246 244
246 255
247 240
248 243
249 241
249 242
249 250
250 249
251 239
252 243
253 244
254 238
255 246
256 257
256 210
256 51
256 260
256 24
256 171
256 258
256 46
257 256
257 259
258 256
258 481
258 260
259 257
260 256
260 258
261 160
261 19
261 262
261 74
261 60
261 46
262 261
263 441
263 326
263 327
263 264
263 140
263 269
263 271
263 176
263 273
263 23
263 313
263 282
263 31
264 272
264 275
264 388
264 279
264 360
264 265
264 346
264 263
264 383
265 288
265 305
265 341
265 422
265 295
265 264
265 364
265 266
265 267
265 284
265 270
266 305
266 306
266 300
266 280
266 265
266 268
267 265
267 291
267 308
267 382
267 391
268 372
268 266
268 284
269 402
269 443
269 263
269 299
269 332
269 350
270 321
270 274
270 374
270 276
270 277
270 278
270 365
270 265
270 314
270 330
270 271
271 390
271 263
271 377
271 455
271 349
271 270
271 287
272 425
272 379
272 293
272 409
272 264
272 281
272 346
272 267
273 289
273 271
273 369
273 398
273 263
274 337
274 290
274 419
274 277
274 297
274 396
274 285
274 270
275 264
275 308
275 302
276 360
276 456
276 274
276 414
276 270
277 417
277 274
277 355
277 406
277 407
277 362
277 381
277 270
277 367
278 323
278 270
278 303
279 264
279 273
280 352
280 266
280 283
280 403
281 272
281 387
282 289
282 292
282 286
282 263
283 280
283 329
284 424
284 265
284 266
284 268
284 285
285 416
285 328
285 274
285 291
285 276
285 296
285 345
285 284
286 319
286 454
286 441
286 282
286 315
286 447
287 320
287 336
287 427
287 293
287 347
287 271
288 265
288 295
289 273
289 282
290 297
290 274
290 396
290 334
290 337
291 317
291 391
291 280
291 267
291 364
291 285
291 351
292 384
292 282
292 325
292 358
292 442
293 272
293 276
293 294
293 298
293 460
293 301
293 287
294 298
294 460
294 293
294 310
295 288
295 265
295 440
295 449
296 452
296 285
296 405
297 363
297 274
297 339
297 290
298 353
298 354
298 307
298 293
298 294
298 433
298 392
298 331
298 444
299 458
299 402
299 443
299 269
300 266
300 324
301 293
301 294
302 275
302 398
303 278
304 265
304 266
304 284
304 422
305 265
305 266
305 389
305 445
305 311
306 312
306 372
306 266
306 316
306 318
307 353
307 354
307 411
307 439
307 298
307 331
308 275
308 267
308 340
308 302
309 333
309 271
310 361
310 298
310 395
310 294
311 305
312 372
312 306
312 316
312 378
312 318
313 263
314 270
315 322
315 447
315 325
315 286
315 319
316 312
316 329
316 306
316 434
316 344
317 267
317 323
317 291
317 340
318 312
318 306
318 378
319 315
319 286
319 263
320 287
321 270
322 315
322 325
322 286
322 333
323 317
323 278
323 359
324 288
324 380
324 426
324 300
324 335
325 322
325 315
325 292
325 286
326 282
326 269
326 263
327 263
328 345
328 285
329 283
329 316
330 321
330 290
330 371
330 276
330 357
330 438
330 401
330 345
330 451
330 450
330 270
331 304
331 307
331 420
331 390
331 392
331 298
332 431
332 348
332 269
332 263
333 322
333 315
333 309
333 454
333 418
334 290
334 276
334 406
334 274
334 338
334 366
334 397
335 426
335 324
336 320
336 341
336 287
337 274
337 290
338 366
338 334
339 297
339 363
339 383
340 385
340 308
340 317
341 336
341 295
341 265
341 298
341 423
341 394
342 283
342 278
343 288
343 311
344 296
344 329
344 316
345 450
345 436
345 328
345 297
345 330
345 285
346 272
346 264
346 387
346 308
347 272
347 336
347 400
347 356
347 375
347 408
347 287
348 332
349 271
350 410
350 269
350 398
351 393
351 291
351 364
352 280
353 298
353 307
353 411
354 298
354 307
355 417
355 277
355 407
355 362
355 367
355 412
355 399
356 408
356 347
357 401
357 330
357 438
358 384
358 292
359 323
360 276
360 421
360 430
360 264
360 332
360 334
361 370
361 349
361 310
361 301
362 355
362 277
362 367
363 297
363 339
364 323
364 382
364 265
364 403
364 291
364 351
365 270
366 338
366 334
367 362
367 355
367 399
367 277
367 381
368 289
369 273
369 386
369 428
370 361
370 404
370 271
371 330
372 312
372 306
372 268
372 318
373 455
373 309
373 349
373 271
374 329
374 270
374 407
375 376
375 347
375 356
376 400
376 408
376 347
376 356
376 375
377 349
377 271
378 312
378 306
378 318
379 272
379 425
380 426
380 324
381 399
381 407
381 277
381 367
382 267
382 364
383 432
383 338
383 339
383 264
383 334
383 415
384 442
384 292
384 358
385 340
386 369
386 428
386 429
387 281
387 346
388 264
389 305
389 492
389 311
390 331
390 373
390 349
390 271
391 267
391 291
392 271
392 437
392 454
392 298
392 331
392 293
393 291
393 351
394 341
394 423
395 310
396 290
396 274
397 334
398 273
398 350
398 302
399 453
399 355
399 381
399 367
400 376
400 347
401 330
401 357
402 299
402 269
403 280
403 364
404 370
405 296
406 381
406 277
406 334
406 367
407 413
407 355
407 277
407 374
407 381
408 376
408 347
408 356
409 272
409 379
410 350
411 353
411 298
411 307
411 444
412 355
412 277
412 381
412 367
413 407
414 276
415 432
415 383
416 285
417 355
417 277
417 367
418 333
419 337
419 274
420 331
421 360
422 304
422 265
423 394
423 341
424 435
424 284
425 272
425 353
425 298
425 379
426 324
426 380
426 335
427 287
428 369
428 386
428 429
429 369
429 386
429 428
430 360
430 457
430 263
431 332
432 415
432 479
432 383
433 353
433 298
434 344
434 316
435 424
436 345
437 392
438 330
438 357
439 353
439 298
439 411
439 444
439 307
440 449
440 295
441 322
441 315
441 286
441 263
442 384
442 292
442 358
443 458
443 299
443 269
444 298
444 411
444 461
444 439
445 305
445 311
446 280
446 403
446 300
447 315
447 286
448 329
448 316
449 440
449 295
450 432
450 345
450 330
450 436
450 383
451 330
452 296
453 370
453 428
453 373
453 399
454 392
454 282
454 333
454 286
455 377
455 373
455 271
456 459
456 276
457 430
458 443
458 402
458 299
458 269
459 456
459 276
460 293
460 294
461 17
461 24
461 267
461 444
461 462
461 383
462 461
462 463
463 461
463 462
464 465
464 466
464 468
464 373
464 24
464 186
464 91
464 14
465 464
465 466
466 464
466 465
466 467
466 468
466 471
466 472
466 474
467 466
467 475
467 470
468 464
468 466
468 469
468 470
469 473
469 468
469 470
470 478
470 467
470 468
470 469
470 475
471 466
471 476
472 466
473 472
473 469
474 466
475 467
475 477
475 470
476 471
477 472
477 475
478 470
479 432
479 264
479 21
479 200
479 480
479 293
480 479
481 258
481 243
481 484
481 213
481 202
481 28
481 482
481 483
482 481
482 483
483 481
483 482
483 485
483 487
484 481
484 489
485 488
485 483
486 485
486 487
487 483
487 486
488 490
488 491
488 485
489 484
490 488
491 488
492 499
492 389
492 495
492 26
492 171
492 298
492 46
492 493
493 492
493 494
494 496
494 499
494 493
495 497
495 492
496 498
496 494
497 495
498 496
499 492
499 494
