16 3
16 10
16 9
17 14
17 4
40 34
40 38
18 3
18 6
18 19
0 1
19 18
19 3
19 6
1 0
20 2
41 32
41 33
41 44
42 33
42 32
42 30
42 46
30 32
30 34
30 35
31 30
2 7
2 20
21 11
22 11
3 6
3 11
3 16
3 18
32 30
32 33
32 34
32 39
32 41
32 43
32 44
23 15
23 4
43 33
43 32
24 8
4 2
4 5
4 14
4 15
4 17
5 4
5 14
33 32
33 43
6 3
6 11
6 18
34 32
34 30
34 40
44 33
44 41
44 32
25 15
35 30
35 36
35 37
35 38
45 39
46 42
7 2
7 9
7 26
8 7
8 24
9 7
9 10
36 35
10 9
10 16
26 7
11 3
11 6
11 12
11 21
11 22
12 9
12 11
12 13
37 35
37 36
13 12
38 35
39 37
39 32
39 45
14 4
14 5
14 15
15 14
15 4
15 23
15 25
