0 1
0 61
1 0
1 2
45 40
45 55
2 1
2 3
2 4
3 2
37 35
37 16
37 23
37 38
37 41
37 42
37 53
23 5
23 37
4 2
5 0
5 3
5 6
5 9
5 10
5 15
5 17
5 23
5 31
5 35
47 39
47 40
47 52
47 56
38 37
38 54
25 8
6 5
6 16
6 20
6 21
6 26
48 44
26 6
26 16
27 26
49 51
50 46
51 49
7 11
7 18
7 28
28 11
28 7
52 44
52 47
39 38
39 40
39 47
29 22
8 19
8 22
8 25
53 37
9 5
54 38
10 5
11 7
11 28
30 18
30 28
30 32
31 5
12 13
40 39
55 45
56 47
13 12
32 30
41 37
41 43
33 19
42 37
14 5
34 15
34 5
15 5
16 6
16 26
16 37
35 5
35 37
58 60
59 58
59 61
43 41
44 48
44 52
60 58
17 5
61 59
61 0
18 7
18 11
18 30
19 8
19 33
20 6
20 21
21 6
21 20
22 8
22 29
