62
113
0 1 0.166667
0 61 0.0714286
1 0 0.142857
1 2 0.1
45 40 0.125
45 55 0.5
2 1 0.166667
2 3 0.2
2 4 0.25
3 2 0.1
37 35 0.0625
37 16 0.166667
37 23 0.166667
37 38 0.0833333
37 41 0.166667
37 42 0.333333
37 53 0.5
23 5 0.030303
23 37 0.0416667
4 2 0.1
5 0 0.142857
5 3 0.2
5 6 0.0666667
5 9 0.5
5 10 0.2
5 15 0.333333
5 17 0.5
5 23 0.166667
5 31 0.5
5 35 0.0625
47 39 0.111111
47 40 0.125
47 52 0.166667
47 56 0.25
38 37 0.0416667
38 54 0.5
25 8 0.0769231
6 5 0.030303
6 16 0.166667
6 20 0.25
6 21 0.25
6 26 0.1
48 44 0.125
26 6 0.0666667
26 16 0.166667
27 26 0.1
49 51 0.5
50 46 0.142857
51 49 0.125
7 11 0.166667
7 18 0.111111
7 28 0.166667
28 11 0.166667
28 7 0.125
52 44 0.125
52 47 0.0769231
39 38 0.0833333
39 40 0.125
39 47 0.0769231
29 22 0.25
8 19 0.166667
8 22 0.25
8 25 0.5
53 37 0.0416667
9 5 0.030303
54 38 0.0833333
10 5 0.030303
11 7 0.125
11 28 0.166667
30 18 0.111111
30 28 0.166667
30 32 0.5
31 5 0.030303
12 13 0.5
40 39 0.111111
55 45 0.1
56 47 0.0769231
13 12 0.25
32 30 0.125
41 37 0.0416667
41 43 0.5
33 19 0.166667
42 37 0.0416667
14 5 0.030303
34 15 0.333333
34 5 0.030303
15 5 0.030303
16 6 0.0666667
16 26 0.1
16 37 0.0416667
35 5 0.030303
35 37 0.0416667
58 60 0.5
59 58 0.2
59 61 0.0714286
43 41 0.166667
44 48 0.166667
44 52 0.166667
60 58 0.2
17 5 0.030303
61 59 0.111111
61 0 0.142857
18 7 0.125
18 11 0.166667
18 30 0.125
19 8 0.0769231
19 33 0.5
20 6 0.0666667
20 21 0.25
21 6 0.0666667
21 20 0.25
22 8 0.0769231
22 29 0.5
