0 111
1 4
4 1
5 7
5 10
5 11
5 18
5 73
5 79
5 86
5 87
5 98
6 9
6 16
6 17
6 20
6 35
7 5
7 11
7 20
7 26
7 212
8 37
8 62
9 6
9 5
9 15
9 19
9 23
9 64
9 72
10 5
10 13
10 25
10 43
10 63
10 68
10 76
11 5
11 7
11 27
11 30
11 36
11 58
11 60
11 67
11 70
11 75
12 29
12 38
12 71
13 10
13 43
13 76
15 9
15 74
16 6
16 14
17 6
18 5
19 9
19 11
19 48
19 61
19 93
20 7
20 6
20 24
20 52
20 62
20 95
21 40
21 42
21 45
21 46
21 54
22 17
22 14
22 89
23 9
23 64
24 20
24 62
25 10
25 13
25 43
25 96
26 7
27 11
28 7
28 41
28 44
28 57
29 12
29 39
30 11
30 67
31 49
32 51
32 71
33 10
34 25
34 50
34 59
34 81
35 6
36 11
37 8
38 12
38 7
38 32
38 94
39 29
40 21
40 55
40 80
41 28
41 44
42 21
42 45
42 46
42 54
43 10
43 13
43 25
43 96
44 41
44 38
44 28
45 21
45 42
45 46
45 65
45 66
46 45
46 21
46 42
46 47
46 82
46 85
46 88
47 46
47 82
47 111
48 19
48 61
48 93
49 31
50 34
51 32
52 20
53 40
53 90
54 21
54 42
54 8
54 45
54 77
54 78
54 91
55 40
55 80
56 9
57 28
57 41
57 83
58 11
58 67
58 75
59 34
60 11
60 84
61 48
61 19
62 52
62 20
62 8
62 24
63 43
63 10
63 96
64 9
64 23
64 72
65 42
65 21
65 45
66 21
66 45
66 42
67 30
67 58
67 11
68 10
68 13
68 63
68 76
69 32
70 11
70 58
71 32
71 12
72 64
72 9
72 56
73 5
74 15
75 11
75 67
75 58
76 43
76 68
76 13
76 10
77 54
78 54
79 5
79 98
80 40
80 55
81 34
81 59
82 46
82 47
83 57
84 44
84 60
85 82
85 46
85 47
85 88
86 5
86 18
86 87
87 5
87 86
88 46
88 85
89 22
90 70
90 53
90 97
91 54
92 16
92 70
93 19
93 48
94 38
95 24
95 20
96 63
96 43
96 25
96 44
97 90
98 87
98 5
98 79
99 100
100 99
103 104
104 103
105 80
105 106
106 105
106 107
106 108
107 106
107 109
107 110
108 106
109 107
110 107
111 0
111 47
111 112
111 113
112 111
112 113
113 111
113 112
115 116
115 117
115 118
115 119
115 127
115 148
116 115
116 120
116 129
116 136
116 141
116 199
117 115
118 115
118 121
118 124
118 137
119 115
119 139
119 147
119 173
119 202
120 116
121 118
121 127
121 138
121 143
121 162
121 168
122 164
122 195
123 125
123 126
123 140
123 145
123 155
123 174
123 185
123 204
124 118
125 123
125 130
125 166
126 123
127 121
127 115
127 118
127 146
127 165
127 179
128 133
129 116
129 136
129 141
129 154
129 187
129 199
130 125
130 166
131 134
131 177
131 184
131 200
132 135
132 160
133 128
133 144
133 159
134 131
134 139
134 156
134 182
135 132
135 160
136 129
136 116
136 157
136 183
136 192
137 118
137 150
137 161
137 163
137 194
138 121
138 162
138 168
139 119
139 134
139 147
140 123
140 145
141 116
141 127
141 129
141 189
142 206
143 121
143 138
143 169
143 170
143 187
144 137
144 133
145 140
145 123
145 172
146 127
146 153
147 119
147 139
147 151
147 198
148 115
149 152
150 137
150 123
150 180
151 147
151 173
152 149
152 117
152 171
152 173
152 188
153 146
154 129
154 116
155 123
155 146
155 176
155 193
155 195
156 134
157 136
159 133
159 196
160 135
160 132
160 158
160 196
161 137
161 167
161 197
162 121
162 138
163 137
163 194
164 122
164 175
165 127
165 130
165 203
165 206
166 125
166 130
167 161
168 163
168 137
168 121
168 138
168 190
169 143
170 169
170 143
170 212
171 152
171 188
172 145
173 119
173 152
173 151
174 123
175 164
176 155
177 143
177 131
177 169
177 191
177 201
177 205
178 130
178 125
178 166
179 127
180 150
181 158
182 134
182 186
182 187
183 157
183 136
183 192
184 131
185 155
185 123
186 182
186 187
187 186
187 129
187 182
187 143
188 171
188 152
189 141
190 168
191 177
191 201
191 205
192 183
192 136
193 155
194 163
194 137
195 155
195 122
195 159
195 196
196 160
196 159
196 195
197 161
197 167
198 147
199 129
199 116
200 131
201 191
201 177
202 119
203 165
204 123
205 177
205 191
205 201
206 142
206 165
206 202
208 209
209 208
209 210
210 209
212 170
212 7
212 213
212 215
213 212
213 214
213 217
214 213
214 215
214 216
215 214
215 212
216 214
217 216
217 213
219 98
219 25
219 221
221 219
