0.002375
0
0
0
0
1
0.139269
0.159055
0.088838
1
0.067021
1
7.5e-05
0.027351
0.00478
0.250232
0.023392
0.027862
0.387423
0.111428
1
0.157518
0
0.285642
0.233848
0.118346
0.079615
0.499817
0.000906
1.4e-05
0.287325
0
9.4e-05
0
1
0.069821
0.500591
0.044563
0.000852
5e-06
0.019881
0.0017
0.224396
0.020721
0.007459
0.199455
1
0.190178
0.019135
0
0.500137
4e-05
0.373379
0
1
0.005773
0.084075
0.000146
0.213835
0.407746
0.125399
0.030964
0.178401
0.015983
0.219996
0.049909
0.049699
0.221791
0.012893
0
0.20068
5.1e-05
0.168069
0.500351
0.125368
0.231695
0.014248
0.501109
0.501097
0.28281
0.004849
0.333571
0.217337
7.8e-05
0.031241
0.201504
0.238364
0.26421
0.282642
0
0
0.50048
0
0.020971
0.000438
0.333141
0.021159
0
0.202277
0
0
0
0
0
0
0
0
0
0
0
0
0.019178
0.002979
0.005211
0
0.105805
1
0.180296
0.09925
0.020258
0.499606
0.100593
0.001795
1
0.024862
0.127801
0.24993
1
4e-05
0.097447
0.038132
0.072008
3.1e-05
0.000294
0.010101
4.6e-05
0.09115
0.008533
0.035182
0.004485
0.282544
0.15307
0.003067
0.120192
7.8e-05
0.202161
0.217808
0.007118
0.052812
0.200217
0.001719
0.042396
1
0.10877
0.032417
0.107484
0.005082
0.035313
4e-05
0.001867
0.00021
0.000839
0.031722
0.005282
0.000287
0.084713
0.03158
0.000341
0.016512
0.272558
0.026465
0.297146
0.10156
0.168087
0.501315
0.000128
0.053799
1
0
0.501016
0.000858
0
0.005458
0.022036
0.035934
0.200459
0.006996
0.02417
0.29779
0.076348
0.008451
0.225383
0.026104
0.053518
0.003214
0.01543
0.001692
0.000286
0.003567
0.265673
0.036225
0.265437
0.010803
0.042266
0.500418
0.232223
0.012166
0
0
0
0
0
0.014036
0.002262
0.000391
0.001768
0.000274
0.000761
0
0
0
0
