222
542
0 111 0.1
1 4 0.5
4 1 0.1
5 7 0.0555556
5 10 0.0588235
5 11 0.0357143
5 18 0.333333
5 73 0.5
5 79 0.25
5 86 0.2
5 87 0.2
5 98 0.166667
6 9 0.0666667
6 16 0.166667
6 17 0.2
6 20 0.0555556
6 35 0.5
7 5 0.0434783
7 11 0.0357143
7 20 0.0555556
7 26 0.5
7 212 0.0769231
8 37 0.5
8 62 0.142857
9 6 0.0714286
9 5 0.0434783
9 15 0.25
9 19 0.111111
9 23 0.25
9 64 0.166667
9 72 0.142857
10 5 0.0434783
10 13 0.125
10 25 0.111111
10 43 0.0833333
10 63 0.166667
10 68 0.166667
10 76 0.142857
11 5 0.0434783
11 7 0.0555556
11 27 0.5
11 30 0.25
11 36 0.5
11 58 0.142857
11 60 0.125
11 67 0.142857
11 70 0.2
11 75 0.2
12 29 0.2
12 38 0.111111
12 71 0.25
13 10 0.0588235
13 43 0.0833333
13 76 0.142857
15 9 0.0666667
15 74 0.5
16 6 0.0714286
16 14 0.2
17 6 0.0714286
18 5 0.0434783
19 9 0.0666667
19 11 0.0357143
19 48 0.125
19 61 0.25
19 93 0.166667
20 7 0.0555556
20 6 0.0714286
20 24 0.166667
20 52 0.333333
20 62 0.142857
20 95 0.333333
21 40 0.125
21 42 0.1
21 45 0.0909091
21 46 0.0666667
21 54 0.0769231
22 17 0.2
22 14 0.2
22 89 0.5
23 9 0.0666667
23 64 0.166667
24 20 0.0555556
24 62 0.142857
25 10 0.0588235
25 13 0.125
25 43 0.0833333
25 96 0.142857
26 7 0.0555556
27 11 0.0357143
28 7 0.0555556
28 41 0.2
28 44 0.142857
28 57 0.166667
29 12 0.0909091
29 39 0.25
30 11 0.0357143
30 67 0.142857
31 49 0.2
32 51 0.5
32 71 0.25
33 10 0.0588235
34 25 0.111111
34 50 0.5
34 59 0.333333
34 81 0.333333
35 6 0.0714286
36 11 0.0357143
37 8 0.0769231
38 12 0.0909091
38 7 0.0555556
38 32 0.111111
38 94 0.5
39 29 0.2
40 21 0.0666667
40 55 0.25
40 80 0.2
41 28 0.1
41 44 0.142857
42 21 0.0666667
42 45 0.0909091
42 46 0.0666667
42 54 0.0769231
43 10 0.0588235
43 13 0.125
43 25 0.111111
43 96 0.142857
44 41 0.2
44 38 0.111111
44 28 0.1
45 21 0.0666667
45 42 0.1
45 46 0.0666667
45 65 0.25
45 66 0.25
46 45 0.0909091
46 21 0.0666667
46 42 0.1
46 47 0.142857
46 82 0.166667
46 85 0.166667
46 88 0.25
47 46 0.0666667
47 82 0.166667
47 111 0.1
48 19 0.111111
48 61 0.25
48 93 0.166667
49 31 0.166667
50 34 0.1
51 32 0.111111
52 20 0.0555556
53 40 0.125
53 90 0.2
54 21 0.0666667
54 42 0.1
54 8 0.0769231
54 45 0.0909091
54 77 0.5
54 78 0.5
54 91 0.5
55 40 0.125
55 80 0.2
56 9 0.0666667
57 28 0.1
57 41 0.2
57 83 0.5
58 11 0.0357143
58 67 0.142857
58 75 0.2
59 34 0.1
60 11 0.0357143
60 84 0.25
61 48 0.125
61 19 0.111111
62 52 0.333333
62 20 0.0555556
62 8 0.0769231
62 24 0.166667
63 43 0.0833333
63 10 0.0588235
63 96 0.142857
64 9 0.0666667
64 23 0.25
64 72 0.142857
65 42 0.1
65 21 0.0666667
65 45 0.0909091
66 21 0.0666667
66 45 0.0909091
66 42 0.1
67 30 0.25
67 58 0.142857
67 11 0.0357143
68 10 0.0588235
68 13 0.125
68 63 0.166667
68 76 0.142857
69 32 0.111111
70 11 0.0357143
70 58 0.142857
71 32 0.111111
71 12 0.0909091
72 64 0.166667
72 9 0.0666667
72 56 0.5
73 5 0.0434783
74 15 0.25
75 11 0.0357143
75 67 0.142857
75 58 0.142857
76 43 0.0833333
76 68 0.166667
76 13 0.125
76 10 0.0588235
77 54 0.0769231
78 54 0.0769231
79 5 0.0434783
79 98 0.166667
80 40 0.125
80 55 0.25
81 34 0.1
81 59 0.333333
82 46 0.0666667
82 47 0.142857
83 57 0.166667
84 44 0.142857
84 60 0.125
85 82 0.166667
85 46 0.0666667
85 47 0.142857
85 88 0.25
86 5 0.0434783
86 18 0.333333
86 87 0.2
87 5 0.0434783
87 86 0.2
88 46 0.0666667
88 85 0.166667
89 22 0.142857
90 70 0.2
90 53 0.2
90 97 0.5
91 54 0.0769231
92 16 0.166667
92 70 0.2
93 19 0.111111
93 48 0.125
94 38 0.111111
95 24 0.166667
95 20 0.0555556
96 63 0.166667
96 43 0.0833333
96 25 0.111111
96 44 0.142857
97 90 0.2
98 87 0.2
98 5 0.0434783
98 79 0.25
99 100 0.25
100 99 0.25
103 104 0.5
104 103 0.25
105 80 0.2
105 106 0.125
106 105 0.0769231
106 107 0.111111
106 108 0.25
107 106 0.125
107 109 0.25
107 110 0.25
108 106 0.125
109 107 0.111111
110 107 0.111111
111 0 0.125
111 47 0.142857
111 112 0.125
111 113 0.25
112 111 0.1
112 113 0.25
113 111 0.1
113 112 0.125
115 116 0.0526316
115 117 0.166667
115 118 0.0833333
115 119 0.0714286
115 127 0.0714286
115 148 0.5
116 115 0.047619
116 120 0.5
116 129 0.0666667
116 136 0.0833333
116 141 0.142857
116 199 0.25
117 115 0.047619
118 115 0.047619
118 121 0.0833333
118 124 0.25
118 137 0.0714286
119 115 0.047619
119 139 0.125
119 147 0.111111
119 173 0.166667
119 202 0.333333
120 116 0.0526316
121 118 0.0833333
121 127 0.0714286
121 138 0.142857
121 143 0.0909091
121 162 0.25
121 168 0.125
122 164 0.166667
122 195 0.142857
123 125 0.125
123 126 0.25
123 140 0.25
123 145 0.166667
123 155 0.0909091
123 174 0.5
123 185 0.2
123 204 0.5
124 118 0.0833333
125 123 0.0434783
125 130 0.166667
125 166 0.2
126 123 0.0434783
127 121 0.0833333
127 115 0.047619
127 118 0.0833333
127 146 0.2
127 165 0.0833333
127 179 0.5
128 133 0.166667
129 116 0.0526316
129 136 0.0833333
129 141 0.142857
129 154 0.333333
129 187 0.111111
129 199 0.25
130 125 0.125
130 166 0.2
131 134 0.125
131 177 0.0714286
131 184 0.5
131 200 0.5
132 135 0.25
132 160 0.125
133 128 0.111111
133 144 0.25
133 159 0.111111
134 131 0.0714286
134 139 0.125
134 156 0.5
134 182 0.142857
135 132 0.125
135 160 0.125
136 129 0.0666667
136 116 0.0526316
136 157 0.333333
136 183 0.2
136 192 0.25
137 118 0.0833333
137 150 0.2
137 161 0.1
137 163 0.2
137 194 0.25
138 121 0.0833333
138 162 0.25
138 168 0.125
139 119 0.0714286
139 134 0.125
139 147 0.111111
140 123 0.0434783
140 145 0.166667
141 116 0.0526316
141 127 0.0714286
141 129 0.0666667
141 189 0.5
142 206 0.142857
143 121 0.0833333
143 138 0.142857
143 169 0.25
143 170 0.2
143 187 0.111111
144 137 0.0714286
144 133 0.166667
145 140 0.25
145 123 0.0434783
145 172 0.5
146 127 0.0714286
146 153 0.5
147 119 0.0714286
147 139 0.125
147 151 0.25
147 198 0.5
148 115 0.047619
149 152 0.0909091
150 137 0.0714286
150 123 0.0434783
150 180 0.5
151 147 0.111111
151 173 0.166667
152 149 0.2
152 117 0.166667
152 171 0.25
152 173 0.166667
152 188 0.25
153 146 0.2
154 129 0.0666667
154 116 0.0526316
155 123 0.0434783
155 146 0.2
155 176 0.5
155 193 0.5
155 195 0.142857
156 134 0.125
157 136 0.0833333
159 133 0.166667
159 196 0.1
160 135 0.25
160 132 0.125
160 158 0.166667
160 196 0.1
161 137 0.0714286
161 167 0.333333
161 197 0.333333
162 121 0.0833333
162 138 0.142857
163 137 0.0714286
163 194 0.25
164 122 0.111111
164 175 0.5
165 127 0.0714286
165 130 0.166667
165 203 0.5
165 206 0.142857
166 125 0.125
166 130 0.166667
167 161 0.1
168 163 0.2
168 137 0.0714286
168 121 0.0833333
168 138 0.142857
168 190 0.5
169 143 0.0909091
170 169 0.25
170 143 0.0909091
170 212 0.0769231
171 152 0.0909091
171 188 0.25
172 145 0.166667
173 119 0.0714286
173 152 0.0909091
173 151 0.25
174 123 0.0434783
175 164 0.166667
176 155 0.0909091
177 143 0.0909091
177 131 0.0714286
177 169 0.25
177 191 0.166667
177 201 0.2
177 205 0.2
178 130 0.166667
178 125 0.125
178 166 0.2
179 127 0.0714286
180 150 0.2
181 158 0.166667
182 134 0.125
182 186 0.25
182 187 0.111111
183 157 0.333333
183 136 0.0833333
183 192 0.25
184 131 0.0714286
185 155 0.0909091
185 123 0.0434783
186 182 0.142857
186 187 0.111111
187 186 0.25
187 129 0.0666667
187 182 0.142857
187 143 0.0909091
188 171 0.25
188 152 0.0909091
189 141 0.142857
190 168 0.125
191 177 0.0714286
191 201 0.2
191 205 0.2
192 183 0.2
192 136 0.0833333
193 155 0.0909091
194 163 0.2
194 137 0.0714286
195 155 0.0909091
195 122 0.111111
195 159 0.111111
195 196 0.1
196 160 0.125
196 159 0.111111
196 195 0.142857
197 161 0.1
197 167 0.333333
198 147 0.111111
199 129 0.0666667
199 116 0.0526316
200 131 0.0714286
201 191 0.166667
201 177 0.0714286
202 119 0.0714286
203 165 0.0833333
204 123 0.0434783
205 177 0.0714286
205 191 0.166667
205 201 0.2
206 142 0.25
206 165 0.0833333
206 202 0.333333
208 209 0.25
209 208 0.125
209 210 0.5
210 209 0.25
212 170 0.2
212 7 0.0555556
212 213 0.166667
212 215 0.125
213 212 0.0769231
213 214 0.1
213 217 0.333333
214 213 0.166667
214 215 0.125
214 216 0.25
215 214 0.1
215 212 0.0769231
216 214 0.1
217 216 0.25
217 213 0.166667
219 98 0.166667
219 25 0.111111
219 221 0.5
221 219 0.0769231
