0 1
0 3
1 0
1 2
1 4
1 5
2 1
3 0
4 1
5 1
5 2
5 6
5 7
5 11
6 5
6 9
7 5
7 8
8 7
8 5
9 6
9 10
10 9
11 5
11 12
11 16
11 26
11 29
11 40
11 91
11 102
12 11
12 13
12 14
12 17
12 45
12 57
12 83
12 93
13 12
13 14
13 17
13 23
13 31
13 32
13 58
13 59
13 78
14 12
14 13
14 15
14 18
14 19
14 21
14 24
14 27
14 28
14 33
14 34
14 36
15 14
15 20
15 92
16 11
16 21
16 35
16 37
16 101
17 13
17 12
17 61
17 67
18 14
18 22
18 66
19 14
19 18
19 24
19 25
19 52
19 82
19 115
20 15
20 69
20 83
21 16
21 14
21 39
21 55
21 62
21 88
21 99
21 112
21 137
22 18
22 38
22 49
22 109
23 13
23 32
23 58
23 78
24 14
24 19
24 30
24 79
24 113
25 19
25 20
25 14
25 47
25 50
25 53
25 55
25 70
25 73
25 74
25 105
25 118
26 11
26 29
26 110
27 14
28 14
28 42
28 48
28 65
28 86
28 106
29 26
29 11
29 38
29 44
29 51
29 80
29 84
29 104
29 117
30 24
31 13
31 23
31 41
32 20
32 13
32 23
32 46
32 226
33 14
33 34
33 36
34 14
34 33
34 36
35 16
35 42
36 14
36 34
36 33
36 66
37 22
37 16
37 72
38 29
38 22
38 40
38 96
38 108
39 21
39 88
40 38
40 16
40 11
40 63
40 89
40 96
40 97
41 31
41 13
41 43
41 61
42 28
42 35
42 55
42 56
43 41
44 29
44 84
44 104
45 19
45 12
45 54
46 32
46 76
47 25
47 70
47 73
47 75
48 32
48 28
48 25
48 55
48 60
48 71
48 107
49 22
50 47
50 25
50 53
50 73
50 105
50 111
51 29
52 18
52 19
52 21
52 114
53 25
53 50
53 70
53 73
53 74
53 85
53 111
54 45
55 21
55 42
55 25
55 48
55 68
55 77
55 87
55 95
55 100
56 42
57 12
58 13
58 23
59 13
59 78
59 83
60 48
60 81
60 90
60 107
61 17
61 41
62 21
62 99
63 40
63 89
64 15
64 103
65 28
66 14
66 18
66 36
67 23
67 13
67 41
67 17
68 55
68 35
68 16
68 89
69 20
70 50
70 53
70 47
70 25
70 74
70 75
70 85
70 105
70 111
71 48
71 60
71 81
72 37
73 47
73 53
73 50
73 25
73 105
74 25
74 70
74 53
75 47
75 70
75 25
76 32
76 46
77 55
77 100
78 13
78 23
78 59
78 239
79 24
80 44
80 29
81 71
81 60
81 90
82 19
83 59
83 20
83 78
83 12
84 44
84 29
84 51
85 25
85 53
85 73
85 70
85 50
86 28
86 106
87 55
88 21
88 39
88 62
88 99
88 112
88 118
89 68
89 63
89 40
89 96
90 81
90 60
90 48
91 11
91 26
92 15
92 103
93 57
93 12
93 113
94 12
94 17
95 55
95 87
96 89
96 40
96 38
97 40
98 37
98 72
99 62
99 21
99 88
100 55
100 95
100 77
101 16
102 11
102 91
103 28
103 92
103 31
103 64
104 44
104 29
105 50
105 73
105 70
105 53
105 25
105 118
106 28
106 86
107 48
107 60
108 38
109 22
110 11
110 26
111 53
111 70
111 75
111 50
112 39
112 99
112 88
112 21
112 62
113 15
113 93
113 24
113 92
113 116
113 118
114 52
115 19
116 113
117 51
117 104
117 29
118 25
118 88
118 113
118 105
118 119
118 121
118 122
118 128
119 118
119 120
119 127
120 119
121 118
121 124
121 125
122 118
123 119
123 120
123 126
124 121
124 125
124 239
125 124
125 121
126 123
126 129
127 119
127 120
128 118
129 126
129 130
130 129
134 135
135 134
137 14
137 39
137 21
137 99
137 138
138 137
139 16
139 7
139 29
139 140
139 141
139 144
139 148
139 152
139 161
140 139
140 142
140 153
140 156
140 159
140 167
140 173
140 174
140 194
140 216
141 139
141 145
141 151
141 154
141 218
142 140
142 166
142 171
142 177
142 180
142 195
142 213
143 139
143 144
143 147
143 150
143 155
144 143
144 139
144 201
144 225
145 141
145 146
145 151
145 160
146 145
146 149
146 158
146 193
146 239
147 143
147 150
148 139
148 144
148 161
148 172
148 179
148 210
149 146
149 158
149 193
150 147
150 143
150 171
150 180
150 196
150 199
150 215
151 141
151 145
151 157
151 163
151 164
151 176
151 189
152 139
152 141
152 220
152 222
153 140
153 175
154 141
154 145
154 186
154 190
154 202
155 145
155 152
155 154
155 143
155 180
155 183
155 188
155 204
156 140
156 151
156 170
156 182
156 184
156 191
156 200
156 208
156 219
157 151
157 163
157 164
157 176
158 149
158 146
158 165
158 169
158 185
158 217
159 140
160 145
160 141
161 148
161 139
161 168
161 196
162 157
162 151
162 164
162 176
162 189
163 157
163 151
163 189
164 151
164 162
164 157
164 178
164 197
164 205
165 158
165 146
165 169
165 239
166 142
166 174
166 177
166 180
166 203
167 140
167 194
168 161
169 165
169 158
169 211
170 156
170 174
170 182
170 191
170 200
171 142
171 150
171 166
171 224
172 148
173 140
174 164
174 166
174 170
174 140
174 198
175 153
176 151
176 162
176 157
177 142
177 166
178 164
178 197
178 205
178 207
178 209
179 172
179 148
179 210
180 155
180 166
180 142
180 150
180 181
180 192
180 206
180 214
181 180
181 192
182 156
182 170
182 231
183 155
184 156
184 170
185 158
185 217
186 154
186 187
187 186
187 154
188 183
188 155
189 163
189 151
189 162
189 157
190 187
190 154
191 156
191 170
191 231
192 180
192 181
193 146
193 149
194 140
194 167
195 166
195 142
195 203
196 150
196 161
196 144
196 221
197 178
197 164
197 207
198 174
199 150
200 156
200 170
200 208
201 144
202 154
202 186
203 195
203 166
203 142
204 188
204 155
205 178
205 164
206 180
207 197
207 164
207 178
207 209
207 212
208 156
208 200
208 191
209 207
209 205
209 164
209 178
210 148
210 172
210 179
211 169
212 205
212 178
212 164
212 207
213 142
213 195
213 177
214 180
214 192
215 150
215 199
216 140
217 158
217 185
218 141
218 145
219 191
219 156
219 200
219 170
220 152
220 222
221 196
222 152
222 220
223 169
224 171
225 144
225 201
226 32
226 70
226 53
226 227
226 229
227 226
227 228
228 227
229 226
231 140
231 203
231 182
231 191
231 170
231 232
231 235
231 236
231 238
232 231
232 233
233 232
233 234
234 233
234 237
235 231
236 231
237 234
238 231
238 235
239 165
239 146
239 124
239 78
239 241
239 244
240 242
240 243
240 245
241 239
242 240
243 240
243 245
244 239
245 243
245 240
