0.000519
0.00211
0.004718
0.000259
0.000661
0.013174
0.002242
0.013387
0.004492
0.000564
0.00027
0.133873
1
0.097904
1
0.08994
0.083648
0.09143
0.258008
1
0.037713
0.121376
0.047495
0.030153
0.200475
0.12519
0.115948
0.500059
0.092133
1
0.099902
0.013831
0.018863
0.212503
0.212354
0.045016
0.172615
0.013799
0.20894
0.042706
1
0.005622
0.138384
0.002763
0.153084
0.200689
0.004644
0.020629
0.082826
0.015842
0.022
0.275077
0.166836
0.019116
0.100836
1
0.068977
0.382413
0.030547
0.061342
0.013311
0.013703
0.038854
0.282675
0.002447
0.046104
0.083114
0.018206
0.191321
0.018824
0.015301
0.016996
0.004598
0.025059
0.021999
0.006907
0.0016
0.288853
0.13988
0.10042
0.333719
0.005297
0.500456
0.150376
0.22307
0.003799
0.027382
0.399617
0.105125
0.191606
0.003554
0.042026
0.044061
0.219558
0
0.296344
0.21658
0.500429
0
0.036222
0.24131
0.04192
0.044438
0.007416
0.261545
0.104245
0.027661
0.02309
0.104428
0.023648
0.03868
0.007784
0.031505
0.135458
0.083638
0.501232
0.068032
0.250271
1
0.111626
0.035079
0.194809
0.50121
0
0.194763
0.090478
0
0.037409
0.501015
0
0
0
0
0
0
0
0
0.013481
0.006735
0.055062
1
0.029264
0.126251
0.234998
0.043471
0.103964
0.055703
0.290697
0.006762
0.00831
1
0.014039
0.130883
0.251598
0.079114
1
0.080435
0.003059
0.015384
0.500875
0.035012
0.020246
0.001694
0.003067
0.008264
0.112216
0.131739
0.297578
0.010184
0.01397
0.112293
0.157091
0.001837
0.500681
0.134296
0.12563
0.002987
0.054656
0.001009
0.001343
1
0.202002
0.144986
0.403472
0.026961
0.004663
0.021389
0.011347
0.312746
0.002549
0.026295
0.148074
0.279455
0.015418
0.298548
0.054413
0.144187
0.001522
0.066998
0.407563
0.030434
0.017808
0.026615
0.185966
0.333791
0.001496
0.500416
0.000329
0.021139
0.000224
0.001566
0.007015
7.5e-05
0.031629
0.333519
0.333586
0.500181
0.004623
0.009751
0.016166
0.038921
0.072342
0.038978
0
0.078706
0.014451
0.001344
0.000218
2.7e-05
0.000687
0
1
0.167308
0.04184
0.010427
0.183619
0.251647
0.005254
0.333378
1
0
0.333359
0
0
0.501116
0
