36 33
36 35
36 38
1 2
32 21
32 12
32 20
32 33
2 1
16 3
16 13
37 33
37 35
37 39
37 43
38 36
38 37
38 33
38 40
17 3
17 4
17 20
3 4
3 5
3 6
3 7
3 9
3 13
3 16
3 17
3 19
3 25
3 27
39 37
39 34
39 42
18 15
40 38
41 35
41 32
41 37
19 4
19 17
19 3
19 20
19 25
4 3
4 5
4 6
4 7
4 9
4 10
4 13
4 17
4 19
4 20
4 22
42 39
5 4
5 3
5 8
33 32
33 35
33 36
33 37
33 38
20 13
20 19
20 17
20 4
20 27
20 32
6 4
6 5
6 3
6 11
21 10
21 26
21 32
22 21
22 10
22 4
7 3
7 4
7 12
43 37
23 12
25 4
25 3
25 19
8 5
26 21
26 12
9 4
9 3
9 14
27 19
27 3
27 20
10 4
10 21
11 6
11 5
11 15
28 29
46 47
12 7
12 23
12 26
12 32
47 46
29 28
13 4
13 3
13 16
35 33
14 9
15 11
15 18
