49
119
36 33 0.0833333
36 35 0.142857
36 38 0.142857
1 2 0.5
32 21 0.142857
32 12 0.1
32 20 0.0909091
32 33 0.0833333
2 1 0.166667
16 3 0.0434783
16 13 0.142857
37 33 0.0833333
37 35 0.142857
37 39 0.142857
37 43 0.5
38 36 0.2
38 37 0.111111
38 33 0.0833333
38 40 0.5
17 3 0.0434783
17 4 0.0434783
17 20 0.0909091
3 4 0.0434783
3 5 0.125
3 6 0.142857
3 7 0.166667
3 9 0.166667
3 13 0.142857
3 16 0.2
3 17 0.142857
3 19 0.1
3 25 0.2
3 27 0.2
39 37 0.111111
39 34 0.2
39 42 0.5
18 15 0.25
40 38 0.142857
41 35 0.142857
41 32 0.0769231
41 37 0.111111
19 4 0.0434783
19 17 0.142857
19 3 0.0434783
19 20 0.0909091
19 25 0.2
4 3 0.0434783
4 5 0.125
4 6 0.142857
4 7 0.166667
4 9 0.166667
4 10 0.2
4 13 0.142857
4 17 0.142857
4 19 0.1
4 20 0.0909091
4 22 0.25
42 39 0.142857
5 4 0.0434783
5 3 0.0434783
5 8 0.5
33 32 0.0769231
33 35 0.142857
33 36 0.2
33 37 0.111111
33 38 0.142857
20 13 0.142857
20 19 0.1
20 17 0.142857
20 4 0.0434783
20 27 0.2
20 32 0.0769231
6 4 0.0434783
6 5 0.125
6 3 0.0434783
6 11 0.111111
21 10 0.2
21 26 0.2
21 32 0.0769231
22 21 0.142857
22 10 0.2
22 4 0.0434783
7 3 0.0434783
7 4 0.0434783
7 12 0.1
43 37 0.111111
23 12 0.1
25 4 0.0434783
25 3 0.0434783
25 19 0.1
8 5 0.125
26 21 0.142857
26 12 0.1
9 4 0.0434783
9 3 0.0434783
9 14 0.5
27 19 0.1
27 3 0.0434783
27 20 0.0909091
10 4 0.0434783
10 21 0.142857
11 6 0.142857
11 5 0.125
11 15 0.25
28 29 0.5
46 47 0.5
12 7 0.166667
12 23 0.5
12 26 0.2
12 32 0.0769231
47 46 0.25
29 28 0.25
13 4 0.0434783
13 3 0.0434783
13 16 0.2
35 33 0.0833333
14 9 0.166667
15 11 0.111111
15 18 0.5
