0 1
0 5
0 6
0 8
0 12
0 19
0 28
0 31
0 62
0 64
0 71
0 80
0 103
0 123
1 0
1 2
1 4
1 7
1 10
1 25
1 121
1 125
1 154
2 1
2 3
2 17
2 47
3 2
3 90
3 134
4 1
4 0
4 11
4 15
4 27
4 36
4 44
5 0
5 14
5 61
5 125
5 140
5 141
6 0
6 12
6 18
6 28
6 96
6 103
6 157
7 1
7 70
8 0
8 5
8 9
8 13
8 21
8 39
8 41
8 68
8 72
8 86
8 106
8 112
8 115
9 8
9 18
9 112
10 1
10 16
10 26
10 154
11 4
11 15
11 124
11 189
12 0
12 6
12 22
12 69
13 8
13 54
13 110
13 162
13 183
14 5
14 29
14 30
14 48
14 146
14 185
15 11
15 4
15 17
15 23
15 27
15 32
15 97
15 138
15 148
16 10
16 47
16 79
17 2
17 15
17 33
17 52
17 90
17 168
18 9
18 0
18 6
18 19
18 27
18 55
18 66
18 77
18 81
18 91
18 142
18 156
18 170
19 0
19 18
19 20
19 35
19 57
19 105
19 107
19 150
19 171
19 187
20 19
20 30
21 8
21 34
21 37
21 111
21 174
22 12
22 38
22 45
22 59
22 82
22 93
22 173
23 15
23 24
24 4
24 23
24 17
24 49
24 50
24 163
25 1
25 33
25 101
25 145
26 10
27 18
27 15
27 4
27 36
27 55
27 56
27 61
27 83
27 131
28 0
28 6
28 62
29 14
30 14
30 20
30 5
30 119
31 0
31 64
31 71
31 157
32 15
32 147
33 17
33 25
33 190
34 21
34 13
34 43
34 92
34 95
34 122
34 165
34 176
35 19
35 57
36 4
36 27
36 40
36 46
36 109
36 159
36 181
37 21
37 111
37 174
38 22
38 82
38 93
38 173
39 8
39 41
39 72
40 36
40 46
40 159
40 181
41 8
41 39
41 68
41 72
41 86
41 115
42 16
42 3
42 2
43 34
43 0
43 73
43 177
43 195
44 4
44 75
45 22
45 38
45 63
45 173
46 40
46 36
46 56
46 65
46 74
46 116
46 153
46 167
46 172
47 16
47 2
47 53
47 134
47 191
48 0
48 14
48 1
49 24
49 1
49 33
49 119
49 161
50 24
51 22
51 38
51 43
51 105
52 17
53 47
54 13
54 58
54 95
54 110
55 15
55 27
55 18
55 84
55 127
55 135
55 137
55 147
56 46
56 27
56 89
56 113
56 120
56 126
57 35
57 19
57 105
57 108
57 150
58 54
59 22
59 5
59 73
59 114
59 129
59 130
60 25
61 5
61 27
61 88
62 0
62 28
62 96
63 59
63 38
63 45
63 76
63 85
63 98
63 99
63 100
63 133
63 152
64 0
64 6
64 31
64 179
65 46
66 18
66 46
67 27
67 83
68 8
68 41
69 12
70 7
70 101
71 0
71 31
72 39
72 41
72 68
72 8
72 89
72 106
72 136
73 59
73 43
73 104
74 46
74 167
75 44
76 57
76 73
76 51
76 63
76 117
77 18
78 44
78 75
78 148
78 154
79 16
80 0
80 45
80 64
80 43
80 139
80 180
81 18
82 38
82 22
82 93
83 27
83 67
84 55
84 109
84 127
84 135
85 63
86 8
86 41
87 69
87 12
88 27
88 61
88 5
88 0
88 166
88 192
89 72
89 56
89 83
89 94
89 151
90 3
90 42
90 17
91 18
91 77
91 158
92 57
92 34
92 105
92 108
92 150
93 45
93 38
93 22
93 82
94 89
94 151
95 92
95 34
95 54
96 6
96 64
96 62
96 0
97 15
97 138
98 63
98 99
98 100
99 63
99 85
99 98
99 100
99 152
99 155
100 98
100 99
100 63
100 12
100 102
101 70
101 25
101 194
102 100
103 0
103 6
103 31
103 109
104 73
104 34
105 57
105 19
105 51
105 92
105 107
105 150
106 72
106 57
106 8
106 184
107 105
107 22
107 19
108 92
108 57
108 105
109 84
109 27
109 103
109 36
109 175
109 188
110 54
110 13
110 178
111 37
111 21
111 193
112 9
112 8
113 56
113 120
113 126
114 59
114 14
114 118
114 123
114 193
115 41
115 39
115 8
116 46
117 76
118 114
119 30
119 49
119 161
120 56
120 113
120 143
121 1
122 34
122 51
123 43
123 114
123 0
124 11
124 189
125 5
125 1
125 191
126 56
126 120
126 113
127 55
127 84
127 147
127 160
128 104
129 59
130 59
130 129
131 27
131 67
132 18
132 91
133 63
133 85
133 98
134 3
134 47
134 182
135 84
135 127
135 55
135 137
136 72
137 127
137 135
137 55
137 147
137 160
138 15
138 97
139 80
139 180
140 5
141 5
142 18
142 91
143 56
143 120
144 118
144 114
145 25
145 191
146 14
147 84
147 127
147 137
147 32
147 55
148 78
148 15
148 1
149 41
149 86
149 39
149 8
150 105
150 57
150 92
150 19
151 89
151 94
152 63
152 99
153 74
153 46
154 78
154 10
154 1
154 124
155 99
155 98
155 152
155 63
156 18
156 81
157 0
157 31
157 6
157 96
158 156
158 91
158 89
158 147
158 164
158 197
159 36
159 40
159 181
160 137
160 127
160 84
161 119
161 88
161 49
162 13
162 183
163 24
164 158
165 34
165 21
166 88
167 74
167 46
167 172
168 17
169 63
169 99
170 18
171 19
172 167
172 46
172 74
173 38
173 45
173 22
174 21
174 37
174 193
175 109
175 188
176 34
177 123
177 43
177 165
178 110
179 64
179 96
179 0
179 31
180 80
180 139
181 40
181 36
181 159
182 134
183 162
183 13
184 106
185 14
185 146
185 29
186 66
187 19
188 109
188 175
189 11
189 124
190 33
190 194
191 25
191 125
191 47
191 145
191 194
192 180
192 107
192 6
192 88
192 18
193 111
193 174
193 37
193 114
193 196
194 101
194 191
194 190
195 43
196 193
197 158
