1
1
0.120475
0.020224
0.149638
0.138863
0.15682
0.251683
1
0.334547
0.142274
0.145413
0.130377
0.17585
0.015461
1
0.02291
0.087931
1
1
0.250919
0.192744
0.047798
0.250227
0.025269
0.105659
0.071095
0.1044
0.210309
0.006008
0.037658
0.153408
0.271074
0.028213
1
0.274992
0.100569
0.036662
0.113709
0.172795
0.138449
0.133734
0.005289
0.114206
0.044304
0.130749
1
0.01672
0.003901
0.004012
0.012648
0.082795
0.043952
0.00843
0.049758
0.083666
0.080023
0.14407
0.024945
0.091589
0
0.040073
0.197208
1
0.140939
0.500661
0.25044
0.019249
0.237454
0.043846
0.067215
0.276131
0.11392
0.048307
0.265052
0.032285
0.142924
0.401356
0.058946
0.011417
0.112108
0.43101
0.02924
0.04514
0.027651
0.317836
0.158069
0
0.004215
0.116925
0.02093
0.300912
0.144799
0.025608
0.035044
0.204658
0.052338
0.298458
0.179315
0.1165
0.138195
0.028433
0.069396
0.162335
0.012134
0.125538
0.155579
0.182942
0.055945
0.025762
0.036686
0.037614
0.308117
0.01716
0.026955
0.22011
0.50015
0.071495
0.009063
0.006876
0.015327
0.50084
0.333659
0.172377
0.064867
0.186175
0.01844
0.027183
0
0.037399
0.03045
0.034811
0
0.250918
0.00608
0.014666
0.056619
0.025168
0.298589
0.031259
0.069564
0.06933
0.333467
0.005086
0
0.032007
0.006069
0.131359
0.204998
0
0.166445
0.034821
0.158667
0.333
0.161772
0.023457
0.438669
0.050511
1
0.043542
0.010134
0.002105
0.052295
0.012644
0.500201
0.255817
0.002119
0.226037
0.044077
0
0.500143
0.500794
0.23209
0.039688
0.037803
0.007692
0.499885
0.028583
0.01849
0.028338
0.019672
0.043237
0.003027
0.052419
0.077571
0.003839
0
0.50041
0.007716
0.048616
0.009116
0.025705
0.000721
0.01094
0.009749
0.05709
0.005469
0.499882
