0 1
55 39
1 0
1 2
2 1
3 4
3 5
22 16
22 12
22 10
4 3
23 22
23 10
23 16
56 49
5 3
6 7
6 8
6 9
6 11
6 17
6 26
6 27
6 28
36 37
36 38
36 41
36 42
36 45
36 46
36 53
36 54
37 36
37 43
37 51
37 58
37 63
7 6
7 9
7 19
38 36
38 39
38 40
38 52
38 60
57 42
57 46
57 41
57 36
8 6
8 10
8 11
8 14
8 18
24 10
24 23
24 12
26 6
26 27
39 38
39 37
39 47
39 48
39 55
39 59
39 61
58 37
58 63
27 6
27 26
40 38
40 52
40 60
41 36
41 42
9 7
9 6
9 11
9 13
9 19
9 21
42 36
42 41
42 45
42 46
42 54
59 39
59 38
28 6
28 27
60 38
60 40
10 8
10 6
10 12
10 16
10 17
10 20
10 22
10 24
11 6
11 9
11 8
61 39
62 51
29 19
29 22
29 23
29 24
12 10
12 20
12 22
43 37
43 44
43 48
43 51
63 58
63 37
44 43
13 9
14 8
14 18
45 36
45 42
30 21
65 66
16 10
16 12
16 20
16 22
16 23
66 65
46 36
46 42
53 36
17 6
17 10
47 39
47 50
48 47
48 39
48 43
18 8
18 14
49 39
32 33
33 32
50 47
19 9
19 7
19 29
20 10
20 12
20 16
51 43
51 37
51 62
52 40
52 38
54 42
54 41
54 36
21 9
34 32
