50 43
50 46
50 35
50 31
50 62
51 38
51 37
12 10
12 16
12 19
13 5
0 1
0 2
0 4
0 6
0 8
0 9
0 14
0 20
14 0
31 32
31 33
31 35
31 37
31 40
31 42
31 43
31 46
31 49
31 50
31 62
1 0
52 33
2 0
2 3
2 7
53 32
53 48
53 36
54 34
54 57
32 31
32 33
32 36
32 39
32 40
32 48
32 53
33 32
33 31
33 34
33 44
33 52
33 55
33 56
34 33
34 54
34 57
55 33
3 2
3 10
3 11
3 21
3 23
3 26
56 33
56 41
56 60
56 61
57 54
57 34
15 6
15 3
58 46
16 10
16 12
16 19
16 24
17 10
17 12
17 5
17 25
18 5
4 2
4 0
19 10
19 12
19 16
20 8
20 0
35 31
35 42
35 43
35 46
35 50
5 1
5 10
36 32
37 32
37 31
37 38
37 47
59 40
38 37
60 56
21 3
22 9
39 32
39 36
39 41
40 32
40 31
40 59
61 56
61 60
23 3
23 21
62 43
62 50
62 31
62 63
24 16
24 10
25 17
63 62
63 49
63 12
41 39
41 45
6 4
6 0
6 3
6 15
42 31
42 35
43 35
43 31
43 65
7 2
8 0
26 23
26 3
26 21
44 33
45 41
46 31
46 35
65 59
65 16
65 43
65 24
65 66
9 0
9 22
47 37
66 65
66 67
67 66
67 65
48 32
48 53
10 7
10 5
10 3
10 12
10 16
10 17
10 19
10 24
27 28
27 29
49 31
49 35
49 63
28 27
28 29
29 27
29 28
29 30
11 3
11 6
30 29
