1
0.223753
0.21764
0.083914
0.218837
0.144109
0.112611
0.373552
0.406706
0.250644
1
0.011979
0.175442
0
0.500553
0.037754
0.132887
0.166934
0
0.156223
0.333987
0.029274
0.083493
0.024971
0.221451
0.083801
0.02119
0
0
0
0
1
0.128672
1
0.167151
0.141526
0.041508
0.125855
0.025338
0.017504
0.158273
0.031466
0.273757
0.173893
0.501154
0.007874
0.20545
0.06311
0.037264
0.202755
0.155857
0
0.499907
0.031219
0.04988
0.500997
0.14287
0.050081
0
0.057325
0.058318
0.047846
0.162631
0.036047
0
0.014654
0.003643
0.001245
