59 51
60 44
60 53
23 5
24 5
24 4
24 17
43 46
43 51
43 54
43 63
44 53
44 60
0 1
0 2
0 14
0 35
0 38
25 13
61 51
61 46
61 47
61 55
1 0
1 5
1 7
1 34
1 36
2 0
2 33
26 14
62 52
45 47
45 49
45 66
46 43
46 48
46 61
3 4
3 6
3 8
3 11
3 12
3 16
3 22
3 27
3 42
4 3
4 5
4 16
4 21
4 24
4 28
47 45
47 52
47 61
47 65
63 43
48 46
48 43
48 49
48 54
5 1
5 4
5 17
5 20
5 23
27 11
27 3
28 4
64 55
64 53
64 46
6 3
6 1
6 10
29 14
29 37
49 48
49 45
49 50
30 9
50 49
51 43
51 54
51 56
51 59
51 61
31 9
31 30
31 18
7 5
7 1
7 6
32 16
32 22
8 3
8 12
8 15
8 42
9 30
9 31
33 2
34 1
34 29
34 20
34 4
34 5
52 47
52 62
65 47
10 6
53 44
53 58
53 60
66 45
11 3
11 27
12 8
12 3
12 13
67 58
13 12
13 25
35 0
35 38
14 0
14 26
14 29
14 37
15 8
54 43
54 48
54 51
54 57
16 3
16 4
16 18
16 19
16 21
16 32
36 1
55 46
55 64
17 5
17 20
17 24
18 16
18 19
18 31
37 29
37 14
38 0
38 35
19 18
19 9
19 16
40 41
56 51
57 54
58 53
58 67
41 40
42 8
42 3
20 5
20 17
21 4
21 14
21 16
22 3
22 32
