0.078181
1
0.007919
1
0.094763
0.109653
0.189606
0.166567
0.122153
0.001725
0.094726
0.282328
0.181867
0.030282
0.016761
0.061023
0.072
0.029458
0.013393
0.010409
0.056974
0.032532
0.252074
0.054759
0.024158
0.015119
0.008473
0.202175
0.047051
0.03594
0.001466
0.003034
0.052359
0.003921
0.16617
0.023266
0.501428
0.01256
0.02324
0
0
0
0.079685
0.098842
0.000181
0.091312
0.055798
1
0.028811
0.019642
0.00978
1
0.25139
0.001133
0.136253
0.066265
0.500072
0.068315
0.000278
0.251278
0.000263
0.266965
0.063085
0.049535
0.011115
0.500506
0.045877
0.000146
0
