0 1
1 0
3 14
4 6
4 7
4 9
4 13
4 15
4 17
4 22
4 28
4 33
4 36
4 40
5 8
6 4
6 9
6 15
6 17
7 4
7 11
7 13
7 18
7 53
8 5
8 23
8 32
8 39
9 6
9 4
9 13
9 33
10 16
10 25
10 30
10 49
11 7
11 18
11 21
11 53
12 3
12 37
13 9
13 7
13 4
13 11
13 41
14 3
14 47
15 4
15 6
16 10
16 25
16 41
17 6
17 4
17 9
18 7
18 11
18 21
20 7
20 29
21 18
21 7
21 11
21 24
21 44
21 46
21 50
21 109
22 4
22 6
23 8
23 5
23 26
23 27
23 31
23 35
23 38
23 48
24 21
24 44
24 46
24 50
25 10
25 16
26 23
26 34
26 43
26 51
26 111
27 23
28 4
28 15
29 20
30 10
30 16
31 23
32 5
32 8
33 15
33 4
33 6
33 17
33 9
34 26
34 43
35 23
35 31
35 27
36 33
36 4
36 9
36 62
37 12
37 26
37 45
38 23
38 31
38 48
39 5
39 32
39 8
39 42
39 52
39 60
40 4
40 33
40 111
41 37
41 16
41 13
41 9
42 39
43 26
43 34
44 21
44 24
44 46
45 37
46 24
46 44
46 21
47 14
48 23
48 38
49 10
49 16
50 21
50 24
51 26
52 39
52 42
53 11
53 7
54 55
55 54
56 58
56 59
58 56
59 56
60 39
60 61
61 60
62 9
62 11
62 54
62 36
62 63
62 64
62 69
62 72
62 87
63 62
63 66
63 70
63 78
63 80
63 85
63 100
64 62
64 65
64 71
64 101
65 64
65 70
65 105
65 108
66 63
66 68
66 70
66 78
66 85
66 100
67 75
67 92
68 66
68 63
68 70
68 72
68 78
68 109
69 62
69 82
70 63
70 65
70 66
70 68
71 64
71 77
71 84
71 86
71 90
71 91
71 102
71 103
72 62
72 68
72 74
72 81
72 93
72 99
73 71
73 65
73 79
73 89
74 72
74 88
75 67
77 71
78 66
78 63
78 68
78 80
79 73
79 89
80 63
80 78
80 62
80 95
80 96
80 106
81 72
81 93
82 69
83 76
83 67
84 71
84 86
84 91
84 102
84 103
85 63
85 66
85 78
86 84
86 71
86 91
87 62
87 94
88 74
89 73
89 79
89 107
90 71
90 104
91 84
91 90
91 71
91 86
92 67
93 72
93 81
93 99
94 87
94 62
95 80
95 106
96 80
97 63
98 97
99 93
99 72
99 109
100 66
100 63
100 78
101 64
102 71
102 84
103 71
103 84
103 90
103 91
103 86
104 71
104 90
104 91
105 65
105 108
106 80
106 95
107 73
107 77
107 89
108 65
108 105
109 97
109 68
109 21
109 99
109 110
110 109
111 5
111 26
111 79
111 40
111 112
111 113
111 115
112 111
112 114
113 111
113 115
114 112
115 111
115 113
117 118
118 117
