119
329
0 1 0.25
1 0 0.166667
3 14 0.125
4 6 0.0833333
4 7 0.0588235
4 9 0.0833333
4 13 0.111111
4 15 0.166667
4 17 0.125
4 22 0.2
4 28 0.333333
4 33 0.111111
4 36 0.166667
4 40 0.2
5 8 0.0833333
6 4 0.0344828
6 9 0.0833333
6 15 0.166667
6 17 0.125
7 4 0.0344828
7 11 0.1
7 13 0.111111
7 18 0.125
7 53 0.25
8 5 0.0769231
8 23 0.047619
8 32 0.166667
8 39 0.0833333
9 6 0.0833333
9 4 0.0344828
9 13 0.111111
9 33 0.111111
10 16 0.125
10 25 0.25
10 30 0.333333
10 49 0.333333
11 7 0.0588235
11 18 0.125
11 21 0.0555556
11 53 0.25
12 3 0.0909091
12 37 0.1
13 9 0.0833333
13 7 0.0588235
13 4 0.0344828
13 11 0.1
13 41 0.166667
14 3 0.0909091
14 47 0.25
15 4 0.0344828
15 6 0.0833333
16 10 0.0714286
16 25 0.25
16 41 0.166667
17 6 0.0833333
17 4 0.0344828
17 9 0.0833333
18 7 0.0588235
18 11 0.1
18 21 0.0555556
20 7 0.0588235
20 29 0.5
21 18 0.125
21 7 0.0588235
21 11 0.1
21 24 0.1
21 44 0.166667
21 46 0.166667
21 50 0.25
21 109 0.0833333
22 4 0.0344828
22 6 0.0833333
23 8 0.0833333
23 5 0.0769231
23 26 0.0666667
23 27 0.333333
23 31 0.25
23 35 0.25
23 38 0.2
23 48 0.25
24 21 0.0555556
24 44 0.166667
24 46 0.166667
24 50 0.25
25 10 0.0714286
25 16 0.125
26 23 0.047619
26 34 0.25
26 43 0.25
26 51 0.5
26 111 0.0454545
27 23 0.047619
28 4 0.0344828
28 15 0.166667
29 20 0.125
30 10 0.0714286
30 16 0.125
31 23 0.047619
32 5 0.0769231
32 8 0.0833333
33 15 0.166667
33 4 0.0344828
33 6 0.0833333
33 17 0.125
33 9 0.0833333
34 26 0.0666667
34 43 0.25
35 23 0.047619
35 31 0.25
35 27 0.333333
36 33 0.111111
36 4 0.0344828
36 9 0.0833333
36 62 0.030303
37 12 0.125
37 26 0.0666667
37 45 0.5
38 23 0.047619
38 31 0.25
38 48 0.25
39 5 0.0769231
39 32 0.166667
39 8 0.0833333
39 42 0.333333
39 52 0.333333
39 60 0.0769231
40 4 0.0344828
40 33 0.111111
40 111 0.0454545
41 37 0.1
41 16 0.125
41 13 0.111111
41 9 0.0833333
42 39 0.0833333
43 26 0.0666667
43 34 0.25
44 21 0.0555556
44 24 0.1
44 46 0.166667
45 37 0.1
46 24 0.1
46 44 0.166667
46 21 0.0555556
47 14 0.125
48 23 0.047619
48 38 0.2
49 10 0.0714286
49 16 0.125
50 21 0.0555556
50 24 0.1
51 26 0.0666667
52 39 0.0833333
52 42 0.333333
53 11 0.1
53 7 0.0588235
54 55 0.25
55 54 0.0833333
56 58 0.25
56 59 0.333333
58 56 0.125
59 56 0.125
60 39 0.0833333
60 61 0.25
61 60 0.0769231
62 9 0.0833333
62 11 0.1
62 54 0.0833333
62 36 0.166667
62 63 0.047619
62 64 0.0555556
62 69 0.25
62 72 0.0625
62 87 0.25
63 62 0.030303
63 66 0.0588235
63 70 0.125
63 78 0.1
63 80 0.0714286
63 85 0.166667
63 100 0.2
64 62 0.030303
64 65 0.0769231
64 71 0.0526316
64 101 0.5
65 64 0.0555556
65 70 0.125
65 105 0.25
65 108 0.25
66 63 0.047619
66 68 0.0909091
66 70 0.125
66 78 0.1
66 85 0.166667
66 100 0.2
67 75 0.25
67 92 0.2
68 66 0.0588235
68 63 0.047619
68 70 0.125
68 72 0.0625
68 78 0.1
68 109 0.0833333
69 62 0.030303
69 82 0.5
70 63 0.047619
70 65 0.0769231
70 66 0.0588235
70 68 0.0909091
71 64 0.0555556
71 77 0.333333
71 84 0.1
71 86 0.142857
71 90 0.166667
71 91 0.111111
71 102 0.25
71 103 0.142857
72 62 0.030303
72 68 0.0909091
72 74 0.1
72 81 0.25
72 93 0.166667
72 99 0.166667
73 71 0.0526316
73 65 0.0769231
73 79 0.2
73 89 0.166667
74 72 0.0625
74 88 0.5
75 67 0.0833333
77 71 0.0526316
78 66 0.0588235
78 63 0.047619
78 68 0.0909091
78 80 0.0714286
79 73 0.1
79 89 0.166667
80 63 0.047619
80 78 0.1
80 62 0.030303
80 95 0.25
80 96 0.5
80 106 0.25
81 72 0.0625
81 93 0.166667
82 69 0.25
83 76 0.25
83 67 0.0833333
84 71 0.0526316
84 86 0.142857
84 91 0.111111
84 102 0.25
84 103 0.142857
85 63 0.047619
85 66 0.0588235
85 78 0.1
86 84 0.1
86 71 0.0526316
86 91 0.111111
87 62 0.030303
87 94 0.333333
88 74 0.1
89 73 0.1
89 79 0.2
89 107 0.166667
90 71 0.0526316
90 104 0.25
91 84 0.1
91 90 0.166667
91 71 0.0526316
91 86 0.142857
92 67 0.0833333
93 72 0.0625
93 81 0.25
93 99 0.166667
94 87 0.25
94 62 0.030303
95 80 0.0714286
95 106 0.25
96 80 0.0714286
97 63 0.047619
98 97 0.166667
99 93 0.166667
99 72 0.0625
99 109 0.0833333
100 66 0.0588235
100 63 0.047619
100 78 0.1
101 64 0.0555556
102 71 0.0526316
102 84 0.1
103 71 0.0526316
103 84 0.1
103 90 0.166667
103 91 0.111111
103 86 0.142857
104 71 0.0526316
104 90 0.166667
104 91 0.111111
105 65 0.0769231
105 108 0.25
106 80 0.0714286
106 95 0.25
107 73 0.1
107 77 0.333333
107 89 0.166667
108 65 0.0769231
108 105 0.25
109 97 0.166667
109 68 0.0909091
109 21 0.0555556
109 99 0.166667
109 110 0.25
110 109 0.0833333
111 5 0.0769231
111 26 0.0666667
111 79 0.2
111 40 0.2
111 112 0.125
111 113 0.25
111 115 0.2
112 111 0.0454545
112 114 0.5
113 111 0.0454545
113 115 0.2
114 112 0.125
115 111 0.0454545
115 113 0.25
117 118 0.333333
118 117 0.125
