0
0
0
1.4e-05
1
0.154681
0.157873
0.141717
0.095458
0.224278
0.00027
0.226698
0.000298
0.145901
3e-06
0.256476
0.00303
0.163043
0.163274
0
0
1
0.200518
1
0.156349
0.000804
0.129986
0.389796
0.333958
0
0.000104
0.340824
0.017156
0.196458
0.038797
0.251104
0.306119
0.002437
0.241374
0.007995
0.36193
0.024223
0.003206
0.038541
0.210746
0.001198
0.210855
0
0.289057
9.3e-05
0.275542
0.064751
0.002634
0.088078
0.083859
0.020875
0
0
0
0
0.000607
0.000139
1
0.049141
0.108479
0.010807
0.005663
0
0.015258
0.250748
0.009758
1
0.064419
0.023828
0.006422
0
0
0.334981
0.008791
0.201765
0.004055
0.019142
0.125427
0
0.163959
0.008783
0.195839
0.251646
0.003157
0.036348
0.209427
0.162872
0
0.016621
0.083943
0.001274
0.002032
0.014241
0
0.026062
0.010815
0.054387
0.276976
0.160953
0.052758
0.003226
0.001227
0.006085
0.003219
0.085395
0.021739
1
0.126024
0.288223
0.063168
0.240806
0
0
0
