48
67
12 18 0.25
34 32 0.1
13 1 0.0769231
35 29 0.0769231
1 2 0.0588235
1 4 0.1
1 13 0.5
2 1 0.0769231
2 6 0.166667
2 10 0.111111
27 29 0.0769231
27 43 0.25
28 30 0.166667
28 37 0.5
29 27 0.0769231
29 28 0.0909091
29 35 0.25
29 40 0.166667
37 28 0.0909091
3 4 0.1
3 11 0.333333
3 15 0.333333
38 41 0.5
14 2 0.0588235
4 1 0.0769231
4 3 0.0909091
4 5 0.142857
4 7 0.2
39 32 0.1
39 34 0.5
39 44 0.125
40 29 0.0769231
5 4 0.1
5 7 0.2
30 28 0.0909091
30 33 0.5
6 2 0.0588235
15 3 0.0909091
15 11 0.333333
41 38 0.2
17 9 0.142857
43 27 0.0769231
44 39 0.2
44 32 0.1
7 4 0.1
7 5 0.142857
18 12 0.2
18 20 0.333333
19 10 0.111111
8 3 0.0909091
8 1 0.0769231
20 12 0.2
20 18 0.25
32 39 0.2
32 44 0.125
9 8 0.142857
9 17 0.142857
23 24 0.142857
24 23 0.2
24 26 0.333333
10 2 0.0588235
10 19 0.333333
25 24 0.142857
26 24 0.142857
26 25 0.25
11 3 0.0909091
33 30 0.166667
