1 2
1 3
2 1
2 3
3 1
3 2
3 70
4 7
4 9
4 21
4 33
4 41
4 46
5 6
6 5
6 62
7 4
7 11
7 36
7 45
8 10
8 23
8 32
8 53
9 4
9 14
9 49
9 56
10 8
11 7
11 12
11 15
11 29
11 49
12 7
12 11
12 15
12 29
13 12
13 16
13 17
13 28
13 31
13 45
14 9
14 24
15 12
15 10
15 11
16 13
17 13
17 18
17 47
17 50
18 17
18 19
19 18
19 40
20 30
20 43
21 4
21 46
22 15
23 8
24 14
24 25
24 59
24 61
25 24
25 42
25 48
25 52
26 27
26 34
26 57
27 26
28 13
29 11
29 12
29 7
29 36
29 38
29 45
29 49
30 20
30 35
30 39
31 13
32 8
32 14
32 56
33 4
34 26
34 62
35 30
35 20
35 37
35 54
35 143
36 7
36 29
36 12
36 38
37 35
37 52
38 7
38 29
38 11
38 36
39 20
39 30
39 43
40 19
41 4
42 25
43 39
43 20
43 44
43 57
44 43
45 7
45 29
45 13
45 12
46 21
46 4
47 17
47 18
48 25
49 29
49 11
49 7
49 9
50 17
51 37
52 25
52 37
52 55
52 58
52 63
53 8
54 35
55 52
56 32
56 9
57 26
57 43
57 60
58 52
58 55
59 24
59 61
60 57
61 59
61 24
62 6
62 34
63 58
63 52
63 55
64 65
64 67
65 64
65 66
66 65
67 64
67 68
68 67
70 3
70 71
71 70
71 73
73 71
74 75
74 79
74 88
75 74
75 92
76 80
76 85
76 87
76 105
77 78
77 81
77 98
78 76
78 77
79 74
79 88
80 76
80 86
80 89
80 110
81 77
81 78
81 90
81 99
81 101
81 113
82 83
82 96
82 97
82 104
82 121
82 124
82 126
83 82
83 93
83 117
83 132
84 94
84 99
84 115
84 120
85 76
86 80
86 91
86 100
86 119
87 76
87 89
87 106
87 108
88 79
88 74
89 87
89 80
90 81
90 94
90 101
90 113
91 86
91 100
91 119
92 75
93 83
93 114
93 118
93 132
94 81
94 84
94 90
94 128
95 83
96 82
96 107
97 82
98 77
98 125
99 84
99 81
99 103
99 122
99 123
100 91
100 86
100 102
100 111
101 81
101 90
102 100
103 99
103 122
103 123
104 82
104 118
104 121
104 124
104 126
105 76
106 87
106 76
107 96
108 87
109 108
110 80
111 100
111 102
112 77
113 90
113 81
114 93
114 83
114 117
115 84
116 82
117 114
117 83
117 130
117 132
118 82
118 93
118 104
118 114
118 131
118 133
119 100
119 91
119 86
120 84
120 115
121 82
121 104
121 127
122 99
122 103
122 123
123 122
123 99
123 103
124 104
124 82
125 98
125 77
125 129
126 104
126 82
126 116
127 80
127 121
127 116
127 104
128 94
129 125
130 117
130 114
130 83
131 118
131 133
132 114
132 117
132 93
132 83
133 131
133 118
140 142
142 140
143 27
143 35
143 79
143 125
143 144
144 143
144 145
145 144
145 146
146 145
