0
0
0
0
1
0.00013
0.000838
0.092645
1
0.088718
0.204875
0.023948
0.11764
1
0.029789
0.022635
0.500838
0.091087
0.015345
0.002584
0.163895
0.298698
0
0.334384
0.00991
0.101303
0.061865
0.338126
0.199983
0.024336
0.074844
0.500108
0.145462
0.49897
0.015516
0.105986
0.017032
0.136765
0.006716
0.207258
0.001303
0.49967
0.050752
1
0.500499
0.154195
0.298695
0.018341
0.020287
0.018881
0.045496
0
1
0.500727
0.053037
0.348355
0.05644
0.17294
0.29771
0.002992
0.086372
0.002997
0.00393
0.250952
0
0
0
0
0
0
0
0
0
0
0.027687
0.00349
1
0.013362
0.002078
0.200773
0.117269
0.00096
1
0.066774
1.4e-05
0.500221
0.014817
0.102407
0.054781
0.035894
0.000188
0.003059
0.001126
0.011527
2.5e-05
0
0.14267
0.500899
0.037647
8.2e-05
0.001685
0.000264
0.000491
1.8e-05
0.136918
0.498773
0.034215
0.071336
0.034307
0
0.05876
0.000312
0
0.000282
0.005822
4e-06
0.084163
0.010169
0.014702
0.002449
2e-06
0.183746
1.7e-05
1.8e-05
0.184688
0.142851
0.219129
0.03709
1.2e-05
0.071369
0.001264
0.004414
0.012007
0.004426
0
0
0
0
0
0
0
0
0
1
0.200271
0.050264
0.025233
