0 2
1 0
2 0
4 3
5 7
5 8
5 9
5 11
5 12
5 16
5 66
6 38
6 45
7 5
7 14
7 44
7 47
7 54
7 142
8 5
8 12
8 16
8 134
9 8
9 5
9 16
9 17
9 63
9 65
10 30
10 33
10 39
11 9
11 5
11 8
11 19
11 36
12 5
12 8
12 13
12 15
12 20
12 43
12 62
13 12
13 52
13 53
13 56
14 7
14 47
14 54
15 12
15 34
16 5
16 9
16 8
16 19
16 25
16 32
16 37
16 51
17 9
17 18
17 27
18 17
18 24
18 49
19 16
19 11
19 50
19 52
19 67
20 12
21 17
21 26
21 49
21 58
22 13
22 6
23 28
23 57
24 18
25 16
25 37
26 21
26 35
26 58
27 9
27 17
27 29
27 31
28 23
28 59
29 27
29 46
29 55
30 10
30 40
31 27
32 16
32 51
33 10
33 44
34 15
35 21
35 26
35 48
36 11
37 16
37 32
37 25
37 51
38 6
39 10
39 30
39 40
40 39
40 10
40 30
41 13
42 8
42 9
43 12
44 7
44 33
44 60
44 61
45 6
46 29
46 55
47 7
47 14
47 54
48 35
48 21
49 18
49 21
49 48
50 19
50 67
51 32
51 16
51 37
52 19
52 13
52 47
52 64
52 67
53 13
53 56
54 7
54 47
54 14
55 29
55 46
56 22
56 53
56 13
57 23
58 35
58 21
58 26
59 28
60 44
60 61
61 60
61 44
61 142
62 12
62 68
63 9
64 52
65 9
66 8
66 5
67 50
67 19
67 52
68 62
68 43
68 12
70 72
70 73
72 70
72 73
73 70
73 72
74 75
74 76
74 81
75 74
75 79
76 74
76 77
76 79
77 76
79 75
79 76
79 80
80 79
81 74
82 84
82 85
82 104
82 113
82 116
83 89
83 95
83 117
84 82
84 83
84 86
84 104
84 111
84 122
84 125
85 82
85 94
85 95
86 84
86 115
87 89
87 91
87 98
87 103
87 124
88 90
89 87
89 83
89 96
89 106
89 117
90 88
90 129
90 131
91 87
91 120
91 133
92 100
92 108
93 97
94 85
95 83
95 85
95 94
95 101
96 89
96 83
96 101
97 88
97 93
97 99
97 112
97 126
98 87
98 103
99 97
99 126
100 92
100 108
100 113
101 95
101 96
101 114
102 88
103 87
103 98
103 92
103 128
103 132
104 95
104 84
104 82
104 115
105 84
105 107
105 109
105 119
105 121
106 89
106 118
107 105
107 121
108 92
108 100
109 105
109 107
109 110
110 105
110 107
110 109
110 119
110 121
111 84
111 125
112 97
112 126
113 82
113 100
113 123
113 127
114 101
115 104
115 86
116 82
117 89
117 83
118 89
118 106
119 105
119 110
120 91
121 107
121 105
121 110
122 84
122 111
123 113
123 127
124 87
125 111
125 84
126 112
126 97
126 99
127 113
127 123
127 142
128 103
129 90
129 131
130 93
131 90
131 129
132 127
132 128
132 103
132 113
133 91
134 83
134 5
134 113
134 8
134 135
135 134
135 136
136 135
136 134
137 138
137 139
138 137
138 139
138 141
139 138
139 137
139 140
140 139
141 138
142 7
142 61
142 82
142 127
142 143
143 142
144 146
144 147
146 144
147 144
148 149
149 148
