0
0
0
0
0
0.131439
0.000463
0.100619
0.144065
0.072579
0.000544
0.033515
1
0.148024
0.046568
0.201243
1
0.006656
0.000771
0.139149
0.500262
2.5e-05
0.004327
0
0.000376
0.282422
7e-06
0.000796
0
9.2e-05
0.000135
0.000405
0.259903
0.005059
0.100371
6e-06
0.016917
0.195979
0.000238
0.000112
5.7e-05
0
0
0.347477
0.030229
0.000237
2.8e-05
0.156258
3.7e-05
0.000152
0.067361
0.221351
1
0.041925
0.046375
2.7e-05
0.029973
0
7e-06
0
0.025083
0.127429
0.251358
0.024092
0.500629
0.036497
0.033197
0.142952
0.063202
0
0
0
0
0
0
0
0
0
0
0
0
0
0.111151
0.086388
1
0.024402
0.258155
1
0.166231
0.078649
0.018785
0.14306
0.013291
0.201003
0.010844
0.033323
0.012118
1
0.267745
0.288771
0.007089
0.007371
0
0.111551
0.162745
0.135901
0.013108
0.235296
0.004887
0.219986
1
0.280049
0.288283
0.026921
0.00366
0.099229
0.055424
0.039843
0.004328
0.273667
0.071425
0.212092
0.333539
0.041678
0.500171
0.202231
0.234982
0.1465
0.041162
0.005523
0
0.005522
0.015936
0.071312
0.014324
0.003694
0.001218
0
0
0
0
0
1
0.499969
0
0
0
0
0
0
