0 1
1 0
2 8
2 18
2 41
3 7
3 10
3 14
3 15
3 17
3 22
3 44
3 53
4 5
4 25
5 4
5 12
5 23
5 32
6 3
6 9
6 37
7 3
7 14
7 15
7 44
7 53
8 2
8 18
8 41
9 6
9 4
9 5
10 3
10 21
10 22
10 24
10 28
10 36
10 40
11 34
12 5
12 13
12 27
13 12
13 16
14 3
14 7
14 17
14 28
15 7
15 3
15 9
15 19
15 21
15 25
15 31
15 33
16 13
16 12
16 37
16 39
16 51
17 7
17 3
17 14
17 28
17 44
17 53
18 2
18 8
19 15
19 33
19 61
21 15
21 5
21 10
21 46
21 54
22 3
22 21
22 10
22 27
22 30
22 49
23 5
24 10
25 4
25 15
25 42
25 43
25 45
26 15
27 17
27 12
27 3
27 22
27 35
27 38
28 17
28 10
28 22
28 14
30 22
31 15
32 5
33 15
33 19
34 11
35 27
35 39
36 10
36 22
36 30
37 16
37 6
37 48
38 27
38 61
39 38
39 35
39 16
39 27
39 47
39 50
40 10
41 8
41 2
41 52
42 25
42 43
43 25
43 42
43 45
44 3
44 17
44 7
45 25
45 43
45 42
46 21
47 39
48 37
49 22
50 39
50 22
51 16
52 41
53 7
53 3
53 17
54 21
56 57
56 59
57 56
58 59
58 60
59 56
59 58
59 60
60 59
60 58
61 19
61 17
61 38
61 62
61 63
62 61
62 63
63 62
63 61
64 66
64 68
64 76
64 99
64 106
65 67
65 71
65 81
65 91
65 92
65 103
65 122
65 133
66 64
66 74
66 76
66 83
66 108
66 118
67 65
67 69
67 82
67 87
67 95
67 117
68 64
68 70
68 72
68 110
68 135
68 140
69 67
69 82
69 87
69 98
69 100
69 115
69 117
70 68
70 72
70 73
70 78
70 85
70 105
70 109
70 111
71 65
71 77
71 79
72 70
72 68
73 70
73 68
73 80
73 86
73 99
73 146
74 66
74 83
75 69
75 67
75 120
76 66
76 64
76 110
76 126
76 136
77 71
77 87
77 93
77 100
78 70
79 71
79 77
79 93
80 73
80 86
80 121
81 65
81 92
82 67
82 69
82 98
82 100
82 115
83 66
83 74
83 84
83 104
84 83
85 70
85 78
86 80
86 73
86 99
86 116
86 121
86 146
87 77
87 67
87 69
87 88
87 89
87 90
88 87
88 89
88 90
88 138
89 87
89 88
89 75
89 94
89 97
89 128
89 131
90 87
90 75
90 88
90 145
91 65
92 65
92 73
92 81
92 127
92 144
92 148
93 77
93 79
94 89
94 97
94 128
94 131
95 67
95 69
95 96
96 95
97 94
97 89
97 114
97 137
98 67
98 82
98 69
99 64
99 73
99 86
99 134
100 67
100 82
100 77
100 69
100 113
100 124
101 70
101 123
101 139
102 100
103 65
103 81
103 125
103 147
104 83
104 72
104 129
105 70
106 64
107 142
108 66
108 74
109 68
109 70
110 72
110 68
110 76
110 130
111 70
111 105
112 67
112 101
112 92
112 82
112 80
113 100
114 97
114 119
114 131
114 132
114 143
115 82
115 69
116 86
116 73
116 80
116 121
117 69
117 67
117 82
118 108
118 66
119 114
120 75
121 86
121 116
121 80
121 146
122 65
123 101
123 139
124 100
124 113
124 149
125 103
125 147
126 76
127 92
127 144
128 89
128 94
129 104
130 110
131 114
131 89
131 94
132 114
132 119
133 65
134 99
135 68
136 76
137 97
138 87
138 125
138 103
138 88
138 141
139 101
139 123
140 68
140 129
140 104
141 138
142 107
143 114
143 119
143 132
144 92
144 127
145 90
146 86
146 73
146 121
147 103
147 125
148 92
148 127
149 100
149 124
149 113
150 154
153 150
154 150
