0
0
0
0.109673
0.02484
0.045683
0.043917
0.107829
0
0.20139
1
0
0.044314
0.037575
0.043561
1
0.113623
0.03734
0
0.203601
0
0.200684
0.108658
0.02282
0.5001
0.102409
0
0.138418
0.117085
0
0.114572
0.499922
0.022937
0.282312
0
0.272951
0.24993
0.025461
0.222145
1
0.50026
0
0.027047
0.023051
0.040419
0.023615
0.100698
0.50159
0.012653
0.054447
0.333313
0.056734
0
0.040326
0.100452
0
0
0
0
0
0
0.03219
0.006439
0.009023
0.09949
1
0.083395
0.057456
0.115475
0.010854
1
0.167767
0.137488
0.085857
0.021212
0.004965
1
0.031591
0.313427
0.034879
0.012431
0.255708
0.00719
0.013451
0.006789
0.332996
0.011073
0.080693
0.110466
0.032241
0.026666
0.499929
0.103438
0.015742
0.036546
0.011554
0.00581
0.095025
0.003413
0.024091
0.003765
0
0
0.259436
0.008254
0.407498
0.049915
0
0.017872
0.333304
0.155581
0.333689
0
0.001128
1
0.00429
0.002512
0.01358
0.027565
0.348505
0.002527
0.004926
0.500788
0
0.000762
0.245523
0.499425
0.030218
0.01624
0.011463
0.078383
0.171419
0.297388
0.50187
0.012001
0.058229
0.500354
0.047474
1
0
0.028833
0.500807
0
0.250292
0.03106
0.013397
0.016027
0.116962
0.034527
0.000171
0
0
0
0
0
0
