0 1
0 3
1 0
1 2
1 5
2 1
2 4
2 5
3 0
4 2
4 12
5 1
5 2
5 3
5 6
5 9
5 10
6 5
6 7
7 8
7 12
7 5
7 6
8 9
8 7
9 8
9 11
9 5
10 5
11 9
12 33
12 98
12 4
12 7
12 8
12 201
12 11
12 13
12 15
12 17
12 18
12 55
12 72
12 30
13 132
13 19
13 12
13 14
14 40
14 202
14 12
14 13
14 47
14 16
14 18
14 22
14 26
14 59
14 94
14 223
15 33
15 131
15 69
15 88
15 12
15 141
15 30
16 21
16 54
16 24
16 44
16 29
16 14
17 12
17 31
18 164
18 38
18 42
18 12
18 14
18 464
18 51
18 20
18 22
18 25
18 217
18 61
19 40
19 13
20 80
20 133
20 18
20 163
20 85
20 58
20 204
20 42
20 93
20 61
21 16
21 65
21 75
21 145
21 110
21 104
21 24
21 57
21 59
21 46
22 128
22 18
22 20
22 23
22 71
22 28
22 194
22 14
23 59
23 22
23 71
24 16
24 50
24 21
24 22
24 152
24 26
24 27
25 16
25 18
25 67
25 105
25 223
25 29
25 45
26 112
26 146
26 115
26 39
26 24
26 202
26 14
27 34
27 147
27 182
27 24
27 41
27 195
28 22
29 16
29 25
29 74
29 86
30 32
30 263
30 175
30 81
30 107
30 12
30 13
30 15
30 80
30 49
30 52
30 214
30 91
30 126
31 92
31 17
31 43
31 36
32 256
32 81
32 91
32 37
32 107
32 30
33 193
33 178
33 35
33 12
33 15
34 27
34 213
34 207
35 33
35 193
36 111
36 148
36 31
37 32
37 40
37 91
37 30
37 175
38 18
38 157
39 26
40 113
40 19
40 37
40 103
40 56
40 30
40 124
40 14
41 481
41 34
41 27
41 53
41 171
41 123
41 109
42 48
42 18
42 20
42 101
42 212
42 75
42 188
42 46
43 186
43 111
43 102
43 31
44 16
44 194
45 18
45 164
45 38
45 89
45 25
45 29
46 42
46 203
46 108
46 21
46 79
47 12
47 14
48 210
48 137
48 42
48 60
48 122
49 32
49 30
50 24
51 128
51 18
51 140
51 61
51 170
52 73
52 78
52 30
52 95
53 492
53 83
53 181
53 169
53 41
53 156
53 77
53 62
54 16
54 159
55 72
55 18
55 12
55 125
55 63
56 40
57 116
57 21
57 110
58 97
58 82
58 68
58 21
58 20
58 90
58 75
58 218
59 103
59 76
59 21
59 14
59 23
60 48
60 129
61 115
61 18
61 51
61 20
61 70
61 216
61 105
62 64
62 114
62 53
63 72
63 125
63 55
64 162
64 77
64 62
64 158
65 21
65 110
66 181
66 83
66 156
66 53
66 173
67 176
67 25
67 185
68 97
68 180
68 145
68 136
68 58
68 155
68 90
69 88
69 141
69 15
70 216
70 105
70 61
71 194
71 87
71 22
71 23
72 164
72 98
72 63
72 12
72 55
73 129
73 52
73 263
74 29
75 208
75 115
75 21
75 121
75 42
75 59
75 58
76 59
77 64
77 66
77 99
77 53
77 154
78 56
78 52
78 117
78 40
78 196
78 191
79 82
79 46
80 256
80 20
80 37
80 30
81 32
81 49
81 179
81 190
81 113
81 96
81 30
82 58
82 46
82 79
83 66
83 139
83 53
84 203
84 46
84 79
85 184
85 20
85 151
86 195
86 29
87 194
87 71
88 128
88 69
88 198
88 15
89 106
89 45
90 136
90 97
90 58
90 155
90 68
91 32
91 172
91 37
91 30
92 256
92 165
92 31
93 20
94 14
95 52
96 81
96 131
96 179
97 90
97 68
97 58
98 72
98 12
99 77
100 209
100 18
100 219
100 199
101 42
101 212
102 43
103 149
103 119
103 40
103 42
103 59
103 76
103 221
103 111
104 83
104 21
104 166
104 215
105 25
105 61
105 70
106 118
106 89
106 74
106 143
106 29
106 174
106 45
107 32
107 37
107 30
108 46
108 79
109 41
110 57
110 21
110 65
111 144
111 18
111 36
111 103
111 43
111 159
112 26
112 39
113 40
113 81
113 30
113 153
114 62
115 26
115 75
115 61
115 70
115 183
116 192
116 123
116 21
116 120
116 57
116 59
116 76
116 127
117 196
117 78
117 191
118 106
118 189
119 103
120 192
120 116
121 208
121 75
122 48
123 104
123 41
123 116
123 481
124 40
125 130
125 55
125 138
125 63
126 32
126 214
126 37
126 30
127 116
128 88
128 51
128 85
128 22
128 167
129 60
129 91
129 52
129 73
130 125
131 96
131 15
132 13
133 204
133 20
134 167
134 100
134 38
134 135
135 134
136 90
136 68
137 48
137 122
137 220
137 210
138 125
139 83
140 25
140 51
140 38
140 211
141 69
141 15
142 119
142 103
143 200
143 106
144 19
144 23
144 205
144 14
144 111
145 160
145 65
145 58
145 68
145 21
146 161
146 26
146 111
147 27
147 189
148 36
149 103
150 32
150 175
150 30
150 126
150 37
151 184
151 177
151 85
152 24
153 113
154 77
155 97
155 68
155 136
155 180
155 58
155 187
155 90
156 66
156 53
157 38
158 64
158 162
159 54
159 111
159 186
159 43
159 45
159 79
160 145
161 146
162 64
162 197
162 158
162 213
163 20
164 72
164 18
164 45
165 92
166 104
167 128
167 140
167 261
167 134
168 162
168 54
169 53
169 181
170 51
171 41
172 91
173 66
173 156
173 53
173 181
174 106
175 30
175 214
175 150
175 263
175 461
175 238
175 37
176 67
177 85
177 151
178 33
179 96
179 81
179 190
180 136
180 58
180 155
180 68
181 169
181 66
181 53
181 173
182 27
182 195
183 115
184 85
184 151
185 176
185 67
186 16
186 43
186 159
187 90
187 155
187 68
187 58
188 42
188 101
189 147
189 118
190 96
190 81
190 179
191 117
191 78
192 120
192 116
193 33
193 35
194 87
194 44
194 22
194 71
195 27
195 182
195 86
196 117
196 78
196 191
197 162
198 88
199 219
199 100
200 143
201 12
202 26
202 14
203 84
203 108
203 206
203 46
204 20
204 133
205 144
206 203
206 84
206 79
207 34
208 121
208 75
209 100
209 199
210 48
210 137
210 220
211 140
212 42
212 101
213 34
213 162
214 30
214 175
214 126
214 150
214 37
215 104
215 64
215 158
215 166
216 61
216 70
217 18
218 202
218 58
218 26
218 167
219 100
219 199
220 48
220 137
220 210
221 103
222 64
222 158
223 224
223 67
223 228
223 167
223 232
223 25
223 236
223 14
224 225
224 223
225 224
225 481
225 229
225 234
225 492
225 237
226 227
226 223
227 226
228 231
228 236
228 223
229 225
229 230
230 229
231 232
231 233
231 228
232 224
232 231
232 235
232 223
233 231
234 225
235 232
236 228
236 223
237 225
238 32
238 163
238 244
238 8
238 250
238 239
238 125
238 175
239 240
239 241
239 242
239 238
239 481
239 254
240 243
240 246
240 239
241 242
241 255
241 252
241 245
241 239
242 241
242 249
242 239
243 240
243 261
244 238
245 241
245 249
246 240
246 248
246 251
246 247
247 240
247 246
247 239
248 464
248 241
248 253
248 246
249 242
249 245
250 238
251 246
252 241
253 248
254 239
255 241
256 80
256 32
256 92
256 257
256 7
257 256
257 258
257 259
258 257
258 260
259 257
260 258
261 262
261 243
261 53
261 195
261 167
261 123
262 261
263 32
263 292
263 264
263 73
263 266
263 267
263 12
263 271
263 272
263 276
263 286
263 412
263 175
263 316
263 30
264 338
264 278
264 263
264 296
264 265
264 282
264 300
264 269
265 420
265 277
265 264
265 268
265 363
265 284
266 275
266 324
266 263
266 280
266 345
266 399
266 319
267 293
267 359
267 266
267 263
267 333
267 270
267 285
267 273
267 276
267 308
267 431
267 298
267 389
268 265
268 274
268 287
269 264
269 312
269 451
269 396
269 326
270 283
270 457
270 267
270 460
270 373
271 288
271 263
272 416
272 405
272 286
272 263
273 298
273 267
273 333
273 358
273 335
274 348
274 284
274 268
274 278
275 351
275 313
275 266
275 291
275 279
276 290
276 267
276 310
276 302
276 263
277 289
277 293
277 342
277 265
277 363
277 383
278 464
278 296
278 274
278 329
278 264
278 281
278 426
278 348
279 456
279 355
279 295
279 275
279 394
279 299
280 368
280 273
280 266
280 324
281 304
281 443
281 341
281 278
281 296
281 427
281 334
282 264
282 338
283 312
283 377
283 374
283 270
283 433
284 265
284 274
284 268
284 305
285 384
285 385
285 322
285 267
285 441
285 379
285 332
285 415
286 272
286 288
286 290
286 419
286 438
286 263
287 352
287 294
287 360
287 297
287 330
287 268
288 286
288 271
289 338
289 277
289 343
289 408
289 347
289 402
290 308
290 286
290 344
290 276
290 298
290 302
291 313
291 275
291 340
292 433
292 263
293 401
293 306
293 323
293 309
293 406
293 267
293 322
293 301
293 277
294 352
294 287
295 394
295 299
295 279
296 321
296 398
296 278
296 369
296 264
296 281
296 282
296 423
296 428
296 317
296 318
297 375
297 303
297 287
298 273
298 290
298 403
298 344
298 410
298 267
298 349
299 394
299 295
299 388
299 279
300 264
300 282
300 315
300 346
300 303
301 289
301 298
301 293
301 327
302 290
302 276
302 314
303 336
303 297
303 300
303 350
304 281
304 443
304 404
304 341
304 321
305 320
305 330
305 459
305 284
306 323
306 307
306 293
306 406
307 450
307 289
307 306
307 435
307 293
307 311
307 298
307 354
307 335
308 290
308 447
308 298
308 267
308 430
308 415
309 265
309 348
309 293
309 380
309 449
310 458
310 276
311 304
311 307
311 439
311 326
311 407
311 363
311 377
311 283
312 362
312 283
312 285
312 422
312 269
313 291
313 275
314 377
314 302
314 433
315 363
315 282
315 331
315 300
316 353
316 436
316 397
316 263
317 296
317 398
317 318
318 386
318 291
318 296
318 442
318 415
318 317
318 351
319 448
319 340
319 357
319 390
319 454
319 266
320 305
320 402
321 304
321 328
321 446
321 296
321 281
321 395
321 366
322 424
322 370
322 383
322 285
322 293
323 306
323 293
324 304
324 337
324 280
324 361
324 266
324 351
325 305
326 400
326 421
326 367
326 269
326 311
327 301
328 321
328 366
329 426
329 278
330 305
330 413
330 287
331 315
332 385
332 379
332 285
332 441
333 273
333 339
333 309
333 310
333 359
333 378
333 267
334 281
334 404
335 267
335 273
335 307
336 320
336 393
336 303
337 361
337 324
338 264
338 289
338 282
338 269
338 287
339 333
340 291
340 319
341 304
341 281
342 402
342 420
342 277
342 350
343 289
343 347
344 266
344 290
344 356
344 298
345 266
345 364
346 300
347 408
347 289
347 343
348 432
348 274
348 309
348 278
348 376
348 429
348 373
349 298
350 453
350 342
350 303
351 409
351 275
351 324
351 414
351 318
352 360
352 294
352 287
353 316
354 450
354 307
355 280
355 455
355 372
355 279
356 344
356 358
357 434
357 444
357 319
358 273
358 356
359 344
359 371
359 267
359 333
360 352
360 287
361 337
361 324
362 312
362 381
363 265
363 315
363 277
363 311
364 345
364 266
364 299
364 279
365 278
366 328
366 321
366 395
366 440
367 400
367 326
368 280
369 296
369 423
370 322
371 344
371 351
371 359
372 355
372 387
372 455
373 348
373 382
373 270
374 283
374 437
375 297
376 432
376 348
377 457
377 314
377 283
377 311
378 333
379 332
379 285
380 309
381 312
381 362
382 373
383 322
383 277
383 350
384 392
384 298
384 285
384 391
385 332
385 285
386 442
386 318
387 355
387 372
387 430
387 359
387 308
387 270
388 418
388 299
388 295
389 267
390 319
391 384
392 384
393 336
394 295
394 299
394 279
395 440
395 321
395 366
396 451
396 269
397 353
397 436
397 316
398 296
398 428
398 317
399 266
400 326
400 367
401 306
401 293
402 320
402 289
402 342
402 336
403 298
404 304
404 281
404 443
404 334
405 272
406 306
406 293
407 311
408 289
408 347
408 343
409 351
410 298
410 403
411 288
411 271
412 263
413 425
413 330
414 351
415 362
415 308
415 285
415 318
416 272
416 405
417 263
418 388
418 454
419 438
419 286
419 445
420 265
420 325
420 342
421 400
421 326
422 312
422 362
423 296
423 369
424 370
424 322
425 413
426 329
426 278
427 352
427 281
427 341
427 294
427 287
428 296
428 398
429 376
429 348
430 387
430 308
431 267
432 376
432 348
433 314
433 283
433 292
434 357
435 307
436 316
436 397
437 283
437 374
438 419
438 286
439 311
440 328
440 395
440 366
441 385
441 332
441 285
442 386
442 318
443 304
443 281
443 404
444 434
444 357
445 419
445 286
446 328
446 321
446 440
446 366
447 308
448 390
448 319
449 380
449 309
450 354
450 307
451 396
451 269
452 288
453 350
454 448
454 418
454 319
455 355
455 372
456 279
456 299
456 295
457 377
457 270
458 310
459 305
460 270
461 32
461 81
461 290
461 462
461 126
461 175
462 479
462 461
462 463
463 462
464 466
464 465
464 18
464 467
464 278
464 103
464 248
464 61
464 477
465 464
465 468
466 464
466 478
467 464
467 468
467 469
467 471
467 472
467 473
467 477
468 464
468 465
468 467
468 470
469 472
469 473
469 467
469 477
470 475
470 468
471 467
472 474
472 467
472 469
473 472
473 467
473 469
473 479
474 472
475 470
476 467
476 469
476 471
477 464
477 466
477 467
477 469
478 466
478 477
479 480
479 321
479 473
479 282
479 477
479 462
480 479
481 225
481 482
481 484
481 485
481 65
481 488
481 41
481 123
481 239
482 481
482 483
482 487
483 482
483 487
484 481
484 486
485 481
486 489
486 484
487 482
487 483
488 481
489 490
489 491
489 484
489 486
490 489
490 491
491 489
491 490
492 225
492 261
492 494
492 156
492 493
492 158
492 53
493 497
493 498
493 492
493 494
494 492
494 493
494 495
495 496
495 499
495 494
496 495
497 493
498 493
499 495
