0 1
1 0
3 34
4 14
4 19
4 20
4 70
5 13
5 55
5 56
5 60
5 69
6 10
6 42
7 9
7 15
7 25
7 43
7 47
7 52
8 30
9 7
9 25
9 52
10 6
11 8
11 12
11 17
12 11
12 21
12 38
13 5
13 22
13 24
13 27
13 35
14 5
14 4
14 45
14 58
15 7
15 9
15 25
15 71
16 12
16 11
16 28
16 63
17 12
17 11
17 23
17 26
17 37
18 32
18 49
19 4
19 7
20 15
20 4
20 31
20 39
20 59
21 12
21 18
21 67
22 13
22 36
22 57
23 17
23 26
24 13
24 27
24 35
25 7
25 9
25 15
25 64
25 71
26 23
26 21
26 17
27 13
27 24
27 44
27 46
28 16
28 41
29 33
29 50
29 77
30 8
31 20
32 18
33 29
33 22
33 65
34 3
35 13
35 24
35 27
35 53
35 54
35 66
36 22
36 57
37 16
37 17
37 23
37 61
38 12
38 11
39 20
40 8
40 62
41 28
41 35
41 51
42 6
42 48
43 25
43 7
43 71
44 24
44 13
44 27
45 14
46 13
46 27
46 24
47 7
47 9
47 43
47 52
48 42
48 18
49 18
50 22
50 29
50 55
51 41
51 55
52 25
52 47
52 9
52 7
53 35
54 35
55 5
55 50
55 51
55 41
56 5
56 60
57 22
57 36
58 45
58 14
59 20
59 39
60 5
60 56
61 37
62 26
62 40
63 16
64 25
64 6
64 68
65 33
65 72
66 35
67 21
68 64
69 5
69 60
70 4
71 43
71 25
71 15
71 26
72 65
75 76
76 75
77 0
77 29
77 57
77 41
77 78
77 81
77 82
78 77
78 79
78 84
79 78
79 84
80 83
81 77
81 82
81 85
81 86
82 77
82 81
83 80
84 78
84 79
85 81
86 85
86 81
89 18
89 95
89 100
89 124
90 92
90 103
90 108
90 121
90 148
92 90
92 93
92 105
92 110
92 122
92 133
92 152
93 92
93 102
93 105
93 122
93 152
94 97
94 107
94 109
94 123
94 128
95 89
95 96
95 124
96 91
96 95
96 98
96 101
96 106
96 113
97 94
97 99
97 112
97 134
98 96
98 115
99 97
99 116
99 120
99 127
99 153
100 89
100 104
100 114
101 96
101 95
102 93
102 92
102 105
103 90
103 108
103 118
103 121
103 139
103 148
104 100
104 111
105 92
105 93
105 102
105 152
106 96
107 94
107 123
107 128
108 90
108 97
108 103
108 143
109 93
109 94
109 107
109 129
109 130
109 139
110 92
110 102
110 93
110 135
110 151
111 104
112 97
112 117
113 96
113 106
113 115
114 100
114 142
114 146
115 98
115 113
115 91
115 131
115 140
116 99
116 127
117 112
118 103
118 90
119 125
119 126
120 98
120 99
121 103
121 90
122 92
122 93
122 105
122 133
122 138
122 152
123 94
123 107
124 95
124 89
124 132
125 119
126 111
126 119
127 116
127 99
128 94
128 107
128 144
129 109
130 129
130 109
130 161
131 115
131 140
132 124
133 122
133 109
133 129
133 92
133 145
133 149
133 150
134 97
135 110
136 110
136 137
136 139
137 136
137 139
138 105
138 92
138 122
139 137
139 103
139 110
139 136
139 109
140 131
140 115
141 99
141 127
141 147
142 114
143 108
144 128
145 133
145 149
145 150
146 114
146 142
147 141
148 103
148 90
149 145
149 133
150 133
150 145
150 149
151 135
151 110
152 122
152 92
152 138
152 105
152 93
153 92
153 13
153 99
153 154
154 153
154 155
155 154
158 159
159 158
161 130
161 163
163 161
