0.166864
0.016819
0
0
0.076839
1
0.001676
1
0.002599
0.20042
0.000877
0.022604
0.029309
0.147328
0.010973
0.226312
0.114846
0.123642
0.002208
0.011092
1
0.009588
0.055181
0.220861
0.126144
0.146141
0.057655
0.111262
0.045412
0.128003
0.001307
0.500675
0.001082
0.025769
0
1
0.061897
1
0.009914
0.407641
0
0.166583
0.000289
0.199585
0.027853
0.004477
0.027952
0.189485
0.000114
0.000597
0.030367
0.07441
0.184809
0.500633
0.500567
0.148767
0.298159
0.205289
0.003635
0.333415
0.291209
0.500237
0
0.05779
0.018383
0.005118
0.500693
0.004767
0.009169
0.33325
0.038628
0.076689
0.002529
0
0
0
0
1
0.126171
0.035251
0
0.144802
0.184172
0
0.025282
0.059292
0.048561
0
0
0.009011
0.103779
0.170918
0.063957
0.021129
0.012872
0.132647
1
0.01186
0.145165
0.000985
0.001069
0.200431
0.008485
1
0.000181
0.01958
0.378614
0.019222
0.154472
0.121283
0.020781
4.5e-05
0.002324
0.202847
0.000119
0.031079
0.000292
0.001153
0.334839
0
0.000253
0.267855
0.096633
0.007563
0.023026
0
0
0.000242
0.003892
0.272631
0.024312
0.009281
0.011517
1
0.005968
0.008444
0.021427
0.034429
0.022702
0.123203
0.00927
0
4.7e-05
0.077338
0.001952
0.225461
4.5e-05
0
0.268019
0.264692
0.232329
0.006884
0.021199
0.000104
2.7e-05
1.2e-05
0
0
0
0
0
0.001878
0
0.000225
0
0
