32 2
32 8
32 33
32 34
32 57
33 32
14 2
14 5
34 32
15 11
15 13
15 19
35 38
35 39
35 44
35 54
36 37
36 43
36 46
36 47
36 50
0 23
37 36
37 45
37 48
37 49
46 43
46 36
1 11
16 8
16 3
16 17
38 35
38 42
38 56
17 8
17 16
2 1
2 3
2 5
2 14
2 22
2 23
2 32
47 36
47 43
3 2
3 7
3 16
3 25
4 21
48 37
48 45
19 11
19 15
19 13
20 11
20 13
49 37
50 36
50 43
21 4
5 2
5 14
5 57
22 2
6 4
6 9
6 24
39 35
40 55
7 3
8 7
8 3
8 16
8 25
8 32
41 36
41 52
52 41
42 38
42 39
23 2
23 0
53 49
9 6
9 10
9 12
54 35
55 40
56 38
57 32
57 5
24 6
43 36
43 46
43 47
43 50
58 59
25 3
25 8
25 16
44 35
59 36
59 58
59 46
10 9
45 37
45 48
11 1
11 3
11 13
11 15
11 19
11 20
12 9
13 11
13 15
13 19
13 20
