18 10
18 3
19 4
19 14
19 21
39 36
58 55
20 14
20 15
20 4
2 3
2 8
2 25
2 26
2 29
2 36
40 48
40 54
40 56
40 57
21 14
21 19
21 4
59 51
41 43
41 52
22 15
42 43
42 44
42 47
42 61
43 42
43 41
43 48
43 55
43 60
23 7
23 24
23 33
44 42
44 45
24 7
24 23
60 43
25 2
25 3
61 42
62 50
62 61
62 54
62 48
63 50
63 48
63 57
45 44
45 46
45 53
46 44
46 45
46 51
64 48
64 50
26 2
3 2
3 9
3 18
3 25
27 2
27 26
65 53
65 66
28 12
4 10
4 14
4 19
4 21
5 31
6 30
7 11
7 23
7 24
7 33
47 42
47 55
29 8
29 2
66 53
66 65
8 2
8 29
48 40
48 43
48 50
48 63
48 64
67 51
30 6
50 48
50 62
50 64
31 5
9 3
9 17
10 4
10 13
10 15
10 18
11 7
11 13
32 12
51 46
51 59
51 67
33 7
33 23
52 41
12 10
12 11
12 28
12 32
56 40
13 10
13 11
13 16
53 45
53 51
53 65
53 66
54 40
14 4
14 20
36 29
36 2
36 37
36 38
36 39
15 10
15 20
15 22
37 36
16 13
16 2
55 43
55 47
55 42
55 58
38 36
57 40
57 63
17 6
17 9
