0
0
1
0.112911
0.006147
0
0.000471
0.014508
0.289929
0.028366
0.071086
0.202566
1
0.044638
0.001442
0.006421
0.0147
0.00318
0.044966
0.001363
0.000992
0.001034
0.003239
0.003283
0.004099
0.268095
0.334028
0
0.501268
0.248425
0.000226
0
0.500834
0.004207
0
0
0.052757
0.026299
0.013321
0.007596
1
0.000854
0.003327
0.008256
0.026164
0.016635
0.143158
0.000704
0.095554
0
0.025404
1
0.000435
0.002425
0.334927
0.00097
0.500591
0.253662
0.000472
0.50013
0.004134
0.002521
0.004224
0.06712
0.02845
0.000729
0.000678
0.499939
