0 1
1 0
2 4
2 7
2 9
2 18
2 26
3 6
3 22
3 27
4 2
4 14
4 16
5 13
5 24
5 25
5 28
6 3
6 22
6 27
7 3
7 2
7 8
7 23
8 7
8 10
9 2
9 5
9 13
9 15
9 17
9 29
10 8
10 11
11 10
11 21
12 10
12 11
12 21
13 5
13 9
13 17
14 4
14 19
15 9
15 29
16 4
16 14
16 19
17 13
17 9
18 2
18 26
19 16
19 4
19 14
20 5
21 12
21 10
21 11
21 31
22 3
22 6
22 27
23 7
24 5
24 22
24 30
24 31
25 5
25 28
26 18
26 2
27 3
27 22
27 6
28 25
28 5
28 9
29 15
29 9
30 24
31 24
31 21
35 36
36 35
37 40
37 53
37 63
37 84
38 41
38 51
38 64
38 74
39 75
39 85
40 37
40 41
40 46
40 48
40 52
40 77
41 40
41 39
41 38
41 42
41 43
41 87
42 41
42 87
43 41
43 42
44 50
45 37
46 40
47 39
47 49
47 57
47 69
47 72
48 40
48 46
49 47
49 57
50 44
50 66
51 44
51 38
52 40
52 38
52 48
52 54
52 61
52 70
52 73
53 37
54 52
54 73
55 53
55 43
55 59
57 49
57 47
58 67
58 78
59 55
59 37
59 71
60 37
60 45
60 53
60 84
61 52
61 54
61 62
62 52
62 54
62 61
62 70
62 73
63 53
63 37
64 38
65 47
65 49
65 76
65 80
66 50
67 58
67 78
67 79
68 37
68 41
68 81
69 47
70 52
70 62
71 59
72 47
73 54
73 52
73 62
74 38
74 64
75 39
76 65
76 80
77 40
78 67
78 58
78 79
79 58
79 67
79 78
80 65
80 76
81 68
82 80
82 65
83 78
83 59
83 60
84 37
84 63
84 60
85 39
85 86
86 39
86 85
87 41
87 42
90 91
91 90
91 88
92 93
93 92
94 95
95 94
