96
218
0 1 0.5
1 0 0.125
2 4 0.111111
2 7 0.0666667
2 9 0.0625
2 18 0.25
2 26 0.142857
3 6 0.166667
3 22 0.142857
3 27 0.166667
4 2 0.0714286
4 14 0.2
4 16 0.2
5 13 0.111111
5 24 0.0909091
5 25 0.25
5 28 0.166667
6 3 0.0769231
6 22 0.142857
6 27 0.166667
7 3 0.0769231
7 2 0.0714286
7 8 0.0909091
7 23 0.5
8 7 0.0666667
8 10 0.1
9 2 0.0714286
9 5 0.0769231
9 13 0.111111
9 15 0.25
9 17 0.142857
9 29 0.25
10 8 0.0909091
10 11 0.125
11 10 0.1
11 21 0.111111
12 10 0.1
12 11 0.125
12 21 0.111111
13 5 0.0769231
13 9 0.0625
13 17 0.142857
14 4 0.111111
14 19 0.2
15 9 0.0625
15 29 0.25
16 4 0.111111
16 14 0.2
16 19 0.2
17 13 0.111111
17 9 0.0625
18 2 0.0714286
18 26 0.142857
19 16 0.2
19 4 0.111111
19 14 0.2
20 5 0.0769231
21 12 0.142857
21 10 0.1
21 11 0.125
21 31 0.125
22 3 0.0769231
22 6 0.166667
22 27 0.166667
23 7 0.0666667
24 5 0.0769231
24 22 0.142857
24 30 0.5
24 31 0.125
25 5 0.0769231
25 28 0.166667
26 18 0.25
26 2 0.0714286
27 3 0.0769231
27 22 0.142857
27 6 0.166667
28 25 0.25
28 5 0.0769231
28 9 0.0625
29 15 0.25
29 9 0.0625
30 24 0.0909091
31 24 0.0909091
31 21 0.111111
35 36 0.5
36 35 0.166667
37 40 0.0833333
37 53 0.166667
37 63 0.25
37 84 0.2
38 41 0.0666667
38 51 0.142857
38 64 0.2
38 74 0.333333
39 75 0.5
39 85 0.25
40 37 0.0526316
40 41 0.0666667
40 46 0.333333
40 48 0.166667
40 52 0.0769231
40 77 0.5
41 40 0.0833333
41 39 0.0714286
41 38 0.0625
41 42 0.111111
41 43 0.25
41 87 0.25
42 41 0.0666667
42 87 0.25
43 41 0.0666667
43 42 0.111111
44 50 0.166667
45 37 0.0526316
46 40 0.0833333
47 39 0.0714286
47 49 0.2
47 57 0.25
47 69 0.5
47 72 0.166667
48 40 0.0833333
48 46 0.333333
49 47 0.0714286
49 57 0.25
50 44 0.125
50 66 0.5
51 44 0.125
51 38 0.0625
52 40 0.0833333
52 38 0.0625
52 48 0.166667
52 54 0.166667
52 61 0.2
52 70 0.25
52 73 0.166667
53 37 0.0526316
54 52 0.0769231
54 73 0.166667
55 53 0.166667
55 43 0.25
55 59 0.166667
57 49 0.2
57 47 0.0714286
58 67 0.166667
58 78 0.142857
59 55 0.166667
59 37 0.0526316
59 71 0.5
60 37 0.0526316
60 45 0.25
60 53 0.166667
60 84 0.2
61 52 0.0769231
61 54 0.166667
61 62 0.125
62 52 0.0769231
62 54 0.166667
62 61 0.2
62 70 0.25
62 73 0.166667
63 53 0.166667
63 37 0.0526316
64 38 0.0625
65 47 0.0714286
65 49 0.2
65 76 0.25
65 80 0.142857
66 50 0.166667
67 58 0.142857
67 78 0.142857
67 79 0.2
68 37 0.0526316
68 41 0.0666667
68 81 0.5
69 47 0.0714286
70 52 0.0769231
70 62 0.125
71 59 0.166667
72 47 0.0714286
73 54 0.166667
73 52 0.0769231
73 62 0.125
74 38 0.0625
74 64 0.2
75 39 0.0714286
76 65 0.0833333
76 80 0.142857
77 40 0.0833333
78 67 0.166667
78 58 0.142857
78 79 0.2
79 58 0.142857
79 67 0.166667
79 78 0.142857
80 65 0.0833333
80 76 0.25
81 68 0.1
82 80 0.142857
82 65 0.0833333
83 78 0.142857
83 59 0.166667
83 60 0.125
84 37 0.0526316
84 63 0.25
84 60 0.125
85 39 0.0714286
85 86 0.333333
86 39 0.0714286
86 85 0.25
87 41 0.0666667
87 42 0.111111
90 91 0.333333
91 90 0.166667
91 88 0.25
92 93 0.25
93 92 0.125
94 95 0.5
95 94 0.25
