0
0
0.071896
0.015215
0.007946
0.156397
0.029171
0.004789
0.000601
1
0.001835
0.002203
0.002026
0.14007
0.001804
0.29783
0.001602
0.158257
0.019878
0.000667
0
0.014064
0.142463
0.002422
1
0.044103
0.012498
0.029028
0.031364
0.297641
0.501022
0.125786
0
0
0
0
0
0.009436
0.122141
0.138403
0.176633
1
0.160566
0.250462
0.002181
5.2e-05
0.113451
1
0.188649
0.240775
0.000357
0.017513
1
0.001956
0.228035
0
0
0.288718
0
0
0.000246
0.209666
0.07895
0.002776
0.03134
0
0.000174
0
0
0.50008
0.25957
0
0.167183
0.201714
0.04091
0.069032
0
0.08823
0
0
0
0
0
0
0.001881
0.034816
0.011711
0.276483
0
0
0
0
0
0
0
0
