29
47
8 1 0.05
8 3 0.166667
8 7 0.142857
26 23 0.166667
9 3 0.166667
9 2 0.2
10 1 0.05
10 11 0.5
19 21 0.5
11 10 0.2
1 5 0.166667
1 7 0.142857
1 8 0.111111
1 15 0.333333
20 22 0.2
20 23 0.166667
20 24 0.166667
20 27 0.125
20 28 0.166667
21 19 0.0714286
12 14 0.5
22 20 0.0666667
3 9 0.2
13 1 0.05
13 7 0.142857
14 12 0.25
27 22 0.2
27 20 0.0666667
27 28 0.166667
15 7 0.142857
15 1 0.05
28 23 0.166667
28 27 0.125
28 20 0.0666667
23 20 0.0666667
23 26 0.25
5 1 0.05
16 17 0.2
17 16 0.166667
17 18 0.25
18 17 0.2
24 20 0.0666667
24 23 0.166667
7 1 0.05
7 8 0.111111
7 13 0.25
25 22 0.2
