0 1
0 2
1 0
2 0
4 9
4 13
4 14
4 17
4 43
4 75
4 94
5 15
5 16
5 19
5 37
5 38
5 74
6 20
6 21
6 24
6 33
6 45
6 58
6 64
6 107
7 12
7 46
8 23
8 113
9 4
9 34
10 11
10 18
10 20
10 44
10 68
10 71
10 96
11 10
11 17
11 22
11 57
11 59
11 87
11 104
11 116
12 7
12 56
12 99
12 101
12 117
13 4
13 40
13 93
14 4
14 9
14 26
14 29
15 5
15 38
15 97
15 114
16 5
16 6
16 103
17 11
17 4
17 32
17 54
17 67
17 91
17 110
18 10
18 28
19 6
19 5
19 10
19 25
19 31
19 39
19 44
19 74
19 247
20 10
20 6
20 19
20 22
20 36
20 48
20 63
20 95
21 6
21 16
21 28
21 45
21 73
21 115
22 20
22 11
22 4
22 24
22 30
22 35
22 61
22 90
23 8
24 6
24 22
24 89
24 118
25 19
25 6
25 27
25 70
25 74
25 88
26 14
26 29
26 51
27 25
27 70
27 80
28 21
28 18
29 26
29 14
29 51
29 98
30 22
30 61
30 62
30 90
31 19
31 18
31 37
31 39
32 17
32 56
32 77
32 106
32 137
33 6
34 9
35 22
35 90
36 20
37 31
37 19
37 5
37 52
38 5
38 15
38 114
39 31
39 19
39 112
40 13
41 49
41 79
41 112
42 5
42 53
42 65
43 4
43 55
43 81
43 85
43 109
44 19
44 10
44 47
44 60
44 66
44 102
45 6
45 21
45 72
46 7
47 44
47 60
47 66
47 102
48 20
48 36
48 63
48 95
49 41
50 100
51 29
51 14
51 26
51 98
52 37
53 42
53 65
54 11
54 17
54 92
55 43
55 10
56 46
56 12
56 32
56 69
56 83
56 86
56 108
57 11
57 59
57 105
58 6
58 64
59 11
59 57
59 116
60 47
60 44
61 22
61 30
61 62
62 61
62 22
62 30
63 20
63 48
63 95
64 6
64 58
65 42
65 53
65 76
66 44
66 47
67 17
68 10
68 71
69 56
69 83
69 86
70 25
70 27
70 80
71 68
71 10
72 45
73 21
74 19
74 5
74 25
74 82
74 113
75 4
75 55
76 65
77 32
78 12
79 41
80 25
80 27
80 70
80 88
81 43
81 109
82 74
83 56
83 69
83 86
83 108
83 137
84 20
84 48
85 43
85 81
86 56
86 69
86 83
86 137
87 11
88 25
88 80
88 27
89 24
90 22
90 30
90 61
90 35
91 17
91 67
91 92
92 54
92 91
93 13
93 40
94 4
95 48
95 63
95 20
96 10
96 71
97 15
98 14
98 51
98 29
99 12
100 9
100 50
101 12
101 99
102 82
102 44
102 47
103 16
104 11
104 57
105 57
105 59
105 104
105 11
106 32
106 111
107 6
107 58
107 64
108 83
108 56
109 43
109 81
109 139
110 17
111 77
111 32
111 106
112 41
112 39
112 49
113 74
113 8
113 114
114 38
114 113
114 15
115 21
116 59
116 11
116 57
117 101
117 12
117 99
118 24
119 120
119 121
120 119
120 121
120 123
120 124
120 126
121 120
121 119
121 125
123 120
123 124
123 126
124 120
124 123
125 121
126 123
126 120
127 128
128 127
128 129
129 128
129 131
130 133
131 129
131 130
133 130
137 32
137 11
137 83
137 86
137 138
138 137
139 109
139 10
139 28
139 140
139 141
139 142
139 144
139 149
139 153
139 154
139 167
139 169
139 170
139 177
139 204
139 239
140 139
140 148
140 195
140 226
141 139
141 143
141 171
141 212
142 139
142 158
142 192
142 198
142 205
142 236
142 247
143 141
143 157
143 168
143 172
143 180
143 181
143 188
143 203
143 208
143 238
144 139
144 156
144 159
144 163
144 190
144 194
145 151
145 154
145 160
145 173
145 177
145 183
146 215
146 219
147 158
147 165
147 178
147 191
147 220
148 140
148 149
148 152
148 155
148 179
149 139
149 148
150 213
150 218
150 225
151 145
151 160
151 173
152 148
152 149
152 167
152 176
153 139
154 139
154 145
155 148
155 217
156 139
156 154
156 144
156 163
157 143
157 172
157 180
157 181
157 188
157 208
158 142
158 147
158 161
158 166
158 179
158 196
158 210
159 156
159 144
159 201
160 151
160 145
160 173
161 158
162 139
162 199
163 144
163 156
164 148
164 187
164 217
164 237
165 143
165 147
165 172
165 175
165 202
165 248
166 158
166 196
167 152
167 139
167 174
167 204
168 165
168 143
168 229
169 139
169 170
169 177
169 239
170 139
170 169
171 141
171 189
172 143
172 165
172 157
172 183
172 184
172 193
173 145
173 160
173 151
174 167
174 214
175 165
176 152
176 195
177 153
177 169
177 139
177 145
177 206
177 221
177 227
177 230
178 147
178 207
179 148
179 158
179 182
179 200
180 143
180 157
181 157
181 143
181 248
182 179
182 200
182 247
183 172
183 145
184 172
184 240
185 186
186 185
186 162
186 190
187 164
188 143
188 157
189 171
189 197
189 235
190 144
190 186
191 147
192 142
192 147
192 209
192 234
193 172
194 144
195 176
195 140
196 166
196 158
197 171
197 189
198 142
198 205
198 236
199 162
200 179
200 182
201 159
202 165
202 231
203 143
203 157
203 240
204 139
204 167
205 198
205 142
206 177
206 228
206 232
207 178
207 211
208 181
208 188
208 157
208 143
208 238
209 192
210 207
210 158
210 178
210 224
210 233
211 178
211 207
212 172
212 141
212 223
213 150
214 169
214 139
214 174
214 222
215 146
215 219
216 177
217 176
217 155
217 164
218 150
219 215
219 146
220 147
221 216
221 177
221 227
222 214
223 188
223 212
224 210
224 233
225 150
226 140
227 177
227 221
227 230
228 206
228 232
229 168
230 177
230 227
231 202
232 206
232 228
233 210
233 224
234 209
234 192
235 171
235 189
236 142
236 198
237 187
237 164
238 181
238 208
238 143
238 240
239 139
239 169
240 238
240 212
240 203
240 184
240 69
240 241
241 240
247 19
247 142
247 182
247 144
248 229
248 83
248 165
248 181
248 108
248 250
250 248
253 252
