0
0
0
0
1
0.009518
1
0.056331
4.4e-05
0.138703
1
0.129994
0.065803
0.100563
0.112109
0.001144
0.167212
1
0.258979
0.012744
0.158512
1
1
1.4e-05
0.210707
0.001314
0.017981
0.000267
0.38682
0.016142
0.166055
0.002291
0.175168
0.333974
0.069663
0.280356
0.057697
0.001678
0.001737
0.002167
0.041076
7.2e-05
0
0.082088
0.084636
0.265639
0.335694
0.017022
0.021331
0.000179
0
0.005167
0.000849
0
0.209117
0.055362
1
0.023885
0.276646
0.02461
0.024114
0.185734
0.066832
0.032715
0.27635
0
0.02419
0.380874
0.299375
0.158372
0.000247
0.292694
0.133159
0.501166
0.002929
0.200869
0
0.060578
0
3.9e-05
0.000106
0.054394
0.007227
0.134038
0
0.02714
0.157002
0.064905
0.000285
0.105348
0.191025
0.209032
0.09819
0.033813
0.500449
0.032486
0.33382
0.000187
0.004015
0.022939
0
0.019565
0.019425
0.083861
0.022229
0.004811
0.043908
0.250128
0.222485
0.17926
0.500291
0.010912
0.000446
0.000358
0.000494
0.500903
0.029608
0.016623
0.105861
0.18385
1
0.143728
0
0.228315
0.234177
0.072092
0.287967
0
0
0
0
0
0
0
0
0
0
0.040961
0.020527
1
0.085364
0.160708
0.11441
1
1
0.08406
0
0.074811
0.026782
0.206428
0
0.018406
0.022011
0.556547
0.170516
0.004363
0.150347
0.14619
1
0.142797
0.018405
0.500192
0.005653
0.275074
0.000104
0.022391
0.282767
0.128667
0.14337
0.210496
0.286747
0.020412
0.085757
0.018279
0.021459
0.011143
0.004983
1
0.024563
0.103137
0.274486
0.174029
0.02272
0.027899
0.020169
0.008605
0.033894
4.2e-05
0.207214
0.003552
0.166626
0.037357
0.016512
0.043049
0.500883
0.022046
0.201947
0.000731
0.027022
0.002849
0.02966
0.071232
0.003204
0.203332
0.182413
0.033181
0.142634
0.024035
0.15639
0.006691
0.100624
0.00792
0.032716
0
0.003085
0
0.116533
0.000856
0
0
0.037196
0.232139
0.001569
0.010881
0.029964
0
0.042762
0.228211
0.042336
0.052746
0.286605
0.001593
0.042605
0.030002
0.005448
0.001208
0.033163
4.1e-05
0.162163
0.286885
0.037716
0.009444
0
0
0
0
0
0.013285
0.016444
0
0.004171
0
0
0
0
