57
87
13 4 0.1
13 11 0.333333
13 23 0.1
43 35 0.166667
43 42 0.125
43 45 0.5
32 12 0.125
32 16 0.111111
32 33 0.2
32 34 0.0769231
32 38 0.333333
32 41 0.25
32 46 0.25
32 47 0.5
44 35 0.166667
33 32 0.0384615
14 9 0.2
34 32 0.0384615
34 36 0.25
45 43 0.2
15 7 0.166667
16 8 0.166667
16 17 0.5
1 2 0.2
2 1 0.142857
17 16 0.111111
46 32 0.0384615
46 42 0.125
46 38 0.333333
3 5 0.1
3 19 0.5
3 21 0.2
18 1 0.142857
19 3 0.125
47 32 0.0384615
4 6 0.5
4 11 0.333333
4 13 0.125
20 5 0.1
20 10 0.2
48 39 0.2
5 3 0.125
5 10 0.2
5 20 0.25
21 12 0.125
21 3 0.125
21 9 0.2
35 43 0.2
35 44 0.5
22 13 0.125
23 13 0.125
23 25 0.25
23 26 0.25
23 27 0.25
24 2 0.2
25 23 0.1
26 23 0.1
26 25 0.25
49 30 0.142857
6 4 0.1
36 34 0.0769231
7 12 0.125
7 15 0.5
50 52 0.2
52 50 0.166667
27 26 0.25
27 23 0.1
27 25 0.25
30 49 0.0588235
28 29 0.5
8 16 0.111111
9 14 0.5
10 5 0.1
10 20 0.25
29 28 0.25
38 32 0.0384615
39 48 0.5
55 56 0.5
56 55 0.25
40 39 0.2
11 4 0.1
41 34 0.0769231
41 33 0.2
41 32 0.0384615
12 7 0.166667
12 4 0.1
12 21 0.2
