4 13
5 6
5 9
5 10
5 12
5 22
5 25
5 28
5 32
5 49
5 50
6 5
6 8
6 10
6 12
6 15
6 16
6 17
6 29
6 30
6 33
6 40
6 41
6 59
6 91
7 27
7 46
8 6
8 10
8 43
9 5
9 10
9 14
9 60
10 9
10 8
10 5
10 6
10 35
10 52
10 56
11 19
11 29
11 38
11 69
12 6
12 5
12 18
12 24
12 31
12 36
12 62
12 66
13 4
14 9
14 55
14 65
15 6
15 17
15 40
16 15
16 6
16 17
16 29
17 6
17 16
17 15
17 25
17 29
17 30
17 33
17 40
17 41
17 59
18 12
18 24
19 11
19 20
19 26
19 75
20 19
20 67
20 81
21 7
22 5
22 50
23 46
23 73
24 12
24 18
25 5
25 17
25 39
25 43
25 61
25 80
26 19
26 75
27 7
28 5
29 6
29 16
29 11
29 17
29 36
30 6
30 17
31 12
31 62
31 66
32 5
33 6
33 17
34 42
34 58
34 79
35 10
36 31
36 12
36 29
36 91
37 7
37 27
38 11
38 64
39 25
40 15
40 17
40 16
40 6
41 17
41 30
41 6
42 34
42 52
42 79
43 8
43 25
43 44
43 72
44 43
46 7
46 23
48 11
48 51
49 5
49 22
50 22
50 5
50 57
51 48
52 10
52 34
52 42
52 74
52 76
54 52
54 74
55 14
55 65
56 10
57 50
57 68
57 70
58 34
59 6
59 17
60 9
61 50
61 25
62 31
62 12
63 71
63 77
64 20
64 11
64 38
65 14
65 55
66 62
66 31
66 12
67 20
68 50
68 57
69 38
69 11
70 50
70 57
71 63
71 77
71 81
72 43
73 23
74 52
74 54
75 19
75 26
76 52
77 63
77 71
78 10
79 42
79 34
80 25
81 20
81 71
82 83
82 86
83 82
84 85
85 84
86 82
87 88
88 87
88 89
88 90
89 88
90 88
91 62
91 6
91 36
92 52
92 5
92 6
92 93
93 92
94 95
94 123
94 127
94 131
94 138
95 94
95 96
95 97
95 100
95 106
95 108
95 121
95 160
96 95
96 97
96 107
96 132
96 134
96 164
96 166
97 95
97 96
97 101
97 102
97 110
97 113
97 141
97 147
98 99
98 122
98 133
99 98
99 112
100 95
100 118
100 139
101 97
101 146
101 179
102 97
102 147
104 95
104 108
104 154
105 95
105 96
105 109
105 116
105 156
105 167
105 168
106 95
106 96
106 135
106 143
106 148
106 149
106 152
107 96
107 172
108 104
108 95
109 105
109 116
109 168
110 97
110 109
110 103
110 105
111 115
111 157
111 163
111 174
111 176
112 98
112 99
112 117
112 130
112 140
112 180
113 97
113 147
113 159
114 106
114 135
114 148
114 149
114 162
115 111
115 119
116 105
116 109
117 112
117 118
117 137
118 100
118 117
118 140
118 150
119 111
119 115
119 123
119 128
119 144
119 171
120 101
120 151
121 95
121 104
121 154
122 99
122 98
123 94
123 119
123 124
123 125
124 123
124 156
124 177
125 123
125 107
125 126
125 142
125 145
126 125
127 94
128 119
129 125
130 112
131 94
132 96
132 166
133 99
133 98
134 96
135 106
135 114
136 116
136 105
136 109
137 117
137 159
138 94
139 100
140 118
140 112
140 130
141 97
141 102
142 125
143 106
143 158
144 119
144 128
144 171
145 125
146 101
147 97
147 113
147 102
148 106
148 114
149 106
149 114
150 140
150 118
150 103
151 120
151 111
151 119
151 101
151 146
152 148
152 114
152 106
154 104
154 95
154 121
156 124
156 123
156 105
157 115
157 111
157 163
158 106
158 114
158 143
159 113
159 137
159 102
160 95
160 108
160 154
161 165
161 173
161 178
162 114
162 148
162 135
163 115
163 111
163 157
164 96
165 161
165 170
166 96
166 132
166 164
167 105
167 109
168 167
168 105
168 109
169 110
169 118
170 165
171 119
171 144
172 107
173 161
174 111
174 115
175 98
175 133
176 111
176 115
177 124
177 123
178 161
179 101
179 120
179 146
180 130
180 112
180 150
181 182
181 184
181 186
182 181
182 183
182 187
182 189
183 182
183 188
184 181
186 181
187 182
187 189
188 183
189 187
189 182
192 191
193 195
194 197
195 193
195 196
196 195
197 194
198 199
198 200
199 198
200 198
200 201
201 200
