202
491
4 13 0.142857
5 6 0.0263158
5 9 0.0833333
5 10 0.0526316
5 12 0.0434783
5 22 0.142857
5 25 0.0625
5 28 0.5
5 32 0.5
5 49 0.25
5 50 0.111111
6 5 0.03125
6 8 0.125
6 10 0.0526316
6 12 0.0434783
6 15 0.111111
6 16 0.125
6 17 0.047619
6 29 0.0833333
6 30 0.2
6 33 0.25
6 40 0.142857
6 41 0.2
6 59 0.25
6 91 0.0714286
7 27 0.2
7 46 0.142857
8 6 0.0263158
8 10 0.0526316
8 43 0.125
9 5 0.03125
9 10 0.0526316
9 14 0.111111
9 60 0.5
10 9 0.0833333
10 8 0.125
10 5 0.03125
10 6 0.0263158
10 35 0.5
10 52 0.0714286
10 56 0.5
11 19 0.1
11 29 0.0833333
11 38 0.142857
11 69 0.333333
12 6 0.0263158
12 5 0.03125
12 18 0.25
12 24 0.25
12 31 0.142857
12 36 0.1
12 62 0.125
12 66 0.2
13 4 0.166667
14 9 0.0833333
14 55 0.25
14 65 0.25
15 6 0.0263158
15 17 0.047619
15 40 0.142857
16 15 0.111111
16 6 0.0263158
16 17 0.047619
16 29 0.0833333
17 6 0.0263158
17 16 0.125
17 15 0.111111
17 25 0.0625
17 29 0.0833333
17 30 0.2
17 33 0.25
17 40 0.142857
17 41 0.2
17 59 0.25
18 12 0.0434783
18 24 0.25
19 11 0.05
19 20 0.0833333
19 26 0.166667
19 75 0.25
20 19 0.1
20 67 0.5
20 81 0.25
21 7 0.111111
22 5 0.03125
22 50 0.111111
23 46 0.142857
23 73 0.5
24 12 0.0434783
24 18 0.25
25 5 0.03125
25 17 0.047619
25 39 0.5
25 43 0.125
25 61 0.2
25 80 0.5
26 19 0.1
26 75 0.25
27 7 0.111111
28 5 0.03125
29 6 0.0263158
29 16 0.125
29 11 0.05
29 17 0.047619
29 36 0.1
30 6 0.0263158
30 17 0.047619
31 12 0.0434783
31 62 0.125
31 66 0.2
32 5 0.03125
33 6 0.0263158
33 17 0.047619
34 42 0.125
34 58 0.5
34 79 0.25
35 10 0.0526316
36 31 0.142857
36 12 0.0434783
36 29 0.0833333
36 91 0.0714286
37 7 0.111111
37 27 0.2
38 11 0.05
38 64 0.25
39 25 0.0625
40 15 0.111111
40 17 0.047619
40 16 0.125
40 6 0.0263158
41 17 0.047619
41 30 0.2
41 6 0.0263158
42 34 0.0833333
42 52 0.0714286
42 79 0.25
43 8 0.125
43 25 0.0625
43 44 0.5
43 72 0.5
44 43 0.125
46 7 0.111111
46 23 0.125
48 11 0.05
48 51 0.5
49 5 0.03125
49 22 0.142857
50 22 0.142857
50 5 0.03125
50 57 0.166667
51 48 0.2
52 10 0.0526316
52 34 0.0833333
52 42 0.125
52 74 0.166667
52 76 0.5
54 52 0.0714286
54 74 0.166667
55 14 0.111111
55 65 0.25
56 10 0.0526316
57 50 0.111111
57 68 0.333333
57 70 0.111111
58 34 0.0833333
59 6 0.0263158
59 17 0.047619
60 9 0.0833333
61 50 0.111111
61 25 0.0625
62 31 0.142857
62 12 0.0434783
63 71 0.166667
63 77 0.2
64 20 0.0833333
64 11 0.05
64 38 0.142857
65 14 0.111111
65 55 0.25
66 62 0.125
66 31 0.142857
66 12 0.0434783
67 20 0.0833333
68 50 0.111111
68 57 0.166667
69 38 0.142857
69 11 0.05
70 50 0.111111
70 57 0.166667
71 63 0.1
71 77 0.2
71 81 0.25
72 43 0.125
73 23 0.125
74 52 0.0714286
74 54 0.333333
75 19 0.1
75 26 0.166667
76 52 0.0714286
77 63 0.1
77 71 0.166667
78 10 0.0526316
79 42 0.125
79 34 0.0833333
80 25 0.0625
81 20 0.0833333
81 71 0.166667
82 83 0.2
82 86 0.2
83 82 0.1
84 85 0.25
85 84 0.2
86 82 0.1
87 88 0.166667
88 87 0.1
88 89 0.5
88 90 0.5
89 88 0.166667
90 88 0.166667
91 62 0.125
91 6 0.0263158
91 36 0.1
92 52 0.0714286
92 5 0.03125
92 6 0.0263158
92 93 0.5
93 92 0.125
94 95 0.0344828
94 123 0.0714286
94 127 0.5
94 131 0.5
94 138 0.5
95 94 0.04
95 96 0.04
95 97 0.0454545
95 100 0.0909091
95 106 0.0555556
95 108 0.2
95 121 0.2
95 160 0.25
96 95 0.0344828
96 97 0.0454545
96 107 0.166667
96 132 0.25
96 134 0.5
96 164 0.333333
96 166 0.2
97 95 0.0344828
97 96 0.04
97 101 0.111111
97 102 0.125
97 110 0.111111
97 113 0.142857
97 141 0.333333
97 147 0.166667
98 99 0.142857
98 122 0.333333
98 133 0.25
99 98 0.0555556
99 112 0.0666667
100 95 0.0344828
100 118 0.0714286
100 139 0.5
101 97 0.0454545
101 146 0.25
101 179 0.25
102 97 0.0454545
102 147 0.166667
104 95 0.0344828
104 108 0.2
104 154 0.166667
105 95 0.0344828
105 96 0.04
105 109 0.0909091
105 116 0.166667
105 156 0.142857
105 167 0.25
105 168 0.2
106 95 0.0344828
106 96 0.04
106 135 0.2
106 143 0.25
106 148 0.166667
106 149 0.166667
106 152 0.25
107 96 0.04
107 172 0.5
108 104 0.166667
108 95 0.0344828
109 105 0.0588235
109 116 0.166667
109 168 0.2
110 97 0.0454545
110 109 0.0909091
110 103 0.25
110 105 0.0588235
111 115 0.125
111 157 0.2
111 163 0.2
111 174 0.333333
111 176 0.333333
112 98 0.0555556
112 99 0.142857
112 117 0.1
112 130 0.166667
112 140 0.166667
112 180 0.166667
113 97 0.0454545
113 147 0.166667
113 159 0.166667
114 106 0.0555556
114 135 0.2
114 148 0.166667
114 149 0.166667
114 162 0.25
115 111 0.0714286
115 119 0.0625
116 105 0.0588235
116 109 0.0909091
117 112 0.0666667
117 118 0.0714286
117 137 0.25
118 100 0.0909091
118 117 0.1
118 140 0.166667
118 150 0.166667
119 111 0.0714286
119 115 0.125
119 123 0.0714286
119 128 0.333333
119 144 0.2
119 171 0.25
120 101 0.111111
120 151 0.166667
121 95 0.0344828
121 104 0.166667
121 154 0.166667
122 99 0.142857
122 98 0.0555556
123 94 0.04
123 119 0.0625
123 124 0.166667
123 125 0.0833333
124 123 0.0714286
124 156 0.142857
124 177 0.333333
125 123 0.0714286
125 107 0.166667
125 126 0.25
125 142 0.5
125 145 0.5
126 125 0.0833333
127 94 0.04
128 119 0.0625
129 125 0.0833333
130 112 0.0666667
131 94 0.04
132 96 0.04
132 166 0.2
133 99 0.142857
133 98 0.0555556
134 96 0.04
135 106 0.0555556
135 114 0.0769231
136 116 0.166667
136 105 0.0588235
136 109 0.0909091
137 117 0.1
137 159 0.166667
138 94 0.04
139 100 0.0909091
140 118 0.0714286
140 112 0.0666667
140 130 0.166667
141 97 0.0454545
141 102 0.125
142 125 0.0833333
143 106 0.0555556
143 158 0.2
144 119 0.0625
144 128 0.333333
144 171 0.25
145 125 0.0833333
146 101 0.111111
147 97 0.0454545
147 113 0.142857
147 102 0.125
148 106 0.0555556
148 114 0.0769231
149 106 0.0555556
149 114 0.0769231
150 140 0.166667
150 118 0.0714286
150 103 0.25
151 120 0.25
151 111 0.0714286
151 119 0.0625
151 101 0.111111
151 146 0.25
152 148 0.166667
152 114 0.0769231
152 106 0.0555556
154 104 0.166667
154 95 0.0344828
154 121 0.2
156 124 0.166667
156 123 0.0714286
156 105 0.0588235
157 115 0.125
157 111 0.0714286
157 163 0.2
158 106 0.0555556
158 114 0.0769231
158 143 0.25
159 113 0.142857
159 137 0.25
159 102 0.125
160 95 0.0344828
160 108 0.2
160 154 0.166667
161 165 0.166667
161 173 0.5
161 178 0.5
162 114 0.0769231
162 148 0.166667
162 135 0.2
163 115 0.125
163 111 0.0714286
163 157 0.2
164 96 0.04
165 161 0.0909091
165 170 0.5
166 96 0.04
166 132 0.25
166 164 0.333333
167 105 0.0588235
167 109 0.0909091
168 167 0.25
168 105 0.0588235
168 109 0.0909091
169 110 0.111111
169 118 0.0714286
170 165 0.166667
171 119 0.0625
171 144 0.2
172 107 0.166667
173 161 0.0909091
174 111 0.0714286
174 115 0.125
175 98 0.0555556
175 133 0.25
176 111 0.0714286
176 115 0.125
177 124 0.166667
177 123 0.0714286
178 161 0.0909091
179 101 0.111111
179 120 0.25
179 146 0.25
180 130 0.166667
180 112 0.0666667
180 150 0.166667
181 182 0.125
181 184 0.5
181 186 0.25
182 181 0.1
182 183 0.25
182 187 0.25
182 189 0.25
183 182 0.125
183 188 0.5
184 181 0.1
186 181 0.1
187 182 0.125
187 189 0.25
188 183 0.25
189 187 0.25
189 182 0.125
192 191 0.2
193 195 0.166667
194 197 0.5
195 193 0.25
195 196 0.333333
196 195 0.166667
197 194 0.333333
198 199 0.333333
198 200 0.25
199 198 0.1
200 198 0.1
200 201 0.5
201 200 0.25
