0
0
0
0
0
1
1
0
0.248115
0.161324
1
0.005674
0.087282
0
0.018127
0.157838
0.17101
0.155925
0.02576
0.000585
6.4e-05
0
0.188961
0
0.025919
1
0.000108
0
0.500098
0.109089
0.258479
0.020914
0.501013
0.277654
0.006923
0.500393
0.026992
0
0.001001
0.500162
0.177869
0.224091
0.009887
0.152074
0.076274
0
0
0
0
0.250517
0.148694
0
0.071921
0
0.004054
0.005376
0.500868
0.024921
0.003477
0.278316
0.08095
0.201031
0.024192
1e-06
0.000256
0.005482
0.02075
3e-05
0.008529
0.00189
0.002815
6e-06
0.075931
0
0.01221
0.000161
0.036146
0
0
0.00408
0.500471
1.8e-05
0
0
0
0
0
0
0
0
0
0.073231
0
0
1
0.133051
1
1
7e-06
1.4e-05
0.012213
0.111974
0.185088
0.028153
0.011419
0.007498
1
0.306545
0.033057
0.011046
0.112004
1
8.2e-05
0.166445
0.065366
0.243994
0.003048
0.00078
0.000945
0.023654
0.007115
0.028026
3e-06
0.139463
0.023356
1
0.251221
0.501469
0.009159
0
5.1e-05
0.500385
0.288561
1e-06
0.500193
0.210507
0
0.006949
0.50096
0.006217
0.000182
0.333126
0.500057
0.25086
0.005639
0.500625
0.033557
0.209047
0.209256
0.174725
0.00015
0.001127
0.251244
0
0.011376
0
0.004287
0.233001
0.05008
0.027623
0.033219
1
0.016436
0.232995
0.385841
0.166845
0.241454
0.002636
0.003519
0
0.083468
0.006828
0.153517
0.50033
0.333371
0
0.334171
0.007819
0.501358
0.027912
1.3e-05
0
0
0
0
0
0
0
0
0
0
0
0
0
0
0
0
0
0
0
0
0
