3 4
3 7
3 10
3 11
3 18
3 24
3 28
4 3
4 6
4 11
4 12
4 13
5 19
5 22
5 38
5 48
6 4
6 14
6 16
6 21
6 25
6 31
6 40
7 3
7 30
7 47
8 7
8 17
8 27
8 36
9 15
9 23
9 34
10 8
10 3
10 29
11 4
11 3
11 14
11 39
12 4
13 4
13 24
13 25
14 13
14 6
14 11
15 9
15 20
15 23
15 34
15 56
16 6
16 4
16 37
16 40
16 60
17 8
17 53
18 3
18 29
18 35
18 42
19 5
19 51
20 9
20 15
20 41
20 45
20 57
21 6
22 18
22 5
23 9
23 15
24 3
24 7
24 13
24 26
24 32
24 33
24 49
24 55
25 13
25 6
26 24
26 32
26 33
26 49
26 55
27 8
27 10
27 50
28 3
29 18
29 10
29 3
30 7
30 35
30 44
30 46
30 47
31 6
32 24
32 26
32 33
33 24
33 26
33 32
33 49
33 55
34 15
34 9
34 58
35 18
35 30
35 10
35 54
36 8
37 16
38 5
38 48
39 11
40 16
40 4
40 6
41 20
41 57
42 18
43 35
43 22
43 47
44 30
44 7
45 20
45 58
46 30
46 7
47 7
47 46
47 43
47 30
48 5
48 38
49 24
49 33
49 26
50 27
51 19
52 29
53 17
54 35
55 33
55 24
55 26
56 15
56 34
57 41
57 20
57 58
58 20
58 34
58 45
58 57
60 16
60 4
60 40
60 61
61 60
61 62
61 63
62 61
62 64
62 65
63 61
63 65
63 66
64 62
65 62
65 63
66 63
67 70
67 71
67 73
67 77
67 78
67 79
67 86
67 105
67 108
67 121
67 126
68 69
68 75
68 90
68 95
68 147
69 68
69 99
69 104
69 106
70 67
70 71
70 84
70 86
70 108
70 121
70 126
71 67
71 70
71 72
71 78
71 79
72 71
72 70
72 74
72 82
73 67
73 70
73 76
73 78
73 92
73 102
73 125
73 127
74 72
74 69
74 109
75 68
75 109
75 128
76 73
77 67
77 73
77 111
77 113
78 73
78 71
78 67
78 98
78 101
78 105
78 107
78 132
78 138
78 142
79 67
79 71
79 70
79 121
79 123
80 77
80 87
80 94
80 97
80 129
81 83
81 85
81 131
81 144
82 72
82 89
83 81
83 73
83 87
83 103
83 112
83 149
84 67
84 70
84 71
84 88
84 89
85 81
85 93
85 96
85 122
86 67
86 70
87 83
87 80
87 118
87 141
88 84
88 80
88 91
88 100
88 124
89 84
89 82
89 70
89 117
90 68
90 106
90 116
90 140
91 88
91 100
92 73
92 110
92 115
92 120
93 85
93 119
93 122
94 80
95 68
95 147
96 85
96 93
96 119
96 122
97 80
97 83
97 81
97 137
98 78
98 132
98 133
99 69
99 139
99 143
100 88
100 91
100 124
100 126
101 78
101 92
102 73
102 127
103 83
104 69
104 106
105 78
105 67
105 130
105 136
106 69
106 90
106 104
106 134
107 78
107 98
108 67
108 70
108 73
108 145
109 75
109 74
109 105
110 92
110 120
111 77
111 113
112 83
112 103
112 114
113 111
113 77
114 83
114 112
115 110
115 92
115 120
116 90
116 140
117 89
118 87
119 93
119 85
119 96
119 146
119 148
120 110
120 115
120 92
121 70
121 86
121 79
121 67
122 96
122 85
122 93
123 67
123 79
123 70
124 100
124 91
124 88
125 73
125 76
126 70
126 100
126 67
126 135
127 73
127 102
128 75
129 80
129 94
130 105
130 136
131 81
131 144
132 78
132 98
132 107
132 142
133 98
133 78
133 138
133 142
134 106
135 126
136 105
136 130
137 97
138 78
138 133
138 142
139 99
140 116
140 90
141 87
141 118
142 138
142 78
142 132
142 133
143 99
144 131
144 81
145 108
146 119
146 149
147 95
147 68
148 119
148 146
149 83
149 146
152 153
152 155
152 156
153 152
153 155
153 156
154 158
155 152
155 153
156 152
156 153
156 157
157 156
157 152
158 154
160 161
161 160
