162
458
3 4 0.0714286
3 7 0.0909091
3 10 0.142857
3 11 0.1
3 18 0.0714286
3 24 0.0588235
3 28 0.5
4 3 0.047619
4 6 0.0555556
4 11 0.1
4 12 0.5
4 13 0.142857
5 19 0.25
5 22 0.166667
5 38 0.166667
5 48 0.25
6 4 0.0714286
6 14 0.166667
6 16 0.111111
6 21 0.5
6 25 0.25
6 31 0.5
6 40 0.166667
7 3 0.047619
7 30 0.1
7 47 0.142857
8 7 0.0909091
8 17 0.25
8 27 0.2
8 36 0.5
9 15 0.1
9 23 0.25
9 34 0.142857
10 8 0.0909091
10 3 0.047619
10 29 0.166667
11 4 0.0714286
11 3 0.047619
11 14 0.166667
11 39 0.5
12 4 0.0714286
13 4 0.0714286
13 24 0.0588235
13 25 0.25
14 13 0.142857
14 6 0.0555556
14 11 0.1
15 9 0.1
15 20 0.1
15 23 0.25
15 34 0.142857
15 56 0.333333
16 6 0.0555556
16 4 0.0714286
16 37 0.5
16 40 0.166667
16 60 0.0833333
17 8 0.0909091
17 53 0.5
18 3 0.047619
18 29 0.166667
18 35 0.125
18 42 0.5
19 5 0.0714286
19 51 0.5
20 9 0.1
20 15 0.1
20 41 0.25
20 45 0.25
20 57 0.166667
21 6 0.0555556
22 18 0.0714286
22 5 0.0714286
23 9 0.1
23 15 0.1
24 3 0.047619
24 7 0.0909091
24 13 0.142857
24 26 0.1
24 32 0.166667
24 33 0.1
24 49 0.166667
24 55 0.166667
25 13 0.142857
25 6 0.0555556
26 24 0.0588235
26 32 0.166667
26 33 0.1
26 49 0.166667
26 55 0.166667
27 8 0.0909091
27 10 0.142857
27 50 0.5
28 3 0.047619
29 18 0.0714286
29 10 0.142857
29 3 0.047619
30 7 0.0909091
30 35 0.125
30 44 0.333333
30 46 0.25
30 47 0.142857
31 6 0.0555556
32 24 0.0588235
32 26 0.1
32 33 0.1
33 24 0.0588235
33 26 0.1
33 32 0.166667
33 49 0.166667
33 55 0.166667
34 15 0.1
34 9 0.1
34 58 0.1
35 18 0.0714286
35 30 0.1
35 10 0.142857
35 54 0.5
36 8 0.0909091
37 16 0.111111
38 5 0.0714286
38 48 0.25
39 11 0.1
40 16 0.111111
40 4 0.0714286
40 6 0.0555556
41 20 0.1
41 57 0.166667
42 18 0.0714286
43 35 0.125
43 22 0.166667
43 47 0.142857
44 30 0.1
44 7 0.0909091
45 20 0.1
45 58 0.1
46 30 0.1
46 7 0.0909091
47 7 0.0909091
47 46 0.25
47 43 0.166667
47 30 0.1
48 5 0.0714286
48 38 0.166667
49 24 0.0588235
49 33 0.1
49 26 0.1
50 27 0.2
51 19 0.25
52 29 0.166667
53 17 0.25
54 35 0.125
55 33 0.1
55 24 0.0588235
55 26 0.1
56 15 0.1
56 34 0.142857
57 41 0.25
57 20 0.1
57 58 0.1
58 20 0.1
58 34 0.142857
58 45 0.25
58 57 0.166667
60 16 0.111111
60 4 0.0714286
60 40 0.166667
60 61 0.142857
61 60 0.0833333
61 62 0.111111
61 63 0.166667
62 61 0.142857
62 64 0.2
62 65 0.25
63 61 0.142857
63 65 0.25
63 66 0.5
64 62 0.111111
65 62 0.111111
65 63 0.166667
66 63 0.166667
67 70 0.0526316
67 71 0.0909091
67 73 0.0454545
67 77 0.125
67 78 0.047619
67 79 0.111111
67 86 0.2
67 105 0.111111
67 108 0.142857
67 121 0.125
67 126 0.125
68 69 0.0833333
68 75 0.125
68 90 0.1
68 95 0.25
68 147 0.25
69 68 0.0714286
69 99 0.166667
69 104 0.25
69 106 0.125
70 67 0.0357143
70 71 0.0909091
70 84 0.125
70 86 0.2
70 108 0.142857
70 121 0.125
70 126 0.125
71 67 0.0357143
71 70 0.0526316
71 72 0.1
71 78 0.047619
71 79 0.111111
72 71 0.0909091
72 70 0.0526316
72 74 0.2
72 82 0.25
73 67 0.0357143
73 70 0.0526316
73 76 0.333333
73 78 0.047619
73 92 0.111111
73 102 0.25
73 125 0.333333
73 127 0.25
74 72 0.1
74 69 0.0833333
74 109 0.142857
75 68 0.0714286
75 109 0.142857
75 128 0.5
76 73 0.0454545
77 67 0.0357143
77 73 0.0454545
77 111 0.25
77 113 0.25
78 73 0.0454545
78 71 0.0909091
78 67 0.0357143
78 98 0.142857
78 101 0.333333
78 105 0.111111
78 107 0.25
78 132 0.142857
78 138 0.166667
78 142 0.125
79 67 0.0357143
79 71 0.0909091
79 70 0.0526316
79 121 0.125
79 123 0.166667
80 77 0.125
80 87 0.125
80 94 0.25
80 97 0.142857
80 129 0.166667
81 83 0.0769231
81 85 0.111111
81 131 0.25
81 144 0.25
82 72 0.1
82 89 0.142857
83 81 0.0555556
83 73 0.0454545
83 87 0.125
83 103 0.333333
83 112 0.2
83 149 0.2
84 67 0.0357143
84 70 0.0526316
84 71 0.0909091
84 88 0.1
84 89 0.142857
85 81 0.0555556
85 93 0.142857
85 96 0.142857
85 122 0.166667
86 67 0.0357143
86 70 0.0526316
87 83 0.0769231
87 80 0.0833333
87 118 0.333333
87 141 0.333333
88 84 0.125
88 80 0.0833333
88 91 0.2
88 100 0.1
88 124 0.2
89 84 0.125
89 82 0.25
89 70 0.0526316
89 117 0.5
90 68 0.0714286
90 106 0.125
90 116 0.25
90 140 0.25
91 88 0.1
91 100 0.1
92 73 0.0454545
92 110 0.2
92 115 0.2
92 120 0.166667
93 85 0.111111
93 119 0.111111
93 122 0.166667
94 80 0.0833333
95 68 0.0714286
95 147 0.25
96 85 0.111111
96 93 0.142857
96 119 0.111111
96 122 0.166667
97 80 0.0833333
97 83 0.0769231
97 81 0.0555556
97 137 0.5
98 78 0.047619
98 132 0.142857
98 133 0.142857
99 69 0.0833333
99 139 0.5
99 143 0.5
100 88 0.1
100 91 0.2
100 124 0.2
100 126 0.125
101 78 0.047619
101 92 0.111111
102 73 0.0454545
102 127 0.25
103 83 0.0769231
104 69 0.0833333
104 106 0.125
105 78 0.047619
105 67 0.0357143
105 130 0.25
105 136 0.25
106 69 0.0833333
106 90 0.1
106 104 0.25
106 134 0.5
107 78 0.047619
107 98 0.142857
108 67 0.0357143
108 70 0.0526316
108 73 0.0454545
108 145 0.5
109 75 0.125
109 74 0.2
109 105 0.111111
110 92 0.111111
110 120 0.166667
111 77 0.125
111 113 0.25
112 83 0.0769231
112 103 0.333333
112 114 0.333333
113 111 0.25
113 77 0.125
114 83 0.0769231
114 112 0.2
115 110 0.2
115 92 0.111111
115 120 0.166667
116 90 0.1
116 140 0.25
117 89 0.142857
118 87 0.125
119 93 0.142857
119 85 0.111111
119 96 0.142857
119 146 0.2
119 148 0.333333
120 110 0.2
120 115 0.2
120 92 0.111111
121 70 0.0526316
121 86 0.2
121 79 0.111111
121 67 0.0357143
122 96 0.142857
122 85 0.111111
122 93 0.142857
123 67 0.0357143
123 79 0.111111
123 70 0.0526316
124 100 0.1
124 91 0.2
124 88 0.1
125 73 0.0454545
125 76 0.333333
126 70 0.0526316
126 100 0.1
126 67 0.0357143
126 135 0.5
127 73 0.0454545
127 102 0.25
128 75 0.125
129 80 0.0833333
129 94 0.25
130 105 0.111111
130 136 0.25
131 81 0.0555556
131 144 0.25
132 78 0.047619
132 98 0.142857
132 107 0.25
132 142 0.125
133 98 0.142857
133 78 0.047619
133 138 0.166667
133 142 0.125
134 106 0.125
135 126 0.125
136 105 0.111111
136 130 0.25
137 97 0.142857
138 78 0.047619
138 133 0.142857
138 142 0.125
139 99 0.166667
140 116 0.25
140 90 0.1
141 87 0.125
141 118 0.333333
142 138 0.166667
142 78 0.047619
142 132 0.142857
142 133 0.142857
143 99 0.166667
144 131 0.25
144 81 0.0555556
145 108 0.142857
146 119 0.111111
146 149 0.2
147 95 0.25
147 68 0.0714286
148 119 0.111111
148 146 0.2
149 83 0.0769231
149 146 0.2
152 153 0.166667
152 155 0.166667
152 156 0.125
153 152 0.0909091
153 155 0.166667
153 156 0.125
154 158 0.25
155 152 0.0909091
155 153 0.166667
156 152 0.0909091
156 153 0.166667
156 157 0.333333
157 156 0.125
157 152 0.0909091
158 154 0.142857
160 161 0.5
161 160 0.166667
