0
0
0
0.063386
0.110965
4.6e-05
1
0.1774
1
0.148658
0.038391
0.033672
0.055356
0.205341
0.168691
1
0.127766
0.251141
0.005324
9e-06
0.103579
0.500662
0.00077
0.274221
1
0.283863
0.161804
0.200574
0.031875
0.007148
0.020878
0.500172
0.20594
0.161631
0.198628
0.003817
0.500336
0.06398
8e-06
0.017052
0.184063
0.030094
0.002717
0.004622
0.006869
0.030888
0.011568
0.027805
1.5e-05
0.205294
0.100293
3e-06
0
0.125417
0.001875
0.206055
0.333666
0.024495
0.024389
0
0.01076
0.001605
0.000202
0.000249
3.7e-05
9.4e-05
0.000113
1
2.9e-05
0.000338
0.149647
0.194282
0.019534
1
0.003947
8.9e-05
0.410345
0.126837
1
0.143834
0.010877
0.063821
0.005475
1
0.019104
0.151756
0.246678
0.125747
0.003833
0.003419
1.4e-05
0.004099
0.144994
0.1825
0.00305
1.1e-05
0.16497
0.00153
0.200885
5.8e-05
0.014645
0.333061
0.297152
0.378089
0.000101
0.211184
5.4e-05
0.28366
0.160032
0.000592
0.03854
0.037679
0.20084
0.037758
0.067079
0.033668
7e-06
0.001728
0.050937
1
0.032782
0.155333
0.076509
0.023919
0.003556
0.333497
0.14174
0.298071
3.9e-05
0.001808
0.063393
0.018973
0.182052
0.07547
3.1e-05
0.071043
0.063099
0.00075
0.193123
3.1e-05
5e-06
0.042094
0.167636
3.1e-05
0.019112
0.080009
0.284397
9e-06
0.334215
0.241677
0
0
0
0
0
0
0
0
0
0
0
0
