0 1
0 3
0 10
0 45
0 48
0 109
0 131
0 139
1 0
1 2
1 36
2 1
2 5
2 7
2 17
2 42
2 65
2 83
2 97
2 116
2 117
2 130
2 193
3 0
3 4
3 7
3 10
3 13
3 15
3 21
3 27
3 45
3 55
3 57
3 69
3 79
3 121
3 184
3 186
4 3
4 6
4 13
4 15
5 2
5 12
5 14
5 19
5 28
5 54
5 93
5 110
5 118
5 133
6 4
6 0
6 8
6 22
6 197
7 3
7 2
7 9
7 23
7 32
7 44
7 119
7 130
7 138
7 171
8 6
8 22
9 7
9 11
9 18
9 27
9 150
9 177
10 3
10 0
10 33
10 37
10 41
10 43
10 44
10 52
10 90
10 115
10 124
10 151
10 188
11 9
11 38
11 74
11 141
11 169
11 182
12 5
12 14
12 28
12 30
12 54
12 93
12 126
12 172
13 3
13 4
13 16
13 67
14 12
14 5
14 17
14 19
14 28
14 30
14 54
14 93
14 110
14 172
15 4
15 3
15 98
16 13
16 20
16 24
16 25
16 26
16 29
16 31
16 35
16 104
17 5
17 14
17 2
17 34
17 61
17 111
18 9
18 49
18 147
18 157
19 5
19 12
19 14
19 36
19 50
19 113
20 16
20 6
20 24
20 135
21 3
21 82
21 134
21 181
21 194
22 6
22 8
22 20
23 7
23 75
23 89
23 143
24 20
24 16
24 35
24 39
24 78
25 16
26 16
26 47
26 53
26 76
26 86
26 132
27 9
27 3
27 21
27 68
27 91
27 103
27 146
27 203
28 14
28 5
28 12
28 46
28 58
28 103
28 112
28 117
29 25
29 16
29 35
29 92
30 14
30 12
30 49
30 113
30 146
30 190
31 13
31 16
31 47
32 7
33 10
33 59
33 62
33 73
33 207
34 17
35 24
35 29
35 16
35 40
36 19
36 1
36 113
37 10
37 48
37 51
37 106
37 111
38 11
38 56
39 8
39 24
39 77
39 78
39 107
39 129
40 35
40 26
40 80
40 101
41 10
42 2
42 60
42 84
42 87
42 144
43 10
43 158
44 7
44 10
44 38
44 3
44 46
44 63
44 173
45 21
45 0
45 3
45 71
45 81
45 88
45 94
45 96
45 121
45 142
45 162
45 183
46 28
46 37
46 44
46 189
47 26
47 31
47 64
47 129
48 37
48 0
49 18
49 30
49 137
50 19
50 125
51 37
51 72
51 152
51 170
52 10
53 26
54 12
54 14
54 5
54 133
55 3
55 79
55 109
55 175
55 186
56 38
56 154
56 194
57 3
57 175
58 28
58 70
58 112
59 33
59 62
59 73
59 207
60 42
60 84
60 198
61 17
61 34
61 179
62 33
62 59
62 85
62 120
62 199
63 44
63 173
64 47
64 129
65 2
66 44
66 63
66 178
67 11
67 13
67 105
67 156
68 27
68 91
68 174
68 203
69 3
70 28
70 58
70 117
71 45
71 0
71 123
71 127
71 195
72 19
72 61
72 51
72 114
72 170
73 59
73 33
73 160
73 206
74 11
74 169
75 23
75 136
75 178
76 26
77 39
77 149
78 24
78 39
78 99
78 155
78 165
78 168
79 47
79 3
79 55
79 94
79 180
80 40
81 45
81 96
81 183
82 21
83 2
84 60
84 42
84 87
84 144
85 62
86 26
86 53
87 42
87 84
87 60
88 81
88 45
89 23
90 10
90 115
91 27
91 68
91 174
92 13
92 29
92 67
93 5
93 54
93 14
93 12
93 110
93 118
93 126
93 172
94 45
94 79
94 0
94 209
95 4
95 23
96 81
96 45
96 121
96 142
96 162
97 2
97 130
97 193
98 75
98 15
98 102
98 122
98 202
99 78
99 39
100 8
100 10
101 40
101 80
101 129
102 98
102 95
103 28
103 27
103 70
103 109
103 191
104 16
105 67
106 37
107 39
107 41
107 204
108 17
108 93
108 113
108 128
109 0
109 55
109 103
110 5
110 14
110 93
111 37
111 17
111 34
111 200
112 28
112 58
113 30
113 36
113 108
113 19
113 145
114 72
114 205
115 43
115 10
115 90
116 2
116 65
116 83
117 2
117 70
117 28
117 116
117 185
118 5
118 93
119 7
120 114
120 62
120 85
120 148
121 45
121 96
121 3
122 98
122 163
123 71
123 127
123 164
124 10
124 158
125 36
125 50
125 17
125 201
126 93
126 12
126 5
127 123
127 71
127 164
128 108
129 47
129 64
129 101
129 39
129 192
130 2
130 7
130 97
130 3
130 32
130 167
131 0
131 139
132 53
132 86
132 26
132 76
133 54
133 110
133 118
133 5
133 159
133 187
133 208
134 21
134 82
134 181
135 20
135 140
136 75
136 72
137 49
138 7
138 119
138 32
138 171
139 131
139 0
140 135
141 11
141 74
141 182
142 45
142 96
142 161
143 23
143 89
144 84
144 42
144 60
145 113
145 50
146 30
146 2
146 27
146 18
146 68
147 18
148 120
149 77
150 9
150 177
151 43
151 10
152 51
153 56
153 44
153 63
153 124
154 56
155 78
155 166
156 67
157 18
157 147
158 10
158 124
158 90
158 43
158 196
159 133
159 187
159 208
160 73
161 142
162 45
162 81
162 96
163 98
163 122
163 202
164 127
164 123
164 71
164 195
165 78
165 168
166 155
167 130
168 165
168 78
169 74
169 11
169 141
170 41
170 51
170 152
170 72
170 210
171 7
171 138
171 57
171 3
172 93
172 14
172 126
172 12
172 176
173 44
173 63
174 68
174 27
174 91
175 3
175 57
175 69
175 55
176 12
176 5
176 14
176 172
177 150
177 9
178 173
178 154
178 38
178 75
178 66
179 61
180 79
181 21
181 134
182 11
182 141
183 81
183 45
184 3
184 186
185 117
186 3
186 184
186 55
187 159
187 133
188 62
188 10
188 33
188 59
189 46
190 30
191 103
192 129
193 97
193 2
193 7
193 18
194 3
194 56
194 21
194 82
194 154
194 196
195 164
195 123
195 71
196 158
196 194
197 6
197 40
198 60
198 84
198 87
198 144
199 62
199 188
199 170
200 111
201 125
202 98
202 163
203 27
203 174
203 68
204 100
204 107
205 114
206 160
206 73
207 33
207 59
208 159
208 133
209 94
210 170
