0.127616
0.183537
1
1
0.174862
0.092229
0.036212
1
0.039593
0.090577
1
0.011736
0.063747
0.226083
0.061561
0.323026
1
0.083813
0.026879
0.025902
0.150886
0.166185
0.014528
0.136878
0.228894
0.369668
0.092707
0.070246
1
0.161728
0.01193
0.225845
0.323248
0.108208
0.033124
0.168586
0.029902
0.118606
0.030628
0.198161
0.054147
0.442397
0.100401
0.245767
0.148814
1
0.159938
0.176848
0.05999
0.006402
0.004579
0.151346
0.50108
0.031318
0.025606
0.134924
0.007755
0.235283
0.208913
0.036257
0.017666
0.035252
0.027552
0.030673
0.27946
0.384234
0.005676
0.033489
0.011605
0.347399
0.080462
0.100933
0.130982
0.017759
0.003067
0.158217
0.034952
0.033037
1
0.137593
0.079891
0.171843
0.052077
0.384958
0.013347
0.01001
0.026635
0.018634
0.250754
0.055846
0.17375
0.013677
0.040397
0.016351
0.157369
0.11139
0.138993
0.212051
1
0.333667
0.003741
0.204159
0.334256
0.122051
0.500573
0.016863
0.059593
0.033089
0.000937
0.061387
0.02455
0.020115
0.28366
0.005616
0.026807
0.224942
0.22892
0.177068
0.022848
0.375747
0.003367
0.247388
0.257964
0.012544
0.206108
0.000752
0.012961
0.018874
0.000487
1
0.207229
0.037902
0.018835
0.009623
0.039814
0.037821
0.052626
0.003218
0.190143
0.038089
0.018984
0.002779
0.184701
0.045314
0.018754
0.001896
0.009183
0.010924
0.00168
0.0165
0.026823
0.334225
0.361604
0
0.011321
0.250595
0.016748
0.009028
0.055712
0.001938
0.007313
0.092421
0.184527
0.088684
0.006239
0.297069
0.125614
0.103409
0.297191
0.002764
1
0.190058
0.015129
0.038515
0.006298
0.060181
0.002987
0.027073
0.022576
0.017676
0.045625
0.048218
0.003377
0.279512
0.279908
0.088797
0.187349
0.002708
0.166882
0.080187
0.005918
0.060955
0.500025
0.166782
0.016594
0.020932
0.017623
0.011981
0.003504
0.006763
0.01
0.000369
0.209227
0.015808
0.011019
0.013436
0.005923
0.03433
0.002733
0.07871
0.500949
