1 3
1 14
1 17
1 19
1 36
2 8
2 18
2 19
3 1
3 28
4 7
4 10
5 2
5 6
5 9
5 32
5 109
6 5
6 9
6 11
6 23
7 4
7 16
7 37
7 38
7 39
7 41
7 46
8 2
8 18
8 21
8 32
9 5
9 6
9 10
9 11
9 23
10 4
10 9
10 12
10 21
11 6
11 9
11 8
11 12
12 10
12 11
13 29
13 31
13 45
14 1
14 15
14 24
14 34
14 44
15 14
15 24
15 25
15 34
15 44
16 7
17 1
18 2
18 8
19 18
19 1
19 2
19 20
19 30
19 31
20 19
20 26
20 43
21 10
21 20
21 8
21 33
22 3
23 9
23 6
23 5
23 32
24 14
24 15
24 34
24 44
25 15
25 3
25 27
25 35
26 20
26 42
27 25
28 3
28 40
29 13
29 45
30 19
30 31
31 30
31 19
31 29
31 13
32 23
32 5
32 8
33 21
34 14
34 24
34 15
34 44
35 25
36 1
37 7
37 16
37 38
37 39
38 37
38 7
38 39
38 46
39 37
39 7
39 38
39 41
40 3
40 28
41 39
41 7
41 16
42 26
43 20
44 14
44 24
44 15
44 34
45 13
45 29
46 38
46 16
46 7
46 37
47 14
47 7
47 48
47 49
48 47
49 47
50 51
51 50
52 53
52 64
52 66
52 68
52 72
52 90
52 96
52 101
53 52
53 54
53 56
53 77
53 106
54 53
55 57
55 58
55 61
55 69
55 73
55 103
56 53
57 55
57 69
57 73
57 103
58 55
58 57
58 62
58 103
59 60
59 63
59 65
59 80
59 99
59 102
60 59
60 71
60 78
60 82
60 84
60 109
61 55
61 79
61 85
61 86
62 61
62 57
62 58
62 70
62 75
62 76
62 88
62 94
63 59
64 52
64 59
65 59
65 99
66 52
67 58
67 89
67 104
68 52
69 57
69 55
69 73
70 62
71 60
71 74
71 93
72 52
72 66
72 97
73 58
73 57
73 55
73 69
74 71
74 93
75 62
75 76
76 62
76 70
76 75
76 94
76 95
77 55
77 53
78 60
78 82
78 84
79 61
79 81
79 83
80 59
81 79
82 60
82 78
82 91
83 79
84 60
84 82
84 78
85 61
86 61
86 85
87 52
87 72
88 62
88 70
88 75
89 67
89 104
90 52
90 72
91 60
91 82
92 81
92 79
93 71
93 74
94 62
94 76
95 76
95 75
95 94
95 62
96 52
96 68
97 96
97 72
97 71
97 98
97 108
98 97
99 65
99 59
99 102
100 62
100 76
101 52
102 99
102 59
102 65
103 57
103 58
103 55
104 67
104 89
105 64
106 53
107 104
107 77
107 52
108 97
109 31
109 5
109 60
110 111
111 110
112 113
113 112
