0
1
0.008419
0.111616
0.111654
0.000494
0.000235
1
0.001863
0.000993
0.01136
0.000331
0.001951
0.001314
0.076912
0.009046
0.286426
0.49996
0.01323
0.072195
0.009451
0.001828
0
0.0002
0.012978
0.000915
0.002403
0.000483
0.028113
0.002624
0.020118
0.01207
0.000394
0.000913
0.01296
0.000475
0.50102
0.146024
0.174437
0.177723
0.009416
0.225455
0.00116
0.004635
0.012966
0.00095
0.187859
0
0
0
0
0
1
0.051042
0.012696
0.02315
0.012613
0.103851
0.116523
1
0.073226
0.085487
1
0.500694
0.251283
0.223051
0.399678
0
0.431796
0.023113
0.316836
0.106715
0.299899
0.020199
0.031894
0.16571
0.106589
0.008606
0.015989
0.008481
0.49965
0.002864
0.014153
0.001417
0.016885
0.034641
0.028438
0
0.250987
0
0.332766
0.00471
0
0.031682
0.156563
0.021433
0.439466
1
0.500577
0.21998
0
0.500122
0.230733
0.032866
0
0
0.025638
0
0.500441
0.006115
0
0
0
0
