0 1
0 2
0 7
0 31
0 57
0 142
0 156
0 180
1 0
1 5
1 6
1 12
1 21
1 27
1 43
1 51
1 56
1 63
1 90
1 92
1 112
1 146
2 0
2 3
2 8
2 15
2 18
2 19
2 25
2 189
3 2
3 4
3 10
3 15
3 19
3 25
3 131
3 135
4 2
4 3
4 34
4 94
4 164
5 1
5 6
5 9
5 14
5 21
5 47
5 61
5 67
5 113
5 122
5 129
5 159
5 185
5 187
6 1
6 5
6 11
6 33
6 44
6 82
6 84
6 105
6 110
6 123
6 173
7 0
7 26
7 143
7 150
8 2
8 3
8 53
8 139
8 186
9 1
9 5
9 12
9 17
9 22
9 43
9 83
9 85
9 91
9 100
9 124
10 3
10 2
10 14
10 16
10 18
10 78
11 6
11 65
11 144
12 1
12 9
12 28
12 30
12 158
12 160
13 8
13 29
13 89
13 151
13 171
14 5
14 10
15 3
15 2
15 24
15 49
15 147
16 10
16 28
17 9
17 20
18 2
18 10
18 28
18 37
18 106
18 138
19 2
19 3
20 17
20 22
20 42
20 66
20 100
21 5
21 7
21 1
21 23
21 31
21 35
21 153
21 184
21 206
22 9
22 12
22 20
22 17
22 25
22 55
22 59
22 73
22 131
23 21
23 39
23 60
23 68
23 85
23 104
23 117
23 169
23 194
24 15
24 8
24 36
24 49
24 111
24 151
24 155
24 209
25 22
25 2
25 3
25 23
25 64
25 73
25 172
25 202
26 7
26 32
26 35
26 46
26 65
26 108
26 109
26 175
27 1
27 5
27 40
27 72
27 126
27 141
27 152
27 157
27 179
27 204
28 18
28 3
28 16
28 12
28 83
28 103
28 148
28 183
28 198
29 13
29 99
29 171
30 12
30 160
31 0
31 21
31 71
31 119
31 142
32 6
32 11
32 26
32 41
32 48
32 75
32 88
32 137
32 163
32 182
33 6
33 44
33 81
33 86
33 96
33 105
33 208
34 4
34 145
35 21
35 26
35 65
35 134
35 190
36 24
36 58
36 151
36 209
37 18
38 12
38 1
38 30
38 73
38 95
38 120
38 130
39 23
39 77
39 78
40 27
40 65
40 72
40 126
40 179
40 204
41 32
41 45
41 48
41 54
41 69
41 70
41 88
41 97
42 20
42 17
43 9
43 5
43 1
43 76
43 200
44 32
44 33
44 6
44 197
45 41
45 115
46 26
46 108
46 175
47 5
47 50
47 62
47 76
47 114
47 177
48 41
48 32
48 192
49 15
49 24
49 2
49 74
49 136
49 140
49 205
50 47
50 52
50 69
50 199
50 207
51 1
51 56
52 50
53 8
53 186
54 41
55 22
56 51
56 1
57 0
57 180
58 36
58 24
58 111
58 155
58 209
59 22
59 55
59 29
59 121
60 23
61 5
62 47
62 114
63 1
63 92
64 49
64 25
64 172
65 40
65 11
65 35
65 7
65 26
65 115
65 178
66 20
66 17
67 5
67 122
67 129
67 187
68 23
68 60
68 104
68 169
68 194
69 54
69 50
69 41
69 118
69 149
70 41
70 33
71 31
71 115
72 40
72 27
72 152
72 204
73 38
73 25
73 22
73 87
73 100
73 119
73 167
74 49
74 87
75 32
75 116
75 125
75 132
76 47
76 43
77 39
77 35
78 10
78 39
78 16
78 181
79 73
79 74
79 165
79 203
80 0
80 14
80 7
81 33
82 6
83 9
83 5
83 28
83 166
83 174
83 196
84 6
84 123
85 20
85 9
85 23
85 104
85 117
86 33
86 96
87 73
87 74
87 102
88 41
88 45
88 32
88 101
89 13
89 99
89 131
89 167
89 171
90 43
90 1
90 65
90 35
90 93
91 9
92 1
92 63
92 98
92 107
92 128
92 191
92 195
93 90
93 85
94 4
94 164
95 38
95 127
96 33
96 86
96 208
97 41
97 54
98 92
99 13
99 29
99 89
99 151
99 171
100 9
100 22
100 20
100 73
100 127
100 133
101 88
101 150
102 87
102 0
103 28
103 148
104 85
104 23
104 68
104 153
105 6
105 11
105 33
105 144
106 18
106 37
107 92
107 98
107 128
107 191
107 195
108 46
108 26
109 26
109 125
110 52
110 6
110 70
110 154
111 58
111 24
112 1
113 5
113 67
113 159
114 47
114 62
115 11
115 65
115 48
115 45
115 71
116 75
116 132
117 68
117 23
117 85
117 77
118 69
119 73
119 31
120 38
120 95
120 130
121 59
122 5
122 67
123 6
123 84
123 173
124 91
124 9
125 75
125 109
126 27
126 40
126 72
127 85
127 95
127 100
127 38
128 92
128 98
128 107
128 191
128 195
129 5
129 67
130 95
130 120
130 38
131 22
131 3
131 89
131 167
132 75
132 116
133 100
134 35
135 3
135 2
136 49
136 140
136 205
137 32
138 18
138 106
139 8
139 53
139 186
140 49
140 136
141 27
141 40
141 126
141 72
142 0
142 31
143 7
144 105
144 11
145 34
146 1
147 15
148 28
148 103
149 47
149 69
149 114
149 201
150 101
150 7
151 13
151 89
151 24
151 36
151 99
151 162
151 170
152 40
152 27
152 72
153 21
153 104
153 168
154 110
155 58
155 24
155 36
156 0
157 152
157 27
158 12
159 122
159 5
159 113
160 30
160 158
160 12
161 0
161 156
162 151
163 32
164 4
164 94
164 172
165 79
166 83
166 174
167 131
167 73
167 89
167 2
168 153
169 23
169 68
170 151
171 99
171 89
171 13
171 29
172 164
172 25
172 64
173 6
173 123
174 166
174 83
175 46
175 26
176 45
177 72
177 40
177 92
177 27
177 47
178 65
179 27
179 40
179 72
180 57
180 0
181 78
182 32
182 163
183 103
183 28
183 148
184 21
185 5
185 113
185 122
186 53
186 8
186 139
187 5
187 67
188 90
189 2
189 3
189 135
190 35
190 134
191 92
191 107
191 128
192 48
193 14
194 60
194 23
194 68
195 107
195 191
195 92
195 98
195 128
196 174
196 83
197 44
198 28
199 50
200 43
201 149
202 25
203 79
204 72
204 27
204 179
204 40
205 49
205 136
206 21
206 39
206 175
207 50
207 199
208 96
208 33
209 36
209 58
209 24
209 111
210 153
210 168
