1
1
0.065693
0.071302
0.008253
1
1
0.114217
0.023673
0.123518
0.046853
0.190922
0.194189
0.129194
0.147133
0.020656
0.209796
0.175864
0.091737
0.033001
0.115646
0.158491
1
1
0.068091
0.070033
0.073207
1
1
0.063148
0.046291
0.125794
1
0.101573
0.002092
0.038867
0.120618
0.03687
0.006713
0.154113
0.129536
1
0.038647
0.125102
0.154441
0.205157
0.017421
0.082264
0.269346
0.007511
0.022856
0.297525
0.043594
0.006276
0.33278
0.370582
0.297293
0.288217
0.019255
0.166568
0.321804
0.500795
0.023721
0.262427
0.015845
0.040586
0.038546
0.198458
0.169304
0.112777
0.27125
0.038133
0.165523
0.076575
0.003987
0.111865
0.050334
0.081054
0.028016
0
0
0.050841
0.500438
0.100983
0.288626
0.129584
0.029225
0.012894
0.266406
0.12559
0.125628
0.050434
0.078652
0.041963
0.00292
0.002053
0.02385
0.333884
0.015478
0.130115
0.027869
0.073581
0.004272
0.277222
0.158189
0.159255
0.028931
0.012343
0.021195
0.02515
0.111802
0.021777
0.500095
0.227434
0.019627
0.030503
0.033482
0.182914
0.056461
0.049321
0.001558
0.083233
0.254642
0.235654
0.041157
0.032568
0.210675
0.003658
0.012186
0.230338
0.001135
0.148318
0.033283
0.014068
0.015844
0.021439
0.001725
0.500461
0.030618
0.005483
0.002153
0.201112
0.270874
0.057287
0.067743
0.001068
0.500069
0.010294
0.277474
0.019175
0.044531
1
0.233403
0.044593
0.056063
0.01685
0.333256
0.333344
0.075123
0.232542
0.045485
0
0.4999
0.254767
0.003872
0
0.030106
0.047683
0.014887
0.278626
0.500622
0.051935
0.013884
0.288357
0.029677
0.020741
0
0.011764
0.020185
0.206045
0.240474
0.013977
0.333607
0.251247
0.053153
0.250116
0.005345
0.283286
0
0.016302
0.012879
0.015297
0.135041
0
0.224824
0.012454
0.033777
0.077463
0.500908
0.005736
0.063128
0.009552
0.034996
0
0.175024
0.002198
0.039857
0.007774
0.02932
0.02795
0
