0 6
1 2
1 3
2 1
3 1
3 5
4 3
5 3
6 0
6 7
6 14
6 18
6 51
6 54
7 6
7 8
7 11
7 15
7 16
7 21
7 26
7 36
7 38
7 42
7 47
7 52
7 60
7 80
7 81
7 84
7 108
8 7
8 17
8 50
8 89
8 91
8 94
9 7
9 10
9 34
9 63
9 69
9 111
10 9
10 7
10 33
10 72
10 93
11 7
11 12
11 13
11 26
11 39
11 98
12 11
12 29
12 85
13 11
13 29
13 32
13 49
14 6
14 30
14 51
14 54
14 100
14 138
14 230
15 7
15 23
15 45
16 7
16 19
16 22
16 36
16 42
16 61
17 8
17 25
17 31
17 57
18 6
18 20
18 35
18 70
18 78
19 16
19 22
19 36
19 42
19 61
20 18
20 46
20 48
20 54
21 7
21 38
22 16
22 19
22 36
22 138
23 15
23 24
23 37
23 41
23 101
23 102
23 103
23 106
23 115
24 23
24 9
24 7
24 64
25 17
25 8
25 27
25 41
25 44
25 50
25 74
25 88
26 7
26 11
26 28
26 59
26 95
26 113
27 25
27 74
28 26
28 59
28 79
28 95
28 113
29 13
29 12
29 40
29 112
30 14
30 51
30 54
30 138
31 17
31 57
32 13
33 10
33 46
33 48
34 9
35 18
35 70
35 78
36 16
36 19
36 7
36 22
36 66
36 68
36 77
37 23
38 7
38 21
38 36
38 11
38 67
38 71
38 104
38 242
39 11
40 29
41 23
41 25
41 65
41 90
41 232
42 7
42 16
42 9
42 19
42 43
42 48
42 56
42 66
43 42
44 25
44 27
44 74
44 76
45 17
45 31
45 15
46 20
46 33
46 92
46 107
47 7
47 21
47 52
47 60
47 99
47 126
48 14
48 42
48 20
48 33
48 58
48 114
49 13
49 8
49 65
49 73
50 8
50 25
50 65
51 14
51 6
51 16
51 30
51 53
51 58
52 47
52 7
53 51
54 14
54 30
54 6
54 20
54 62
54 87
55 12
56 42
57 17
57 31
58 51
58 48
58 18
58 53
59 26
59 28
59 95
59 113
60 47
60 7
60 15
60 75
60 109
61 10
61 16
61 19
61 22
62 54
63 9
63 111
64 24
65 41
65 49
65 29
65 50
66 36
66 42
67 38
67 82
68 36
68 77
69 9
69 111
70 18
70 35
70 78
71 11
71 38
71 82
72 10
73 49
74 44
74 27
74 25
75 60
75 109
75 110
76 74
76 25
76 44
77 36
77 68
78 18
78 35
78 70
79 28
79 65
79 9
79 12
79 69
79 83
79 97
80 7
80 52
80 81
80 116
81 80
81 7
82 71
82 38
82 67
82 96
82 104
83 79
84 80
84 7
85 12
85 105
86 49
86 73
87 54
87 46
88 25
88 76
88 27
89 8
89 91
90 41
91 8
91 89
92 46
92 107
93 10
94 8
94 91
95 26
95 59
95 28
95 113
96 82
96 38
96 67
97 79
98 11
99 7
99 47
100 14
100 87
101 23
101 37
101 102
101 103
101 232
102 101
102 23
102 103
102 115
103 101
103 23
103 102
103 106
104 38
104 82
105 12
105 85
106 103
106 23
106 37
107 46
107 92
108 7
109 60
109 75
110 75
110 60
110 109
111 9
111 69
111 63
112 29
113 26
113 59
113 28
113 95
114 48
115 102
115 37
115 23
115 101
116 65
116 80
116 3
116 26
116 23
116 117
116 119
116 123
116 124
116 125
117 116
117 118
117 122
118 117
118 121
119 116
121 118
122 118
122 117
123 116
124 116
125 116
126 67
126 51
126 96
126 47
126 127
126 137
127 126
127 128
127 129
127 130
127 230
128 127
128 131
129 127
130 127
130 131
130 132
130 134
131 130
131 128
132 130
132 134
132 135
133 127
134 130
134 131
134 132
134 136
135 131
135 132
136 134
137 127
137 126
138 30
138 14
138 22
138 42
138 139
139 138
139 140
140 139
140 141
141 139
141 140
143 146
143 148
143 153
143 155
144 145
144 147
144 156
144 158
144 169
144 170
144 176
144 184
144 186
145 144
145 150
145 184
146 143
146 148
146 189
146 221
147 144
147 162
147 183
147 208
147 218
148 146
148 143
148 149
148 151
148 153
148 154
148 181
148 197
149 148
149 161
149 178
149 212
150 145
150 153
150 163
150 167
150 172
150 173
150 179
150 198
150 204
150 213
151 148
151 152
152 143
152 151
152 149
152 160
152 209
153 150
153 148
153 143
153 155
153 163
153 164
153 174
153 192
153 242
154 148
154 200
155 143
155 153
155 157
155 159
155 182
155 206
155 217
156 144
156 158
156 170
157 155
157 159
157 206
157 217
158 144
158 156
158 169
158 170
158 176
158 186
159 157
159 155
159 164
159 166
159 171
159 187
159 203
159 211
159 214
160 152
161 149
162 147
162 165
162 183
163 148
163 153
163 150
163 175
163 191
163 194
163 196
163 200
164 159
164 153
164 177
164 185
164 188
164 190
165 162
166 159
167 150
167 159
168 153
168 174
169 144
169 158
170 156
170 158
170 169
170 144
170 177
170 195
171 159
171 211
172 150
173 150
174 153
174 168
175 163
175 182
175 191
175 194
176 144
176 158
176 232
177 170
177 164
177 174
177 180
177 202
178 149
179 150
179 172
179 205
180 177
180 202
181 148
181 197
182 175
182 153
182 155
182 215
182 220
183 162
183 147
183 216
184 145
184 144
185 164
185 188
185 190
186 158
186 156
186 144
187 159
188 164
188 185
188 199
189 146
189 221
190 164
190 188
190 185
191 163
191 175
191 200
191 207
192 153
192 168
193 150
193 179
194 175
194 191
194 163
194 196
194 242
195 170
196 191
196 194
196 163
196 200
196 207
197 148
197 181
198 150
198 179
199 164
199 188
200 175
200 191
200 196
200 154
200 163
201 158
201 176
201 156
201 144
202 177
202 180
203 171
203 159
204 150
204 173
205 204
205 179
205 177
205 200
205 210
205 222
206 155
206 157
206 217
207 196
207 191
207 175
208 147
208 218
209 152
210 205
211 171
211 159
211 214
212 149
213 150
214 211
214 159
214 171
215 182
215 220
216 183
217 157
217 155
217 206
218 208
218 147
219 167
220 182
220 215
221 146
221 189
222 205
224 226
224 228
226 224
226 229
228 224
229 226
230 19
230 14
230 143
230 127
230 231
231 230
232 41
232 25
232 101
232 176
232 233
232 239
233 232
233 234
233 235
233 240
234 233
234 241
235 233
235 236
235 238
236 235
236 237
237 236
238 235
239 232
240 233
241 234
242 9
242 153
242 194
242 38
242 243
242 245
242 247
243 242
243 244
243 246
244 243
244 242
244 245
245 244
245 242
246 243
247 242
