0.021144
0.013098
0.00651
0.090966
0
0.045494
0.128042
1
0.055246
0.1763
0.023953
0.088233
0.122924
0.017086
0.086144
0.220544
0.163756
0.012559
0.024587
0.099614
0.124834
0.198431
0.037538
1
0.125848
0.014851
0.161131
0.002699
0.101503
0.039288
0.1373
0.013744
0.008635
0.027248
0.088533
0.005299
0.106956
0.28686
0.13229
0.04394
0.019556
0.128203
1
0.5005
0.001899
0.055112
0.043969
0.110081
0.101154
0.029771
0.047225
0.031143
0.261813
0.01663
1
0
0.500964
0.006032
0.021696
0.039529
0.109804
0.042648
0.500884
0.057746
0.062946
0.222646
0.267767
0.019056
0.032048
0.231692
0.005304
0.027535
0.011868
0.009963
0.002362
0.021427
0.000807
0.031876
0.005192
1
0.286499
0.24331
0.008738
0.50021
0.334239
0.030832
0
0.253842
0.003053
0.01666
0.064466
0.01617
0.013156
0.011963
0.018392
0.039814
0.003495
0.500303
0.044341
0.036674
0.017105
0.153221
0.174995
0.179432
0.034053
0.010272
0.226057
0.013114
0.500411
0.025637
0.005323
0.070794
0.019711
0.039198
0.050589
0.188441
1
0.125892
0.022978
0.250504
0
0.011424
0.041909
0.500315
0.5002
0.500754
0.009285
0.001335
0.000194
0.000704
0.000138
3.8e-05
2.5e-05
0
3.2e-05
8e-06
1.7e-05
0.003108
0.023334
0.004713
0.00114
0.00035
0
0.091328
1
0.335074
0.134761
0.09026
1
0.079077
1
0.25133
0.025422
0.140204
0.272252
0.097475
0.173042
0.13835
0.133815
1
0.012665
0.039399
0.013007
0.095231
0.082259
0.006482
0.500679
0.25095
0.02358
0.235755
0.104716
0.266283
0.400681
0.430781
0.0524
0.040251
0.167616
0.116736
0.015753
0.300209
0.034499
0.298122
0.012296
0.016445
0.308224
0.0178
0.220075
0.500443
0.015908
0.032664
0.018847
0.041632
0.046683
0
0.125078
0.052701
0.038914
0.297834
0.334046
0.005285
0.134925
0
0.034722
0.333726
0.438152
1
0.042646
0.015598
0.027006
0.012808
0.499482
0.226375
0.039786
0.500375
0.232168
0.003756
0.008044
0.042838
0.026835
0
0.003617
0.039153
0.500151
0
0
0
0
0
0
0
0.008805
0.00448
0.093723
1
0.250886
0.16607
0.041796
0.020915
0.083052
0.04712
0.500435
0.125651
1
0.17399
0.081776
0.256669
0.087136
0.499793
