1 2
2 1
3 7
3 12
3 14
3 21
3 53
4 10
4 40
4 54
4 55
4 128
5 4
5 6
5 8
5 13
5 32
5 46
6 3
6 5
6 11
6 13
6 34
6 43
6 45
7 3
7 15
7 20
7 27
8 5
8 4
8 10
8 16
8 44
9 19
9 20
9 22
9 28
9 41
10 8
10 4
10 39
11 3
11 6
11 5
11 17
11 18
11 24
11 29
11 46
11 49
11 52
12 3
12 21
12 53
13 5
13 6
13 25
14 3
14 23
15 7
16 8
17 11
17 12
17 6
17 31
17 33
17 36
17 38
18 11
18 27
19 9
19 20
19 26
19 28
20 9
20 19
20 7
20 23
21 12
21 3
21 7
22 9
22 47
23 21
23 20
23 14
23 37
24 11
24 18
25 13
26 19
27 7
27 3
27 18
27 11
27 30
28 9
28 20
28 19
29 11
29 24
30 27
31 17
31 33
31 36
32 5
33 17
33 31
34 6
35 14
36 17
36 31
37 23
38 33
38 17
38 4
38 48
38 51
39 10
40 4
40 10
40 42
41 9
42 40
43 6
44 8
45 6
46 5
46 18
46 11
46 50
47 14
47 22
47 35
48 38
49 11
49 18
49 24
49 52
50 46
51 48
51 38
52 18
52 24
52 49
52 11
53 3
53 12
54 4
55 11
55 4
55 56
55 57
56 55
56 58
57 55
58 56
59 60
59 61
60 59
61 59
62 80
62 81
62 114
63 66
63 67
63 76
63 77
63 88
63 90
63 109
63 110
64 65
64 70
64 74
64 101
65 64
65 67
65 68
65 69
65 72
65 73
65 100
65 103
65 104
66 65
66 63
66 67
66 71
66 77
66 85
66 92
66 93
66 97
67 65
67 66
67 63
67 90
68 65
68 75
68 95
68 117
69 65
69 94
69 95
69 99
70 64
70 66
70 78
70 111
70 120
71 66
71 68
71 82
71 113
71 118
71 119
72 65
72 73
72 75
72 100
73 65
73 72
74 64
74 65
74 82
74 91
74 108
74 126
75 68
75 72
75 95
75 107
75 125
76 63
77 66
77 63
77 89
77 98
77 111
78 70
78 112
79 77
79 87
79 102
80 62
80 83
81 62
81 83
82 71
82 74
82 70
82 84
82 86
83 80
83 81
83 62
84 82
84 127
85 66
85 93
86 82
86 84
87 79
87 116
87 119
88 63
88 110
89 77
89 105
90 67
90 63
91 74
91 108
92 66
93 66
93 85
94 69
94 99
95 94
95 69
95 75
95 68
95 115
96 80
96 69
96 90
97 66
98 77
99 94
99 69
100 73
100 72
100 65
101 64
102 79
103 73
103 65
104 65
104 72
104 73
105 89
106 72
106 73
106 65
107 68
107 75
107 121
107 125
108 74
108 91
109 63
109 88
109 124
110 63
110 88
111 70
111 77
112 70
112 78
113 71
114 62
114 95
115 95
116 87
117 75
117 68
117 107
117 122
117 125
118 71
119 71
119 87
119 102
120 70
120 78
121 107
121 117
121 68
121 75
121 123
122 75
122 117
122 68
122 125
123 121
124 109
125 117
125 75
125 122
125 107
126 74
126 108
126 95
127 84
127 82
127 86
128 4
130 132
130 134
132 130
134 130
134 132
137 138
138 137
