139
366
1 2 0.25
2 1 0.142857
3 7 0.1
3 12 0.142857
3 14 0.142857
3 21 0.142857
3 53 0.25
4 10 0.111111
4 40 0.2
4 54 0.5
4 55 0.0588235
4 128 0.111111
5 4 0.0588235
5 6 0.0666667
5 8 0.0833333
5 13 0.142857
5 32 0.5
5 46 0.111111
6 3 0.047619
6 5 0.0526316
6 11 0.04
6 13 0.142857
6 34 0.5
6 43 0.5
6 45 0.333333
7 3 0.047619
7 15 0.5
7 20 0.0909091
7 27 0.125
8 5 0.0526316
8 4 0.0588235
8 10 0.111111
8 16 0.25
8 44 0.5
9 19 0.0909091
9 20 0.0909091
9 22 0.142857
9 28 0.2
9 41 0.5
10 8 0.0833333
10 4 0.0588235
10 39 0.5
11 3 0.047619
11 6 0.0666667
11 5 0.0526316
11 17 0.0769231
11 18 0.1
11 24 0.142857
11 29 0.333333
11 46 0.111111
11 49 0.125
11 52 0.166667
12 3 0.047619
12 21 0.142857
12 53 0.25
13 5 0.0526316
13 6 0.0666667
13 25 0.5
14 3 0.047619
14 23 0.142857
15 7 0.1
16 8 0.0833333
17 11 0.04
17 12 0.142857
17 6 0.0666667
17 31 0.166667
17 33 0.2
17 36 0.25
17 38 0.1
18 11 0.04
18 27 0.125
19 9 0.0625
19 20 0.0909091
19 26 0.25
19 28 0.2
20 9 0.0625
20 19 0.0909091
20 7 0.1
20 23 0.142857
21 12 0.142857
21 3 0.047619
21 7 0.1
22 9 0.0625
22 47 0.25
23 21 0.142857
23 20 0.0909091
23 14 0.142857
23 37 0.5
24 11 0.04
24 18 0.1
25 13 0.142857
26 19 0.0909091
27 7 0.1
27 3 0.047619
27 18 0.1
27 11 0.04
27 30 0.333333
28 9 0.0625
28 20 0.0909091
28 19 0.0909091
29 11 0.04
29 24 0.142857
30 27 0.125
31 17 0.0769231
31 33 0.2
31 36 0.25
32 5 0.0526316
33 17 0.0769231
33 31 0.166667
34 6 0.0666667
35 14 0.142857
36 17 0.0769231
36 31 0.166667
37 23 0.142857
38 33 0.2
38 17 0.0769231
38 4 0.0588235
38 48 0.333333
38 51 0.333333
39 10 0.111111
40 4 0.0588235
40 10 0.111111
40 42 0.5
41 9 0.0625
42 40 0.2
43 6 0.0666667
44 8 0.0833333
45 6 0.0666667
46 5 0.0526316
46 18 0.1
46 11 0.04
46 50 0.5
47 14 0.142857
47 22 0.142857
47 35 0.5
48 38 0.1
49 11 0.04
49 18 0.1
49 24 0.142857
49 52 0.166667
50 46 0.111111
51 48 0.333333
51 38 0.1
52 18 0.1
52 24 0.142857
52 49 0.125
52 11 0.04
53 3 0.047619
53 12 0.142857
54 4 0.0588235
55 11 0.04
55 4 0.0588235
55 56 0.166667
55 57 0.25
56 55 0.0588235
56 58 0.5
57 55 0.0588235
58 56 0.166667
59 60 0.2
59 61 0.25
60 59 0.1
61 59 0.1
62 80 0.2
62 81 0.25
62 114 0.333333
63 66 0.0526316
63 67 0.125
63 76 0.5
63 77 0.0909091
63 88 0.2
63 90 0.2
63 109 0.2
63 110 0.25
64 65 0.047619
64 70 0.0909091
64 74 0.0769231
64 101 0.5
65 64 0.0714286
65 67 0.125
65 68 0.0833333
65 69 0.111111
65 72 0.1
65 73 0.125
65 100 0.2
65 103 0.333333
65 104 0.25
66 65 0.047619
66 63 0.05
66 67 0.125
66 71 0.0625
66 77 0.0909091
66 85 0.25
66 92 0.5
66 93 0.2
66 97 0.5
67 65 0.047619
67 66 0.0526316
67 63 0.05
67 90 0.2
68 65 0.047619
68 75 0.0769231
68 95 0.0909091
68 117 0.111111
69 65 0.047619
69 94 0.2
69 95 0.0909091
69 99 0.25
70 64 0.0714286
70 66 0.0526316
70 78 0.2
70 111 0.25
70 120 0.333333
71 66 0.0526316
71 68 0.0833333
71 82 0.1
71 113 0.5
71 118 0.5
71 119 0.2
72 65 0.047619
72 73 0.125
72 75 0.0769231
72 100 0.2
73 65 0.047619
73 72 0.1
74 64 0.0714286
74 65 0.047619
74 82 0.1
74 91 0.25
74 108 0.2
74 126 0.25
75 68 0.0833333
75 72 0.1
75 95 0.0909091
75 107 0.125
75 125 0.125
76 63 0.05
77 66 0.0526316
77 63 0.05
77 89 0.25
77 98 0.5
77 111 0.25
78 70 0.0909091
78 112 0.333333
79 77 0.0909091
79 87 0.166667
79 102 0.333333
80 62 0.0769231
80 83 0.2
81 62 0.0769231
81 83 0.2
82 71 0.0625
82 74 0.0769231
82 70 0.0909091
82 84 0.2
82 86 0.25
83 80 0.2
83 81 0.25
83 62 0.0769231
84 82 0.1
84 127 0.25
85 66 0.0526316
85 93 0.2
86 82 0.1
86 84 0.2
87 79 0.142857
87 116 0.5
87 119 0.2
88 63 0.05
88 110 0.25
89 77 0.0909091
89 105 0.5
90 67 0.125
90 63 0.05
91 74 0.0769231
91 108 0.2
92 66 0.0526316
93 66 0.0526316
93 85 0.25
94 69 0.111111
94 99 0.25
95 94 0.2
95 69 0.111111
95 75 0.0769231
95 68 0.0833333
95 115 0.5
96 80 0.2
96 69 0.111111
96 90 0.2
97 66 0.0526316
98 77 0.0909091
99 94 0.2
99 69 0.111111
100 73 0.125
100 72 0.1
100 65 0.047619
101 64 0.0714286
102 79 0.142857
103 73 0.125
103 65 0.047619
104 65 0.047619
104 72 0.1
104 73 0.125
105 89 0.25
106 72 0.1
106 73 0.125
106 65 0.047619
107 68 0.0833333
107 75 0.0769231
107 121 0.142857
107 125 0.125
108 74 0.0769231
108 91 0.25
109 63 0.05
109 88 0.2
109 124 0.5
110 63 0.05
110 88 0.2
111 70 0.0909091
111 77 0.0909091
112 70 0.0909091
112 78 0.2
113 71 0.0625
114 62 0.0769231
114 95 0.0909091
115 95 0.0909091
116 87 0.166667
117 75 0.0769231
117 68 0.0833333
117 107 0.125
117 122 0.166667
117 125 0.125
118 71 0.0625
119 71 0.0625
119 87 0.166667
119 102 0.333333
120 70 0.0909091
120 78 0.2
121 107 0.125
121 117 0.111111
121 68 0.0833333
121 75 0.0769231
121 123 0.5
122 75 0.0769231
122 117 0.111111
122 68 0.0833333
122 125 0.125
123 121 0.142857
124 109 0.2
125 117 0.111111
125 75 0.0769231
125 122 0.166667
125 107 0.125
126 74 0.0769231
126 108 0.2
126 95 0.0909091
127 84 0.2
127 82 0.1
127 86 0.25
128 4 0.0588235
130 132 0.333333
130 134 0.333333
132 130 0.125
134 130 0.125
134 132 0.333333
137 138 0.25
138 137 0.25
