0
0
0
0.0961
0.066329
0.114951
1
0.013413
0.010296
0.000102
0.009655
1
0.040772
0.156079
0.013836
0.006699
0.002562
0.163451
0.159432
0.000146
0.00138
0.019168
1.5e-05
0.002155
0.220912
0.077994
3.6e-05
0.021113
4.9e-05
0.334209
0.007085
0.067602
0.057484
0.229238
0.500476
1e-06
0.054462
0.001132
1
0.004796
0.013233
5.9e-05
0.006535
0.499762
0.005209
0.333521
0.122271
2e-06
0.407447
0.144629
0.061298
0.33464
0.184382
0.032568
0.033037
0.0039
0.000666
0.000967
0.000329
0
0
0
0
1
0.073493
1
1
0.349022
0.163086
0.113832
0.019649
1
0.160528
0.225202
0.013282
0.028145
0.501125
0.174716
0.005012
0.0142
0
0
0.100952
0
0.024251
0.2883
0.026339
0.034897
0.270841
0.043755
0.254687
0.003919
0.499911
0.241279
0.032121
0.027168
0
0.500629
0.087521
0.034076
0.223766
0.036568
0.067627
0.333479
0.251363
0.021865
0
0.006615
0.003791
0.200559
0.294493
0.04777
0.001598
0.499942
0
0.013785
0.017454
0.018885
0.501264
0.201038
0.006563
0.000943
0.0041
0.000463
0.100321
0.006796
0.003303
0.006075
0.007358
0
0
0
0
0
0
0
0
0
0
