0 4
0 8
0 10
0 18
0 54
0 103
0 115
0 155
0 167
1 0
1 2
1 3
1 15
1 37
2 1
2 58
2 130
2 186
3 1
3 13
3 31
3 130
3 150
3 175
4 0
4 5
4 6
4 7
4 11
4 12
4 29
4 38
4 40
4 44
4 55
4 85
4 143
4 180
5 4
5 9
5 12
5 23
5 24
5 28
5 30
5 39
5 67
5 139
6 4
6 112
7 4
7 16
7 32
7 35
7 84
7 97
8 0
9 5
9 17
10 0
10 14
10 19
10 36
10 75
11 4
11 20
11 38
11 43
11 45
11 66
11 105
11 126
11 127
11 149
12 4
12 5
12 24
12 28
12 100
12 189
13 3
13 26
14 7
14 10
14 114
15 1
15 37
16 7
16 33
16 40
16 110
17 9
17 6
17 21
17 22
17 47
17 123
17 182
17 193
18 0
18 10
18 8
18 26
18 51
19 10
19 14
19 36
19 42
19 76
19 79
19 116
20 8
20 4
20 12
20 11
20 0
20 25
20 39
20 56
20 91
20 92
20 108
20 125
20 184
21 17
21 22
21 47
21 182
21 193
22 17
22 21
22 23
22 71
22 74
22 94
22 147
22 159
22 165
22 193
23 5
23 22
23 30
23 62
23 137
23 192
24 12
24 5
24 65
24 76
24 120
24 142
25 20
25 14
25 0
25 43
25 114
26 13
26 18
26 27
26 46
26 166
27 26
27 166
28 5
28 12
28 39
28 69
28 117
29 4
29 34
29 35
29 72
29 84
29 88
29 101
29 109
29 183
30 5
30 23
30 53
30 57
30 171
31 3
31 61
31 73
31 194
32 7
33 16
33 50
33 77
33 141
34 29
34 72
34 109
34 133
35 29
35 7
35 40
35 98
35 102
36 19
36 10
36 28
36 48
36 80
36 96
36 146
36 169
37 15
37 1
38 4
38 11
38 68
38 161
38 195
39 5
39 28
39 20
39 12
39 158
40 35
40 16
40 4
41 18
42 19
42 65
42 79
42 116
43 11
43 25
44 4
44 49
44 52
44 64
44 68
45 11
45 66
45 127
45 149
46 26
46 27
46 82
47 21
47 17
47 30
47 70
47 90
48 36
48 93
48 106
48 107
48 121
49 44
49 64
50 33
50 77
50 141
51 18
52 44
53 30
53 78
53 135
53 164
53 191
54 0
54 12
54 36
54 59
54 60
54 63
54 83
54 162
55 4
55 160
56 20
56 124
56 134
57 30
57 136
57 171
58 2
59 54
59 63
59 162
60 54
60 12
60 87
60 100
60 170
60 173
61 31
61 153
61 194
62 23
62 119
62 138
62 192
63 54
63 59
64 44
64 49
65 19
65 24
65 54
65 42
65 177
66 45
66 11
66 84
66 89
66 118
67 5
67 23
68 38
68 64
68 44
69 28
69 76
70 47
70 90
71 22
71 17
71 21
71 99
72 29
72 34
72 133
73 61
73 31
73 175
74 22
75 10
75 163
76 24
76 69
76 28
76 19
76 86
76 148
76 156
77 50
77 33
77 81
77 113
77 125
78 53
78 164
78 188
79 19
79 42
80 36
80 96
80 122
80 169
81 77
82 46
83 59
83 63
83 54
83 95
84 7
84 29
84 66
84 104
84 168
85 4
86 76
86 148
86 156
87 60
88 29
88 128
89 66
89 111
89 118
90 70
90 47
90 143
91 20
92 20
93 48
93 106
93 117
94 22
94 138
94 147
94 159
94 165
95 83
95 59
95 54
96 36
96 80
96 122
97 7
98 35
98 7
99 71
100 12
100 60
100 129
100 179
100 196
101 29
101 34
101 128
101 183
102 35
103 0
104 84
104 168
105 11
105 176
106 48
106 93
106 107
106 121
106 152
107 48
107 106
107 117
107 121
108 20
108 102
109 34
109 29
109 183
110 16
111 89
111 105
111 66
112 6
112 81
112 77
112 12
112 113
113 77
113 81
113 112
114 14
114 25
114 132
115 10
115 8
115 0
116 42
116 19
117 107
117 28
117 93
117 144
117 154
117 187
118 66
118 89
119 62
119 23
119 137
120 24
121 107
121 106
121 48
122 80
122 36
122 96
122 169
123 17
123 21
123 182
124 56
124 121
124 140
125 77
125 55
125 20
126 11
126 45
126 149
127 11
127 45
128 72
128 88
128 101
129 100
129 179
129 196
130 3
130 2
130 58
130 185
131 22
132 114
133 72
133 34
133 109
134 56
135 53
136 30
136 57
137 119
137 23
137 188
137 192
138 22
138 62
138 94
138 119
138 190
138 197
139 5
139 12
139 78
139 53
140 124
141 77
141 50
141 33
141 184
142 24
142 120
143 4
143 90
143 38
143 151
143 157
144 117
144 187
145 46
145 82
146 36
146 122
147 22
147 94
147 172
148 76
148 86
148 156
149 45
149 126
149 11
150 3
150 175
151 143
151 157
152 48
152 106
152 107
153 31
153 61
154 68
154 117
154 144
154 178
155 0
155 121
155 103
156 148
156 76
156 86
157 143
157 151
158 39
159 94
159 22
159 193
160 4
160 21
160 55
160 174
161 38
162 54
162 63
162 95
162 59
162 183
163 75
163 10
163 51
163 181
164 78
164 53
164 188
164 191
165 94
165 22
165 131
166 26
166 27
167 0
168 104
168 84
169 80
169 122
169 36
170 60
170 173
171 30
171 57
172 16
172 147
172 131
172 94
173 170
173 60
174 160
175 3
175 150
175 73
175 185
176 105
177 65
178 154
179 100
179 129
180 4
181 163
182 17
182 21
182 123
183 109
183 162
183 101
183 128
183 29
184 141
184 122
184 20
185 175
185 130
186 31
186 61
186 2
186 153
187 144
187 117
188 137
188 119
188 164
188 78
188 23
189 12
190 138
190 197
191 78
191 53
191 164
192 119
192 137
192 62
192 23
193 21
193 22
193 71
193 17
193 159
194 61
194 31
195 38
195 161
196 129
196 100
196 179
197 190
197 138
