1
0.114465
0.037522
1
1
1
0.217169
0.096108
0.406149
0.267433
0.177653
1
0.246979
0.252246
0.060803
0.027658
0.035396
0.101947
0.103877
0.085224
1
0.110198
1
0.154815
0.103702
0.154362
0.035231
0.00933
0.193838
1
0.098873
0.105301
0.048127
0.011675
0.161307
0.133715
1
0.032836
0.183504
0.226663
0.184953
0
0.016905
0.275058
0.104269
0.138038
0.005943
0.025697
0.094889
0.03202
0.010114
0.036545
0.052471
0.029438
0.124322
0.233422
0.166989
0.019963
0.058803
0.025948
1
0.023025
0.024912
0.031723
0.033481
0.014887
0.109648
0.334128
0.047127
0.052223
0.011644
0.160677
0.174258
0.051208
0.500541
0.044529
0.018049
0.023856
0.029757
0.023971
0.173471
0.015663
0.002017
0.021716
0.106955
0.499552
0.003927
0.500702
0.260032
0.02176
0.023191
0.499491
0.500055
0.020925
0.138422
0.011042
0.200199
0.048089
0.044429
0.080183
0.123724
0.16588
0.148274
0.389573
0.031641
0.201817
0.017336
0.01953
0.332837
0.18257
0.017639
0.005462
0.031815
0.010647
0.034608
0.250262
0.023926
0.019015
0.030777
0.011746
0.042083
0.049147
0.113128
0.02649
0.033569
0.201791
0.229575
0.219863
0.088354
0.028236
0.149996
0.084595
0.017358
0.06408
0.083754
0.01484
0.006521
0.023622
0.016294
0.201099
0.016688
0.030096
0.034576
0.112251
0.005056
0
0.333937
0.183418
0.003926
0.21024
0.274984
0.033139
0.004285
0.00756
0.003145
0.250625
0.003912
0.033152
0.113873
0.201815
0.039145
0.075034
0.035462
0.006271
0.008557
0.220173
0.010284
0.499848
0.031668
0.200158
0.288336
0.027877
0.036536
0.240462
0.019493
0.158878
0.101202
0.007496
0.001549
0.032924
0.500388
0.003133
0.037193
0.144712
0.200683
0.073813
0.00742
0.005532
0.007524
0.123849
0.004807
0.007423
0.027345
0.148962
0.030132
0.061261
0.028946
0.00489
