41 9
41 2
41 26
41 14
41 30
42 26
42 3
42 24
42 43
42 45
42 52
42 57
26 8
26 17
26 2
26 33
26 34
54 45
54 48
54 50
2 3
2 8
2 11
2 12
2 16
2 17
2 20
2 26
2 34
2 41
3 2
3 4
3 6
3 14
27 12
27 8
27 2
27 20
28 15
28 10
4 3
4 14
4 18
4 32
43 42
43 44
43 46
43 47
43 53
43 61
44 43
44 45
44 49
44 51
29 16
29 31
55 50
55 48
56 46
45 44
45 42
45 54
46 43
46 53
46 56
57 53
57 42
57 52
5 2
5 22
5 32
6 4
6 3
6 32
30 13
30 25
30 7
30 41
58 49
7 3
7 6
7 4
7 13
7 16
7 21
7 25
7 30
8 2
8 10
8 26
8 33
31 16
31 29
9 2
9 8
9 12
9 16
32 4
32 5
32 6
32 3
32 38
33 26
33 12
33 2
33 8
10 2
10 8
10 15
10 23
10 28
59 53
11 2
34 12
34 2
34 17
34 20
34 26
60 49
35 37
12 9
12 2
12 8
12 16
12 27
12 33
13 7
13 30
61 47
61 43
36 19
37 35
47 43
47 61
14 4
14 3
14 18
14 24
15 10
15 23
15 28
15 39
62 63
16 7
16 12
16 2
16 9
16 29
16 31
38 32
39 15
39 28
48 44
48 54
48 55
49 44
49 58
49 60
63 62
17 2
17 12
17 20
17 34
50 54
50 55
18 4
18 6
18 14
18 2
18 24
19 36
51 44
20 2
20 17
20 8
20 11
21 7
21 13
52 42
52 57
64 65
22 5
23 10
23 15
53 46
53 43
53 57
65 64
24 18
24 14
25 7
25 30
