66
192
41 9 0.142857
41 2 0.0333333
41 26 0.0909091
41 14 0.111111
41 30 0.125
42 26 0.0909091
42 3 0.0714286
42 24 0.2
42 43 0.0714286
42 45 0.125
42 52 0.25
42 57 0.166667
26 8 0.0833333
26 17 0.125
26 2 0.0333333
26 33 0.142857
26 34 0.125
54 45 0.125
54 48 0.142857
54 50 0.166667
2 3 0.0714286
2 8 0.0833333
2 11 0.333333
2 12 0.0769231
2 16 0.0769231
2 17 0.125
2 20 0.125
2 26 0.0909091
2 34 0.125
2 41 0.111111
3 2 0.0333333
3 4 0.0625
3 6 0.111111
3 14 0.111111
27 12 0.0769231
27 8 0.0833333
27 2 0.0333333
27 20 0.125
28 15 0.1
28 10 0.1
4 3 0.0714286
4 14 0.111111
4 18 0.1
4 32 0.111111
43 42 0.0625
43 44 0.0833333
43 46 0.125
43 47 0.25
43 53 0.111111
43 61 0.25
44 43 0.0714286
44 45 0.125
44 49 0.166667
44 51 0.25
29 16 0.0769231
29 31 0.25
55 50 0.166667
55 48 0.142857
56 46 0.125
45 44 0.0833333
45 42 0.0625
45 54 0.125
46 43 0.0714286
46 53 0.111111
46 56 0.5
57 53 0.111111
57 42 0.0625
57 52 0.25
5 2 0.0333333
5 22 0.5
5 32 0.111111
6 4 0.0625
6 3 0.0714286
6 32 0.111111
30 13 0.2
30 25 0.25
30 7 0.0769231
30 41 0.111111
58 49 0.166667
7 3 0.0714286
7 6 0.111111
7 4 0.0625
7 13 0.2
7 16 0.0769231
7 21 0.333333
7 25 0.25
7 30 0.125
8 2 0.0333333
8 10 0.1
8 26 0.0909091
8 33 0.142857
31 16 0.0769231
31 29 0.25
9 2 0.0333333
9 8 0.0833333
9 12 0.0769231
9 16 0.0769231
32 4 0.0625
32 5 0.2
32 6 0.111111
32 3 0.0714286
32 38 0.5
33 26 0.0909091
33 12 0.0769231
33 2 0.0333333
33 8 0.0833333
10 2 0.0333333
10 8 0.0833333
10 15 0.1
10 23 0.25
10 28 0.142857
59 53 0.111111
11 2 0.0333333
34 12 0.0769231
34 2 0.0333333
34 17 0.125
34 20 0.125
34 26 0.0909091
60 49 0.166667
35 37 0.333333
12 9 0.142857
12 2 0.0333333
12 8 0.0833333
12 16 0.0769231
12 27 0.2
12 33 0.142857
13 7 0.0769231
13 30 0.125
61 47 0.25
61 43 0.0714286
36 19 0.25
37 35 0.142857
47 43 0.0714286
47 61 0.25
14 4 0.0625
14 3 0.0714286
14 18 0.1
14 24 0.2
15 10 0.1
15 23 0.25
15 28 0.142857
15 39 0.333333
62 63 0.5
16 7 0.0769231
16 12 0.0769231
16 2 0.0333333
16 9 0.142857
16 29 0.25
16 31 0.25
38 32 0.111111
39 15 0.1
39 28 0.142857
48 44 0.0833333
48 54 0.125
48 55 0.25
49 44 0.0833333
49 58 0.5
49 60 0.5
63 62 0.166667
17 2 0.0333333
17 12 0.0769231
17 20 0.125
17 34 0.125
50 54 0.125
50 55 0.25
18 4 0.0625
18 6 0.111111
18 14 0.111111
18 2 0.0333333
18 24 0.2
19 36 0.5
51 44 0.0833333
20 2 0.0333333
20 17 0.125
20 8 0.0833333
20 11 0.333333
21 7 0.0769231
21 13 0.2
52 42 0.0625
52 57 0.166667
64 65 0.5
22 5 0.2
23 10 0.1
23 15 0.1
53 46 0.125
53 43 0.0714286
53 57 0.166667
65 64 0.25
24 18 0.1
24 14 0.111111
25 7 0.0769231
25 30 0.125
