0 1
0 2
0 3
0 4
0 6
0 8
0 11
0 14
0 23
0 32
0 33
0 55
0 61
0 62
0 74
0 119
0 196
1 0
1 2
1 11
1 13
1 24
1 35
1 45
2 0
2 1
2 5
2 7
2 13
2 15
2 20
2 22
2 51
2 59
2 75
2 77
2 108
2 110
2 115
2 134
3 0
3 6
3 12
3 17
3 25
3 39
3 76
3 82
3 122
4 0
4 1
4 21
4 102
4 165
4 194
5 2
5 15
5 39
5 49
5 109
5 131
5 156
5 174
6 0
6 3
6 10
6 25
6 63
6 133
7 2
7 19
7 44
7 92
7 145
8 0
8 9
8 43
8 96
8 106
8 120
8 188
9 8
10 6
10 7
10 16
10 17
10 38
10 41
10 58
10 64
10 79
10 81
10 90
10 118
10 127
10 193
11 1
11 0
11 35
11 45
11 50
11 93
11 101
12 3
12 30
12 33
12 46
12 67
12 74
12 84
13 2
13 1
13 42
14 0
14 28
14 139
15 2
15 5
15 22
15 29
15 56
15 66
15 71
15 148
16 10
16 17
16 40
16 44
16 56
16 58
16 97
16 137
17 3
17 16
17 10
17 18
17 26
17 86
17 136
17 142
17 144
18 17
18 141
18 153
19 7
19 2
19 43
19 53
19 75
19 95
19 155
20 2
20 134
21 4
21 23
21 31
21 34
21 78
21 112
22 2
22 15
22 36
23 0
23 21
24 11
24 1
24 93
25 8
25 3
25 6
25 9
25 27
25 63
25 114
26 3
26 17
26 146
27 25
27 80
27 105
27 114
28 5
28 14
28 0
28 37
28 65
28 68
28 125
28 195
29 15
29 135
29 152
29 164
30 12
30 46
30 67
31 21
31 23
31 55
31 72
32 0
33 0
33 12
33 122
34 21
34 112
34 149
35 1
35 0
35 33
35 11
35 50
36 22
37 28
37 68
37 195
38 10
38 64
38 79
38 81
38 90
38 127
39 3
39 5
39 57
39 60
39 99
39 163
40 16
41 16
41 10
41 48
41 94
42 13
42 21
42 78
42 121
42 154
43 8
43 19
43 7
43 47
43 54
43 78
43 104
43 121
43 130
44 16
44 7
44 53
44 157
45 1
45 35
45 11
45 116
46 30
46 12
46 67
47 43
48 41
48 179
49 0
49 5
49 111
50 11
50 35
51 2
51 13
51 103
51 130
51 147
51 178
52 21
52 89
52 149
52 189
53 10
53 44
53 19
53 64
53 70
53 117
54 43
54 104
55 31
55 0
55 69
55 119
56 16
56 40
56 15
56 66
56 73
57 39
58 16
58 53
58 10
58 169
59 2
60 39
60 57
60 99
60 190
61 0
61 62
61 74
61 139
61 196
62 0
62 61
63 25
63 6
63 91
64 10
64 53
64 38
64 84
64 85
64 100
65 28
65 37
65 71
65 195
66 56
66 15
66 135
67 12
67 46
67 30
68 37
68 65
68 28
68 195
69 55
69 125
69 138
70 53
71 15
71 65
71 114
71 140
71 152
72 31
72 102
72 150
72 151
73 56
73 87
74 32
74 61
74 0
74 12
74 124
74 158
74 167
74 170
75 19
75 2
75 126
76 3
77 2
77 107
77 117
78 42
78 21
78 43
78 83
78 113
79 10
79 38
80 27
81 38
81 10
82 3
82 122
83 78
83 113
84 64
84 12
84 98
85 64
85 179
86 17
87 73
87 88
88 87
88 49
88 93
89 52
90 10
90 38
91 63
91 105
91 187
92 7
92 121
93 11
93 24
93 88
94 41
95 19
96 8
96 19
96 129
96 186
97 16
97 137
98 84
99 60
99 39
99 182
100 64
101 11
102 72
102 4
103 51
104 54
104 43
104 121
105 63
105 27
105 91
106 8
106 120
106 188
107 77
108 2
109 5
109 131
109 156
109 174
110 2
110 20
111 49
112 21
112 4
112 34
112 166
112 172
112 194
112 197
113 78
113 83
114 27
114 25
114 71
114 181
115 2
116 45
117 77
117 53
117 107
117 173
118 10
118 38
119 0
119 55
119 139
120 106
120 8
121 104
121 43
121 42
121 92
121 9
121 160
121 175
121 177
122 33
122 82
122 3
123 7
123 92
124 74
124 26
124 168
124 176
125 28
125 69
125 37
125 65
125 55
126 75
126 132
127 81
127 90
127 38
127 10
127 193
128 48
128 41
129 96
130 126
130 43
130 75
130 51
130 162
130 185
131 5
131 109
132 75
132 126
133 64
133 6
133 161
134 20
134 2
135 66
135 29
136 17
137 16
137 97
137 40
138 37
138 61
138 0
138 69
138 159
139 119
139 125
139 61
139 14
139 191
140 71
141 18
141 153
142 17
143 74
144 17
144 73
144 180
144 183
145 7
145 92
146 26
147 51
147 103
147 178
148 15
149 72
149 34
149 52
150 72
150 151
151 150
151 72
151 184
152 71
152 29
153 141
153 18
154 42
155 19
156 109
156 5
157 44
158 143
158 74
158 167
159 138
160 121
160 177
161 90
161 133
162 130
162 185
163 60
163 39
164 29
165 4
166 42
166 21
166 112
166 171
167 74
167 158
167 170
168 124
168 176
169 58
170 74
170 167
171 166
172 112
173 117
174 109
174 5
175 121
175 160
176 124
176 168
177 121
177 160
178 147
178 51
179 64
179 48
179 85
180 144
181 114
182 99
182 60
182 39
183 144
183 180
184 151
185 130
185 162
186 129
186 96
187 63
187 91
188 8
188 106
189 89
189 52
190 99
190 60
190 182
191 139
192 14
193 81
193 127
193 10
194 4
194 112
195 37
195 65
195 28
195 68
196 0
196 61
197 112
