1
0.145907
1
1
0.186661
0.120164
0.237637
0.229163
0.133703
0.291894
1
0.075577
0.149931
0.186362
0.148823
1
0.138758
1
0.166428
0.098899
0.246404
0.127206
0.306702
0.225113
0.03141
0.105068
0.18721
0.016401
0.012696
0.133763
0.032511
0.037704
0.556207
0.186865
0.182917
0.028821
0.154132
0.004719
0.146911
0.085178
0.074063
0.125769
0.141294
1
0.048819
0.030699
0.032991
0.499042
0.02581
0.021055
0.024937
0.099306
0.005282
0.02916
0.308085
0.132104
0.144807
0.031581
0.159018
0.500286
0.013714
0.2143
0.287622
0.042577
0.08743
0.014552
0.189456
0.032546
0.002815
0.023388
0.014642
0.104995
0.013421
0.056168
1
0.150303
0.500916
0.167064
0.123537
0.275053
0.008193
0.173373
0.285982
0.025179
0.039014
0.015677
0.500575
0.014907
0.006298
0.002123
0.207741
0.007614
0.205442
0.017687
0.063062
0.049485
0.019186
0.039906
0.019705
0.01253
0.043926
0.037616
0.048844
0.038457
0.335423
0.004623
0.031435
0.062059
0.499987
0.024981
0.333344
0.010491
1
0.034998
0.027324
0.500715
0.015272
0.027682
0.201233
0.1883
0.038728
1
0.222895
0
0.142548
0.011433
0.050263
0.156378
0
0.007837
0.109594
0.034362
0.016807
0.039426
0.290026
0.077597
0.501173
0.033256
0.003305
0.059243
0.052416
0.049475
0.499298
0.11674
0.142679
0.076094
0.093603
0.023868
0.500338
0.036447
0.003832
0.002766
0.057858
0.049566
0.070775
0.049469
0.033978
0.024359
0.233083
0.001668
0.292137
0.013195
0.03253
0.028522
0.067137
0.093729
0.166672
0.227921
0.042483
0.05317
0.286933
0.083468
0.500838
0.013996
0.034072
0.332962
0.042335
0.29868
0.02888
0.007993
0.058341
0.013616
0.003144
0.047304
0.001411
0.03284
0.006536
0.002578
0.038631
0.001808
0.003526
0.029853
0
0.160202
0.282126
0.003384
0.287993
0.501438
