18
41
0 1 0.0769231
0 6 0.5
0 12 0.5
1 0 0.0833333
1 2 0.142857
1 3 0.0909091
1 4 0.166667
1 16 0.5
2 1 0.0769231
2 5 0.25
2 8 0.125
3 1 0.0769231
3 4 0.166667
3 7 0.25
3 14 0.5
3 17 0.5
4 3 0.0909091
4 1 0.0769231
4 11 0.25
5 2 0.142857
6 0 0.0833333
7 3 0.0909091
7 11 0.25
8 2 0.142857
8 9 0.25
8 10 0.142857
8 13 0.5
9 1 0.0769231
9 8 0.125
9 2 0.142857
10 8 0.125
10 3 0.0909091
10 15 0.5
11 7 0.25
11 4 0.166667
12 0 0.0833333
13 8 0.125
14 3 0.0909091
15 10 0.142857
16 1 0.0769231
17 3 0.0909091
