0 1
0 2
1 0
1 2
1 7
2 0
2 1
2 3
2 243
3 0
3 2
3 4
3 5
4 3
4 7
5 3
6 5
7 4
7 0
7 1
7 8
7 9
7 14
7 17
7 41
7 54
7 76
7 106
7 116
7 118
8 7
8 10
8 12
8 13
8 22
8 114
9 7
9 76
9 88
9 106
10 8
10 11
10 16
10 20
10 35
10 37
10 50
10 55
10 82
10 100
11 10
11 15
11 16
11 19
11 26
11 38
11 43
11 51
11 55
11 74
11 99
11 115
11 117
12 8
12 21
12 29
12 42
12 47
12 65
12 93
12 98
13 8
13 22
13 32
13 40
13 53
13 69
13 114
14 7
14 17
14 18
14 48
14 60
14 80
14 94
15 11
15 23
15 30
15 31
15 84
16 11
16 12
16 10
16 18
16 27
16 36
16 39
16 75
16 85
16 103
17 14
17 7
17 24
17 64
18 14
18 16
18 36
18 71
18 101
19 11
19 34
19 92
20 10
21 12
21 29
21 42
21 46
21 47
21 93
21 98
21 243
21 245
22 8
22 13
22 53
23 15
23 25
23 45
23 91
23 111
23 146
24 17
24 33
24 58
24 101
25 23
25 86
25 123
26 11
26 44
26 62
26 67
27 16
27 47
28 25
29 12
29 21
29 42
29 65
30 26
30 28
30 15
30 23
30 63
30 109
31 23
31 15
31 89
32 13
32 8
32 22
32 53
32 69
33 17
33 24
33 58
34 19
34 40
34 56
34 61
34 96
35 10
35 37
35 50
35 243
36 16
36 27
36 18
36 50
37 10
37 35
37 55
37 82
37 142
38 11
38 52
38 57
38 74
38 115
39 16
39 27
40 13
40 22
40 34
40 32
40 49
40 66
40 73
41 7
41 54
41 71
41 88
42 12
42 29
42 21
42 93
43 11
43 38
43 51
43 57
43 117
44 26
45 23
45 59
45 89
46 12
46 42
46 21
46 47
46 65
47 21
47 12
47 27
47 46
47 68
47 70
48 14
48 94
49 40
49 66
49 73
50 37
50 35
50 10
50 36
50 52
50 113
50 121
51 43
51 11
51 57
52 50
52 38
52 83
52 99
52 107
53 22
53 13
53 32
53 79
54 7
54 41
54 116
55 11
55 10
55 37
55 35
55 81
55 87
55 102
56 34
56 96
57 38
57 43
57 51
57 11
57 74
58 24
58 33
58 17
58 64
58 101
59 45
59 63
59 72
60 14
61 56
61 34
61 15
61 77
61 105
62 26
63 59
63 45
63 30
63 67
63 108
64 17
64 58
64 33
65 46
65 29
65 12
66 40
66 49
66 73
67 26
67 62
67 63
67 107
68 47
69 13
69 32
70 47
71 18
71 41
71 47
71 78
72 45
72 59
72 89
73 49
73 40
73 66
74 11
74 57
74 38
75 16
75 27
76 9
76 7
76 54
76 97
77 61
78 71
79 53
80 14
81 55
81 95
81 102
82 10
82 37
83 52
84 15
85 39
85 16
85 103
86 25
87 81
87 55
87 102
88 9
88 41
89 72
89 45
89 31
89 90
90 89
91 23
92 19
93 42
93 21
93 12
94 48
94 14
95 81
95 55
96 34
96 56
97 76
98 21
98 12
98 142
99 38
99 52
99 11
100 10
100 35
101 58
101 24
101 17
101 18
102 81
102 87
102 55
103 85
103 16
104 67
105 61
105 77
106 7
106 9
107 52
107 67
107 110
107 112
107 122
108 63
109 30
110 107
111 23
112 107
112 110
113 50
113 121
114 69
114 13
114 8
114 32
115 38
115 11
115 51
115 119
115 120
116 7
116 54
116 41
117 73
117 43
117 38
117 11
117 12
118 7
118 9
118 116
118 54
119 43
119 38
119 51
119 115
119 57
120 38
120 115
120 11
121 113
121 50
122 112
122 107
122 110
123 25
123 124
124 123
124 125
124 131
124 132
125 124
125 126
125 127
125 128
125 133
126 125
126 129
126 133
127 125
127 135
128 125
128 132
129 126
129 130
130 129
131 124
131 126
131 132
132 124
132 128
132 131
133 125
133 126
133 134
134 133
135 127
136 137
136 140
136 141
137 136
137 139
137 232
138 136
139 137
139 136
140 136
141 136
141 137
142 98
142 37
142 16
142 143
143 142
143 144
143 145
144 143
145 143
146 23
146 147
147 146
148 149
148 150
148 154
148 164
149 148
149 173
149 204
149 226
150 148
150 160
150 204
150 210
150 221
151 152
151 153
151 159
151 165
151 166
151 167
151 172
151 184
151 207
151 223
152 151
152 155
152 161
152 163
152 183
152 189
153 151
153 165
153 168
153 176
153 195
153 201
153 202
153 209
153 232
154 148
154 164
155 152
155 166
155 197
156 157
156 158
156 169
156 200
156 224
156 227
157 156
157 158
157 169
157 224
157 227
158 156
158 157
158 179
158 182
158 188
158 208
158 214
158 217
158 227
159 151
159 162
159 163
159 180
159 183
159 185
159 192
159 196
160 150
160 174
160 181
160 228
161 152
162 159
162 180
162 196
162 206
163 159
163 152
163 166
163 190
163 193
164 154
164 148
165 151
165 153
165 177
165 216
165 229
166 163
166 155
166 151
167 151
167 170
167 171
167 175
167 177
168 153
168 176
168 202
168 209
168 232
169 157
169 156
169 178
169 187
170 167
170 175
171 167
172 151
172 215
173 149
174 160
174 212
174 228
175 167
175 170
176 168
176 153
176 183
176 186
176 199
177 165
177 175
177 167
178 169
178 187
179 158
179 156
179 157
179 191
180 159
180 162
180 206
181 174
181 160
181 221
182 158
183 152
183 159
183 176
183 194
183 218
184 151
185 159
185 203
186 176
186 198
186 199
187 178
187 169
187 207
188 158
188 208
188 214
188 217
189 152
190 163
190 152
191 179
192 159
192 162
192 203
193 163
194 183
194 218
195 153
195 222
196 162
196 159
197 155
198 186
198 195
198 176
199 176
199 186
200 156
200 157
200 224
201 153
201 168
201 209
202 153
202 168
203 180
203 185
203 192
204 150
204 149
204 173
204 225
205 158
206 180
206 162
206 196
207 151
207 187
207 165
207 211
207 213
208 158
208 188
208 219
209 168
209 201
209 153
210 150
210 221
211 207
211 213
212 160
212 174
213 207
213 211
214 188
214 158
214 227
215 151
215 157
215 172
215 220
216 165
217 188
217 158
217 205
218 194
218 183
219 155
219 208
219 205
219 188
220 215
221 150
221 210
221 181
221 225
222 195
223 151
224 156
224 157
224 200
225 221
225 204
226 160
226 174
226 149
226 212
227 157
227 158
227 179
227 156
227 214
228 174
228 160
229 165
229 216
232 8
232 202
232 168
232 137
232 153
232 233
232 235
233 232
233 234
233 236
233 238
233 239
233 240
233 241
234 233
235 232
235 237
235 242
236 233
236 234
237 235
237 232
238 233
238 239
239 238
239 233
239 241
240 233
240 238
240 245
241 233
241 238
241 239
242 235
243 183
243 35
243 2
243 21
243 244
244 243
245 240
245 21
245 8
245 246
245 247
246 245
246 250
247 245
248 245
248 249
248 252
248 254
249 248
249 251
250 246
250 253
251 248
251 249
251 254
252 248
252 249
252 254
253 250
254 252
254 251
254 248
255 256
255 259
256 255
256 260
257 258
258 257
259 255
260 256
