0.149219
0.188196
0.045143
0.015492
0.126291
0.005085
0
1
0.11582
0.173624
1
1
0.158181
0.011173
1
0.187398
1
0.140757
0.171592
0.12648
0.501265
1
0.01476
1
0.015593
0.123374
0.193132
0.246518
0.500805
0.162568
1
0.04028
0.004232
0.004044
0.012995
0.170716
0.153674
0.143989
0.120614
0.295387
0.004161
0.157128
0.15576
0.132062
0.096963
0.137924
0.142575
0.116577
0.298134
0.005017
0.100916
0.158353
0.042035
0.003213
0.199622
0.136839
0.003426
0.058536
0.005058
0.03842
0.501213
0.001625
0.0734
0.095253
0.020718
0.072317
0.004989
0.036205
0.058189
0.005775
0.058312
0.04566
0.011105
0.022914
0.187439
0.333695
0.162479
0.000661
0.023096
0.001628
0.501044
0.020985
0.274565
0.020932
0.093725
0.240581
0.061785
0.031439
0.079003
0.018473
0.009141
0.500351
0.063152
0.205724
0.297854
0.007019
0.003855
0.081437
0.189515
0.204256
0.333557
0.026644
0.029211
0.288214
0
0.000548
0.279259
0.007692
0.047518
0.500718
0.002705
0.500597
0.00238
0.030016
0.02078
0.122976
0.217845
0.156999
0.201019
0.020602
0.031036
0.030263
0.002012
0.020986
0.132957
1
0.168175
0.250497
0.255262
0.042026
0.021353
0.037801
0.065636
0.188018
0.094594
0.125375
0.00215
0.017149
0
0.003451
0.001063
0.000714
0.033261
0.005562
0.002818
0.002807
0.125995
0.063051
0
0
0
1
1
1
0
0.133193
0.087817
0.107966
1
0.067544
0
0.500141
0.010704
0.122536
0
0.183187
0.196868
0.104034
0.147509
0.024264
0.031625
0.052217
0.200859
0
0
0.033252
0.111207
0.046627
0.011107
0.160138
0.01149
0
0.499768
0.114275
0.500554
0.017271
0.02233
0.022829
0.137562
0.50103
0.041133
0.080006
0.01003
0.041075
0.033924
0.201693
0.011359
0.066836
0.005605
0.031387
0.023097
0.230844
0.239696
0.004407
0
0.085137
0.00428
0.112121
0.183343
0.211595
0
0.033096
0
0.0336
0.201615
0.033435
0.074975
0.220077
0.034174
0.036841
0.0166
0
0.100632
0.501094
0.03404
0
0
0.146264
0
0.060945
0
0
0.121265
1
0.407097
0.015366
0.334172
0.003871
0.217367
0.220199
0.212635
0.23159
0.007591
0.118082
0.058831
0.085653
0.014171
0.04295
0
0
0.003524
0
0
0.001773
0
0
0
0
0
0
0
