51 42
52 49
52 57
52 58
53 36
53 29
15 9
15 5
15 6
15 28
16 14
16 20
17 15
17 3
17 4
17 23
29 36
29 39
29 50
29 53
54 36
54 44
55 30
55 37
30 35
30 49
30 55
31 37
31 39
0 10
0 12
56 47
56 33
32 38
32 41
33 34
33 45
33 56
34 33
18 12
19 2
35 30
20 16
20 14
36 33
36 29
36 40
36 44
36 47
36 53
21 8
22 3
22 28
23 17
57 52
57 49
57 58
58 49
58 52
58 57
37 31
37 55
24 3
24 4
24 26
24 28
38 32
39 29
39 31
39 37
39 42
1 4
1 5
1 11
40 36
40 29
40 41
40 42
2 7
2 19
59 56
59 33
41 40
41 32
41 46
3 8
3 17
3 22
3 24
3 28
4 1
4 3
4 8
4 17
4 24
25 21
25 5
25 6
25 9
60 29
60 61
5 1
5 6
5 13
5 25
61 60
6 5
6 15
6 25
7 2
26 24
8 4
8 3
8 21
27 15
27 10
27 13
42 39
42 40
42 51
43 32
43 34
9 5
9 6
9 13
9 15
10 0
11 4
11 1
28 22
28 3
28 24
28 15
44 36
44 47
44 54
45 33
46 41
47 44
47 36
47 41
47 50
47 56
12 0
12 10
12 13
12 18
13 5
13 6
13 9
13 12
13 27
48 35
49 30
49 52
49 57
14 20
50 47
50 29
