1 50
2 5
2 13
2 22
2 24
2 32
3 49
4 6
4 8
4 20
4 43
5 2
5 26
5 44
5 50
6 4
6 29
7 10
7 29
7 36
8 5
8 4
8 15
8 18
8 35
8 39
9 11
9 21
10 7
10 36
11 9
11 12
11 16
11 31
11 48
12 11
13 2
13 8
13 22
13 41
14 6
15 8
15 5
15 17
15 28
15 34
15 45
15 46
16 12
16 11
17 15
17 46
18 8
18 5
18 33
19 14
20 8
20 4
21 9
21 23
21 25
22 13
22 2
22 34
23 21
24 2
25 21
25 49
26 5
27 8
27 30
28 15
28 17
28 34
28 45
28 46
28 47
29 6
29 18
29 7
30 27
30 42
31 16
31 11
31 9
32 2
32 24
33 18
33 142
34 15
34 22
34 28
34 37
35 8
36 7
36 10
37 34
38 13
38 27
38 8
38 40
39 8
39 42
40 38
41 13
42 39
42 8
42 29
42 30
43 4
44 5
44 2
44 3
44 26
45 15
45 28
45 46
46 17
46 45
46 15
46 28
47 15
47 46
47 28
48 16
48 12
48 11
49 3
49 25
50 28
50 5
50 1
50 51
50 53
50 54
50 55
51 50
51 52
51 57
52 51
53 50
53 52
53 58
54 50
55 50
55 56
56 55
57 51
58 53
59 13
59 55
59 34
59 61
59 62
59 64
59 79
59 101
59 104
59 122
59 128
60 63
60 66
60 67
60 70
60 71
60 86
60 115
61 59
62 59
62 65
62 72
62 88
63 60
63 67
63 70
63 100
63 138
64 59
64 62
64 61
64 68
64 77
65 62
65 72
65 74
65 89
65 91
65 105
66 60
66 71
66 83
66 114
66 140
67 63
67 60
67 85
67 89
67 108
67 116
68 64
68 69
68 75
68 127
69 68
69 127
70 60
70 63
70 87
70 106
71 60
71 66
71 78
71 80
71 131
72 65
72 62
72 70
72 76
72 92
72 99
72 119
72 129
73 64
74 65
74 85
74 91
74 105
75 68
75 69
75 93
76 72
76 97
76 102
76 103
76 109
77 64
78 71
78 90
78 112
78 126
78 139
79 59
79 63
79 72
79 81
79 82
79 84
79 94
79 124
80 71
80 113
80 131
81 79
81 84
81 124
82 79
82 63
82 96
82 100
82 130
82 132
83 66
83 107
83 140
84 79
84 81
85 65
85 67
85 79
85 74
85 133
86 60
86 66
87 70
87 89
88 62
88 125
89 67
89 87
89 70
89 65
89 95
89 120
89 123
90 78
90 126
90 137
91 65
91 74
92 72
92 99
92 110
92 129
93 75
94 81
94 84
94 79
94 98
95 89
95 120
95 123
96 82
97 76
97 102
97 106
98 94
98 81
98 79
99 72
99 92
99 110
100 63
100 82
100 111
100 134
100 141
101 59
102 76
102 97
102 103
102 109
102 121
103 76
103 102
103 106
103 109
104 62
104 61
104 59
105 74
105 65
106 103
106 70
106 97
106 117
106 136
107 83
107 66
107 114
108 67
109 103
109 102
109 76
110 92
110 72
110 99
110 129
111 100
111 134
111 141
112 78
113 71
113 80
114 107
114 66
114 137
114 140
115 60
115 63
115 90
115 78
116 67
116 108
117 106
117 136
118 75
118 93
119 72
119 110
120 89
120 95
120 123
121 76
121 102
121 103
122 59
122 109
122 101
123 120
123 89
123 95
124 79
124 84
124 98
124 81
125 88
125 62
125 77
125 135
126 90
126 78
126 137
126 139
127 68
127 69
128 59
129 92
129 110
129 72
130 82
130 132
131 71
131 80
132 130
132 82
133 85
134 100
134 111
135 125
136 117
136 106
137 114
137 107
137 126
137 90
137 66
138 63
139 90
139 78
139 126
140 107
140 114
140 83
140 66
141 111
141 100
141 134
142 132
142 72
142 33
143 145
145 143
147 23
147 64
147 125
147 148
148 147
