0
0.167039
0.022978
0.007913
0.09114
0.19302
0.019646
0.000844
1
7e-06
0.000174
0
0
0.104596
0
0.079389
0
0.038644
0.168845
0
0.030601
8.1e-05
0.040761
2.1e-05
0.009427
0.000499
0.073436
0.001209
0.100071
0.00998
0.010403
0
0.007783
0.042248
0.129507
0.500374
0.000248
0.064692
0
0.250367
0
0.052347
0.041857
0.045492
0.038759
0.032097
0.028008
0.025376
0
0.001989
1
0.169811
0.043887
0.142933
0.250244
0.361555
0.180842
0.08485
0.071421
1
1
0.261075
0.259333
0.14928
0.131088
0.155532
0.093145
0.170616
0.013058
0.003497
0.256535
0.092566
1
0
0.030641
0.002142
0.095172
0.355608
0.028835
0.123116
0.018569
0.022704
1
0.013908
0.028271
0.024853
0.33409
0.295222
0.2965
1
0.029615
0.044191
0.171228
0.000689
0.02102
0.218009
0.500418
0.021876
0.007509
0.197469
0.114
0.389194
0.017169
0.019528
0.250849
0.043903
0.024339
0.00605
0.069411
0.045511
0.09283
0.025597
0.01439
0.006238
0.014172
0.200675
0.056898
0.005903
0
0.333683
0.217749
0.004369
0.251249
0.2173
0.017583
1
0.008275
0.003783
0.500977
0.196603
0.287634
0.025952
0.241476
0.012406
0.030245
0.499891
0.006966
0.006425
0.075069
0.006969
0.016294
0.026347
0.003766
0
0
0
0
0
0
