0 1
0 4
1 0
12 5
12 11
12 16
2 3
3 2
47 45
47 39
4 0
4 1
4 5
4 6
48 31
49 33
5 4
5 8
5 13
5 14
5 19
5 20
5 21
31 34
31 48
31 50
6 4
6 7
7 6
7 17
50 31
50 39
50 36
50 33
13 5
32 46
32 51
14 5
15 8
16 12
17 6
17 7
51 32
18 8
18 15
33 36
33 38
33 40
33 49
33 50
19 5
19 13
19 20
52 40
20 19
20 5
20 13
20 21
21 5
21 20
21 13
22 10
34 31
34 35
34 36
34 37
35 34
35 42
36 33
36 34
36 37
36 41
8 4
8 5
8 9
8 10
8 15
8 18
37 34
37 36
37 45
38 33
38 44
53 39
39 32
39 47
39 53
9 5
9 8
10 8
10 11
10 24
23 12
40 38
40 33
40 43
40 52
41 36
24 10
42 35
25 26
26 25
26 27
27 26
43 40
44 38
44 40
45 37
45 47
46 32
11 10
11 8
28 29
29 28
