16 11
1 2
1 7
1 25
1 34
2 1
2 3
2 4
2 10
2 30
17 4
17 12
17 5
17 8
60 54
60 46
3 2
3 4
3 10
3 30
61 55
42 43
42 57
42 58
42 63
18 10
4 3
4 2
4 5
4 6
4 8
4 9
4 24
19 9
43 42
43 44
43 45
43 48
43 56
44 43
44 46
44 67
62 48
62 43
62 56
20 9
5 4
5 8
5 17
21 11
21 10
21 4
21 23
45 43
45 51
45 52
63 42
22 13
22 7
6 5
6 4
6 8
23 21
46 44
46 47
46 54
47 46
47 49
64 50
24 8
24 4
24 12
25 1
25 29
48 43
48 50
26 11
49 47
49 50
50 43
50 48
50 49
50 53
50 64
7 1
7 2
7 13
7 28
7 31
7 33
27 10
28 7
28 25
28 13
65 53
29 25
30 2
30 3
31 7
31 13
31 33
8 4
8 6
8 5
8 12
8 14
8 17
8 24
51 45
51 52
52 51
52 45
52 55
52 58
52 59
53 50
53 65
54 46
54 60
32 9
32 20
32 67
9 4
9 6
9 5
9 11
9 15
9 19
9 20
9 32
10 3
10 7
10 2
10 18
10 27
33 7
33 13
33 31
34 1
55 52
55 45
55 58
55 61
11 9
11 10
11 15
11 16
11 21
11 26
35 36
35 37
35 39
67 32
67 13
67 44
67 69
68 70
36 35
36 38
56 43
56 48
56 62
37 35
12 4
12 8
12 5
12 14
12 17
38 36
57 42
39 35
58 52
58 42
58 53
58 55
69 67
13 7
13 22
13 28
13 31
13 33
59 52
59 45
70 68
70 71
71 70
14 8
14 12
14 1
15 11
15 9
