0
0.001715
0.014106
0.017789
0.07897
0.138063
0.178276
0.008063
0.030196
1
0.105895
1
0.008705
0.002749
0.007531
0.438878
0.499954
0.024268
0.052868
0.50002
0.377849
0.166343
0.000946
0.083111
0.021133
0.000532
0.501279
0.052965
0.001801
0.000271
0.007741
0.002001
0.20141
0.00195
0.000912
1
0.200999
0.50121
0.100951
0.50086
0
0
1
0.08443
0.009113
0.012049
0.001293
0.000507
0.017261
0.000817
0.004662
0.004248
0.014282
0.02423
0.000322
0.017175
0.016873
0.501093
0.142533
0.004827
0.000101
0.008524
0.004146
0.499919
0.002331
0.012167
0
0.018967
0
0.009456
0
0
0
