0 1
0 2
1 0
1 3
2 0
2 4
2 5
3 1
4 2
5 1
5 2
5 10
5 6
5 7
6 8
6 9
6 11
6 12
6 5
7 5
8 9
8 6
9 8
9 10
9 6
10 9
10 5
11 6
12 192
12 11
12 5
12 6
12 168
12 9
12 43
12 13
12 14
12 19
12 238
12 154
12 69
13 33
13 68
13 102
13 39
13 104
13 75
13 12
13 17
13 18
13 55
13 24
13 124
13 158
13 63
14 20
14 37
14 31
14 201
14 27
14 12
14 30
14 15
15 16
15 147
15 37
15 22
15 27
15 143
15 14
15 31
16 176
16 106
16 46
16 14
16 15
17 33
17 197
17 134
17 199
17 73
17 79
17 171
17 141
17 13
17 18
17 21
17 26
17 59
17 125
18 96
18 256
18 135
18 45
18 13
18 17
18 117
18 23
18 56
18 185
18 122
18 94
19 162
19 155
19 12
19 38
20 65
20 151
20 198
20 14
20 15
21 112
21 17
21 34
21 97
21 55
21 24
21 103
21 136
21 95
21 13
21 29
22 14
22 26
22 28
22 90
22 30
22 15
23 464
23 18
23 156
23 77
24 21
24 40
24 42
24 172
24 170
24 13
25 41
25 163
25 20
25 101
25 183
26 17
26 22
27 159
27 36
27 61
27 14
27 15
28 40
28 22
29 32
29 21
30 49
30 22
30 118
30 150
30 40
30 14
31 14
31 15
32 112
32 34
32 78
32 29
32 54
33 17
33 19
33 196
33 165
33 35
33 218
33 43
33 13
33 223
33 47
34 32
34 67
34 37
34 71
34 24
34 143
34 29
34 85
34 21
35 80
35 33
35 51
35 116
35 181
35 97
35 72
35 129
35 206
36 48
36 27
36 20
36 163
36 167
36 123
36 61
36 221
37 238
37 34
37 35
37 85
37 214
37 184
37 76
37 14
37 15
38 19
38 120
38 121
38 58
38 187
38 44
38 77
38 47
39 17
39 164
39 84
39 153
39 216
39 52
39 138
39 13
39 169
39 191
40 160
40 210
40 115
40 195
40 24
40 15
40 28
40 30
40 95
41 25
41 183
41 111
42 24
42 172
43 33
43 154
43 83
43 12
43 131
44 18
44 100
44 53
44 38
44 23
44 194
44 87
44 60
44 175
44 149
45 18
45 117
45 56
45 220
45 108
45 98
45 93
46 16
46 157
47 202
47 33
47 146
47 77
47 38
48 163
48 36
48 221
48 70
49 30
50 132
50 85
50 24
50 42
50 107
50 13
50 142
51 89
51 90
51 35
52 84
52 39
52 216
52 138
52 77
52 191
53 81
53 66
53 100
53 57
53 109
53 44
53 82
53 60
54 32
54 29
55 88
55 17
55 212
55 21
55 13
56 209
56 18
56 44
56 45
57 53
57 127
58 120
58 187
58 38
59 17
59 62
59 88
59 74
59 189
59 126
60 204
60 44
60 53
61 148
61 86
61 217
61 152
61 36
61 27
61 14
62 64
62 81
62 59
62 211
62 219
63 68
63 13
64 62
65 20
65 198
66 53
67 34
68 13
68 63
69 192
69 12
70 48
70 123
70 36
70 221
70 167
71 41
71 34
71 67
71 133
72 35
73 17
74 59
74 126
75 104
75 13
76 184
76 61
76 37
77 19
77 52
77 38
77 23
77 127
77 190
77 47
78 32
78 29
79 17
79 141
79 134
79 199
80 72
80 35
80 116
80 181
80 206
81 161
81 66
81 53
81 62
81 130
82 53
82 45
83 43
83 127
84 216
84 164
84 52
84 39
85 112
85 50
85 99
85 131
85 37
85 179
85 34
86 99
86 61
87 128
87 137
87 144
87 44
88 59
88 55
89 51
89 47
90 193
90 51
90 28
90 22
91 177
91 85
91 86
91 215
92 26
92 19
92 12
93 45
94 18
95 208
95 17
95 178
95 21
95 40
95 186
96 18
96 135
97 32
97 129
97 35
97 116
97 21
98 108
98 45
99 114
99 85
99 86
100 57
100 44
100 53
100 113
101 25
101 183
101 143
101 179
101 111
102 105
102 47
102 13
102 77
102 55
103 21
104 203
104 119
104 75
104 140
104 13
104 110
104 207
105 97
105 102
106 16
106 176
107 50
107 139
108 98
108 220
108 45
109 66
109 53
110 104
110 481
111 25
111 183
111 163
111 101
111 41
112 32
112 145
112 34
112 21
112 139
112 85
113 162
113 100
114 99
114 12
115 40
115 160
116 80
116 97
116 35
116 165
117 18
117 156
117 45
117 23
118 49
118 30
119 104
119 203
119 140
119 110
119 207
120 58
120 38
121 137
121 38
122 64
122 256
122 18
122 82
122 166
123 36
123 70
124 13
125 17
125 171
125 79
126 74
126 59
127 57
127 83
127 60
127 77
127 23
128 144
128 87
129 80
129 97
129 35
129 89
130 81
131 43
131 85
132 50
132 107
132 142
133 71
134 17
134 79
135 96
135 185
135 18
136 21
136 103
137 121
137 87
138 84
138 52
138 39
139 112
139 97
139 50
139 107
139 461
140 104
140 203
140 207
140 110
140 119
141 17
141 79
142 50
142 107
142 132
142 223
143 34
143 179
143 101
143 15
144 128
144 87
145 112
146 47
147 14
147 15
148 152
148 217
148 61
149 44
150 118
150 30
151 65
151 20
151 198
152 148
152 61
153 84
153 138
153 52
153 39
154 43
154 12
155 19
156 117
156 23
157 46
158 13
159 27
160 40
160 115
161 81
161 59
161 213
161 126
162 113
162 19
163 48
163 36
163 101
163 182
163 25
163 174
163 111
164 84
164 52
164 39
165 33
165 180
165 116
166 122
167 48
167 36
167 70
168 12
169 164
169 39
170 24
171 17
171 125
171 134
172 24
172 42
172 170
173 168
173 12
174 163
175 44
175 263
176 16
176 184
176 106
177 91
178 186
178 95
179 101
179 85
179 14
179 143
180 165
181 80
181 35
182 163
183 25
183 41
183 101
183 111
184 176
184 76
184 37
185 18
185 135
186 178
186 95
187 58
187 38
188 57
189 104
189 52
189 59
189 84
189 39
190 77
191 84
191 52
191 39
192 12
192 69
193 90
194 44
194 175
195 40
195 160
195 115
196 33
197 17
197 125
197 134
198 65
198 20
198 151
199 17
199 79
200 102
201 147
201 14
201 15
202 146
202 47
203 104
203 140
203 119
204 60
205 26
206 72
206 80
206 35
207 104
207 203
207 140
207 110
207 119
208 186
208 95
209 56
210 40
211 261
211 62
212 55
213 161
214 37
215 91
216 52
216 191
216 84
216 39
217 148
217 61
218 33
218 51
218 187
219 211
219 62
220 108
220 45
221 48
221 123
221 36
221 70
222 180
222 165
223 33
223 226
223 225
223 234
223 43
223 13
223 142
224 233
224 226
224 227
224 230
224 223
225 234
225 227
225 223
226 224
226 235
226 228
226 229
226 223
227 224
227 225
227 230
227 233
228 226
228 229
229 226
229 228
229 461
229 231
230 224
230 227
230 236
231 232
231 229
232 231
233 224
233 227
233 223
234 225
234 223
235 226
235 228
236 230
237 228
238 192
238 240
238 255
238 52
238 37
238 246
238 241
238 187
238 12
238 247
238 239
239 242
239 243
239 244
239 238
239 254
239 255
240 238
241 254
241 245
241 247
241 249
241 251
241 238
242 244
242 239
243 255
243 261
243 239
244 242
244 239
245 248
245 241
245 246
245 249
246 250
246 245
246 238
247 241
247 238
248 245
249 241
249 245
250 246
251 241
251 252
251 253
252 251
252 253
253 251
253 252
254 241
254 239
255 249
255 243
255 238
255 239
256 257
256 18
256 259
256 87
256 122
256 156
257 256
257 258
258 257
258 260
259 256
260 258
261 211
261 262
261 243
261 26
261 189
261 126
262 261
263 321
263 231
263 264
263 266
263 333
263 175
263 336
263 243
263 342
263 122
263 315
263 127
264 359
264 343
264 291
264 307
264 263
264 265
264 267
264 492
264 270
265 288
265 273
265 274
265 264
265 284
265 282
265 268
265 338
265 271
266 272
266 322
266 324
266 405
266 294
266 279
266 263
266 381
266 318
267 305
267 373
267 310
267 264
267 346
267 269
267 303
268 274
268 275
268 311
268 265
268 355
268 285
268 286
268 317
269 361
269 378
269 267
269 326
269 375
270 264
270 407
270 348
270 351
271 448
271 289
271 452
271 423
271 297
271 364
271 366
271 399
271 272
271 481
271 276
271 309
271 278
271 265
271 280
271 308
271 282
271 347
271 284
271 350
271 287
272 279
272 345
272 266
272 275
272 271
273 265
273 275
273 316
273 277
273 409
274 455
274 300
274 265
274 299
274 268
274 285
274 301
275 272
275 273
275 371
275 326
275 408
275 268
276 280
276 452
276 278
276 271
277 265
277 291
277 273
278 416
278 322
278 323
278 276
278 293
278 328
278 271
278 403
278 398
278 287
279 272
279 266
279 314
279 290
280 308
280 297
280 276
280 284
280 350
280 271
281 320
281 385
281 270
281 422
281 295
281 264
281 327
281 413
281 302
281 367
282 385
282 265
282 289
282 425
282 271
283 265
283 338
284 440
284 329
284 280
284 265
284 429
284 271
285 274
285 376
285 265
285 410
285 268
285 338
286 355
286 268
286 317
287 384
287 312
287 450
287 403
287 278
287 296
287 393
287 271
287 424
287 303
288 265
288 283
289 282
289 438
289 271
290 279
291 264
291 360
291 292
291 277
291 376
292 344
292 291
292 277
292 327
293 312
293 321
293 428
293 278
293 417
294 433
294 266
294 443
295 281
295 386
295 327
296 269
296 287
297 276
297 309
297 280
297 377
297 298
297 347
297 364
297 452
297 271
298 441
298 335
298 374
298 313
298 397
298 297
298 330
298 271
298 479
298 301
298 303
299 313
299 274
299 267
299 306
300 401
300 274
300 371
300 313
300 301
300 418
301 420
301 274
301 460
301 300
301 298
302 264
302 281
302 282
302 385
303 481
303 299
303 388
303 310
303 457
303 298
303 267
303 395
303 330
303 287
304 300
304 358
304 415
305 267
305 373
306 363
306 314
306 299
307 264
307 359
307 270
307 351
308 368
308 276
308 309
308 423
308 280
308 377
308 364
308 271
309 368
309 448
309 308
309 423
309 280
309 297
309 350
309 271
310 337
310 372
310 357
310 303
310 267
310 414
310 325
311 268
311 286
312 287
312 400
312 293
312 331
312 380
312 271
313 426
313 391
313 346
313 299
313 300
313 298
313 382
313 301
314 306
314 279
314 287
315 369
315 356
315 263
315 362
315 349
315 442
316 273
316 338
316 371
317 383
317 436
317 445
317 282
317 299
317 268
317 427
317 286
317 319
318 266
318 394
319 332
319 317
320 386
320 422
320 327
320 281
320 295
320 367
321 323
321 293
321 342
321 263
322 266
322 278
323 321
323 278
324 266
324 318
325 357
325 310
326 275
326 412
326 269
326 334
326 421
327 320
327 353
327 370
327 339
327 292
327 295
327 281
327 391
328 278
329 284
330 404
330 437
330 390
330 298
330 301
330 303
331 312
331 392
331 380
332 289
332 331
332 317
332 319
333 263
334 411
334 421
334 326
335 298
336 263
337 325
337 310
338 265
338 283
338 316
338 285
339 354
339 340
339 327
339 264
339 459
339 447
340 354
340 339
340 341
340 348
340 459
340 444
341 313
341 267
341 340
342 321
342 263
343 264
343 432
343 332
343 389
343 270
344 396
344 292
344 454
345 272
346 313
346 267
347 368
347 308
347 423
347 297
347 452
347 271
348 339
348 340
348 270
349 362
349 315
349 356
350 352
350 402
350 309
350 280
350 428
350 271
351 281
351 307
351 365
351 270
352 350
353 444
353 327
354 339
354 340
354 459
354 447
355 403
355 268
355 286
356 315
356 349
357 372
357 325
357 310
357 406
358 304
358 415
359 264
359 307
359 270
360 344
360 291
360 430
360 451
361 269
362 369
362 315
362 349
363 306
364 280
364 297
364 308
364 271
365 351
366 280
366 347
366 271
366 335
367 320
367 281
368 347
368 308
368 309
368 271
369 362
369 315
369 349
369 405
370 353
370 327
371 273
371 275
371 316
371 387
371 300
372 414
372 406
372 357
372 310
372 397
373 305
373 267
374 330
374 298
374 397
375 269
376 338
376 291
376 285
376 410
377 297
377 271
377 276
377 308
378 412
378 269
379 336
379 323
379 435
379 431
380 312
380 400
380 331
381 266
382 313
382 426
383 317
383 319
384 287
385 281
385 282
385 302
386 320
386 422
386 295
387 371
388 303
389 432
389 343
390 330
391 376
391 313
391 341
391 327
392 312
392 331
392 380
393 384
393 424
393 403
393 287
394 405
394 318
395 457
395 303
396 344
397 298
397 419
397 372
397 325
397 374
398 322
398 278
399 297
399 276
399 308
399 271
400 312
400 331
400 380
401 300
402 350
403 393
403 355
403 278
403 287
404 330
404 390
405 458
405 369
405 266
405 394
405 446
406 372
406 325
406 414
406 357
407 264
407 270
408 275
409 273
410 376
410 285
411 409
411 271
411 326
411 334
411 361
412 378
412 326
412 334
413 281
413 453
413 367
414 372
414 406
414 310
415 304
415 358
415 455
416 278
417 293
418 401
418 300
419 397
420 443
420 301
421 334
421 326
422 320
422 281
422 386
422 453
423 347
423 308
423 309
423 271
424 393
424 287
425 282
426 313
426 382
427 317
428 456
428 293
428 350
429 284
430 360
430 451
431 379
431 435
432 389
432 343
433 294
434 312
434 400
434 331
434 380
435 379
435 431
436 317
436 383
437 433
437 330
437 301
437 390
437 439
438 289
439 437
440 284
441 298
442 449
442 362
442 315
442 349
443 274
443 420
443 301
443 294
443 303
444 353
444 340
444 327
445 436
445 317
446 458
446 405
447 354
447 339
447 340
448 377
448 347
448 309
448 271
449 442
449 263
450 393
450 287
451 360
451 430
452 297
452 347
452 276
452 271
453 281
453 413
453 422
453 295
454 344
455 274
455 415
456 428
457 395
457 303
458 405
458 446
459 354
459 339
459 340
460 420
460 301
461 229
461 441
461 139
461 428
461 462
461 245
462 461
462 463
463 461
463 462
464 466
464 104
464 465
464 467
464 23
464 24
464 443
464 141
465 464
465 468
465 470
465 472
465 473
465 474
466 464
467 464
467 472
467 475
467 470
468 465
468 469
468 478
468 471
469 468
469 478
469 471
470 465
470 467
471 472
471 468
471 469
472 465
472 467
472 471
473 465
473 476
474 465
475 467
476 473
476 477
477 476
478 468
478 469
479 480
479 313
479 330
479 298
479 350
480 479
481 482
481 483
481 196
481 485
481 489
481 393
481 271
481 110
481 303
482 488
482 481
483 481
483 484
484 483
485 481
485 486
485 487
486 490
486 485
487 485
488 482
489 481
489 491
490 486
491 489
492 227
492 36
492 453
492 264
492 495
492 285
492 493
493 498
493 492
493 494
493 495
494 497
494 493
495 496
495 499
495 492
495 493
496 495
497 494
498 499
498 493
499 498
499 495
