2 3
2 12
2 13
2 15
2 52
3 2
3 6
3 8
4 14
4 26
4 33
5 27
6 3
6 7
7 6
8 3
8 24
9 4
9 14
11 10
11 19
11 29
11 35
12 2
12 31
13 3
13 2
13 21
13 32
14 4
14 9
14 17
15 2
16 17
17 16
17 14
17 27
18 6
18 13
19 11
19 29
19 35
20 14
20 4
20 9
20 22
20 23
21 13
21 32
22 20
22 23
23 20
23 22
24 8
24 25
25 24
25 12
26 4
26 33
27 5
27 17
29 19
29 11
30 24
31 12
32 21
32 13
33 4
33 14
33 26
34 10
35 11
35 19
35 48
36 37
36 38
37 36
37 38
37 39
38 37
38 36
38 40
39 37
40 38
41 42
41 43
41 44
41 45
42 41
43 41
44 41
45 41
45 46
46 45
46 99
47 45
47 41
48 35
48 13
48 49
48 50
48 51
48 52
49 48
50 48
50 51
50 52
51 48
51 50
52 23
52 29
52 2
52 50
52 48
52 53
53 52
54 55
54 56
54 58
54 64
54 84
54 88
54 96
55 54
55 56
55 58
56 55
56 54
58 54
58 55
58 59
58 66
58 70
58 75
58 78
59 58
59 61
59 75
59 78
60 65
61 59
61 58
61 62
61 72
61 92
61 97
62 61
62 92
63 57
63 67
63 80
63 85
64 54
64 77
64 81
64 91
65 60
66 58
66 59
66 78
67 63
67 68
67 87
68 67
68 73
68 95
69 54
69 64
69 74
69 76
69 83
70 58
70 89
71 60
71 79
72 61
72 62
72 97
73 68
73 95
74 69
74 76
74 83
75 58
75 59
76 74
76 69
77 64
77 93
78 58
78 66
78 59
79 71
79 82
80 63
80 85
81 77
81 64
81 91
82 79
82 71
83 69
83 74
84 54
84 55
84 88
85 63
85 80
86 68
86 73
87 67
88 84
88 54
89 70
90 98
91 64
91 81
91 93
92 72
92 62
92 61
92 97
93 77
93 64
93 91
94 90
95 68
95 73
96 54
96 69
97 92
97 72
97 61
98 90
99 46
100 101
101 100
