0
0
1
0.067459
0.09987
0.001378
0.005651
0.001875
0.008508
0.275592
0.003629
0.022074
0.200217
0.211319
0.164895
0.499882
0.006899
0.027558
0
0.037619
1
0.062901
0.294909
0.271851
0.001246
0.000387
0.028789
0.006942
0
0.049904
0
0.100062
0.063031
0.024039
0
0.168098
0
0
0
0
0
1
0.500976
0.500426
0.500557
0.111365
0.018796
0
1
0.50071
0.174817
0.278641
0.204024
0.101905
1
0.136148
0.220098
0
0.127087
0.098479
0
1
0.188447
0
0.102135
0
0.031949
0
0
0.011254
0.012733
0
0.216331
0
0.002558
0.054237
0.003305
0.024725
0.03977
0
0
0.023356
0
0.003279
0.233102
0
0
0
0.232724
0.006372
0
0.020509
0.186317
0.00863
0
0
0.16662
0.214711
0
0.00161
0
0
0
0
0
0
