106
237
2 3 0.0555556
2 12 0.2
2 13 0.111111
2 15 0.5
2 52 0.1
3 2 0.0588235
3 6 0.0833333
3 8 0.125
4 14 0.125
4 26 0.25
4 33 0.2
5 27 0.25
6 3 0.0555556
6 7 0.333333
7 6 0.0833333
8 3 0.0555556
8 24 0.142857
9 4 0.0714286
9 14 0.125
11 10 0.166667
11 19 0.166667
11 29 0.2
11 35 0.166667
12 2 0.0588235
12 31 0.5
13 3 0.0555556
13 2 0.0588235
13 21 0.25
13 32 0.25
14 4 0.0714286
14 9 0.25
14 17 0.166667
15 2 0.0588235
16 17 0.166667
17 16 0.25
17 14 0.125
17 27 0.25
18 6 0.0833333
18 13 0.111111
19 11 0.0909091
19 29 0.2
19 35 0.166667
20 14 0.125
20 4 0.0714286
20 9 0.25
20 22 0.25
20 23 0.2
21 13 0.111111
21 32 0.25
22 20 0.111111
22 23 0.2
23 20 0.111111
23 22 0.25
24 8 0.125
24 25 0.333333
25 24 0.142857
25 12 0.2
26 4 0.0714286
26 33 0.2
27 5 0.2
27 17 0.166667
29 19 0.166667
29 11 0.0909091
30 24 0.142857
31 12 0.2
32 21 0.25
32 13 0.111111
33 4 0.0714286
33 14 0.125
33 26 0.25
34 10 0.166667
35 11 0.0909091
35 19 0.166667
35 48 0.0588235
36 37 0.1
36 38 0.125
37 36 0.166667
37 38 0.125
37 39 0.5
38 37 0.1
38 36 0.166667
38 40 0.5
39 37 0.1
40 38 0.125
41 42 0.5
41 43 0.5
41 44 0.5
41 45 0.111111
42 41 0.0909091
43 41 0.0909091
44 41 0.0909091
45 41 0.0909091
45 46 0.166667
46 45 0.111111
46 99 0.0833333
47 45 0.111111
47 41 0.0909091
48 35 0.166667
48 13 0.111111
48 49 0.5
48 50 0.125
48 51 0.25
48 52 0.1
49 48 0.0588235
50 48 0.0588235
50 51 0.25
50 52 0.1
51 48 0.0588235
51 50 0.125
52 23 0.2
52 29 0.2
52 2 0.0588235
52 50 0.125
52 48 0.0588235
52 53 0.5
53 52 0.1
54 55 0.0909091
54 56 0.2
54 58 0.0588235
54 64 0.1
54 84 0.2
54 88 0.2
54 96 0.166667
55 54 0.04
55 56 0.2
55 58 0.0588235
56 55 0.0909091
56 54 0.04
58 54 0.04
58 55 0.0909091
58 59 0.0833333
58 66 0.2
58 70 0.1
58 75 0.25
58 78 0.166667
59 58 0.0588235
59 61 0.0909091
59 75 0.25
59 78 0.166667
60 65 0.25
61 59 0.0833333
61 58 0.0588235
61 62 0.142857
61 72 0.166667
61 92 0.142857
61 97 0.166667
62 61 0.0909091
62 92 0.142857
63 57 0.111111
63 67 0.166667
63 80 0.25
63 85 0.25
64 54 0.04
64 77 0.2
64 81 0.2
64 91 0.166667
65 60 0.166667
66 58 0.0588235
66 59 0.0833333
66 78 0.166667
67 63 0.111111
67 68 0.111111
67 87 0.5
68 67 0.166667
68 73 0.142857
68 95 0.25
69 54 0.04
69 64 0.1
69 74 0.166667
69 76 0.25
69 83 0.25
70 58 0.0588235
70 89 0.5
71 60 0.166667
71 79 0.25
72 61 0.0909091
72 62 0.142857
72 97 0.166667
73 68 0.111111
73 95 0.25
74 69 0.0666667
74 76 0.25
74 83 0.25
75 58 0.0588235
75 59 0.0833333
76 74 0.166667
76 69 0.0666667
77 64 0.1
77 93 0.2
78 58 0.0588235
78 66 0.2
78 59 0.0833333
79 71 0.166667
79 82 0.333333
80 63 0.111111
80 85 0.25
81 77 0.2
81 64 0.1
81 91 0.166667
82 79 0.25
82 71 0.166667
83 69 0.0666667
83 74 0.166667
84 54 0.04
84 55 0.0909091
84 88 0.2
85 63 0.111111
85 80 0.25
86 68 0.111111
86 73 0.142857
87 67 0.166667
88 84 0.2
88 54 0.04
89 70 0.1
90 98 0.5
91 64 0.1
91 81 0.2
91 93 0.2
92 72 0.166667
92 62 0.142857
92 61 0.0909091
92 97 0.166667
93 77 0.2
93 64 0.1
93 91 0.166667
94 90 0.111111
95 68 0.111111
95 73 0.142857
96 54 0.04
96 69 0.0666667
97 92 0.142857
97 72 0.166667
97 61 0.0909091
98 90 0.111111
99 46 0.166667
100 101 0.142857
101 100 0.166667
