0 1
0 2
0 3
1 0
2 0
2 4
2 5
3 0
4 2
5 8
5 2
5 4
5 10
5 6
6 9
6 11
6 12
6 5
6 7
7 12
7 6
8 5
9 12
9 6
10 5
11 6
12 64
12 6
12 7
12 9
12 140
12 13
12 16
12 177
12 117
12 28
12 30
12 95
13 80
13 193
13 19
13 30
13 14
13 91
13 12
13 78
14 66
14 68
14 261
14 38
14 263
14 15
14 12
14 45
14 13
14 176
14 17
14 22
14 24
14 218
14 27
14 126
15 134
15 38
15 44
15 106
15 76
15 14
16 238
16 18
16 20
16 37
16 71
16 60
16 26
16 167
16 12
16 50
16 94
17 222
17 66
17 21
17 168
17 107
17 92
17 14
18 16
18 99
18 35
18 100
18 151
18 31
18 47
19 171
19 149
19 119
19 25
19 23
19 13
20 16
21 17
21 34
21 84
21 38
21 57
21 44
22 32
22 131
22 53
22 56
22 90
22 43
22 14
22 143
23 49
23 19
23 101
23 119
23 40
23 492
23 74
23 172
24 42
24 27
24 14
25 41
25 19
25 102
26 16
26 67
26 20
26 189
26 103
27 130
27 100
27 24
27 42
27 43
27 14
28 48
28 80
28 12
28 29
28 217
29 48
29 217
29 28
30 49
30 91
30 12
30 13
31 33
31 18
31 261
31 36
31 69
31 88
31 121
31 58
31 146
31 191
32 17
32 156
32 22
32 73
33 160
33 83
33 196
33 200
33 186
33 31
34 54
34 44
34 21
34 46
34 39
35 18
35 151
36 51
36 27
36 52
36 59
36 199
36 58
36 43
36 125
36 31
37 16
37 50
37 20
37 94
37 71
38 21
38 106
38 139
38 138
38 14
38 15
39 17
39 34
40 81
40 116
40 101
40 23
40 74
40 119
40 215
41 25
41 102
42 24
42 27
42 44
42 55
43 36
43 22
43 70
43 27
43 77
43 461
44 145
44 66
44 21
44 42
44 34
44 15
45 14
46 34
46 54
47 185
47 18
47 110
47 61
47 62
48 81
48 50
48 28
48 29
49 30
49 23
50 40
50 16
50 128
50 37
50 48
51 464
51 113
51 52
51 199
51 36
51 59
51 125
52 51
52 36
52 22
52 183
52 56
52 89
53 51
53 52
53 22
54 104
54 34
54 188
54 178
54 46
55 42
56 52
56 22
57 144
57 17
57 203
57 21
57 73
57 175
57 208
57 165
58 162
58 195
58 36
58 86
58 204
58 31
59 164
59 51
59 36
59 166
59 105
59 153
59 52
59 61
59 238
60 65
60 97
60 112
60 75
60 238
60 93
60 16
60 209
60 20
60 214
60 216
60 157
60 31
61 96
61 173
61 59
61 148
61 169
61 47
61 154
61 75
61 60
61 141
61 63
62 185
62 110
62 47
63 169
63 148
63 61
64 12
64 109
64 87
65 72
65 188
65 60
66 17
66 162
66 44
66 204
66 14
67 120
67 33
67 26
67 194
67 103
68 14
69 88
69 31
70 43
70 77
71 16
71 82
71 60
71 37
71 190
72 65
72 98
72 85
72 111
73 32
73 57
73 210
74 40
74 114
74 119
74 101
74 23
75 170
75 60
75 61
75 198
75 63
76 106
76 179
76 15
77 43
77 70
78 13
79 16
79 20
79 37
80 155
80 28
80 13
80 30
81 48
81 80
81 212
81 129
81 40
81 91
81 172
82 216
82 158
82 71
83 200
83 33
83 196
84 21
85 72
85 98
86 58
86 163
86 31
87 64
87 172
87 150
87 142
87 95
88 69
88 31
89 187
89 52
89 61
89 135
90 22
91 80
91 81
91 13
91 30
91 161
92 17
92 122
92 211
92 223
93 60
94 16
94 20
94 37
94 167
95 12
95 197
95 87
96 114
96 148
96 63
96 220
96 141
96 61
97 124
97 60
98 72
98 85
99 18
100 51
100 18
100 123
100 152
100 137
100 27
100 108
101 40
101 74
101 19
101 23
102 41
102 25
103 26
103 67
103 118
104 137
104 188
104 54
105 113
105 59
105 221
105 153
106 159
106 76
106 38
106 15
107 17
107 263
108 123
108 100
108 127
109 64
110 62
110 47
111 72
111 85
112 216
112 209
112 60
113 51
113 133
113 105
113 26
113 59
113 213
114 96
114 149
114 23
114 74
114 135
114 63
115 192
115 51
115 36
116 40
116 23
117 177
117 12
118 103
119 136
119 19
119 132
119 23
119 40
119 201
119 74
119 492
120 67
121 31
122 92
123 108
123 100
124 97
124 60
124 214
125 192
125 51
125 36
126 176
126 14
127 100
127 123
127 108
128 50
128 140
129 81
130 27
131 22
132 201
132 119
133 113
134 207
134 76
134 181
134 15
135 40
135 89
135 114
136 119
137 113
137 100
137 134
137 103
137 104
137 152
138 14
138 38
139 38
140 128
140 202
140 147
140 12
141 96
141 61
142 87
143 131
143 22
144 208
144 57
144 223
144 165
144 175
145 44
146 88
146 69
146 31
147 202
147 140
148 96
148 173
148 219
148 61
148 63
149 49
149 114
149 19
149 174
149 103
150 87
151 99
151 18
151 35
152 137
152 100
152 198
152 54
152 207
153 464
153 105
153 59
154 61
154 63
155 80
156 32
157 124
157 60
158 82
159 106
160 33
160 83
161 91
162 58
162 66
163 114
163 205
163 86
164 59
164 261
164 166
165 144
165 57
165 203
165 263
166 105
166 59
166 164
166 221
167 16
167 20
167 37
167 94
168 17
168 57
169 148
169 61
169 63
170 75
171 19
171 492
172 81
172 23
172 101
172 87
173 220
173 148
173 61
174 184
174 149
175 144
175 57
175 203
175 165
176 126
176 14
177 12
177 117
178 104
178 182
178 54
179 76
179 15
180 42
181 134
182 178
183 52
184 174
185 110
185 62
185 47
186 33
186 83
186 196
187 89
188 104
188 65
188 60
188 54
189 113
189 26
190 65
190 20
190 71
191 121
191 31
192 115
192 51
192 36
192 125
193 13
194 67
195 58
196 200
196 33
196 186
196 83
197 91
197 142
197 95
198 152
198 75
199 192
199 492
199 51
199 36
199 125
200 33
200 83
200 196
201 132
201 119
202 147
202 140
203 57
203 165
203 175
204 58
204 66
204 134
204 207
205 163
206 84
206 21
207 152
207 204
207 134
207 39
208 144
208 57
208 203
209 112
209 60
209 157
210 73
211 122
211 92
212 81
213 113
214 209
214 60
214 124
215 40
215 23
216 112
216 82
216 60
217 28
217 29
218 126
218 14
219 148
219 61
219 63
220 96
220 63
220 173
220 61
221 105
221 59
221 166
222 17
222 39
223 144
223 224
223 211
223 230
223 39
223 107
223 92
223 237
224 225
224 228
224 229
224 234
224 479
224 223
225 224
225 226
225 231
226 225
226 227
227 225
227 226
228 224
228 232
229 224
230 237
230 223
231 225
232 233
232 235
232 228
232 236
233 232
233 235
234 224
234 236
234 261
235 232
235 233
236 224
236 232
236 234
237 230
237 223
238 16
238 240
238 242
238 241
238 31
238 59
238 60
238 255
238 256
238 239
239 238
240 238
241 243
241 245
241 238
241 247
242 253
242 238
243 241
243 244
243 238
244 243
244 246
245 248
245 241
245 251
245 238
246 244
247 241
247 250
247 254
247 255
248 252
248 245
249 245
250 247
251 245
252 248
253 242
254 247
255 250
255 238
255 247
256 112
256 177
256 258
256 260
256 6
256 257
256 238
257 256
257 259
258 256
258 257
259 257
260 256
261 164
261 262
261 234
261 125
261 14
261 31
262 261
263 288
263 315
263 165
263 264
263 265
263 107
263 403
263 14
263 175
264 352
264 368
264 274
264 371
264 309
264 432
264 263
264 328
264 361
264 266
264 267
265 272
265 305
265 308
265 410
265 263
265 394
265 455
265 333
265 270
266 304
266 355
266 292
266 279
266 264
266 268
266 388
266 284
266 387
266 398
266 271
267 276
267 358
267 457
267 264
267 413
267 269
267 335
268 481
268 292
268 277
268 295
268 266
268 365
268 429
269 267
269 293
270 272
270 265
270 333
270 455
271 417
271 322
271 291
271 326
271 327
271 266
271 363
271 337
271 400
271 273
271 372
271 281
271 415
271 319
272 321
272 296
272 265
272 411
272 444
272 270
273 289
273 275
273 326
273 281
273 339
273 460
273 334
273 271
274 264
274 366
274 302
275 320
275 336
275 347
275 298
275 331
275 285
275 271
275 273
275 351
275 278
275 314
275 283
275 266
275 287
276 447
276 291
276 421
276 282
276 267
276 285
276 351
277 425
277 280
277 268
277 330
277 348
277 286
278 275
278 356
278 407
278 344
278 377
278 299
278 332
278 367
279 266
279 378
279 274
279 311
280 386
280 277
280 286
281 273
281 420
281 357
281 328
281 297
281 431
281 283
281 381
281 271
282 393
282 275
282 276
282 423
282 279
283 426
283 275
283 340
283 406
283 310
283 297
283 281
283 323
283 300
283 301
283 271
284 266
284 307
284 492
284 402
284 398
285 289
285 275
285 276
285 421
285 343
285 427
286 280
286 306
286 277
287 384
287 275
287 329
287 459
287 460
287 271
288 389
288 263
289 273
289 285
289 294
289 343
290 313
290 443
290 276
291 313
291 275
291 276
291 271
292 384
292 370
292 341
292 268
292 266
292 428
292 316
292 434
293 306
293 280
293 457
293 269
293 286
293 317
294 464
294 289
294 380
294 313
295 369
295 434
295 391
295 268
295 383
296 272
296 305
296 408
296 324
296 392
296 396
296 450
297 281
297 283
297 422
297 350
297 345
298 275
299 404
299 325
299 278
299 375
299 346
299 283
299 397
299 414
300 376
300 323
300 283
300 340
300 310
301 264
301 368
301 323
301 283
302 274
302 366
303 296
303 409
303 301
304 266
305 312
305 456
305 263
305 296
305 265
305 362
305 396
306 330
306 293
306 286
307 284
308 265
308 403
308 270
309 264
309 361
309 368
310 283
310 300
311 279
312 305
312 362
312 265
313 290
313 291
313 294
314 331
314 275
314 356
315 265
315 338
315 318
315 263
316 385
316 292
316 341
316 428
316 266
316 268
317 293
318 440
318 315
319 274
319 271
320 314
320 275
321 272
321 444
322 274
322 279
322 445
322 430
322 271
323 452
323 342
323 375
323 283
323 300
323 301
323 446
323 349
324 296
324 416
325 449
325 299
325 404
325 359
326 448
326 273
326 271
327 271
328 264
328 281
328 322
328 353
329 384
329 412
329 364
329 365
329 287
330 306
330 277
331 299
331 314
331 275
332 344
332 278
332 407
333 272
333 265
333 399
333 270
333 360
334 273
335 454
335 354
335 267
335 390
335 382
336 433
336 275
336 310
337 271
338 424
338 315
339 273
339 334
340 426
340 283
340 300
341 292
341 316
341 373
342 323
342 452
342 349
343 289
343 285
343 294
344 356
344 332
344 278
345 297
345 422
346 449
346 299
346 325
346 359
347 320
347 275
348 277
349 323
349 342
350 297
350 441
350 374
350 345
351 275
351 276
351 285
352 264
353 328
353 395
354 382
354 335
355 266
356 344
356 314
356 332
356 278
357 281
357 394
357 381
357 431
358 267
359 346
359 299
359 325
359 414
359 397
360 265
360 333
361 264
361 309
362 312
362 305
363 400
363 461
363 271
364 329
364 287
365 329
365 268
365 287
366 274
366 302
367 332
367 278
367 407
368 264
368 405
368 301
368 309
369 402
369 383
369 391
369 442
369 295
370 292
371 264
371 361
372 417
372 415
372 271
373 428
373 341
374 385
374 350
375 299
375 346
375 323
376 283
376 300
376 406
377 418
377 278
378 311
378 279
379 319
380 289
380 294
381 281
381 420
381 357
381 431
382 354
382 335
383 369
383 425
383 295
384 401
384 329
384 266
384 292
384 287
385 425
385 316
385 293
385 374
386 280
387 266
388 266
388 398
389 288
390 354
390 437
390 335
391 369
391 295
392 296
392 396
392 324
393 282
394 265
394 395
394 357
395 328
395 353
395 394
395 432
396 296
396 305
396 392
397 299
397 356
397 325
397 359
398 284
398 266
398 388
399 333
400 363
400 271
401 384
402 369
402 434
402 307
402 330
402 284
402 435
403 265
403 343
403 308
403 263
404 299
404 325
405 368
406 376
406 283
406 300
407 332
407 278
407 367
408 392
408 296
408 416
409 303
410 265
411 272
412 329
412 459
412 364
412 287
413 267
413 358
414 449
414 299
414 359
415 372
415 271
416 408
416 296
416 450
416 324
417 372
417 271
418 377
419 317
420 281
420 458
420 381
420 357
421 354
421 439
421 276
421 285
421 335
422 297
422 395
422 345
423 393
423 282
423 451
423 276
424 338
424 315
424 318
425 385
425 295
425 277
425 383
426 376
426 436
426 283
426 340
426 406
427 285
428 316
428 292
428 373
429 268
430 322
430 445
431 281
431 381
431 357
432 264
432 361
432 395
432 438
432 321
433 336
434 402
434 383
434 292
434 391
434 295
435 402
436 376
436 426
436 283
436 300
437 390
438 432
439 421
440 338
440 318
441 350
442 369
443 290
444 272
444 321
445 322
445 430
446 323
446 349
447 276
448 326
449 346
449 299
449 325
449 414
450 296
450 416
450 408
451 290
451 269
451 423
452 323
452 349
452 342
453 337
453 271
453 415
454 354
454 335
455 265
455 410
455 270
456 312
456 305
457 267
457 293
457 423
458 281
458 420
458 381
458 431
459 412
459 287
460 328
460 273
460 329
460 287
461 371
461 462
461 363
461 426
461 43
461 414
462 461
462 463
463 462
464 465
464 51
464 478
464 469
464 294
464 467
464 88
464 153
464 475
464 275
465 464
465 468
466 465
466 475
467 464
467 473
468 465
468 474
469 464
469 476
469 470
470 472
470 469
470 471
471 470
472 470
473 464
473 467
474 468
475 464
475 466
475 477
476 469
476 477
477 475
477 476
478 464
478 475
479 224
479 480
479 51
479 264
479 77
479 125
480 479
481 489
481 488
481 482
481 483
481 23
481 472
481 316
481 268
481 383
482 481
483 481
483 484
483 486
484 483
484 485
485 490
485 491
485 484
485 487
486 483
487 485
488 481
489 481
490 485
491 485
492 496
492 499
492 494
492 23
492 119
492 171
492 284
492 493
492 199
492 495
493 492
494 497
494 498
494 492
494 495
495 496
495 492
495 494
496 492
496 495
497 494
498 494
499 492
