0 1
1 0
1 4
2 5
4 1
5 2
6 8
6 10
6 21
6 67
6 72
7 49
8 6
8 11
8 12
9 14
9 45
9 78
10 6
10 19
10 28
11 8
11 31
11 90
12 8
12 31
12 87
13 22
13 26
13 34
13 46
13 64
13 68
14 7
14 9
14 16
14 20
14 42
14 66
14 101
16 14
16 24
16 42
16 101
17 29
17 30
17 59
17 86
17 97
17 102
17 109
18 38
19 10
20 14
20 16
20 45
20 52
20 80
21 6
21 31
22 13
22 68
23 13
23 22
23 25
23 27
23 37
23 48
23 51
24 14
24 16
24 66
24 251
25 23
25 37
25 61
25 71
26 13
26 36
26 40
26 47
26 95
27 23
27 25
27 35
27 39
27 46
27 58
27 82
28 10
29 17
29 59
29 86
29 96
29 97
29 102
29 109
30 17
30 50
30 69
30 107
31 11
31 12
31 21
31 65
31 71
31 91
32 15
32 27
32 33
32 44
33 32
33 44
34 13
34 22
34 68
35 27
35 79
36 26
36 40
36 95
37 25
37 23
37 51
37 61
38 18
38 35
38 71
38 75
38 105
39 27
39 35
39 41
39 57
39 77
40 36
40 26
40 42
40 88
40 106
41 39
42 16
42 14
42 40
43 42
43 7
43 18
44 33
44 32
45 20
45 9
46 27
46 13
46 56
47 26
47 60
47 80
47 93
48 23
48 37
48 25
48 53
49 7
50 30
50 63
50 64
51 37
51 25
51 23
51 61
51 111
52 20
53 48
54 108
55 39
56 46
57 41
57 39
57 55
58 27
58 82
59 29
59 30
59 17
59 89
59 99
60 47
61 51
61 37
61 25
61 77
61 83
61 85
61 129
63 50
64 13
64 50
64 98
65 31
66 24
66 14
67 6
68 13
68 34
68 22
69 30
69 29
69 81
69 84
69 100
70 38
70 20
71 31
71 25
71 38
71 73
71 78
72 6
73 71
74 30
74 107
75 38
76 50
76 8
76 94
77 39
77 51
77 61
78 9
78 71
78 25
79 35
79 111
80 20
80 47
80 6
80 52
80 104
81 69
81 84
82 27
82 58
83 61
83 23
84 69
84 81
85 23
85 83
85 61
86 29
86 17
87 12
88 40
88 106
89 59
90 11
90 29
91 65
91 31
92 39
92 57
93 47
94 76
94 78
94 110
95 36
95 26
95 60
96 17
96 29
96 97
96 102
97 17
97 96
97 29
97 102
98 64
99 59
100 69
100 81
101 16
101 40
101 20
101 14
102 97
102 29
102 96
102 17
102 109
103 59
104 80
105 38
105 75
106 40
106 88
107 30
107 74
108 54
109 17
109 102
109 29
109 96
110 94
111 25
111 79
111 27
111 51
111 112
111 113
111 115
111 117
112 111
112 113
113 112
113 111
113 114
114 113
115 111
117 111
117 112
118 120
118 241
119 123
120 118
120 121
121 120
123 119
125 103
125 111
125 59
125 74
125 126
125 127
126 125
127 125
129 61
129 26
129 131
129 135
129 137
129 138
129 139
129 141
129 145
129 147
129 156
129 183
129 189
129 204
129 211
129 220
130 132
130 133
130 134
130 170
130 196
131 129
131 176
131 178
131 211
132 130
132 170
132 200
133 130
133 213
134 130
134 140
134 142
134 194
134 196
135 129
135 142
135 143
135 144
135 153
135 157
135 162
135 186
136 154
136 164
136 167
136 188
137 129
137 141
137 147
137 156
137 204
137 256
138 129
138 168
139 138
139 129
139 143
139 145
139 152
139 193
140 134
140 194
140 196
140 224
141 137
141 129
141 149
141 151
141 155
141 180
141 192
141 226
142 135
142 134
142 144
143 139
143 135
143 168
143 208
143 231
143 234
144 135
144 142
145 129
145 139
145 150
145 160
145 165
145 171
145 173
145 221
146 145
146 179
147 137
147 129
147 156
147 189
147 228
147 251
148 141
149 141
149 151
149 155
149 180
150 145
150 154
150 159
150 163
150 195
151 141
151 149
151 197
152 139
153 135
153 169
153 172
153 214
153 215
153 237
154 150
154 136
154 184
154 185
154 191
154 229
155 141
155 149
155 161
156 147
156 137
156 129
156 204
157 135
157 186
158 129
158 147
158 166
158 199
159 150
159 163
159 195
160 145
160 191
160 212
160 238
161 155
162 135
162 169
163 150
163 159
164 136
164 187
165 145
166 158
167 136
168 143
168 138
169 168
169 153
169 162
170 130
170 132
171 145
171 174
171 182
172 153
173 145
173 146
173 177
173 202
173 203
173 227
173 235
174 171
175 201
175 205
175 216
175 225
176 131
177 173
177 203
177 227
177 235
178 131
178 210
179 146
180 141
180 149
180 206
181 207
181 209
181 219
181 236
182 171
182 174
183 129
184 154
185 154
186 135
186 157
187 164
188 136
188 167
188 198
189 129
189 147
189 190
190 189
191 154
191 160
192 141
192 149
193 139
193 233
194 134
194 140
194 196
195 150
195 159
195 163
196 164
196 194
196 134
196 130
196 140
196 208
196 222
197 151
198 167
198 188
198 136
199 158
199 166
200 132
201 175
202 173
202 227
203 173
203 177
203 205
204 129
204 137
204 156
205 203
205 175
205 218
206 180
206 151
207 181
208 168
208 196
208 143
209 181
209 133
209 232
210 178
211 129
211 131
212 160
212 238
213 133
214 153
214 237
215 153
215 214
216 180
216 175
216 206
216 230
217 211
217 176
218 205
219 181
219 207
220 129
221 145
222 196
223 154
223 185
223 184
224 140
224 194
224 134
225 201
225 175
226 141
226 149
227 173
227 202
227 177
227 235
228 129
228 137
228 147
228 183
229 154
229 130
229 184
230 216
231 143
232 209
233 193
234 143
235 227
235 177
235 173
236 181
236 207
236 219
237 153
237 214
238 160
238 212
239 150
239 195
239 163
241 118
241 37
241 242
241 243
241 246
242 241
242 244
242 245
243 241
244 242
244 245
244 247
245 244
245 242
246 241
247 244
247 248
248 247
251 235
251 147
251 24
251 252
251 254
252 251
252 253
253 252
254 251
256 145
256 27
256 137
256 257
256 258
256 259
257 256
257 260
257 261
258 256
259 256
260 257
260 261
261 260
261 257
