0
0
0
0
0
0
1
3.8e-05
0.115035
0.003125
0.166642
0.180884
0.13754
0.020155
0.000318
0
0.000277
0.007663
0.201672
0.02774
0.000189
0.305551
0.017978
0.084471
0.001068
0.179916
0.077822
1
0.041634
0.008497
0.030009
1
0
0
0.005095
0.343607
0.015575
0.046577
1
0.078444
0.008326
0.028447
0.000957
0
0
0.000827
0.126786
0.007974
0.010674
1.6e-05
0.004108
0.120643
0.000369
0.005347
0
0.005608
0.063509
0.01124
0.29867
0.103301
0.002534
0.093878
0
0.002021
0.003101
0.407501
0.000271
0.500471
0.006562
0.002847
0
0.186279
0.500916
0.093181
0.250988
0.407162
0
0.03387
0.031101
0.309294
0.001026
0.000858
0.297393
0.028021
0.000874
0.023543
0.003891
0.069134
0.002467
0.05168
0.036203
0.332876
0
0.004032
0
0.012766
0.001775
0.002434
0.001573
0.034401
0.00094
7.2e-05
0.00203
0.251063
0.000483
0.333233
0.002481
0.06803
0
0.002184
0
1
0.199999
0.166256
0.041766
0.499748
0
0.333543
0
0
0
0
0
0
0
1
0.250424
0.500766
0
1
0.082405
0.107256
0.011125
0.00937
0.09109
0.180089
0.104217
0.176837
0.232506
0.248445
0.1219
1
0.029732
1
0.033994
1
0.010062
0.111965
0
0.187534
0.147744
0.13735
0.124159
1
1
0.190858
0.175312
0.053543
0
0.024239
0.128473
0.095605
0.084184
0.031203
0.179442
0.500305
0
0.030799
0.264838
0.172853
0.022412
0.143112
0.500826
0.079375
0.058624
1
0.026884
0.017592
0.027129
0.003431
0.18901
0
0.048046
0.339547
0.297716
0.333603
0.053746
0.089499
0.020893
0.180302
0.090398
0.182427
0.200795
0.062108
0.16835
0.027861
1
0.068661
0.005239
0
0.005553
0.407659
0.022294
0.041988
0.21033
0.16906
0.085095
0
0.360656
0
0.013481
0.214944
0.038088
0.004652
0.292721
0.334003
0.166862
0
0.084886
0
0.500693
0.500724
0.500224
0
0.030608
0.333932
0.333896
0.015322
0.022553
0.250716
0.083568
0.499629
0
0.031089
0.500313
0.015988
0
0.298478
0.038161
0
0
0
0
0
0
0
0
0
0
0
0
0.007072
0.001857
0.000458
0.001781
0
0.012881
0.001623
0.003274
0.006497
0.000494
0.000491
