262
694
0 1 0.166667
1 0 0.25
1 4 0.5
2 5 0.5
4 1 0.166667
5 2 0.142857
6 8 0.0909091
6 10 0.166667
6 21 0.166667
6 67 0.5
6 72 0.5
7 49 0.5
8 6 0.0526316
8 11 0.166667
8 12 0.125
9 14 0.05
9 45 0.25
9 78 0.166667
10 6 0.0526316
10 19 0.166667
10 28 0.25
11 8 0.0909091
11 31 0.0833333
11 90 0.2
12 8 0.0909091
12 31 0.0833333
12 87 0.5
13 22 0.166667
13 26 0.0769231
13 34 0.2
13 46 0.125
13 64 0.125
13 68 0.166667
14 7 0.111111
14 9 0.1
14 16 0.111111
14 20 0.0769231
14 42 0.111111
14 66 0.2
14 101 0.142857
16 14 0.05
16 24 0.142857
16 42 0.111111
16 101 0.142857
17 29 0.0555556
17 30 0.0714286
17 59 0.0833333
17 86 0.25
17 97 0.125
17 102 0.1
17 109 0.125
18 38 0.1
19 10 0.166667
20 14 0.05
20 16 0.111111
20 45 0.25
20 52 0.333333
20 80 0.125
21 6 0.0526316
21 31 0.0833333
22 13 0.0666667
22 68 0.166667
23 13 0.0666667
23 22 0.166667
23 25 0.0769231
23 27 0.0555556
23 37 0.1
23 48 0.125
23 51 0.1
24 14 0.05
24 16 0.111111
24 66 0.2
24 251 0.0625
25 23 0.0625
25 37 0.1
25 61 0.0714286
25 71 0.0909091
26 13 0.0666667
26 36 0.166667
26 40 0.0909091
26 47 0.1
26 95 0.142857
27 23 0.0625
27 25 0.0769231
27 35 0.166667
27 39 0.0769231
27 46 0.125
27 58 0.25
27 82 0.25
28 10 0.166667
29 17 0.0526316
29 59 0.0833333
29 86 0.25
29 96 0.125
29 97 0.125
29 102 0.1
29 109 0.125
30 17 0.0526316
30 50 0.125
30 69 0.0909091
30 107 0.25
31 11 0.166667
31 12 0.125
31 21 0.166667
31 65 0.333333
31 71 0.0909091
31 91 0.333333
32 15 0.142857
32 27 0.0555556
32 33 0.25
32 44 0.166667
33 32 0.111111
33 44 0.166667
34 13 0.0666667
34 22 0.166667
34 68 0.166667
35 27 0.0555556
35 79 0.25
36 26 0.0769231
36 40 0.0909091
36 95 0.142857
37 25 0.0769231
37 23 0.0625
37 51 0.1
37 61 0.0714286
38 18 0.2
38 35 0.166667
38 71 0.0909091
38 75 0.333333
38 105 0.333333
39 27 0.0555556
39 35 0.166667
39 41 0.333333
39 57 0.142857
39 77 0.2
40 36 0.166667
40 26 0.0769231
40 42 0.111111
40 88 0.25
40 106 0.25
41 39 0.0769231
42 16 0.111111
42 14 0.05
42 40 0.0909091
43 42 0.111111
43 7 0.111111
43 18 0.2
44 33 0.25
44 32 0.111111
45 20 0.0769231
45 9 0.1
46 27 0.0555556
46 13 0.0666667
46 56 0.5
47 26 0.0769231
47 60 0.125
47 80 0.125
47 93 0.5
48 23 0.0625
48 37 0.1
48 25 0.0769231
48 53 0.5
49 7 0.111111
50 30 0.0714286
50 63 0.5
50 64 0.125
51 37 0.1
51 25 0.0769231
51 23 0.0625
51 61 0.0714286
51 111 0.0434783
52 20 0.0769231
53 48 0.125
54 108 0.5
55 39 0.0769231
56 46 0.125
57 41 0.333333
57 39 0.0769231
57 55 0.5
58 27 0.0555556
58 82 0.25
59 29 0.0555556
59 30 0.0714286
59 17 0.0526316
59 89 0.5
59 99 0.333333
60 47 0.1
61 51 0.1
61 37 0.1
61 25 0.0769231
61 77 0.2
61 83 0.25
61 85 0.25
61 129 0.0204082
63 50 0.125
64 13 0.0666667
64 50 0.125
64 98 0.5
65 31 0.0833333
66 24 0.142857
66 14 0.05
67 6 0.0526316
68 13 0.0666667
68 34 0.2
68 22 0.166667
69 30 0.0714286
69 29 0.0555556
69 81 0.2
69 84 0.25
69 100 0.333333
70 38 0.1
70 20 0.0769231
71 31 0.0833333
71 25 0.0769231
71 38 0.1
71 73 0.5
71 78 0.166667
72 6 0.0526316
73 71 0.0909091
74 30 0.0714286
74 107 0.25
75 38 0.1
76 50 0.125
76 8 0.0909091
76 94 0.2
77 39 0.0769231
77 51 0.1
77 61 0.0714286
78 9 0.1
78 71 0.0909091
78 25 0.0769231
79 35 0.166667
79 111 0.0434783
80 20 0.0769231
80 47 0.1
80 6 0.0526316
80 52 0.333333
80 104 0.5
81 69 0.0909091
81 84 0.25
82 27 0.0555556
82 58 0.25
83 61 0.0714286
83 23 0.0625
84 69 0.0909091
84 81 0.2
85 23 0.0625
85 83 0.25
85 61 0.0714286
86 29 0.0555556
86 17 0.0526316
87 12 0.125
88 40 0.0909091
88 106 0.25
89 59 0.0833333
90 11 0.166667
90 29 0.0555556
91 65 0.333333
91 31 0.0833333
92 39 0.0769231
92 57 0.142857
93 47 0.1
94 76 0.125
94 78 0.166667
94 110 0.5
95 36 0.166667
95 26 0.0769231
95 60 0.125
96 17 0.0526316
96 29 0.0555556
96 97 0.125
96 102 0.1
97 17 0.0526316
97 96 0.125
97 29 0.0555556
97 102 0.1
98 64 0.125
99 59 0.0833333
100 69 0.0909091
100 81 0.2
101 16 0.111111
101 40 0.0909091
101 20 0.0769231
101 14 0.05
102 97 0.125
102 29 0.0555556
102 96 0.125
102 17 0.0526316
102 109 0.125
103 59 0.0833333
104 80 0.125
105 38 0.1
105 75 0.333333
106 40 0.0909091
106 88 0.25
107 30 0.0714286
107 74 0.25
108 54 0.166667
109 17 0.0526316
109 102 0.1
109 29 0.0555556
109 96 0.125
110 94 0.2
111 25 0.0769231
111 79 0.25
111 27 0.0555556
111 51 0.1
111 112 0.142857
111 113 0.142857
111 115 0.5
111 117 0.333333
112 111 0.0434783
112 113 0.142857
113 112 0.142857
113 111 0.0434783
113 114 0.25
114 113 0.142857
115 111 0.0434783
117 111 0.0434783
117 112 0.142857
118 120 0.25
118 241 0.0555556
119 123 0.5
120 118 0.0833333
120 121 0.5
121 120 0.25
123 119 0.2
125 103 0.25
125 111 0.0434783
125 59 0.0833333
125 74 0.25
125 126 0.25
125 127 0.5
126 125 0.1
127 125 0.1
129 61 0.0714286
129 26 0.0769231
129 131 0.0909091
129 135 0.0625
129 137 0.0769231
129 138 0.166667
129 139 0.0909091
129 141 0.05
129 145 0.0416667
129 147 0.0769231
129 156 0.125
129 183 0.333333
129 189 0.166667
129 204 0.166667
129 211 0.2
129 220 0.5
130 132 0.111111
130 133 0.111111
130 134 0.0666667
130 170 0.25
130 196 0.0769231
131 129 0.0204082
131 176 0.25
131 178 0.25
131 211 0.2
132 130 0.0625
132 170 0.25
132 200 0.5
133 130 0.0625
133 213 0.5
134 130 0.0625
134 140 0.1
134 142 0.1
134 194 0.142857
134 196 0.0769231
135 129 0.0204082
135 142 0.1
135 143 0.0714286
135 144 0.166667
135 153 0.0714286
135 157 0.25
135 162 0.25
135 186 0.25
136 154 0.0666667
136 164 0.166667
136 167 0.25
136 188 0.2
137 129 0.0204082
137 141 0.05
137 147 0.0769231
137 156 0.125
137 204 0.166667
137 256 0.0714286
138 129 0.0204082
138 168 0.166667
139 138 0.166667
139 129 0.0204082
139 143 0.0714286
139 145 0.0416667
139 152 0.5
139 193 0.25
140 134 0.0666667
140 194 0.142857
140 196 0.0769231
140 224 0.25
141 137 0.0769231
141 129 0.0204082
141 149 0.1
141 151 0.111111
141 155 0.166667
141 180 0.142857
141 192 0.2
141 226 0.333333
142 135 0.0625
142 134 0.0666667
142 144 0.166667
143 139 0.0909091
143 135 0.0625
143 168 0.166667
143 208 0.2
143 231 0.5
143 234 0.5
144 135 0.0625
144 142 0.1
145 129 0.0204082
145 139 0.0909091
145 150 0.0769231
145 160 0.111111
145 165 0.5
145 171 0.142857
145 173 0.0769231
145 221 0.5
146 145 0.0416667
146 179 0.333333
147 137 0.0769231
147 129 0.0204082
147 156 0.125
147 189 0.166667
147 228 0.2
147 251 0.0625
148 141 0.05
149 141 0.05
149 151 0.111111
149 155 0.166667
149 180 0.142857
150 145 0.0416667
150 154 0.0666667
150 159 0.125
150 163 0.166667
150 195 0.166667
151 141 0.05
151 149 0.1
151 197 0.5
152 139 0.0909091
153 135 0.0625
153 169 0.166667
153 172 0.5
153 214 0.2
153 215 0.333333
153 237 0.25
154 150 0.0769231
154 136 0.0909091
154 184 0.25
154 185 0.333333
154 191 0.166667
154 229 0.25
155 141 0.05
155 149 0.1
155 161 0.5
156 147 0.0769231
156 137 0.0769231
156 129 0.0204082
156 204 0.166667
157 135 0.0625
157 186 0.25
158 129 0.0204082
158 147 0.0769231
158 166 0.333333
158 199 0.333333
159 150 0.0769231
159 163 0.166667
159 195 0.166667
160 145 0.0416667
160 191 0.166667
160 212 0.25
160 238 0.25
161 155 0.166667
162 135 0.0625
162 169 0.166667
163 150 0.0769231
163 159 0.125
164 136 0.0909091
164 187 0.5
165 145 0.0416667
166 158 0.111111
167 136 0.0909091
168 143 0.0714286
168 138 0.166667
169 168 0.166667
169 153 0.0714286
169 162 0.25
170 130 0.0625
170 132 0.111111
171 145 0.0416667
171 174 0.333333
171 182 0.333333
172 153 0.0714286
173 145 0.0416667
173 146 0.125
173 177 0.125
173 202 0.25
173 203 0.166667
173 227 0.125
173 235 0.142857
174 171 0.142857
175 201 0.333333
175 205 0.166667
175 216 0.166667
175 225 0.333333
176 131 0.0909091
177 173 0.0769231
177 203 0.166667
177 227 0.125
177 235 0.142857
178 131 0.0909091
178 210 0.5
179 146 0.125
180 141 0.05
180 149 0.1
180 206 0.25
181 207 0.25
181 209 0.142857
181 219 0.25
181 236 0.25
182 171 0.142857
182 174 0.333333
183 129 0.0204082
184 154 0.0666667
185 154 0.0666667
186 135 0.0625
186 157 0.25
187 164 0.166667
188 136 0.0909091
188 167 0.25
188 198 0.25
189 129 0.0204082
189 147 0.0769231
189 190 0.5
190 189 0.166667
191 154 0.0666667
191 160 0.111111
192 141 0.05
192 149 0.1
193 139 0.0909091
193 233 0.5
194 134 0.0666667
194 140 0.1
194 196 0.0769231
195 150 0.0769231
195 159 0.125
195 163 0.166667
196 164 0.166667
196 194 0.142857
196 134 0.0666667
196 130 0.0625
196 140 0.1
196 208 0.2
196 222 0.5
197 151 0.111111
198 167 0.25
198 188 0.2
198 136 0.0909091
199 158 0.111111
199 166 0.333333
200 132 0.111111
201 175 0.0833333
202 173 0.0769231
202 227 0.125
203 173 0.0769231
203 177 0.125
203 205 0.166667
204 129 0.0204082
204 137 0.0769231
204 156 0.125
205 203 0.166667
205 175 0.0833333
205 218 0.5
206 180 0.142857
206 151 0.111111
207 181 0.0909091
208 168 0.166667
208 196 0.0769231
208 143 0.0714286
209 181 0.0909091
209 133 0.111111
209 232 0.5
210 178 0.25
211 129 0.0204082
211 131 0.0909091
212 160 0.111111
212 238 0.25
213 133 0.111111
214 153 0.0714286
214 237 0.25
215 153 0.0714286
215 214 0.2
216 180 0.142857
216 175 0.0833333
216 206 0.25
216 230 0.5
217 211 0.2
217 176 0.25
218 205 0.166667
219 181 0.0909091
219 207 0.25
220 129 0.0204082
221 145 0.0416667
222 196 0.0769231
223 154 0.0666667
223 185 0.333333
223 184 0.25
224 140 0.1
224 194 0.142857
224 134 0.0666667
225 201 0.333333
225 175 0.0833333
226 141 0.05
226 149 0.1
227 173 0.0769231
227 202 0.25
227 177 0.125
227 235 0.142857
228 129 0.0204082
228 137 0.0769231
228 147 0.0769231
228 183 0.333333
229 154 0.0666667
229 130 0.0625
229 184 0.25
230 216 0.166667
231 143 0.0714286
232 209 0.142857
233 193 0.25
234 143 0.0714286
235 227 0.125
235 177 0.125
235 173 0.0769231
236 181 0.0909091
236 207 0.25
236 219 0.25
237 153 0.0714286
237 214 0.2
238 160 0.111111
238 212 0.25
239 150 0.0769231
239 195 0.166667
239 163 0.166667
241 118 0.0833333
241 37 0.1
241 242 0.125
241 243 0.25
241 246 0.25
242 241 0.0555556
242 244 0.142857
242 245 0.25
243 241 0.0555556
244 242 0.125
244 245 0.25
244 247 0.25
245 244 0.142857
245 242 0.125
246 241 0.0555556
247 244 0.142857
247 248 0.5
248 247 0.25
251 235 0.142857
251 147 0.0769231
251 24 0.142857
251 252 0.25
251 254 0.25
252 251 0.0625
252 253 0.25
253 252 0.25
254 251 0.0625
256 145 0.0416667
256 27 0.0555556
256 137 0.0769231
256 257 0.125
256 258 0.25
256 259 0.5
257 256 0.0714286
257 260 0.25
257 261 0.25
258 256 0.0714286
259 256 0.0714286
260 257 0.125
260 261 0.25
261 260 0.25
261 257 0.125
