34
61
8 1 0.0588235
8 6 0.2
9 7 0.2
1 3 0.0666667
1 4 0.1
1 6 0.2
1 8 0.25
1 13 0.333333
10 2 0.0714286
10 17 0.25
11 6 0.2
11 1 0.0588235
2 1 0.0588235
2 10 0.166667
2 17 0.25
22 27 0.142857
3 1 0.0588235
3 12 0.333333
3 15 0.25
29 26 0.125
12 3 0.0666667
13 8 0.25
13 1 0.0588235
14 5 0.1
14 18 0.166667
30 28 0.25
30 24 0.1
4 1 0.0588235
15 3 0.0666667
31 25 0.1
31 32 0.25
16 5 0.1
16 19 0.1
24 25 0.1
24 26 0.125
24 28 0.25
24 30 0.25
25 24 0.1
25 31 0.125
17 2 0.0714286
17 10 0.166667
32 31 0.125
18 14 0.25
18 5 0.1
18 19 0.1
19 5 0.1
19 4 0.1
19 16 0.25
19 18 0.166667
5 14 0.25
5 16 0.25
5 18 0.166667
26 24 0.1
26 29 0.5
27 22 0.2
6 1 0.0588235
6 11 0.25
7 4 0.1
7 9 0.5
28 24 0.1
28 30 0.25
