11 0
11 3
11 15
12 9
13 0
13 5
28 30
28 48
28 49
14 2
14 13
14 4
14 8
14 25
0 7
0 11
0 13
0 16
15 11
16 0
17 10
18 7
29 34
29 39
29 41
29 43
19 7
19 16
19 0
30 28
30 50
31 33
31 40
31 45
31 53
1 2
1 3
1 10
32 37
32 39
32 42
46 39
47 38
47 44
47 37
2 1
2 4
2 5
2 8
2 14
33 28
33 31
33 34
34 33
34 29
34 35
34 36
34 44
20 21
20 22
20 26
48 28
48 49
48 51
49 28
49 48
21 20
3 1
3 6
3 10
3 11
4 2
4 5
50 30
50 36
50 34
50 52
5 2
5 4
5 0
5 13
51 48
22 20
22 21
35 30
35 34
35 38
36 34
36 44
37 32
38 35
38 31
38 47
52 50
53 31
39 32
39 29
39 42
39 46
6 3
24 7
40 33
40 31
40 35
25 14
41 29
54 45
7 0
7 9
7 18
7 19
7 24
26 2
26 15
26 20
42 39
42 38
42 32
43 35
43 42
43 29
8 2
8 4
9 7
9 12
44 34
44 36
44 38
44 45
44 47
45 31
45 44
45 33
10 1
10 3
