56
135
11 0 0.0555556
11 3 0.1
11 15 0.333333
12 9 0.25
13 0 0.0555556
13 5 0.142857
28 30 0.2
28 48 0.166667
28 49 0.142857
14 2 0.0666667
14 13 0.2
14 4 0.166667
14 8 0.2
14 25 0.5
0 7 0.0666667
0 11 0.125
0 13 0.2
0 16 0.333333
15 11 0.125
16 0 0.0555556
17 10 0.166667
18 7 0.0666667
29 34 0.0909091
29 39 0.111111
29 41 0.5
29 43 0.25
19 7 0.0666667
19 16 0.333333
19 0 0.0555556
30 28 0.0909091
30 50 0.125
31 33 0.125
31 40 0.2
31 45 0.166667
31 53 0.5
1 2 0.0666667
1 3 0.1
1 10 0.166667
32 37 0.333333
32 39 0.111111
32 42 0.166667
46 39 0.111111
47 38 0.142857
47 44 0.111111
47 37 0.333333
2 1 0.111111
2 4 0.166667
2 5 0.142857
2 8 0.2
2 14 0.142857
33 28 0.0909091
33 31 0.0833333
33 34 0.0909091
34 33 0.125
34 29 0.0769231
34 35 0.142857
34 36 0.2
34 44 0.111111
20 21 0.333333
20 22 0.333333
20 26 0.25
48 28 0.0909091
48 49 0.142857
48 51 0.5
49 28 0.0909091
49 48 0.166667
21 20 0.0666667
3 1 0.111111
3 6 0.5
3 10 0.166667
3 11 0.125
4 2 0.0666667
4 5 0.142857
50 30 0.2
50 36 0.2
50 34 0.0909091
50 52 0.5
5 2 0.0666667
5 4 0.166667
5 0 0.0555556
5 13 0.2
51 48 0.166667
22 20 0.0666667
22 21 0.333333
35 30 0.2
35 34 0.0909091
35 38 0.142857
36 34 0.0909091
36 44 0.111111
37 32 0.0833333
38 35 0.142857
38 31 0.0833333
38 47 0.2
52 50 0.125
53 31 0.0833333
39 32 0.0833333
39 29 0.0769231
39 42 0.166667
39 46 0.5
6 3 0.1
24 7 0.0666667
40 33 0.125
40 31 0.0833333
40 35 0.142857
25 14 0.142857
41 29 0.0769231
54 45 0.166667
7 0 0.0555556
7 9 0.25
7 18 0.5
7 19 0.25
7 24 0.5
26 2 0.0666667
26 15 0.333333
26 20 0.0666667
42 39 0.111111
42 38 0.142857
42 32 0.0833333
43 35 0.142857
43 42 0.166667
43 29 0.0769231
8 2 0.0666667
8 4 0.166667
9 7 0.0666667
9 12 0.5
44 34 0.0909091
44 36 0.2
44 38 0.142857
44 45 0.166667
44 47 0.2
45 31 0.0833333
45 44 0.111111
45 33 0.125
10 1 0.111111
10 3 0.1
