0 1
0 8
0 15
1 0
1 2
1 47
1 52
1 75
1 166
1 206
2 1
2 3
2 5
2 6
2 12
2 76
2 188
3 2
3 4
3 7
3 14
3 19
3 44
3 83
4 3
4 9
4 19
4 35
4 44
5 2
5 12
5 32
5 76
5 188
6 2
6 5
6 11
6 105
7 3
7 30
7 120
7 125
8 0
8 24
8 54
8 150
8 152
8 167
8 171
8 174
9 4
9 10
9 22
9 84
9 151
10 9
10 69
10 82
10 106
10 151
11 6
11 9
11 16
11 23
11 25
11 28
11 40
11 48
11 55
11 60
11 93
11 121
11 135
11 155
12 5
12 2
12 13
12 20
12 27
12 62
12 74
12 165
13 12
13 53
13 107
14 3
14 11
14 17
14 21
14 31
14 32
14 33
14 38
14 97
14 136
14 142
14 210
15 0
15 18
15 73
16 11
16 144
17 14
17 21
17 33
17 38
17 105
17 136
18 15
18 73
18 160
19 4
19 3
19 6
19 85
19 132
20 12
20 62
20 131
21 14
21 17
21 97
22 9
22 26
22 45
22 170
23 11
23 28
23 48
23 55
23 102
24 8
24 29
24 102
24 209
25 11
25 34
25 36
25 40
25 45
25 56
25 202
26 22
26 64
26 110
26 145
26 208
27 20
27 12
27 62
28 23
28 11
28 40
28 121
29 24
29 8
29 65
29 80
29 119
29 127
29 153
29 179
30 7
30 132
30 149
31 21
31 14
31 34
31 35
31 50
31 58
31 87
31 90
31 91
31 104
31 123
31 146
32 5
32 17
32 14
32 21
32 96
32 181
32 194
33 14
33 16
33 17
33 21
33 51
33 77
33 98
33 193
34 25
34 6
34 31
34 35
34 41
34 72
34 117
34 204
35 4
35 31
35 34
35 37
35 39
35 79
35 130
35 163
36 25
36 56
36 59
36 202
37 35
37 42
37 67
37 134
37 138
37 186
38 21
38 14
38 17
39 35
39 4
39 70
39 138
40 28
40 25
40 11
40 36
40 158
41 34
42 37
43 37
43 42
43 46
43 67
43 79
43 86
43 195
44 3
44 4
44 71
44 185
45 26
45 22
45 25
45 57
45 73
45 112
46 43
46 67
46 84
46 86
46 195
47 1
47 2
47 100
47 183
47 189
47 205
48 11
48 23
49 31
49 113
49 123
49 146
50 31
50 104
51 33
51 77
51 158
52 46
52 1
52 35
52 67
52 79
52 157
52 166
53 1
53 13
53 63
53 81
54 0
54 10
54 8
54 68
54 69
54 78
54 151
54 156
54 164
55 23
55 11
55 28
55 102
56 25
56 36
56 59
57 45
58 31
58 25
58 95
58 144
59 56
59 25
59 36
59 61
59 66
59 177
59 184
59 197
60 11
60 23
60 101
61 6
61 59
61 13
61 88
61 126
61 139
62 12
62 27
62 20
62 94
62 109
62 131
62 165
63 53
64 26
64 22
64 82
64 84
64 92
64 103
64 133
64 143
64 190
64 208
65 29
66 59
66 129
66 177
66 184
66 197
67 52
67 37
67 46
67 43
67 75
67 132
68 8
68 24
68 54
68 78
69 10
69 54
69 111
69 203
70 39
70 9
70 82
70 144
71 44
72 34
72 41
72 117
72 204
73 18
73 45
73 15
73 78
74 12
74 27
74 20
74 81
74 115
74 137
74 141
74 147
74 200
75 43
75 1
75 67
75 47
75 157
75 192
76 5
76 47
76 2
76 140
76 176
77 33
77 51
78 68
78 54
78 73
79 35
79 43
79 52
80 29
80 153
81 53
81 74
81 30
81 76
81 115
81 122
81 148
81 172
82 10
82 70
82 64
82 99
82 151
83 3
83 85
83 185
83 192
84 46
84 9
84 64
84 124
84 169
84 198
85 83
85 19
85 53
86 43
86 46
87 31
87 50
87 49
87 90
87 91
87 146
88 61
89 35
90 31
90 87
90 113
91 31
91 87
91 49
92 64
93 11
93 48
94 12
94 62
94 20
94 109
94 131
95 58
96 32
96 194
97 21
97 14
97 210
98 33
98 51
99 82
100 47
100 154
100 183
100 189
100 205
101 60
101 108
101 112
101 162
102 24
102 11
102 23
102 55
102 114
102 116
102 179
103 64
104 31
104 87
104 50
104 91
105 6
105 17
105 14
105 21
105 118
106 10
107 13
108 101
108 162
109 62
109 94
109 1
110 22
110 26
111 69
111 54
112 101
112 108
112 45
112 128
113 49
113 87
113 104
113 90
114 102
114 116
114 179
115 81
115 74
116 102
116 114
117 34
117 72
117 204
118 105
119 8
119 29
119 111
119 159
120 7
120 125
121 48
121 11
121 23
121 55
121 28
122 81
123 91
123 87
123 49
123 31
123 137
123 173
123 182
123 207
124 84
124 169
125 7
125 120
126 61
126 88
127 29
128 112
129 59
129 66
129 65
129 101
130 35
131 12
131 94
131 20
131 62
132 19
132 67
132 30
133 64
133 103
133 92
134 37
134 42
135 121
135 11
135 28
136 14
136 21
136 17
137 123
137 13
137 74
137 34
138 39
138 134
138 42
138 84
138 37
138 180
139 126
139 61
139 88
140 76
141 74
142 14
142 123
143 64
143 103
143 190
144 70
144 39
144 16
144 58
145 22
145 110
145 26
145 168
145 191
145 201
146 31
146 49
146 87
146 50
147 74
148 81
148 76
148 12
148 161
149 30
149 178
150 8
151 9
151 10
151 82
151 54
152 8
153 29
153 80
154 100
154 47
155 11
155 121
156 54
157 1
157 52
157 75
158 138
158 51
158 40
158 28
159 119
160 15
160 18
161 148
162 101
162 112
162 108
163 35
164 54
164 156
165 62
165 12
165 94
166 1
166 52
166 187
167 8
167 150
167 171
168 145
169 84
169 124
170 22
170 110
170 26
170 82
170 191
171 167
171 8
171 150
171 174
172 81
173 123
174 8
174 171
174 150
175 69
176 76
177 59
177 66
177 184
178 149
178 125
178 81
178 53
178 63
179 29
179 114
179 56
179 102
179 199
180 138
181 32
182 173
182 123
183 47
183 166
183 67
183 100
184 66
184 177
184 59
185 83
185 44
186 37
186 42
187 166
188 2
188 5
189 47
189 100
189 205
190 64
190 143
191 145
191 9
191 170
192 83
192 75
193 33
193 51
194 32
194 96
195 46
195 43
196 119
197 59
197 66
198 84
199 179
200 74
200 147
201 145
201 168
202 36
202 25
203 69
204 117
204 34
204 72
205 47
205 100
205 189
206 1
207 123
208 110
208 26
208 22
208 64
209 24
210 97
210 17
210 14
