0.113586
0.017267
0.029935
0.07776
0.117646
0.0385
0.123699
0.027762
0.129613
0.116979
0.119956
1
0.084832
0.074319
1
0.020704
0.362225
0.181741
0.008112
0.024445
0.138782
0.213809
0.108721
0.150827
0.145931
0.142246
0.108717
0.179061
0.142416
1
0.145267
0.139636
0.086496
1
0.08635
1
0.141381
0.070211
0.228477
0.135699
0.141625
0.032383
0.023691
0.014377
0.024716
0.025418
0.009977
0.009301
0.250694
0.139732
0.049825
0.225089
0.016296
0.11984
1
0.161013
0.166091
0.01263
0.024562
1
0.201595
0.100593
0.030371
0.04185
1
0.339732
0.15642
0.010685
0.189662
0.126517
0.042188
0.012397
0.016387
0.029259
1
0.00342
0.108283
0.288162
0.191345
0.167702
0.297706
1
0.115612
0.011172
0.0755
0.006911
0.005864
0.10352
0.024084
0
0.043166
0.152921
0.389622
0.334369
0.008674
0.012281
0.025612
0.191305
0.333473
0.057367
0.001215
0.026449
0.044022
0.339614
0.02992
0.030166
0.060192
0.037395
0.007386
0.007503
0.049461
0.065762
0.007221
0.029235
0.027495
0.438652
0.016721
0.018469
0.01503
0.143097
0.008298
0.160863
0.500622
1
0.022368
0.007925
0.029827
0.500644
0.00358
0.031412
0.500796
0.024216
0.029204
0.251261
0.018905
0.167094
0.228142
0.30613
0.026478
0.0252
0.054153
0.500408
0.333315
0.240914
0.058584
0.009286
0.052037
0.377844
0.168177
0.036635
0.038559
0.159718
0.064995
0.298367
0.000394
0.201321
0.407582
0.003837
0.059394
0.072137
0.002746
0.084385
0.006368
0.500302
0.334197
0.022326
0.004886
0.02929
0.003775
0.022606
0.012375
0.024587
0.500882
0.389643
0.029546
0
0.054319
0.210167
0.006111
0.116166
0.013343
0.043431
0.251158
0.001654
0.209984
0.008644
0.023486
0.00242
0.016435
0.001913
0.287804
0.004271
0.003645
0.333848
0.025682
0.005786
0
0.27592
0.037857
0.057887
0.20156
0.003064
0.067552
0.063464
0.018739
0.001895
0.008705
0.50082
0.180008
0.073096
0.227552
