2 3
2 4
2 6
2 8
2 24
2 25
2 26
3 2
3 5
3 28
3 34
4 2
4 17
4 19
4 27
5 3
5 16
5 20
5 21
5 38
6 2
7 10
7 11
7 22
8 2
8 9
8 14
8 32
9 7
9 8
10 7
11 7
11 29
11 31
13 18
13 37
14 8
14 32
15 8
15 14
15 35
16 5
16 20
16 33
16 38
17 4
17 35
18 13
19 4
20 5
20 16
20 33
21 5
21 23
21 36
22 7
23 21
24 2
25 2
25 6
25 30
26 2
26 24
26 6
27 4
27 19
28 3
28 34
29 11
30 25
31 11
31 29
31 39
32 8
32 14
33 16
33 5
33 20
34 28
34 3
35 32
35 17
35 15
36 21
37 13
37 31
38 5
38 33
38 16
39 31
42 43
42 44
42 45
43 42
44 42
45 42
45 43
45 46
46 45
47 5
47 60
47 66
47 92
48 62
48 68
49 51
49 61
49 64
49 72
50 53
50 57
50 77
50 85
50 88
51 49
52 55
52 83
53 50
53 57
53 73
53 77
53 81
54 56
54 61
54 67
54 82
55 52
55 63
55 75
55 83
56 54
57 53
57 50
57 77
57 85
58 65
58 70
58 76
58 80
59 84
60 47
61 54
61 49
61 71
61 86
61 90
62 48
63 55
63 52
64 49
65 58
65 70
65 76
66 47
66 78
67 56
67 54
68 48
69 54
69 74
70 58
70 65
70 76
70 80
70 88
71 61
72 57
72 49
72 87
73 50
73 53
74 69
75 55
75 63
76 70
76 58
76 65
76 80
77 53
77 50
77 57
77 81
78 66
79 50
79 53
80 76
80 70
80 58
81 53
81 77
82 54
82 67
83 55
83 52
83 63
84 59
85 53
85 50
85 57
85 77
86 61
86 90
87 72
88 50
88 65
88 70
89 73
90 61
90 86
92 47
93 94
94 93
96 97
97 96
