0
0
1
0.083932
0.112021
0.004875
0.300063
0.013081
0.07202
0.010355
0.003286
0.131428
0
0
0.013883
0.000569
0.000752
0.015932
0
0.045527
0.000916
0.000546
0.006493
8.7e-05
0.369906
0.10125
0.166522
0.037359
0.025036
0.35655
0.050754
1
0.016685
0.000413
0.024869
0.00225
0.000261
0
0.001109
0.499319
0
0
0
0
0
0
0
0
0
1
0.001387
0.501386
0.200854
0.001721
0.067182
1
0.026322
0.015827
6e-06
0
0
1
0
0.286847
0.500457
3.8e-05
0
0.016953
0
0
3.3e-05
0.500736
0.143633
0.000279
0
0.333391
7e-06
0.002362
0
0
8e-06
0.001002
0.022327
0.228957
0
0.002796
0.298134
0.071905
0.000258
0
0.298112
0
0
0
0
0
0
0
0
0
