0 1
0 12
1 0
1 2
1 3
1 5
2 1
2 4
3 1
4 2
5 8
5 1
5 2
5 6
5 9
6 10
6 261
6 5
6 7
7 11
7 6
8 464
8 12
8 5
9 5
10 6
11 7
12 0
12 128
12 37
12 8
12 215
12 13
12 78
12 81
12 20
12 21
12 55
12 185
12 158
13 16
13 222
13 181
13 12
13 45
13 14
13 141
14 214
14 17
14 102
14 22
14 145
14 24
14 59
14 13
14 15
15 131
15 14
15 134
15 201
15 26
15 30
15 223
16 17
16 18
16 181
16 87
16 216
16 13
17 16
17 18
17 51
17 98
17 72
17 29
17 14
18 16
18 17
18 34
18 19
18 35
18 33
18 40
18 44
18 28
18 200
19 18
20 81
20 67
20 23
20 88
20 172
20 12
20 46
21 26
21 131
21 12
21 37
21 54
22 206
22 30
22 14
23 25
23 20
24 115
24 65
24 83
24 120
24 104
24 41
24 176
24 188
24 492
24 14
25 23
26 36
26 38
26 71
26 202
26 15
26 208
26 24
26 21
26 56
26 89
26 27
26 31
27 51
27 179
27 39
27 26
27 263
27 154
28 17
28 18
28 19
28 189
28 65
29 32
29 17
29 82
29 132
29 72
29 96
29 186
29 27
29 156
29 112
30 52
30 22
30 42
30 107
30 58
30 62
30 15
31 32
31 97
31 82
31 144
31 168
31 26
31 223
31 76
31 157
31 221
32 48
32 146
32 117
32 151
32 191
32 31
32 29
32 111
33 200
33 18
33 19
33 94
34 129
34 17
34 18
34 121
35 18
36 89
36 26
37 49
37 21
37 86
37 137
37 60
37 42
37 12
38 26
38 492
38 202
38 71
39 82
39 27
39 154
40 18
40 218
40 63
41 203
41 101
41 142
41 24
41 57
41 43
41 46
42 32
42 95
42 37
42 86
42 152
42 74
42 31
42 30
42 47
43 41
43 203
43 142
43 57
44 33
44 18
44 19
44 163
44 209
44 219
45 114
45 13
46 41
46 66
46 20
46 118
47 42
47 95
48 32
48 192
48 146
48 117
48 151
48 155
48 111
49 56
49 50
49 75
49 37
50 49
50 20
50 150
50 481
50 25
50 75
50 12
50 61
51 17
51 193
51 122
51 27
51 106
51 29
52 145
52 116
52 30
53 17
53 99
53 85
53 135
53 73
53 108
53 45
53 126
53 13
54 162
54 116
54 21
55 84
55 118
55 171
55 12
55 173
55 479
56 49
56 26
56 74
56 69
56 207
57 32
57 41
57 43
57 60
57 116
58 169
58 107
58 177
58 30
58 79
59 145
59 214
59 14
60 32
60 64
60 37
60 57
60 43
60 30
61 68
61 50
61 148
61 41
61 138
61 205
62 30
63 40
64 211
64 60
64 21
64 31
65 24
65 161
65 195
65 28
65 70
66 46
67 194
67 20
67 93
68 152
68 164
68 92
68 61
69 56
69 42
69 68
69 47
70 65
71 57
71 26
71 77
71 38
71 143
72 17
72 91
72 140
72 29
72 103
73 53
73 126
73 135
74 80
74 113
74 199
74 56
74 42
74 109
74 15
75 49
75 50
75 90
75 130
75 215
76 144
76 97
76 221
76 168
76 157
76 31
77 143
77 71
78 123
78 12
78 110
79 58
79 62
79 30
79 175
80 74
80 15
81 20
81 12
81 149
81 78
82 166
82 39
82 91
82 29
82 223
82 31
83 24
84 118
84 55
85 53
86 42
86 37
86 150
87 16
87 181
88 20
89 36
89 38
89 24
89 26
89 159
89 124
89 29
89 125
90 75
91 82
91 100
91 119
91 72
91 210
91 98
91 223
92 68
93 169
93 194
93 67
94 200
94 33
94 18
95 42
95 47
96 65
96 218
96 29
96 189
96 165
97 76
97 221
97 31
98 17
98 91
98 105
99 73
99 212
99 53
99 85
100 91
101 160
101 41
101 43
101 61
102 59
102 214
102 14
102 261
103 72
103 140
104 24
104 115
104 188
105 98
106 51
107 58
107 131
107 206
107 30
108 73
108 53
109 74
110 123
110 78
111 48
111 32
111 155
111 151
112 180
112 29
113 74
113 42
113 126
114 147
114 45
115 24
115 104
116 52
116 196
116 54
116 57
116 58
116 170
117 32
117 48
117 111
118 84
118 190
118 46
118 55
119 210
119 91
119 220
119 183
120 24
120 115
121 34
122 51
123 78
123 110
124 89
124 159
125 89
125 124
125 492
125 159
126 73
126 53
126 113
127 113
127 69
128 81
128 12
128 190
129 121
129 34
130 75
130 37
131 58
131 107
131 139
131 21
131 15
132 180
132 186
132 156
132 29
133 138
133 20
133 174
133 23
134 136
134 198
134 15
135 73
135 212
135 108
135 53
136 178
136 139
136 198
136 134
137 37
138 50
138 167
138 61
138 93
138 133
139 136
139 153
139 131
139 187
139 54
140 72
140 256
140 103
141 13
142 41
142 43
142 203
143 77
143 71
144 12
144 76
144 31
145 184
145 59
145 52
145 14
146 32
146 48
146 155
146 191
146 111
147 114
148 61
149 81
150 50
150 205
150 86
151 32
151 48
151 146
151 111
152 42
152 68
152 47
153 139
154 27
154 179
154 39
155 48
155 192
155 146
155 111
156 180
156 132
156 29
157 76
157 31
158 185
158 12
159 89
159 124
159 125
160 101
161 65
161 195
162 54
163 209
163 44
164 68
164 92
165 96
166 82
167 138
168 97
168 76
168 31
169 116
169 21
169 58
169 93
169 30
169 197
170 116
171 84
171 55
172 20
173 171
173 84
173 55
174 133
175 79
176 24
176 115
177 58
177 107
177 30
178 136
178 198
178 134
179 154
179 27
180 112
180 156
180 132
180 29
181 16
181 13
181 87
182 72
182 129
182 44
183 91
183 100
183 119
184 145
185 12
185 158
186 132
186 180
186 156
186 29
187 153
187 139
188 32
188 24
188 155
188 104
188 217
189 96
189 204
189 72
189 28
189 218
189 140
190 128
190 57
190 118
191 32
191 48
191 146
192 48
192 32
192 155
192 111
193 51
194 67
194 93
195 161
195 65
196 170
196 116
197 169
198 136
198 178
198 134
199 74
200 33
200 18
200 94
201 15
202 26
202 38
203 41
203 43
203 142
204 218
204 189
205 61
205 150
206 58
206 107
206 213
206 22
207 56
208 26
208 38
209 163
209 44
210 220
210 91
210 100
210 119
211 64
212 99
212 135
213 206
214 59
214 102
214 14
215 90
215 75
215 12
216 16
217 188
218 40
218 96
218 204
218 189
219 73
219 44
219 13
220 210
220 91
220 119
221 97
221 76
221 31
222 13
223 224
223 225
223 82
223 229
223 15
223 26
223 91
223 226
223 31
224 232
224 227
224 223
225 223
226 263
226 231
226 228
226 230
226 223
227 224
227 233
227 235
228 226
228 230
228 231
229 234
229 230
229 223
230 226
230 228
230 229
231 226
231 228
232 224
232 225
233 227
233 236
234 229
234 237
235 227
236 233
237 234
238 46
238 55
238 233
238 171
238 190
238 239
239 240
239 241
239 242
239 243
239 248
239 238
239 255
240 245
240 246
240 239
241 248
241 249
241 250
241 239
242 252
242 244
242 239
243 254
243 238
243 239
244 242
244 247
245 240
246 240
247 244
248 241
248 251
248 239
249 241
249 253
249 239
250 241
251 248
252 242
253 249
253 252
253 247
254 243
254 238
255 239
256 17
256 98
256 147
256 7
256 263
256 140
256 257
257 256
257 258
257 259
257 260
258 257
258 260
259 257
260 257
260 258
261 262
261 242
261 59
261 6
261 102
262 261
263 256
263 304
263 98
263 27
263 324
263 264
263 266
263 91
263 322
263 226
264 288
264 457
264 291
264 294
264 263
264 392
264 265
264 330
264 299
264 411
264 270
264 316
264 311
264 344
264 315
264 284
264 297
265 276
265 414
265 264
265 396
265 346
265 268
265 382
266 272
266 324
266 309
266 263
266 388
266 267
266 325
267 266
267 308
267 274
268 321
268 294
268 278
268 329
268 264
268 265
268 303
268 269
268 271
269 288
269 306
269 278
269 329
269 297
269 346
269 303
269 268
269 271
270 275
270 277
270 264
270 284
270 429
270 287
271 347
271 373
271 310
271 279
271 283
271 268
271 269
272 355
272 357
272 266
272 447
272 298
272 325
273 272
273 341
273 263
273 296
273 281
273 331
273 300
274 393
274 323
274 267
274 293
274 359
275 368
275 450
275 292
275 285
275 270
276 290
276 292
276 389
276 391
276 264
276 265
276 267
276 268
276 333
276 304
276 370
276 374
276 349
276 286
277 440
277 293
277 270
278 328
278 420
278 353
278 280
278 329
278 282
278 268
278 269
278 334
278 303
279 271
279 433
279 282
279 283
279 365
279 301
280 307
280 278
280 328
280 284
280 285
280 334
280 479
281 344
281 273
281 372
281 439
282 402
282 278
282 279
282 418
282 332
282 301
282 271
283 409
283 347
283 279
283 378
283 271
284 320
284 448
284 289
284 264
284 380
284 428
284 430
284 449
284 270
284 280
284 442
284 412
285 280
285 307
285 275
286 385
286 338
286 276
286 460
286 335
287 429
287 270
288 264
288 312
288 268
288 269
288 417
289 314
289 284
289 381
289 287
290 274
290 375
290 276
290 359
291 336
291 438
291 264
291 265
291 317
291 398
292 427
292 307
292 276
292 295
292 275
292 339
292 267
292 397
293 305
293 274
293 277
293 429
294 336
294 434
294 302
294 264
294 380
294 363
294 268
294 350
295 308
295 451
295 292
295 285
295 441
296 273
296 318
296 281
297 264
297 361
297 367
297 268
297 269
297 319
298 272
298 447
299 264
299 311
300 273
301 282
301 279
302 416
302 434
302 294
302 363
302 380
302 350
303 356
303 278
303 343
303 268
303 348
303 269
304 400
304 276
304 263
305 293
306 269
307 376
307 435
307 292
307 377
307 280
307 313
307 492
307 285
308 267
308 325
308 295
309 266
309 324
310 271
310 386
310 340
310 406
310 283
310 399
311 264
311 457
311 330
311 299
311 316
312 288
312 277
313 307
314 289
314 459
315 264
315 330
316 264
316 344
316 423
316 341
316 311
317 336
317 352
317 291
317 438
318 296
318 424
318 316
318 341
319 297
320 449
320 442
320 284
321 268
321 269
322 263
323 274
324 272
324 309
324 326
324 263
324 266
324 351
325 272
325 266
325 308
326 324
326 351
327 272
327 273
327 458
327 296
328 280
328 401
328 404
328 366
328 278
329 419
329 268
329 269
329 278
330 264
330 315
330 284
330 422
330 311
331 360
331 273
331 408
331 316
331 337
332 282
333 370
333 276
333 349
333 389
334 387
334 436
334 278
334 358
334 280
334 362
334 443
334 390
335 286
336 291
336 453
336 294
336 346
336 317
336 302
336 413
337 360
337 408
337 331
337 388
338 395
338 460
338 286
338 335
339 292
339 397
340 347
340 310
340 399
341 273
341 316
341 318
342 332
342 284
342 302
342 345
343 356
343 303
344 264
344 281
344 316
344 318
344 455
345 342
346 336
346 265
346 269
346 421
346 303
347 283
347 340
347 271
348 343
348 303
349 276
349 333
350 302
350 294
351 324
351 326
352 291
352 317
352 398
353 278
354 267
354 444
355 272
355 298
355 379
355 357
356 369
356 343
356 364
356 437
356 303
357 272
357 355
358 384
358 334
359 274
359 371
359 290
359 405
360 337
360 331
361 297
362 425
362 479
362 334
362 279
363 416
363 434
363 294
363 302
364 369
364 356
365 279
366 328
366 401
367 297
367 391
367 319
368 275
369 364
369 340
369 356
370 276
370 333
370 389
371 410
371 375
371 431
371 359
372 281
373 271
374 328
374 276
374 333
374 454
374 407
375 290
375 371
375 403
376 313
376 307
376 377
377 376
377 313
377 307
377 435
378 283
379 275
379 272
379 298
379 355
380 330
380 363
380 284
380 294
380 302
381 336
381 289
381 284
381 288
382 265
382 396
383 350
383 302
383 294
384 358
385 338
385 395
385 415
385 286
385 335
386 310
387 443
387 436
387 390
387 334
388 337
388 266
388 331
389 370
389 276
389 333
389 391
390 307
390 426
390 387
390 334
391 367
391 276
391 333
391 389
392 264
393 274
393 394
394 393
395 385
395 338
395 460
396 265
396 382
397 339
397 292
398 352
398 291
399 340
399 310
400 304
401 328
401 404
401 366
402 282
403 375
404 328
404 401
404 366
405 359
406 386
406 340
406 310
407 454
407 374
408 337
408 331
409 283
410 371
410 375
411 392
411 264
411 311
412 284
413 336
414 265
415 385
415 395
415 286
416 363
416 302
416 294
417 288
417 456
417 381
418 282
419 329
419 347
419 303
420 278
421 346
422 330
423 316
424 318
425 362
426 390
427 339
427 292
428 284
429 293
429 270
429 287
430 320
430 412
430 428
430 284
431 371
431 452
432 369
432 363
432 294
432 342
433 279
434 363
434 294
434 302
435 377
435 307
436 387
436 334
437 356
438 291
438 317
438 398
439 281
439 372
440 277
441 461
441 295
442 320
442 284
443 387
443 436
443 334
444 354
444 267
445 331
446 424
446 318
447 272
447 298
448 280
448 275
448 284
448 285
448 334
449 320
449 284
450 275
451 295
452 371
452 277
452 431
453 336
454 374
454 407
455 344
456 417
457 264
457 311
458 327
459 314
460 385
460 338
460 395
460 286
460 415
461 98
461 286
461 462
461 441
461 267
461 270
461 463
462 461
463 461
464 17
464 467
464 180
464 472
464 465
464 8
464 468
464 58
464 474
464 319
465 464
465 466
465 469
465 477
466 465
467 464
467 473
467 475
468 464
468 476
468 470
468 471
469 465
470 476
470 468
471 473
471 468
471 470
472 464
472 478
472 470
472 471
473 464
473 474
473 467
473 471
474 464
474 473
475 467
476 472
476 468
476 470
477 465
477 469
478 472
479 32
479 480
479 55
479 280
479 329
479 362
480 479
481 32
481 482
481 50
481 483
481 484
481 485
481 390
481 377
481 491
481 221
482 481
482 483
482 484
483 481
483 482
484 488
484 481
484 482
484 486
484 487
485 481
485 482
485 490
486 484
487 488
487 484
488 484
488 487
489 484
489 487
490 485
491 481
492 498
492 307
492 494
492 38
492 24
492 495
492 125
492 142
492 493
493 492
494 492
495 496
495 497
495 492
496 499
496 495
497 495
498 492
499 496
