22 20
22 11
22 23
14 4
14 5
23 22
15 2
15 8
24 26
24 27
24 29
24 38
1 2
1 7
1 8
1 9
16 2
16 19
41 31
41 40
25 28
25 31
25 35
25 49
2 1
2 3
2 17
42 28
3 2
17 2
26 24
26 30
26 32
4 5
4 11
4 14
27 24
44 26
44 34
44 46
28 25
45 37
29 24
29 31
29 33
29 37
30 26
18 7
5 4
5 14
31 25
31 29
31 36
31 40
31 41
46 44
47 40
48 34
49 25
19 16
32 26
32 30
50 20
50 4
6 10
6 11
39 24
39 38
7 1
7 3
7 2
7 12
7 13
7 18
8 1
8 15
33 29
9 1
10 6
34 37
34 48
11 1
11 4
11 6
11 22
35 25
20 22
20 50
36 31
12 7
37 34
37 29
37 45
38 24
13 7
21 20
40 31
40 47
