15 0
46 32
47 36
47 53
48 32
32 33
32 34
32 35
32 46
32 48
32 51
17 6
17 14
33 32
33 36
33 37
33 40
34 32
34 41
0 15
0 22
35 32
35 38
35 51
1 24
36 33
36 37
36 47
36 53
49 37
49 44
37 36
37 33
37 39
37 44
37 49
37 50
18 23
2 21
50 43
50 37
50 32
19 9
3 4
3 5
3 6
3 7
3 12
38 35
20 19
20 9
51 43
51 35
51 32
51 47
4 3
4 5
4 6
4 7
4 9
4 12
39 37
52 45
5 3
5 4
5 6
5 9
21 2
22 0
40 33
40 42
53 36
53 47
23 18
6 3
6 4
6 5
6 13
6 14
6 17
41 34
42 40
7 3
7 4
7 8
7 11
7 13
8 7
9 4
9 5
9 10
9 20
43 40
43 42
43 50
43 51
24 1
55 4
55 33
55 28
25 26
26 25
10 9
44 37
44 49
56 57
11 7
57 56
27 28
12 0
12 3
12 4
12 5
28 27
28 29
28 55
58 59
59 58
29 28
13 6
13 7
14 6
14 17
30 28
45 52
