60
125
15 0 0.1
46 32 0.047619
47 36 0.125
47 53 0.25
48 32 0.047619
32 33 0.0666667
32 34 0.25
32 35 0.125
32 46 0.5
32 48 0.166667
32 51 0.142857
17 6 0.0666667
17 14 0.25
33 32 0.047619
33 36 0.125
33 37 0.0526316
33 40 0.2
34 32 0.047619
34 41 0.25
0 15 0.5
0 22 0.5
35 32 0.047619
35 38 0.5
35 51 0.142857
1 24 0.25
36 33 0.0666667
36 37 0.0526316
36 47 0.2
36 53 0.25
49 37 0.0526316
49 44 0.25
37 36 0.125
37 33 0.0666667
37 39 0.25
37 44 0.25
37 49 0.25
37 50 0.2
18 23 0.5
2 21 0.25
50 43 0.166667
50 37 0.0526316
50 32 0.047619
19 9 0.0769231
3 4 0.0769231
3 5 0.0909091
3 6 0.0666667
3 7 0.0625
3 12 0.166667
38 35 0.125
20 19 0.142857
20 9 0.0769231
51 43 0.166667
51 35 0.125
51 32 0.047619
51 47 0.2
4 3 0.0769231
4 5 0.0909091
4 6 0.0666667
4 7 0.0625
4 9 0.0769231
4 12 0.166667
39 37 0.0526316
52 45 0.166667
5 3 0.0769231
5 4 0.0769231
5 6 0.0666667
5 9 0.0769231
21 2 0.166667
22 0 0.1
40 33 0.0666667
40 42 0.333333
53 36 0.125
53 47 0.2
23 18 0.25
6 3 0.0769231
6 4 0.0769231
6 5 0.0909091
6 13 0.25
6 14 0.25
6 17 0.25
41 34 0.25
42 40 0.2
7 3 0.0769231
7 4 0.0769231
7 8 0.5
7 11 0.5
7 13 0.25
8 7 0.0625
9 4 0.0769231
9 5 0.0909091
9 10 0.166667
9 20 0.166667
43 40 0.2
43 42 0.333333
43 50 0.2
43 51 0.142857
24 1 0.142857
55 4 0.0769231
55 33 0.0666667
55 28 0.0625
25 26 0.5
26 25 0.25
10 9 0.0769231
44 37 0.0526316
44 49 0.25
56 57 0.5
11 7 0.0625
57 56 0.25
27 28 0.0625
12 0 0.1
12 3 0.0769231
12 4 0.0769231
12 5 0.0909091
28 27 0.0833333
28 29 0.5
28 55 0.1
58 59 0.25
59 58 0.2
29 28 0.0625
13 6 0.0666667
13 7 0.0625
14 6 0.0666667
14 17 0.25
30 28 0.0625
45 52 0.2
