#ignore first line
1 2 0.16666666666666666
1 4 0.5
2 1 0.25
2 3 0.14285714285714285
2 6 0.07692307692307693
3 2 0.16666666666666666
3 5 0.25
3 6 0.07692307692307693
4 1 0.25
5 3 0.14285714285714285
5 6 0.07692307692307693
6 2 0.16666666666666666
6 3 0.14285714285714285
6 5 0.25
6 7 0.16666666666666666
6 8 0.16666666666666666
6 13 0.05263157894736842
7 11 0.5
7 6 0.07692307692307693
8 9 0.16666666666666666
8 6 0.07692307692307693
8 7 0.16666666666666666
9 12 0.2
9 13 0.05263157894736842
9 8 0.16666666666666666
10 6 0.07692307692307693
11 7 0.16666666666666666
12 9 0.16666666666666666
12 13 0.05263157894736842
12 8 0.16666666666666666
13 62 0.25
13 59 0.16666666666666666
13 6 0.07692307692307693
13 9 0.16666666666666666
13 43 0.1
13 12 0.2
13 14 0.07692307692307693
13 15 0.05
13 16 0.027777777777777776
14 18 0.09090909090909091
14 19 0.1
14 221 0.25
14 205 0.25
14 13 0.05263157894736842
14 79 0.1111111111111111
15 17 0.04
15 82 0.125
15 157 0.2
15 116 0.2
15 21 0.1
15 37 0.16666666666666666
15 59 0.16666666666666666
15 124 0.0625
15 13 0.05263157894736842
15 107 0.2
16 70 0.07692307692307693
16 103 0.1
16 201 0.09090909090909091
16 173 0.1
16 108 0.0625
16 13 0.05263157894736842
16 46 0.06666666666666667
16 207 0.14285714285714285
16 48 0.07692307692307693
16 210 0.125
16 23 0.07692307692307693
16 120 0.1111111111111111
16 89 0.1111111111111111
16 61 0.09090909090909091
16 30 0.05
16 224 0.045454545454545456
17 116 0.2
17 182 0.14285714285714285
17 20 0.05263157894736842
17 101 0.125
17 15 0.05
17 135 0.14285714285714285
17 88 0.14285714285714285
17 28 0.1111111111111111
17 31 0.09090909090909091
17 118 0.1111111111111111
18 188 0.16666666666666666
18 51 0.16666666666666666
18 36 0.07692307692307693
18 213 0.5
18 14 0.07692307692307693
19 187 0.5
19 85 0.08333333333333333
19 14 0.07692307692307693
19 55 0.125
19 22 0.05263157894736842
20 17 0.04
20 33 0.2
20 76 0.16666666666666666
20 102 0.14285714285714285
20 40 0.08333333333333333
20 138 0.14285714285714285
20 24 0.07692307692307693
20 111 0.5
20 31 0.09090909090909091
21 17 0.04
21 71 0.07692307692307693
21 37 0.16666666666666666
21 31 0.09090909090909091
21 15 0.05
22 114 0.14285714285714285
22 19 0.1
22 148 0.2
22 85 0.08333333333333333
22 39 0.05555555555555555
22 25 0.09090909090909091
22 117 0.1111111111111111
22 179 0.16666666666666666
23 201 0.09090909090909091
23 173 0.1
23 78 0.05555555555555555
23 16 0.027777777777777776
24 34 0.2
24 20 0.05263157894736842
24 53 0.09090909090909091
24 106 0.3333333333333333
24 27 0.09090909090909091
24 190 0.3333333333333333
25 117 0.1111111111111111
25 179 0.16666666666666666
25 85 0.08333333333333333
25 22 0.05263157894736842
26 17 0.04
26 57 0.1
26 84 0.0625
26 164 0.16666666666666666
26 239 0.07142857142857142
26 66 0.25
26 41 0.16666666666666666
26 74 0.16666666666666666
26 29 0.07142857142857142
26 31 0.09090909090909091
26 128 0.25
27 44 0.1111111111111111
27 223 0.3333333333333333
27 95 0.2
27 24 0.07692307692307693
28 17 0.04
28 118 0.1111111111111111
28 182 0.14285714285714285
29 17 0.04
29 36 0.07692307692307693
29 84 0.0625
29 166 0.5
29 26 0.047619047619047616
29 139 0.2
29 126 0.2
30 108 0.0625
30 68 0.14285714285714285
30 181 0.2
30 262 0.1111111111111111
30 23 0.07692307692307693
30 16 0.027777777777777776
30 32 0.05
30 47 0.125
30 64 0.14285714285714285
31 17 0.04
31 26 0.047619047619047616
31 20 0.05263157894736842
31 21 0.1
31 119 0.5
32 49 0.14285714285714285
32 67 0.06666666666666667
32 149 0.3333333333333333
32 183 0.5
32 40 0.08333333333333333
32 462 0.08333333333333333
32 30 0.05
32 224 0.045454545454545456
33 20 0.05263157894736842
33 54 0.125
34 209 0.5
34 27 0.09090909090909091
34 24 0.07692307692307693
35 178 0.25
35 144 0.14285714285714285
35 38 0.08333333333333333
35 194 0.16666666666666666
35 60 0.058823529411764705
35 13 0.05263157894736842
35 14 0.07692307692307693
35 200 0.2
35 32 0.05
36 137 0.5
36 18 0.09090909090909091
36 123 0.2
36 92 0.16666666666666666
36 29 0.07142857142857142
37 84 0.0625
37 21 0.1
37 15 0.05
38 193 0.14285714285714285
38 35 0.06666666666666667
38 86 0.043478260869565216
38 122 0.5
38 46 0.06666666666666667
38 32 0.05
39 81 0.1111111111111111
39 22 0.05263157894736842
39 152 0.14285714285714285
39 25 0.09090909090909091
39 42 0.08333333333333333
39 91 0.14285714285714285
39 216 0.125
39 45 0.1
39 110 0.125
40 20 0.05263157894736842
40 156 0.2
40 171 0.25
40 108 0.0625
40 31 0.09090909090909091
40 32 0.05
41 26 0.047619047619047616
41 63 0.5
41 18 0.09090909090909091
42 114 0.14285714285714285
42 45 0.1
42 39 0.05555555555555555
42 152 0.14285714285714285
43 121 0.2
43 125 0.1111111111111111
43 195 0.25
43 13 0.05263157894736842
43 257 0.07142857142857142
44 27 0.09090909090909091
44 52 0.09090909090909091
44 56 0.0625
45 42 0.08333333333333333
45 90 0.125
45 39 0.05555555555555555
45 50 0.07692307692307693
46 176 0.25
46 70 0.07692307692307693
46 23 0.07692307692307693
46 73 0.14285714285714285
46 154 0.25
46 16 0.027777777777777776
46 30 0.05
46 38 0.08333333333333333
47 100 0.09090909090909091
47 109 0.14285714285714285
47 30 0.05
48 210 0.125
48 163 0.125
48 173 0.1
48 78 0.05555555555555555
48 16 0.027777777777777776
49 67 0.06666666666666667
49 69 0.14285714285714285
49 32 0.05
50 81 0.1111111111111111
50 39 0.05555555555555555
50 152 0.14285714285714285
50 42 0.08333333333333333
50 91 0.14285714285714285
50 45 0.1
50 110 0.125
51 41 0.16666666666666666
51 18 0.09090909090909091
51 36 0.07692307692307693
52 58 0.125
52 27 0.09090909090909091
52 44 0.1111111111111111
52 75 0.14285714285714285
52 56 0.0625
53 105 0.16666666666666666
53 98 0.16666666666666666
53 129 0.5
53 20 0.05263157894736842
53 24 0.07692307692307693
54 33 0.2
54 99 0.25
55 25 0.09090909090909091
55 202 0.16666666666666666
55 19 0.1
55 22 0.05263157894736842
55 198 0.14285714285714285
56 113 0.1111111111111111
56 192 0.14285714285714285
56 52 0.09090909090909091
56 44 0.1111111111111111
56 94 0.25
56 159 0.5
56 142 0.25
57 26 0.047619047619047616
57 80 0.5
57 125 0.1111111111111111
57 239 0.07142857142857142
57 74 0.16666666666666666
58 177 0.2
58 52 0.09090909090909091
58 44 0.1111111111111111
58 172 0.3333333333333333
59 204 0.5
59 13 0.05263157894736842
59 15 0.05
60 178 0.25
60 35 0.06666666666666667
60 194 0.16666666666666666
60 90 0.125
60 155 0.09090909090909091
60 200 0.2
60 203 0.16666666666666666
60 144 0.14285714285714285
61 65 0.16666666666666666
61 85 0.08333333333333333
61 23 0.07692307692307693
61 72 0.1111111111111111
61 73 0.14285714285714285
61 16 0.027777777777777776
62 13 0.05263157894736842
62 198 0.14285714285714285
63 41 0.16666666666666666
64 100 0.09090909090909091
64 109 0.14285714285714285
64 30 0.05
65 51 0.16666666666666666
65 61 0.09090909090909091
65 70 0.07692307692307693
65 16 0.027777777777777776
66 26 0.047619047619047616
66 164 0.16666666666666666
67 49 0.14285714285714285
67 133 0.125
67 86 0.043478260869565216
67 197 0.25
67 77 0.1111111111111111
67 174 0.3333333333333333
67 32 0.05
68 100 0.09090909090909091
68 30 0.05
68 64 0.14285714285714285
69 49 0.14285714285714285
69 99 0.25
69 60 0.058823529411764705
69 32 0.05
70 65 0.16666666666666666
70 145 0.5
70 51 0.16666666666666666
70 132 0.5
70 208 0.5
70 46 0.06666666666666667
70 16 0.027777777777777776
71 465 0.08333333333333333
71 185 0.2
71 83 0.25
71 53 0.09090909090909091
71 105 0.16666666666666666
71 21 0.1
71 96 0.125
72 97 0.3333333333333333
72 61 0.09090909090909091
72 175 0.5
72 168 0.3333333333333333
73 189 0.5
73 61 0.09090909090909091
73 46 0.06666666666666667
74 57 0.1
74 26 0.047619047619047616
74 76 0.16666666666666666
75 115 0.5
75 52 0.09090909090909091
75 27 0.09090909090909091
75 44 0.1111111111111111
75 54 0.125
76 74 0.16666666666666666
76 20 0.05263157894736842
76 143 0.5
77 67 0.06666666666666667
77 197 0.25
77 86 0.043478260869565216
78 153 0.125
78 23 0.07692307692307693
78 103 0.1
78 120 0.1111111111111111
78 89 0.1111111111111111
78 16 0.027777777777777776
78 201 0.09090909090909091
78 48 0.07692307692307693
79 169 0.2
79 146 0.5
79 220 0.25
79 14 0.07692307692307693
80 57 0.1
81 42 0.08333333333333333
81 134 0.125
81 39 0.05555555555555555
81 50 0.07692307692307693
82 107 0.2
82 157 0.2
82 15 0.05
83 71 0.07692307692307693
84 180 0.16666666666666666
84 37 0.16666666666666666
84 212 0.16666666666666666
84 26 0.047619047619047616
84 93 0.16666666666666666
84 126 0.2
84 29 0.07142857142857142
84 96 0.125
85 19 0.1
85 196 0.5
85 22 0.05263157894736842
85 87 0.3333333333333333
85 25 0.09090909090909091
85 61 0.09090909090909091
86 257 0.07142857142857142
86 67 0.06666666666666667
86 38 0.08333333333333333
86 199 0.2
86 77 0.1111111111111111
86 141 0.1111111111111111
86 48 0.07692307692307693
86 147 0.125
86 217 0.2
86 218 0.25
86 155 0.09090909090909091
86 127 0.25
87 85 0.08333333333333333
87 22 0.05263157894736842
88 17 0.04
88 28 0.1111111111111111
88 135 0.14285714285714285
89 210 0.125
89 103 0.1
89 78 0.05555555555555555
89 23 0.07692307692307693
89 16 0.027777777777777776
90 91 0.14285714285714285
90 60 0.058823529411764705
90 45 0.1
90 104 0.5
91 81 0.1111111111111111
91 90 0.125
91 39 0.05555555555555555
91 50 0.07692307692307693
92 123 0.2
92 36 0.07692307692307693
92 139 0.2
93 177 0.2
93 84 0.0625
93 96 0.125
94 113 0.1111111111111111
94 56 0.0625
95 52 0.09090909090909091
95 27 0.09090909090909091
95 44 0.1111111111111111
95 54 0.125
96 58 0.125
96 83 0.25
96 84 0.0625
96 93 0.16666666666666666
96 71 0.07692307692307693
97 72 0.1111111111111111
98 112 0.5
98 24 0.07692307692307693
98 53 0.09090909090909091
98 56 0.0625
99 69 0.14285714285714285
99 54 0.125
100 68 0.14285714285714285
100 181 0.2
100 102 0.14285714285714285
100 47 0.125
100 64 0.14285714285714285
101 17 0.04
101 124 0.0625
101 28 0.1111111111111111
101 88 0.14285714285714285
102 20 0.05263157894736842
102 100 0.09090909090909091
102 30 0.05
102 40 0.08333333333333333
103 89 0.1111111111111111
103 78 0.05555555555555555
103 23 0.07692307692307693
103 16 0.027777777777777776
104 90 0.125
105 186 0.5
105 53 0.09090909090909091
105 71 0.07692307692307693
106 24 0.07692307692307693
107 82 0.125
107 15 0.05
108 161 0.3333333333333333
108 130 0.25
108 262 0.1111111111111111
108 151 0.1111111111111111
108 40 0.08333333333333333
108 30 0.05
108 47 0.125
108 16 0.027777777777777776
109 68 0.14285714285714285
109 100 0.09090909090909091
109 30 0.05
109 47 0.125
109 64 0.14285714285714285
110 50 0.07692307692307693
110 131 0.25
110 39 0.05555555555555555
110 42 0.08333333333333333
111 20 0.05263157894736842
112 98 0.16666666666666666
113 158 0.3333333333333333
113 192 0.14285714285714285
113 94 0.25
113 56 0.0625
114 42 0.08333333333333333
114 165 0.3333333333333333
114 22 0.05263157894736842
114 72 0.1111111111111111
115 75 0.14285714285714285
116 17 0.04
116 82 0.125
116 15 0.05
117 25 0.09090909090909091
117 179 0.16666666666666666
117 22 0.05263157894736842
117 167 0.25
118 17 0.04
118 124 0.0625
118 28 0.1111111111111111
118 170 0.16666666666666666
118 88 0.14285714285714285
119 31 0.09090909090909091
120 153 0.125
120 163 0.125
120 48 0.07692307692307693
120 78 0.05555555555555555
120 16 0.027777777777777776
121 43 0.1
121 195 0.25
122 38 0.08333333333333333
123 92 0.16666666666666666
123 36 0.07692307692307693
124 17 0.04
124 82 0.125
124 101 0.125
124 118 0.1111111111111111
124 170 0.16666666666666666
124 462 0.08333333333333333
124 222 0.25
124 15 0.05
124 150 0.25
125 17 0.04
125 121 0.2
125 212 0.16666666666666666
125 57 0.1
125 43 0.1
125 28 0.1111111111111111
126 84 0.0625
126 29 0.07142857142857142
126 79 0.1111111111111111
127 218 0.25
127 86 0.043478260869565216
128 26 0.047619047619047616
128 180 0.16666666666666666
129 53 0.09090909090909091
130 211 0.2
130 108 0.0625
131 193 0.14285714285714285
131 110 0.125
132 70 0.07692307692307693
133 69 0.14285714285714285
133 67 0.06666666666666667
133 77 0.1111111111111111
133 162 0.3333333333333333
133 136 0.3333333333333333
134 81 0.1111111111111111
134 42 0.08333333333333333
134 45 0.1
134 257 0.07142857142857142
134 216 0.125
135 17 0.04
135 170 0.16666666666666666
135 101 0.125
135 88 0.14285714285714285
136 133 0.125
137 36 0.07692307692307693
138 219 0.3333333333333333
138 20 0.05263157894736842
138 191 0.2
139 92 0.16666666666666666
139 36 0.07692307692307693
139 29 0.07142857142857142
140 46 0.06666666666666667
141 217 0.2
141 147 0.125
141 86 0.043478260869565216
142 33 0.2
142 113 0.1111111111111111
142 56 0.0625
143 76 0.16666666666666666
144 35 0.06666666666666667
144 60 0.058823529411764705
144 203 0.16666666666666666
145 70 0.07692307692307693
146 79 0.1111111111111111
147 141 0.1111111111111111
147 86 0.043478260869565216
147 199 0.2
148 117 0.1111111111111111
148 22 0.05263157894736842
148 184 0.5
149 102 0.14285714285714285
149 32 0.05
150 124 0.0625
150 222 0.25
151 211 0.2
151 108 0.0625
151 239 0.07142857142857142
151 224 0.045454545454545456
152 50 0.07692307692307693
152 45 0.1
152 39 0.05555555555555555
152 42 0.08333333333333333
153 201 0.09090909090909091
153 16 0.027777777777777776
153 78 0.05555555555555555
153 120 0.1111111111111111
154 46 0.06666666666666667
154 176 0.25
155 257 0.07142857142857142
155 86 0.043478260869565216
155 215 0.5
155 60 0.058823529411764705
155 141 0.1111111111111111
155 214 0.25
156 171 0.25
156 40 0.08333333333333333
157 82 0.125
157 107 0.2
157 15 0.05
158 113 0.1111111111111111
158 56 0.0625
159 56 0.0625
160 49 0.14285714285714285
160 32 0.05
161 108 0.0625
161 151 0.1111111111111111
162 133 0.125
162 136 0.3333333333333333
163 48 0.07692307692307693
163 173 0.1
163 78 0.05555555555555555
163 120 0.1111111111111111
164 66 0.25
164 482 0.047619047619047616
164 26 0.047619047619047616
165 114 0.14285714285714285
166 29 0.07142857142857142
167 25 0.09090909090909091
167 117 0.1111111111111111
167 22 0.05263157894736842
168 97 0.3333333333333333
168 72 0.1111111111111111
169 220 0.25
169 79 0.1111111111111111
170 124 0.0625
170 118 0.1111111111111111
170 135 0.14285714285714285
171 156 0.2
171 40 0.08333333333333333
172 58 0.125
173 163 0.125
173 48 0.07692307692307693
173 78 0.05555555555555555
173 23 0.07692307692307693
173 16 0.027777777777777776
174 67 0.06666666666666667
174 77 0.1111111111111111
175 72 0.1111111111111111
176 154 0.25
176 46 0.06666666666666667
177 58 0.125
177 172 0.3333333333333333
177 93 0.16666666666666666
178 35 0.06666666666666667
178 60 0.058823529411764705
179 25 0.09090909090909091
179 117 0.1111111111111111
179 22 0.05263157894736842
180 84 0.0625
180 212 0.16666666666666666
180 128 0.25
181 100 0.09090909090909091
181 30 0.05
181 47 0.125
182 17 0.04
182 28 0.1111111111111111
182 101 0.125
182 224 0.045454545454545456
183 32 0.05
184 148 0.2
185 465 0.08333333333333333
185 83 0.25
185 71 0.07692307692307693
186 105 0.16666666666666666
187 19 0.1
188 169 0.2
188 18 0.09090909090909091
188 123 0.2
188 36 0.07692307692307693
188 29 0.07142857142857142
189 73 0.14285714285714285
190 106 0.3333333333333333
190 24 0.07692307692307693
191 138 0.14285714285714285
191 192 0.14285714285714285
192 113 0.1111111111111111
192 138 0.14285714285714285
192 191 0.2
192 56 0.0625
193 73 0.14285714285714285
193 147 0.125
193 38 0.08333333333333333
193 131 0.25
193 110 0.125
194 35 0.06666666666666667
194 60 0.058823529411764705
194 203 0.16666666666666666
195 121 0.2
195 43 0.1
196 85 0.08333333333333333
197 67 0.06666666666666667
197 77 0.1111111111111111
198 202 0.16666666666666666
198 62 0.25
198 55 0.125
199 147 0.125
199 141 0.1111111111111111
199 86 0.043478260869565216
200 35 0.06666666666666667
200 60 0.058823529411764705
200 144 0.14285714285714285
201 23 0.07692307692307693
201 103 0.1
201 153 0.125
201 78 0.05555555555555555
201 207 0.14285714285714285
201 16 0.027777777777777776
202 165 0.3333333333333333
202 198 0.14285714285714285
202 55 0.125
203 194 0.16666666666666666
203 60 0.058823529411764705
203 144 0.14285714285714285
204 59 0.16666666666666666
205 221 0.25
205 14 0.07692307692307693
206 38 0.08333333333333333
207 153 0.125
207 201 0.09090909090909091
207 48 0.07692307692307693
207 173 0.1
207 16 0.027777777777777776
208 70 0.07692307692307693
209 34 0.2
210 89 0.1111111111111111
210 48 0.07692307692307693
210 78 0.05555555555555555
210 103 0.1
210 16 0.027777777777777776
211 130 0.25
211 108 0.0625
211 151 0.1111111111111111
212 84 0.0625
212 125 0.1111111111111111
212 180 0.16666666666666666
213 18 0.09090909090909091
214 257 0.07142857142857142
214 155 0.09090909090909091
215 155 0.09090909090909091
216 81 0.1111111111111111
216 50 0.07692307692307693
216 493 0.08333333333333333
216 134 0.125
216 39 0.05555555555555555
217 147 0.125
217 141 0.1111111111111111
217 86 0.043478260869565216
218 86 0.043478260869565216
218 127 0.25
219 138 0.14285714285714285
219 191 0.2
220 169 0.2
220 79 0.1111111111111111
221 205 0.25
221 14 0.07692307692307693
222 124 0.0625
222 150 0.25
223 27 0.09090909090909091
223 52 0.09090909090909091
224 230 0.5
224 226 0.5
224 227 0.25
224 228 0.16666666666666666
224 53 0.09090909090909091
224 182 0.14285714285714285
224 151 0.1111111111111111
224 264 0.024390243902439025
224 235 0.5
224 16 0.027777777777777776
224 32 0.05
225 224 0.045454545454545456
226 224 0.045454545454545456
227 233 0.5
227 224 0.045454545454545456
228 229 0.16666666666666666
228 231 0.5
228 224 0.045454545454545456
229 234 0.16666666666666666
229 228 0.16666666666666666
229 232 0.16666666666666666
230 224 0.045454545454545456
231 228 0.16666666666666666
232 234 0.16666666666666666
232 229 0.16666666666666666
232 238 0.5
233 227 0.25
234 236 0.25
234 229 0.16666666666666666
234 232 0.16666666666666666
235 224 0.045454545454545456
236 234 0.16666666666666666
236 237 0.5
237 236 0.25
238 232 0.16666666666666666
239 241 0.1
239 67 0.06666666666666667
239 246 0.2
239 151 0.1111111111111111
239 57 0.1
239 26 0.047619047619047616
239 240 0.16666666666666666
240 242 0.16666666666666666
240 243 0.1111111111111111
240 239 0.07142857142857142
241 249 0.3333333333333333
241 243 0.1111111111111111
241 254 0.5
241 239 0.07142857142857142
241 256 0.5
242 250 0.2
242 244 0.25
242 240 0.16666666666666666
243 241 0.1
243 251 0.16666666666666666
243 247 0.25
243 240 0.16666666666666666
244 242 0.16666666666666666
244 245 0.5
245 244 0.25
246 243 0.1111111111111111
246 239 0.07142857142857142
246 248 0.3333333333333333
247 243 0.1111111111111111
247 251 0.16666666666666666
248 246 0.2
249 241 0.1
249 239 0.07142857142857142
250 242 0.16666666666666666
250 248 0.3333333333333333
251 243 0.1111111111111111
251 255 0.5
251 247 0.25
252 250 0.2
252 253 0.3333333333333333
252 480 0.1111111111111111
253 250 0.2
253 252 0.2
254 241 0.1
255 251 0.16666666666666666
256 241 0.1
257 258 0.14285714285714285
257 259 0.2
257 214 0.25
257 43 0.1
257 155 0.09090909090909091
257 86 0.043478260869565216
257 134 0.125
258 257 0.07142857142857142
258 260 0.3333333333333333
258 261 0.3333333333333333
259 257 0.07142857142857142
259 258 0.14285714285714285
260 258 0.14285714285714285
260 259 0.2
261 258 0.14285714285714285
261 259 0.2
262 3 0.14285714285714285
262 54 0.125
262 7 0.16666666666666666
262 263 0.5
262 108 0.0625
262 30 0.05
263 262 0.1111111111111111
264 305 0.3333333333333333
264 323 0.058823529411764705
264 68 0.14285714285714285
264 325 0.3333333333333333
264 322 0.14285714285714285
264 266 0.05263157894736842
264 267 0.08333333333333333
264 269 0.125
264 419 0.16666666666666666
264 271 0.16666666666666666
264 272 0.037037037037037035
264 77 0.1111111111111111
264 274 0.05
264 420 0.16666666666666666
264 277 0.16666666666666666
264 54 0.125
264 301 0.5
264 156 0.2
264 330 0.1
264 224 0.045454545454545456
265 402 0.25
265 276 0.09090909090909091
265 270 0.09090909090909091
265 264 0.024390243902439025
266 338 0.1111111111111111
266 275 0.06666666666666667
266 293 0.14285714285714285
266 264 0.024390243902439025
266 281 0.058823529411764705
266 283 0.125
266 268 0.06666666666666667
266 303 0.06666666666666667
267 279 0.125
267 264 0.024390243902439025
267 266 0.05263157894736842
267 416 0.5
267 303 0.06666666666666667
267 336 0.125
268 281 0.058823529411764705
268 266 0.05263157894736842
268 293 0.14285714285714285
268 333 0.09090909090909091
268 344 0.3333333333333333
269 274 0.05
269 389 0.2
269 319 0.1
269 264 0.024390243902439025
270 265 0.125
270 337 0.25
270 307 0.2
270 427 0.125
270 383 0.125
271 328 0.06666666666666667
271 264 0.024390243902439025
272 289 0.07142857142857142
272 353 0.07692307692307693
272 295 0.0625
272 264 0.024390243902439025
272 363 0.16666666666666666
272 312 0.14285714285714285
272 270 0.09090909090909091
272 302 0.1
272 273 0.05555555555555555
272 386 0.14285714285714285
272 280 0.1
272 315 0.25
272 448 0.1111111111111111
273 323 0.058823529411764705
273 448 0.1111111111111111
273 425 0.125
273 348 0.125
273 339 0.09090909090909091
273 287 0.14285714285714285
273 272 0.037037037037037035
274 290 0.08333333333333333
274 419 0.16666666666666666
274 375 0.16666666666666666
274 264 0.024390243902439025
274 313 0.25
274 284 0.5
274 269 0.125
274 334 0.3333333333333333
274 288 0.2
275 308 0.08333333333333333
275 278 0.09090909090909091
275 326 0.09090909090909091
275 266 0.05263157894736842
275 268 0.06666666666666667
275 333 0.09090909090909091
275 396 0.5
275 304 0.05555555555555555
276 273 0.05555555555555555
276 265 0.125
276 409 0.5
276 384 0.14285714285714285
276 297 0.07692307692307693
277 282 0.1111111111111111
277 350 0.5
277 264 0.024390243902439025
278 369 0.16666666666666666
278 275 0.06666666666666667
278 298 0.16666666666666666
278 444 0.5
278 285 0.09090909090909091
278 272 0.037037037037037035
279 267 0.08333333333333333
279 291 0.14285714285714285
279 398 0.14285714285714285
280 386 0.14285714285714285
280 315 0.25
280 295 0.0625
280 272 0.037037037037037035
281 276 0.09090909090909091
281 376 0.3333333333333333
281 297 0.07692307692307693
281 266 0.05263157894736842
281 299 0.125
281 268 0.06666666666666667
281 429 0.16666666666666666
281 286 0.07692307692307693
282 349 0.08333333333333333
282 277 0.16666666666666666
282 311 0.14285714285714285
282 264 0.024390243902439025
283 266 0.05263157894736842
283 268 0.06666666666666667
283 367 0.07692307692307693
283 306 0.25
284 274 0.05
285 278 0.09090909090909091
285 441 0.5
285 448 0.1111111111111111
285 317 0.25
285 398 0.14285714285714285
285 272 0.037037037037037035
286 387 0.16666666666666666
286 390 0.1
286 391 0.06666666666666667
286 360 0.1
286 281 0.058823529411764705
286 456 0.1111111111111111
287 273 0.05555555555555555
287 425 0.125
287 348 0.125
288 274 0.05
288 362 0.16666666666666666
289 273 0.05555555555555555
289 292 0.08333333333333333
289 295 0.0625
289 280 0.1
289 378 0.5
289 316 0.2
289 302 0.1
289 272 0.037037037037037035
290 274 0.05
290 358 0.125
290 359 0.25
290 422 0.25
290 288 0.2
290 310 0.07142857142857142
291 298 0.16666666666666666
291 267 0.08333333333333333
291 279 0.125
291 336 0.125
292 289 0.07142857142857142
292 314 0.1
292 417 0.3333333333333333
292 294 0.1
293 266 0.05263157894736842
293 268 0.06666666666666667
293 437 0.5
294 345 0.1111111111111111
294 314 0.1
294 292 0.08333333333333333
294 327 0.1
294 346 0.09090909090909091
295 289 0.07142857142857142
295 369 0.16666666666666666
295 372 0.25
295 374 0.16666666666666666
295 280 0.1
295 459 0.2
295 447 0.3333333333333333
295 272 0.037037037037037035
296 452 0.3333333333333333
296 286 0.07692307692307693
296 390 0.1
297 276 0.09090909090909091
297 357 0.14285714285714285
297 281 0.058823529411764705
297 443 0.25
297 318 0.2
297 384 0.14285714285714285
298 291 0.14285714285714285
298 300 0.5
298 278 0.09090909090909091
299 281 0.058823529411764705
299 457 0.2
299 429 0.16666666666666666
300 298 0.16666666666666666
301 264 0.024390243902439025
302 289 0.07142857142857142
302 322 0.14285714285714285
302 405 0.5
302 439 0.5
302 272 0.037037037037037035
303 388 0.25
303 361 0.5
303 266 0.05263157894736842
303 267 0.08333333333333333
303 480 0.1111111111111111
303 283 0.125
303 398 0.14285714285714285
303 336 0.125
304 275 0.06666666666666667
304 293 0.14285714285714285
304 415 0.16666666666666666
304 395 0.125
304 381 0.14285714285714285
304 371 0.07142857142857142
304 335 0.1111111111111111
304 320 0.05263157894736842
305 264 0.024390243902439025
306 273 0.05555555555555555
306 283 0.125
306 304 0.05555555555555555
307 337 0.25
307 270 0.09090909090909091
308 275 0.06666666666666667
308 404 0.5
308 309 0.09090909090909091
308 410 0.3333333333333333
308 271 0.16666666666666666
308 320 0.05263157894736842
309 355 0.3333333333333333
309 308 0.08333333333333333
309 411 0.16666666666666666
309 343 0.5
310 449 0.5
310 290 0.08333333333333333
310 328 0.06666666666666667
310 438 0.125
310 408 0.3333333333333333
310 428 0.25
310 319 0.1
311 282 0.1111111111111111
311 347 0.25
311 349 0.08333333333333333
312 482 0.047619047619047616
312 363 0.16666666666666666
312 280 0.1
312 272 0.037037037037037035
313 274 0.05
314 292 0.08333333333333333
314 294 0.1
314 327 0.1
315 272 0.037037037037037035
315 280 0.1
316 289 0.07142857142857142
316 354 0.14285714285714285
317 402 0.25
317 285 0.09090909090909091
318 297 0.07692307692307693
318 443 0.25
319 365 0.25
319 389 0.2
319 269 0.125
319 310 0.07142857142857142
319 264 0.024390243902439025
320 370 0.1111111111111111
320 308 0.08333333333333333
320 421 0.2
320 440 0.2
320 423 0.3333333333333333
320 328 0.06666666666666667
320 332 0.25
320 304 0.05555555555555555
321 273 0.05555555555555555
321 425 0.125
321 323 0.058823529411764705
321 348 0.125
321 367 0.07692307692307693
322 324 0.5
322 302 0.1
322 264 0.024390243902439025
323 321 0.1111111111111111
323 273 0.05555555555555555
323 433 0.25
323 399 0.3333333333333333
323 264 0.024390243902439025
323 382 0.25
323 351 0.2
323 400 0.5
324 322 0.14285714285714285
325 305 0.3333333333333333
325 264 0.024390243902439025
326 353 0.07692307692307693
326 369 0.16666666666666666
326 275 0.06666666666666667
326 309 0.09090909090909091
326 407 0.25
326 379 0.5
327 314 0.1
327 292 0.08333333333333333
327 294 0.1
327 346 0.09090909090909091
327 330 0.1
328 310 0.07142857142857142
328 329 0.16666666666666666
328 394 0.16666666666666666
328 331 0.25
328 271 0.16666666666666666
328 320 0.05263157894736842
329 394 0.16666666666666666
329 331 0.25
329 328 0.06666666666666667
330 424 0.25
330 356 0.1
330 342 0.25
330 327 0.1
330 264 0.024390243902439025
331 329 0.16666666666666666
331 328 0.06666666666666667
332 370 0.1111111111111111
332 320 0.05263157894736842
333 340 0.09090909090909091
333 275 0.06666666666666667
333 268 0.06666666666666667
333 455 0.5
333 407 0.25
334 274 0.05
335 353 0.07692307692307693
335 371 0.07142857142857142
335 380 0.125
335 304 0.05555555555555555
336 267 0.08333333333333333
336 364 0.5
336 291 0.14285714285714285
336 303 0.06666666666666667
337 307 0.2
337 270 0.09090909090909091
338 268 0.06666666666666667
338 266 0.05263157894736842
338 401 0.5
338 308 0.08333333333333333
338 462 0.08333333333333333
339 273 0.05555555555555555
339 418 0.3333333333333333
339 276 0.09090909090909091
339 445 0.3333333333333333
339 388 0.25
339 287 0.14285714285714285
340 385 0.2
340 281 0.058823529411764705
340 299 0.125
340 333 0.09090909090909091
340 366 0.25
340 368 0.2
341 420 0.16666666666666666
341 279 0.125
342 330 0.1
342 424 0.25
343 309 0.09090909090909091
344 266 0.05263157894736842
344 268 0.06666666666666667
345 292 0.08333333333333333
345 373 0.1
345 294 0.1
345 327 0.1
345 346 0.09090909090909091
345 314 0.1
346 292 0.08333333333333333
346 294 0.1
346 327 0.1
346 345 0.1111111111111111
346 314 0.1
346 352 0.3333333333333333
347 349 0.08333333333333333
347 311 0.14285714285714285
348 273 0.05555555555555555
348 321 0.1111111111111111
348 425 0.125
348 287 0.14285714285714285
349 454 0.2
349 311 0.14285714285714285
349 282 0.1111111111111111
349 347 0.25
349 367 0.07692307692307693
349 432 0.2
350 277 0.16666666666666666
351 323 0.058823529411764705
352 346 0.09090909090909091
352 314 0.1
353 450 0.3333333333333333
353 453 0.3333333333333333
353 326 0.09090909090909091
353 304 0.05555555555555555
353 430 0.5
353 335 0.1111111111111111
353 272 0.037037037037037035
354 322 0.14285714285714285
354 316 0.2
354 375 0.16666666666666666
355 309 0.09090909090909091
356 330 0.1
356 419 0.16666666666666666
356 460 0.5
356 461 0.2
356 354 0.14285714285714285
357 297 0.07692307692307693
357 442 0.25
357 318 0.2
357 414 0.25
358 290 0.08333333333333333
358 422 0.25
358 359 0.25
358 362 0.16666666666666666
359 290 0.08333333333333333
359 358 0.125
360 387 0.16666666666666666
360 456 0.1111111111111111
360 286 0.07692307692307693
360 391 0.06666666666666667
360 296 0.16666666666666666
361 303 0.06666666666666667
362 274 0.05
362 290 0.08333333333333333
362 358 0.125
362 288 0.2
363 386 0.14285714285714285
363 312 0.14285714285714285
363 272 0.037037037037037035
364 336 0.125
365 458 0.5
365 319 0.1
366 340 0.09090909090909091
367 321 0.1111111111111111
367 292 0.08333333333333333
367 373 0.1
367 413 0.5
367 283 0.125
367 412 0.5
367 349 0.08333333333333333
368 385 0.2
368 340 0.09090909090909091
368 366 0.25
369 278 0.09090909090909091
369 295 0.0625
369 326 0.09090909090909091
370 332 0.25
370 421 0.2
370 436 0.16666666666666666
370 320 0.05263157894736842
371 436 0.16666666666666666
371 415 0.16666666666666666
371 395 0.125
371 380 0.125
371 381 0.14285714285714285
371 335 0.1111111111111111
371 304 0.05555555555555555
372 295 0.0625
373 435 0.5
373 392 0.5
373 345 0.1111111111111111
373 346 0.09090909090909091
373 282 0.1111111111111111
373 367 0.07692307692307693
374 482 0.047619047619047616
374 459 0.2
374 295 0.0625
375 313 0.25
375 354 0.14285714285714285
375 356 0.1
375 274 0.05
376 281 0.058823529411764705
376 297 0.07692307692307693
377 355 0.3333333333333333
377 309 0.09090909090909091
378 289 0.07142857142857142
379 326 0.09090909090909091
380 371 0.07142857142857142
380 381 0.14285714285714285
380 335 0.1111111111111111
380 304 0.05555555555555555
381 371 0.07142857142857142
381 380 0.125
381 304 0.05555555555555555
382 323 0.058823529411764705
382 351 0.2
383 406 0.25
383 339 0.09090909090909091
383 307 0.2
383 431 0.125
383 270 0.09090909090909091
384 297 0.07692307692307693
384 265 0.125
384 276 0.09090909090909091
384 426 0.5
385 340 0.09090909090909091
385 366 0.25
385 368 0.2
386 363 0.16666666666666666
386 280 0.1
386 272 0.037037037037037035
387 456 0.1111111111111111
387 286 0.07692307692307693
387 360 0.1
388 339 0.09090909090909091
388 303 0.06666666666666667
389 354 0.14285714285714285
389 269 0.125
389 319 0.1
390 296 0.16666666666666666
390 456 0.1111111111111111
390 286 0.07692307692307693
390 391 0.06666666666666667
390 360 0.1
391 403 0.25
391 340 0.09090909090909091
391 390 0.1
391 360 0.1
391 393 0.16666666666666666
391 427 0.125
391 286 0.07692307692307693
391 431 0.125
392 373 0.1
393 431 0.125
393 391 0.06666666666666667
394 329 0.16666666666666666
394 465 0.08333333333333333
394 328 0.06666666666666667
395 333 0.09090909090909091
395 371 0.07142857142857142
395 397 0.14285714285714285
395 381 0.14285714285714285
395 304 0.05555555555555555
396 275 0.06666666666666667
397 266 0.05263157894736842
397 395 0.125
397 268 0.06666666666666667
397 493 0.08333333333333333
397 299 0.125
398 341 0.25
398 285 0.09090909090909091
398 279 0.125
398 303 0.06666666666666667
399 323 0.058823529411764705
399 351 0.2
400 323 0.058823529411764705
401 338 0.1111111111111111
402 265 0.125
402 317 0.25
403 393 0.16666666666666666
403 391 0.06666666666666667
404 308 0.08333333333333333
405 302 0.1
406 427 0.125
406 383 0.125
407 333 0.09090909090909091
407 326 0.09090909090909091
408 310 0.07142857142857142
409 276 0.09090909090909091
410 308 0.08333333333333333
411 410 0.3333333333333333
411 309 0.09090909090909091
411 438 0.125
412 367 0.07692307692307693
413 367 0.07692307692307693
414 442 0.25
414 357 0.14285714285714285
415 371 0.07142857142857142
415 380 0.125
415 335 0.1111111111111111
415 304 0.05555555555555555
416 267 0.08333333333333333
417 314 0.1
417 292 0.08333333333333333
418 339 0.09090909090909091
419 274 0.05
419 356 0.1
419 264 0.024390243902439025
420 341 0.25
420 279 0.125
420 319 0.1
420 264 0.024390243902439025
421 370 0.1111111111111111
421 320 0.05263157894736842
422 290 0.08333333333333333
422 358 0.125
423 370 0.1111111111111111
423 320 0.05263157894736842
424 330 0.1
424 342 0.25
425 273 0.05555555555555555
425 321 0.1111111111111111
425 348 0.125
425 287 0.14285714285714285
426 384 0.14285714285714285
427 393 0.16666666666666666
427 406 0.25
427 391 0.06666666666666667
427 270 0.09090909090909091
428 411 0.16666666666666666
428 310 0.07142857142857142
428 408 0.3333333333333333
429 281 0.058823529411764705
429 457 0.2
429 299 0.125
430 353 0.07692307692307693
431 393 0.16666666666666666
431 427 0.125
431 391 0.06666666666666667
431 383 0.125
431 403 0.25
432 349 0.08333333333333333
432 454 0.2
432 311 0.14285714285714285
433 323 0.058823529411764705
433 382 0.25
433 351 0.2
434 264 0.024390243902439025
435 373 0.1
436 370 0.1111111111111111
436 371 0.07142857142857142
436 320 0.05263157894736842
436 338 0.1111111111111111
437 293 0.14285714285714285
438 446 0.5
438 411 0.16666666666666666
438 316 0.2
438 310 0.07142857142857142
438 328 0.06666666666666667
439 302 0.1
440 421 0.2
440 328 0.06666666666666667
440 309 0.09090909090909091
440 320 0.05263157894736842
441 285 0.09090909090909091
442 357 0.14285714285714285
442 414 0.25
443 297 0.07692307692307693
443 318 0.2
444 278 0.09090909090909091
445 418 0.3333333333333333
445 339 0.09090909090909091
446 438 0.125
447 372 0.25
447 295 0.0625
448 273 0.05555555555555555
448 386 0.14285714285714285
448 451 0.2
448 285 0.09090909090909091
448 272 0.037037037037037035
449 310 0.07142857142857142
450 353 0.07692307692307693
451 320 0.05263157894736842
451 323 0.058823529411764705
451 264 0.024390243902439025
451 448 0.1111111111111111
452 390 0.1
452 296 0.16666666666666666
453 353 0.07692307692307693
453 450 0.3333333333333333
454 282 0.1111111111111111
454 349 0.08333333333333333
454 432 0.2
455 333 0.09090909090909091
456 390 0.1
456 387 0.16666666666666666
456 286 0.07692307692307693
456 360 0.1
457 281 0.058823529411764705
457 299 0.125
457 429 0.16666666666666666
458 365 0.25
459 372 0.25
459 374 0.16666666666666666
459 295 0.0625
460 356 0.1
461 313 0.25
461 274 0.05
461 356 0.1
461 334 0.3333333333333333
462 338 0.1111111111111111
462 21 0.1
462 320 0.05263157894736842
462 124 0.0625
462 464 0.5
462 463 0.5
462 32 0.05
463 462 0.08333333333333333
464 462 0.08333333333333333
465 466 0.07142857142857142
465 471 0.5
465 71 0.07692307692307693
465 328 0.06666666666666667
465 185 0.2
465 394 0.16666666666666666
465 271 0.16666666666666666
466 465 0.08333333333333333
466 467 0.5
466 468 0.2
466 469 0.16666666666666666
466 470 0.16666666666666666
466 472 0.2
466 473 0.3333333333333333
467 466 0.07142857142857142
468 466 0.07142857142857142
468 474 0.25
469 466 0.07142857142857142
469 477 0.25
469 472 0.2
470 466 0.07142857142857142
470 476 0.25
470 478 0.25
471 465 0.08333333333333333
472 466 0.07142857142857142
472 468 0.2
472 469 0.16666666666666666
473 466 0.07142857142857142
474 475 0.5
474 468 0.2
475 474 0.25
476 470 0.16666666666666666
476 478 0.25
477 469 0.16666666666666666
477 479 0.3333333333333333
478 476 0.25
478 470 0.16666666666666666
479 473 0.3333333333333333
479 477 0.25
480 481 0.5
480 198 0.14285714285714285
480 252 0.2
480 141 0.1111111111111111
480 303 0.06666666666666667
480 16 0.027777777777777776
481 480 0.1111111111111111
482 491 0.5
482 163 0.125
482 164 0.16666666666666666
482 485 0.125
482 374 0.16666666666666666
482 103 0.1
482 312 0.14285714285714285
482 488 0.2
482 486 0.16666666666666666
482 483 0.16666666666666666
482 484 0.25
483 489 0.2
483 482 0.047619047619047616
483 485 0.125
484 482 0.047619047619047616
484 492 0.2
485 482 0.047619047619047616
485 483 0.16666666666666666
485 487 0.2
485 488 0.2
486 482 0.047619047619047616
486 492 0.2
486 490 0.3333333333333333
487 489 0.2
487 485 0.125
488 482 0.047619047619047616
488 485 0.125
488 487 0.2
489 482 0.047619047619047616
489 483 0.16666666666666666
489 487 0.2
490 486 0.16666666666666666
491 482 0.047619047619047616
492 490 0.3333333333333333
492 484 0.25
492 486 0.16666666666666666
493 500 0.2
493 456 0.1111111111111111
493 216 0.125
493 202 0.16666666666666666
493 268 0.06666666666666667
493 397 0.14285714285714285
493 495 0.2
494 497 0.5
494 498 0.25
494 493 0.08333333333333333
495 493 0.08333333333333333
495 496 0.25
496 500 0.2
496 495 0.2
497 494 0.2
498 499 0.5
498 494 0.2
499 498 0.25
500 493 0.08333333333333333
500 495 0.2
500 496 0.25
