0 1
0 2
0 492
1 0
1 2
1 5
2 0
2 1
2 3
2 4
2 12
3 2
4 2
5 8
5 1
5 10
5 11
5 6
6 5
6 7
7 9
7 6
8 11
8 5
9 7
10 5
11 8
11 5
12 0
12 2
12 82
12 70
12 6
12 8
12 108
12 138
12 44
12 13
12 45
12 50
12 21
12 185
12 89
12 30
12 223
13 189
13 125
13 122
13 22
13 74
13 205
13 12
13 93
13 14
13 15
14 39
14 177
14 13
14 206
14 16
14 17
14 210
14 19
14 220
14 86
14 151
14 24
14 25
14 188
15 141
15 17
15 99
15 261
15 92
15 13
15 94
15 63
16 48
16 177
16 51
16 206
16 238
16 24
16 26
16 220
16 14
17 18
17 147
17 20
17 38
17 41
17 26
17 14
17 15
18 17
18 20
18 37
18 154
18 27
18 61
18 69
18 31
19 24
19 88
19 76
19 14
20 176
20 17
20 18
20 147
20 52
20 101
20 38
20 106
20 110
20 31
21 118
21 23
21 90
21 151
21 12
21 13
21 126
22 34
22 70
22 167
22 219
22 13
22 95
23 139
23 68
23 21
23 78
24 16
24 97
24 19
24 36
24 117
24 102
24 42
24 157
24 14
25 16
25 194
25 151
25 41
25 26
25 59
25 14
26 16
26 17
26 98
26 35
26 116
26 25
26 29
27 481
27 18
27 85
27 186
27 187
27 28
27 66
27 207
27 31
28 481
28 54
28 56
28 169
28 27
28 61
29 26
29 116
29 53
29 158
30 129
30 36
30 78
30 72
30 44
30 12
30 46
30 79
31 32
31 33
31 18
31 131
31 20
31 27
31 110
32 120
32 91
32 43
32 31
33 55
33 31
34 22
34 159
35 26
35 171
36 97
36 132
36 30
36 129
36 24
36 62
37 18
37 69
38 40
38 17
38 111
38 20
38 57
39 81
39 50
39 19
39 73
39 71
39 25
39 82
39 14
40 38
41 153
41 17
41 194
41 25
42 148
42 117
42 24
42 111
42 238
42 127
43 32
43 18
44 58
44 12
44 21
44 30
45 12
46 114
46 23
46 124
46 130
46 30
46 47
47 114
47 46
48 16
48 25
48 14
49 22
49 95
50 12
50 39
51 16
51 142
51 166
51 152
51 25
51 26
51 59
51 204
51 479
51 14
51 143
52 20
53 29
53 158
54 169
54 154
54 207
54 28
54 191
55 33
55 164
55 100
55 195
56 140
56 34
56 28
56 54
56 135
57 17
57 67
57 20
57 38
57 180
57 28
57 141
58 64
58 44
59 25
59 51
60 16
60 25
60 210
60 14
61 18
61 199
61 28
61 34
61 173
62 97
62 132
62 36
63 103
63 65
63 75
63 15
64 58
65 16
65 150
65 63
66 183
66 154
66 27
66 162
66 119
67 57
67 147
67 149
68 104
68 23
69 18
69 83
69 37
69 461
70 138
70 12
70 13
70 22
70 174
71 39
72 96
72 112
72 50
72 84
72 21
72 44
72 30
73 82
73 39
74 13
75 63
76 80
76 19
76 182
77 12
78 72
78 84
78 222
78 30
78 23
79 172
79 30
79 78
80 59
80 18
80 19
80 123
80 76
80 178
80 221
81 73
81 39
82 73
82 211
82 12
82 165
82 39
83 144
83 91
83 69
84 72
84 78
84 87
85 27
86 16
86 216
86 14
87 129
87 84
88 19
88 238
89 12
90 263
90 21
90 151
91 32
91 83
91 69
92 214
92 15
93 74
93 13
93 223
94 128
94 17
94 218
94 15
95 49
95 107
95 22
96 72
96 112
97 161
97 36
97 102
97 24
97 157
97 62
98 26
98 181
99 15
100 107
100 55
101 176
101 52
101 20
102 24
102 97
102 84
102 109
103 75
103 63
104 24
104 44
104 146
104 68
105 91
106 35
106 43
106 20
106 209
107 171
107 100
107 95
108 12
109 213
109 102
110 180
110 20
110 31
111 168
111 212
111 38
111 40
111 121
111 42
112 72
112 96
113 94
113 38
114 124
114 46
114 47
115 16
115 217
115 26
115 53
116 181
116 26
116 156
116 29
116 53
117 24
117 42
117 198
118 21
118 126
119 66
119 162
120 32
121 160
121 65
121 38
121 111
121 479
121 175
122 74
122 13
122 93
123 80
123 178
123 221
124 114
124 196
124 170
124 46
125 49
125 133
125 22
125 13
125 134
125 95
126 21
126 118
127 42
127 163
128 218
128 94
129 84
129 36
129 30
129 87
130 114
130 46
131 145
131 202
131 31
132 136
132 36
132 62
133 125
133 134
134 125
134 133
135 56
136 36
136 132
136 62
136 44
137 32
138 12
138 70
138 263
139 23
140 56
141 57
141 190
141 15
142 51
143 51
144 32
144 202
144 83
144 91
144 69
145 131
146 104
147 256
147 17
147 67
147 20
147 179
147 57
148 42
149 57
149 67
150 65
151 25
151 90
151 21
151 14
152 51
152 151
153 41
153 155
153 188
154 66
154 18
154 54
154 119
155 153
155 92
156 116
157 24
157 97
158 53
158 29
159 34
159 27
160 121
160 175
161 97
162 66
162 183
162 119
163 127
164 208
164 55
165 200
165 82
166 51
166 204
167 219
167 22
168 111
169 28
169 54
170 124
170 46
171 107
171 35
172 79
173 61
173 199
174 70
175 160
175 121
175 103
175 15
176 20
176 101
176 110
177 16
177 14
178 80
178 123
179 176
179 147
180 184
180 57
180 179
180 464
180 110
181 193
181 26
181 116
181 98
181 158
182 88
182 19
182 76
183 66
183 162
183 119
184 180
185 12
186 27
187 27
187 207
188 153
188 194
188 14
189 74
189 263
189 13
189 93
190 141
191 169
191 28
191 54
192 56
192 135
193 181
194 41
194 188
194 197
194 25
195 208
195 55
196 124
197 194
198 117
199 61
199 173
200 82
200 211
200 165
201 81
201 39
201 73
201 71
202 144
202 27
202 186
202 131
203 153
204 51
204 166
205 74
205 13
206 16
206 210
206 14
207 27
207 83
207 187
207 54
208 195
208 164
208 55
209 106
210 16
210 60
210 206
210 14
210 223
211 200
211 82
212 111
213 24
213 109
213 151
214 92
215 89
215 12
216 86
217 98
217 115
217 158
218 128
218 94
219 167
219 22
219 95
220 16
220 210
220 59
220 14
221 80
221 256
221 123
222 78
223 96
223 224
223 210
223 225
223 232
223 217
223 263
223 12
223 93
224 233
224 226
224 228
224 229
224 223
225 234
225 227
225 231
225 223
226 224
226 228
226 229
227 225
228 224
228 226
228 236
228 229
228 230
229 224
229 226
229 235
229 228
230 228
231 225
232 225
232 223
233 224
234 225
235 229
236 228
236 237
237 236
238 16
238 240
238 244
238 88
238 42
238 76
238 239
239 248
239 241
239 245
239 238
239 254
240 249
240 242
240 243
240 246
240 238
241 248
241 245
241 239
242 240
243 240
244 238
244 247
245 241
245 239
246 240
247 244
248 464
248 241
248 239
249 240
249 250
249 252
249 253
250 249
250 251
250 461
251 250
251 253
252 249
253 249
253 251
254 253
254 239
255 240
255 249
256 257
256 258
256 147
256 260
256 94
256 54
256 259
256 221
256 14
256 261
257 256
258 256
258 259
258 260
258 261
259 256
259 258
260 256
260 258
261 256
261 178
261 262
261 134
261 258
261 15
262 261
263 326
263 322
263 275
263 244
263 278
263 138
263 264
263 90
263 428
263 189
263 223
264 420
264 263
264 266
264 300
264 330
264 335
265 288
265 267
265 263
265 264
265 331
265 445
265 272
265 305
265 275
265 375
265 283
265 317
266 264
266 330
266 335
266 420
266 303
267 337
267 274
267 356
267 343
267 332
267 265
267 268
267 269
267 364
267 271
268 267
269 280
269 267
269 268
269 403
269 270
270 331
270 269
270 437
271 267
271 412
271 350
271 302
272 273
272 481
272 277
272 407
272 280
272 265
272 423
272 284
272 312
272 446
272 309
273 272
273 481
273 403
273 284
273 277
274 440
274 267
274 268
274 453
274 294
275 265
275 276
275 429
275 286
275 263
276 297
276 275
276 324
276 318
276 263
277 272
277 273
278 393
278 361
278 275
278 276
278 263
279 320
279 370
279 293
279 295
279 280
279 395
279 269
279 319
280 272
280 307
280 277
280 279
280 281
280 282
280 269
280 285
281 280
281 285
281 287
282 280
282 442
282 451
283 288
283 265
283 338
283 396
283 304
284 272
284 273
284 290
284 291
284 376
284 313
284 383
284 335
285 280
285 281
285 332
285 431
286 275
286 373
287 272
287 263
287 404
287 389
287 327
287 281
287 311
287 349
287 397
288 292
288 406
288 311
288 296
288 265
288 283
288 377
288 351
289 363
289 265
289 314
289 275
289 401
290 376
290 291
290 284
290 301
290 383
291 290
291 347
291 308
291 312
291 298
291 299
291 284
292 288
292 321
292 390
292 353
292 344
292 398
292 367
293 458
293 323
293 279
294 274
295 370
295 279
296 288
296 310
297 448
297 369
297 276
297 372
297 346
297 316
297 426
297 318
297 399
298 312
298 299
298 291
298 405
298 355
299 347
299 298
299 291
299 308
300 417
300 341
300 264
300 329
300 315
300 413
300 430
301 290
301 438
301 345
301 284
301 306
301 447
302 385
302 412
302 425
302 350
302 271
303 264
303 353
303 266
303 433
304 338
304 283
304 410
305 265
305 331
305 333
306 347
306 301
306 438
307 280
307 281
307 388
307 325
307 409
308 299
308 347
308 291
308 405
309 272
309 432
309 382
309 391
310 296
310 332
311 288
311 281
311 415
311 349
311 287
312 272
312 339
312 384
312 291
312 308
312 298
312 371
312 402
312 334
312 461
313 290
313 284
313 383
314 289
314 342
315 329
315 300
315 430
315 449
316 297
316 426
316 372
317 265
317 375
318 297
318 386
318 276
319 328
319 352
319 270
319 279
320 295
320 395
320 279
321 292
322 359
322 372
322 263
323 293
324 368
324 340
324 276
324 358
325 307
325 422
325 327
326 300
326 263
327 354
327 444
327 325
327 287
328 319
329 417
329 315
329 300
329 341
330 264
330 433
330 266
330 420
331 272
331 305
331 309
331 394
331 265
331 366
331 381
331 270
332 336
332 267
332 285
332 310
333 305
334 312
334 384
334 371
335 264
335 424
335 266
335 451
335 284
336 348
336 332
336 350
336 385
337 267
338 304
338 283
339 384
339 402
339 371
339 342
339 312
339 365
339 334
340 324
341 329
341 315
341 300
341 413
341 430
342 312
342 305
342 314
342 339
342 411
343 267
343 332
343 427
344 296
344 387
344 292
345 306
345 301
345 447
346 297
346 314
346 361
346 369
346 289
347 306
347 299
347 308
347 291
347 379
347 492
347 435
348 336
349 360
349 281
349 311
349 443
349 287
350 336
350 380
350 302
350 271
351 288
351 377
352 269
352 319
353 292
353 264
353 442
353 347
353 396
353 414
353 303
354 479
354 444
354 327
355 298
355 291
355 308
356 337
356 267
357 379
357 347
358 340
358 363
358 324
359 322
360 378
360 404
360 349
360 415
361 346
361 418
361 278
362 312
362 339
362 334
363 289
363 314
363 419
363 374
363 358
364 337
364 267
365 312
365 371
365 362
365 339
365 334
366 394
366 331
366 381
367 321
367 292
368 324
369 297
369 346
369 358
369 455
370 279
370 295
371 312
371 402
371 339
371 365
371 334
372 400
372 297
372 322
372 316
373 346
373 426
373 286
374 378
374 363
374 452
374 419
374 434
375 265
375 317
375 446
376 290
376 284
377 288
377 406
377 351
378 360
378 361
378 374
379 347
379 357
379 421
380 296
380 268
380 350
381 331
381 366
382 309
382 439
383 313
383 290
383 284
384 339
384 312
384 441
384 314
384 365
384 334
385 336
385 302
386 368
386 318
387 344
387 392
388 409
388 307
389 287
390 292
390 398
391 432
391 309
391 382
392 344
392 387
393 361
393 378
393 278
394 331
394 366
395 320
395 295
395 279
396 353
396 338
396 283
396 410
397 287
398 292
398 372
398 390
398 367
399 448
399 297
399 316
400 372
400 459
400 316
400 276
400 297
401 305
401 434
401 289
401 445
401 314
401 479
401 333
401 415
402 312
402 339
402 371
402 365
403 272
403 273
403 290
403 269
403 454
404 360
404 378
404 397
404 287
405 355
405 408
405 298
405 291
405 308
406 288
406 377
406 398
407 272
407 273
407 423
408 405
409 307
409 388
410 304
410 283
410 396
410 334
411 342
412 302
412 271
413 329
413 300
413 341
414 353
415 360
415 401
415 311
416 354
416 327
417 329
417 315
417 300
417 341
417 449
418 361
419 363
419 374
420 264
420 433
420 330
420 266
420 303
421 379
421 347
422 325
423 272
423 410
423 407
424 335
425 302
425 271
426 297
426 316
426 373
427 343
428 263
429 275
430 456
430 315
430 300
430 341
431 285
432 439
432 309
432 391
433 264
433 330
433 420
433 303
434 324
434 340
434 374
434 401
435 347
435 421
436 425
436 412
436 302
436 271
437 270
438 345
438 306
438 301
438 447
439 432
439 309
439 382
440 274
440 453
441 384
442 353
442 282
442 430
443 349
444 354
444 327
445 265
445 401
446 272
446 265
446 331
446 375
447 345
447 301
447 438
448 297
448 316
448 399
449 417
449 315
449 341
450 280
451 457
451 282
451 332
451 335
452 363
452 374
453 440
453 274
454 481
454 403
455 369
456 430
457 451
458 412
458 293
459 400
460 288
460 377
461 69
461 312
461 73
461 250
461 315
461 462
461 463
462 461
462 463
463 461
463 462
464 465
464 466
464 180
464 343
464 248
464 332
465 464
465 467
466 464
466 468
466 470
466 471
466 472
466 475
466 476
467 465
468 466
468 474
468 470
469 464
470 466
470 468
470 477
471 466
471 478
472 473
472 466
472 475
473 472
474 468
474 470
475 472
475 466
476 466
477 470
478 471
479 480
479 401
479 354
479 51
479 121
479 42
480 479
481 272
481 273
481 482
481 454
481 489
481 27
481 28
482 481
482 483
483 482
483 484
483 485
483 486
483 487
483 489
484 488
484 483
485 483
485 491
486 488
486 490
486 483
486 492
486 485
487 483
488 484
488 486
489 481
489 490
489 483
490 489
490 486
491 485
492 0
492 497
492 486
492 487
492 39
492 347
492 493
492 494
493 492
494 496
494 498
494 492
494 495
495 499
495 494
496 497
496 494
497 496
497 492
497 494
498 496
498 499
498 494
499 498
499 495
