0 1
0 128
1 0
3 2
4 6
4 23
5 7
5 22
5 25
5 122
6 4
6 7
6 10
6 13
6 17
6 19
6 29
6 37
6 42
6 43
7 5
7 6
7 4
7 8
7 9
7 21
7 30
8 7
8 24
8 51
9 7
9 5
9 39
10 6
10 18
10 20
10 29
10 42
11 16
11 26
11 28
12 8
12 15
12 27
12 40
12 41
13 6
13 10
13 17
13 20
13 43
15 12
15 41
16 11
16 26
16 28
17 13
17 6
17 20
18 10
18 32
18 37
19 6
19 31
19 33
19 38
20 10
20 13
20 17
20 6
20 29
21 7
22 5
23 4
24 8
25 5
25 36
26 11
26 16
26 28
27 12
27 15
27 40
27 41
27 45
28 16
28 11
28 26
29 6
29 20
29 10
30 7
30 21
31 19
31 34
31 35
31 38
32 18
33 31
33 19
33 38
34 31
34 11
34 19
34 12
35 31
35 19
36 25
36 14
37 10
37 18
37 6
38 31
38 33
38 19
39 9
40 12
40 27
40 41
41 15
41 40
41 12
41 27
42 10
42 6
42 17
42 44
42 46
43 28
43 13
43 10
43 6
44 13
44 10
44 17
44 42
44 20
45 12
45 41
45 27
46 10
46 42
46 6
47 48
47 49
48 47
49 47
49 50
50 49
51 27
51 8
51 52
51 53
52 51
52 55
53 51
53 54
54 53
55 52
56 57
56 58
57 56
58 56
59 66
59 68
59 84
59 93
60 63
60 71
60 72
60 79
60 105
60 106
60 112
61 59
61 101
62 61
62 69
62 70
62 81
62 102
63 60
63 64
63 88
63 89
63 99
63 121
64 63
64 61
64 71
64 101
65 67
65 68
65 80
65 84
65 86
65 94
65 100
65 120
66 59
67 65
67 80
67 100
67 109
68 65
68 59
68 95
69 62
69 73
69 82
69 92
69 111
69 116
70 62
70 78
70 81
70 102
71 60
71 64
72 60
72 79
72 106
72 112
73 69
73 90
73 97
73 98
74 69
74 75
74 76
74 77
74 83
74 114
75 74
75 77
75 114
76 74
76 85
76 117
76 118
77 74
77 75
78 62
78 74
78 70
78 119
79 72
79 60
79 84
79 87
79 103
80 65
80 67
80 109
81 62
81 70
82 69
82 92
82 104
82 116
83 75
83 77
83 74
83 91
84 59
84 65
84 79
84 96
84 115
85 76
86 65
86 107
87 79
87 103
88 63
89 63
90 73
90 97
91 83
91 75
91 74
92 69
92 82
92 104
93 59
94 65
94 67
94 107
94 120
95 68
96 84
96 115
97 73
97 90
97 98
97 113
98 73
98 97
99 63
99 95
100 67
100 65
100 120
101 61
101 64
101 108
102 70
102 62
103 79
103 87
104 82
104 69
104 92
104 116
105 60
105 72
105 112
106 60
106 72
107 80
107 86
107 94
108 101
109 80
109 67
109 100
110 121
111 69
111 104
112 72
112 105
112 60
113 73
113 97
113 98
114 74
114 77
114 91
114 75
114 120
115 96
115 84
116 82
116 104
116 69
117 76
117 118
118 117
118 76
119 78
120 100
120 114
120 94
120 107
120 65
121 110
121 104
121 63
122 118
122 72
122 5
122 69
122 123
123 122
124 125
124 126
124 127
125 124
126 125
126 124
127 124
127 125
128 84
128 0
129 130
130 129
