0
0
0
0
0.07626
0.004337
1
0.062899
0.005838
0.006218
0.120106
0.002432
8.3e-05
0.131782
1.9e-05
2.3e-05
0.004528
0.158122
0.031822
0.066981
0.058811
0.025795
0.002212
0.038062
0.00193
0.000544
0.004613
3.6e-05
0.02242
0.187337
0.021018
0.010306
0.01601
0.015386
0.001298
0.003416
0.000107
0.202508
0.01416
0.003108
2.6e-05
1.8e-05
0.12246
0.157696
0.020397
9e-06
0.030938
0
0
0
0
0.000366
4.1e-05
7e-05
3.7e-05
1.1e-05
0
0
0
1
1
0.035392
0.072126
1
0.154273
1
0.500952
0.161551
0.201224
1
0.013111
0.274676
0.138531
0.090705
0.064318
0.014828
1
0.01804
0.001632
0.115443
0.174477
0.020257
0.173661
0.011515
0.181105
0.499735
0.260397
0.023142
0.499503
0.500319
0.016405
0.007503
0.199575
0.499675
0.166047
0.16802
0.053875
0.011346
0.011474
0.33353
0.18196
0.030578
0.020332
0.032803
0.113474
0.229025
0.220377
0.088969
0.015389
0.064161
0.028736
0.334387
0.210884
0.002883
0.026937
0.05405
0.200837
0.288393
0.240432
0.000807
0.14389
0.200538
0.000383
0.000205
0
0
0
0
0
0
0
0
