30 16
30 13
30 31
16 4
16 21
16 25
16 26
16 30
0 1
17 10
17 18
1 0
18 17
31 30
42 41
42 48
43 41
43 34
43 44
19 7
19 13
32 35
32 36
32 39
32 53
44 43
45 50
33 40
46 34
46 41
2 5
2 12
2 22
47 36
20 6
48 33
48 41
48 36
48 42
48 49
34 43
34 46
3 4
3 5
3 10
3 11
3 15
21 16
22 2
35 32
35 36
35 37
35 38
35 51
4 3
4 16
49 48
50 45
23 12
5 2
5 3
5 6
5 7
5 9
24 8
24 19
24 5
24 13
6 5
6 20
7 5
7 8
7 13
7 19
51 35
51 37
51 38
36 35
36 32
36 47
36 48
8 7
8 13
8 24
25 16
25 21
37 35
37 51
53 32
26 16
9 5
27 10
38 35
39 32
10 3
11 3
11 15
12 2
13 7
13 8
13 19
13 30
40 33
14 3
41 42
41 43
41 46
15 3
15 11
