16 10
17 10
18 11
18 25
35 46
1 2
1 5
1 12
1 21
19 2
19 13
19 11
2 1
2 7
2 14
2 15
2 19
20 13
20 11
44 49
36 37
36 38
21 8
21 1
37 36
37 48
3 8
3 10
3 12
3 23
3 53
38 36
38 39
38 45
22 9
22 30
5 1
23 3
23 8
6 1
24 12
24 29
45 38
7 2
46 35
8 3
8 21
8 23
8 26
9 22
9 28
10 8
10 3
10 4
10 16
10 17
11 2
11 3
11 13
11 18
12 1
12 3
12 4
12 24
12 29
25 18
26 8
26 3
26 23
27 16
27 10
47 36
13 11
13 19
13 20
28 9
28 30
48 37
48 39
48 50
49 44
49 53
29 12
29 24
50 48
39 38
39 40
30 9
30 28
30 22
31 15
40 39
40 41
40 42
41 40
42 40
42 43
53 3
53 49
14 2
14 7
15 6
15 2
15 31
33 34
43 42
34 33
