54
107
16 10 0.111111
17 10 0.111111
18 11 0.0769231
18 25 0.5
35 46 0.5
1 2 0.047619
1 5 0.25
1 12 0.111111
1 21 0.142857
19 2 0.047619
19 13 0.166667
19 11 0.0769231
2 1 0.0555556
2 7 0.333333
2 14 0.2
2 15 0.166667
2 19 0.0909091
20 13 0.166667
20 11 0.0769231
44 49 0.25
36 37 0.166667
36 38 0.125
21 8 0.0833333
21 1 0.0555556
37 36 0.0625
37 48 0.142857
3 8 0.0833333
3 10 0.111111
3 12 0.111111
3 23 0.2
3 53 0.0714286
38 36 0.0625
38 39 0.0909091
38 45 0.5
22 9 0.111111
22 30 0.2
5 1 0.0555556
23 3 0.0714286
23 8 0.0833333
6 1 0.0555556
24 12 0.111111
24 29 0.25
45 38 0.125
7 2 0.047619
46 35 0.142857
8 3 0.0714286
8 21 0.142857
8 23 0.2
8 26 0.25
9 22 0.25
9 28 0.25
10 8 0.0833333
10 3 0.0714286
10 4 0.166667
10 16 0.333333
10 17 0.5
11 2 0.047619
11 3 0.0714286
11 13 0.166667
11 18 0.166667
12 1 0.0555556
12 3 0.0714286
12 4 0.166667
12 24 0.25
12 29 0.25
25 18 0.166667
26 8 0.0833333
26 3 0.0714286
26 23 0.2
27 16 0.333333
27 10 0.111111
47 36 0.0625
13 11 0.0769231
13 19 0.0909091
13 20 0.333333
28 9 0.111111
28 30 0.2
48 37 0.166667
48 39 0.0909091
48 50 0.5
49 44 0.125
49 53 0.0714286
29 12 0.111111
29 24 0.25
50 48 0.142857
39 38 0.125
39 40 0.125
30 9 0.111111
30 28 0.25
30 22 0.25
31 15 0.166667
40 39 0.0909091
40 41 0.5
40 42 0.125
41 40 0.125
42 40 0.125
42 43 0.25
53 3 0.0714286
53 49 0.25
14 2 0.047619
14 7 0.333333
15 6 0.25
15 2 0.047619
15 31 0.5
33 34 0.2
43 42 0.125
34 33 0.25
