500 1638
0 1 0.1111111111111111
0 3 0.25
0 4 0.25
1 0 0.14285714285714285
1 2 0.25
1 3 0.25
1 5 0.1
2 1 0.1111111111111111
2 5 0.1
3 0 0.14285714285714285
3 1 0.1111111111111111
4 0 0.14285714285714285
4 12 0.03225806451612903
5 8 0.25
5 1 0.1111111111111111
5 2 0.25
5 6 0.25
5 7 0.5
6 9 0.14285714285714285
6 5 0.1
7 5 0.1
8 11 0.25
8 5 0.1
9 10 0.25
9 12 0.03225806451612903
9 6 0.25
10 9 0.14285714285714285
10 11 0.25
11 8 0.25
11 10 0.25
12 1 0.1111111111111111
12 4 0.25
12 69 0.2
12 9 0.14285714285714285
12 13 0.045454545454545456
12 15 0.3333333333333333
12 81 0.1
12 114 0.2
12 19 0.25
12 53 0.16666666666666666
12 184 0.25
12 164 0.14285714285714285
12 26 0.14285714285714285
12 27 0.09090909090909091
12 223 0.07142857142857142
13 464 0.06666666666666667
13 17 0.125
13 59 0.1
13 21 0.058823529411764705
13 214 0.2
13 24 0.07142857142857142
13 28 0.045454545454545456
13 43 0.038461538461538464
13 12 0.03225806451612903
13 37 0.14285714285714285
14 36 0.0625
14 38 0.1
14 39 0.09090909090909091
14 13 0.045454545454545456
14 16 0.07692307692307693
14 49 0.0625
14 178 0.16666666666666666
14 20 0.09090909090909091
14 117 0.16666666666666666
14 22 0.058823529411764705
14 25 0.1
14 29 0.07142857142857142
14 31 0.125
15 12 0.03225806451612903
16 18 0.3333333333333333
16 36 0.0625
16 54 0.1
16 40 0.1
16 91 0.5
16 14 0.03571428571428571
17 57 0.125
17 28 0.045454545454545456
17 13 0.045454545454545456
17 22 0.058823529411764705
18 16 0.07692307692307693
19 128 0.2
19 12 0.03225806451612903
20 117 0.16666666666666666
20 44 0.5
20 22 0.058823529411764705
20 14 0.03571428571428571
20 23 0.125
21 34 0.1
21 68 0.5
21 205 0.25
21 124 0.09090909090909091
21 13 0.045454545454545456
21 190 0.16666666666666666
21 95 0.07692307692307693
22 17 0.125
22 146 0.16666666666666666
22 20 0.09090909090909091
22 38 0.1
22 127 0.125
22 29 0.07142857142857142
22 14 0.03571428571428571
22 111 0.25
23 48 0.125
23 20 0.09090909090909091
23 85 0.25
23 175 0.16666666666666666
24 96 0.16666666666666666
24 84 0.125
24 21 0.058823529411764705
24 153 0.25
24 74 0.14285714285714285
24 13 0.045454545454545456
24 149 0.5
25 32 0.07142857142857142
25 178 0.16666666666666666
25 39 0.09090909090909091
25 14 0.03571428571428571
25 31 0.125
26 100 0.5
26 12 0.03225806451612903
26 86 0.14285714285714285
26 15 0.3333333333333333
27 176 0.125
27 481 0.06666666666666667
27 12 0.03225806451612903
27 101 0.08333333333333333
28 17 0.125
28 83 0.07692307692307693
28 35 0.09090909090909091
28 94 0.05555555555555555
28 211 0.16666666666666666
28 58 0.05555555555555555
28 187 0.16666666666666666
28 13 0.045454545454545456
28 78 0.05555555555555555
28 77 0.125
29 80 0.25
29 14 0.03571428571428571
29 38 0.1
29 104 0.1
29 22 0.058823529411764705
29 30 0.1
30 97 0.5
30 139 0.5
30 29 0.07142857142857142
30 71 0.14285714285714285
31 25 0.1
31 178 0.16666666666666666
31 14 0.03571428571428571
32 49 0.0625
32 36 0.0625
32 54 0.1
32 40 0.1
32 25 0.1
32 60 0.2
32 14 0.03571428571428571
32 31 0.125
33 152 0.16666666666666666
33 52 0.2
33 28 0.045454545454545456
34 88 0.25
34 41 0.125
34 124 0.09090909090909091
34 21 0.058823529411764705
34 29 0.07142857142857142
35 187 0.16666666666666666
35 28 0.045454545454545456
35 77 0.125
35 78 0.05555555555555555
35 211 0.16666666666666666
36 16 0.07692307692307693
36 32 0.07142857142857142
36 18 0.3333333333333333
36 49 0.0625
36 217 0.14285714285714285
36 76 0.25
36 14 0.03571428571428571
36 207 0.3333333333333333
37 59 0.1
37 13 0.045454545454545456
37 261 0.14285714285714285
38 218 0.16666666666666666
38 22 0.058823529411764705
38 14 0.03571428571428571
38 29 0.07142857142857142
39 25 0.1
39 90 0.2
39 107 0.25
39 14 0.03571428571428571
40 16 0.07692307692307693
40 32 0.07142857142857142
40 73 0.07142857142857142
40 14 0.03571428571428571
40 64 0.5
41 88 0.25
41 34 0.1
41 42 0.029411764705882353
41 95 0.07692307692307693
42 34 0.1
42 67 0.25
42 73 0.07142857142857142
42 106 0.0625
42 66 0.07142857142857142
42 46 0.14285714285714285
42 13 0.045454545454545456
42 144 0.14285714285714285
42 148 0.1
42 213 0.14285714285714285
42 41 0.125
42 56 0.07692307692307693
42 58 0.05555555555555555
42 47 0.08333333333333333
42 126 0.25
42 63 0.1
43 130 0.125
43 51 0.09090909090909091
43 166 0.2
43 70 0.06666666666666667
43 55 0.08333333333333333
43 103 0.14285714285714285
43 92 0.1111111111111111
43 13 0.045454545454545456
43 62 0.07692307692307693
43 125 0.2
44 20 0.09090909090909091
45 144 0.14285714285714285
45 163 0.125
45 148 0.1
45 213 0.14285714285714285
45 57 0.125
45 42 0.029411764705882353
45 479 0.1111111111111111
45 106 0.0625
45 221 0.2
46 42 0.029411764705882353
46 106 0.0625
47 42 0.029411764705882353
47 46 0.14285714285714285
47 63 0.1
48 136 0.25
48 175 0.16666666666666666
48 85 0.25
48 23 0.125
49 32 0.07142857142857142
49 50 0.09090909090909091
49 131 0.25
49 36 0.0625
49 182 0.25
49 39 0.09090909090909091
49 98 0.5
49 14 0.03571428571428571
50 49 0.0625
50 146 0.16666666666666666
50 38 0.1
50 22 0.058823529411764705
50 218 0.16666666666666666
50 182 0.25
51 156 0.2
51 130 0.125
51 43 0.038461538461538464
51 108 0.1111111111111111
52 33 0.2
52 29 0.07142857142857142
52 30 0.1
53 12 0.03225806451612903
53 69 0.2
54 16 0.07692307692307693
54 32 0.07142857142857142
54 109 0.25
54 61 0.16666666666666666
54 39 0.09090909090909091
55 16 0.07692307692307693
55 161 0.1111111111111111
55 162 0.25
55 133 0.14285714285714285
55 43 0.038461538461538464
55 110 0.14285714285714285
56 171 0.14285714285714285
56 118 0.2
56 40 0.1
56 42 0.029411764705882353
56 159 0.16666666666666666
56 14 0.03571428571428571
56 63 0.1
57 17 0.125
57 79 0.5
57 45 0.05
57 65 0.5
58 173 0.5
58 99 0.5
58 36 0.0625
58 151 0.25
58 42 0.029411764705882353
58 123 0.1111111111111111
58 28 0.045454545454545456
58 45 0.05
58 94 0.05555555555555555
58 93 0.1
59 214 0.2
59 66 0.07142857142857142
59 13 0.045454545454545456
59 94 0.05555555555555555
59 37 0.14285714285714285
60 32 0.07142857142857142
60 49 0.0625
60 145 0.5
61 131 0.25
61 54 0.1
61 143 0.5
62 122 0.2
62 43 0.038461538461538464
62 92 0.1111111111111111
62 130 0.125
62 103 0.14285714285714285
63 56 0.07692307692307693
63 80 0.25
63 42 0.029411764705882353
63 46 0.14285714285714285
63 47 0.08333333333333333
64 40 0.1
65 57 0.125
66 210 0.2
66 134 0.25
66 119 0.16666666666666666
66 42 0.029411764705882353
66 59 0.1
66 215 0.3333333333333333
66 47 0.08333333333333333
67 42 0.029411764705882353
67 45 0.05
67 47 0.08333333333333333
68 21 0.058823529411764705
69 12 0.03225806451612903
69 53 0.16666666666666666
70 120 0.5
70 66 0.07142857142857142
70 177 0.5
70 72 0.25
70 73 0.07142857142857142
70 170 0.16666666666666666
70 43 0.038461538461538464
70 62 0.07692307692307693
71 121 0.09090909090909091
71 75 0.25
71 30 0.1
72 170 0.16666666666666666
72 70 0.06666666666666667
73 193 0.14285714285714285
73 165 0.16666666666666666
73 70 0.06666666666666667
73 40 0.1
73 42 0.029411764705882353
73 203 0.16666666666666666
73 47 0.08333333333333333
74 24 0.07142857142857142
74 116 0.5
74 43 0.038461538461538464
74 84 0.125
75 82 0.1111111111111111
75 71 0.14285714285714285
76 36 0.0625
76 181 0.5
77 123 0.1111111111111111
77 83 0.07692307692307693
77 35 0.09090909090909091
77 28 0.045454545454545456
78 140 0.25
78 35 0.09090909090909091
78 52 0.2
78 104 0.1
78 89 0.16666666666666666
78 138 0.5
78 28 0.045454545454545456
78 93 0.1
78 461 0.125
79 57 0.125
80 29 0.07142857142857142
80 63 0.1
81 184 0.25
81 263 0.04
81 12 0.03225806451612903
81 53 0.16666666666666666
81 167 0.25
82 152 0.16666666666666666
82 202 0.5
82 75 0.25
82 158 0.1
82 71 0.14285714285714285
83 35 0.09090909090909091
83 187 0.16666666666666666
83 211 0.16666666666666666
83 123 0.1111111111111111
83 28 0.045454545454545456
83 77 0.125
84 24 0.07142857142857142
84 168 0.5
84 74 0.14285714285714285
84 209 0.5
85 48 0.125
85 23 0.125
86 128 0.2
86 26 0.14285714285714285
86 12 0.03225806451612903
86 119 0.16666666666666666
87 81 0.1
87 12 0.03225806451612903
87 69 0.2
88 41 0.125
88 34 0.1
89 256 0.07692307692307693
89 140 0.25
89 78 0.05555555555555555
90 107 0.25
90 39 0.09090909090909091
91 16 0.07692307692307693
92 51 0.09090909090909091
92 43 0.038461538461538464
92 108 0.1111111111111111
92 62 0.07692307692307693
93 58 0.05555555555555555
93 212 0.5
93 30 0.1
93 78 0.05555555555555555
93 189 0.5
94 43 0.038461538461538464
94 132 0.3333333333333333
94 198 0.5
94 121 0.09090909090909091
94 58 0.05555555555555555
94 59 0.1
94 28 0.045454545454545456
94 93 0.1
95 21 0.058823529411764705
95 102 0.16666666666666666
95 105 0.5
95 41 0.125
95 42 0.029411764705882353
95 106 0.0625
95 174 0.5
96 24 0.07142857142857142
96 155 0.14285714285714285
96 111 0.25
97 30 0.1
98 49 0.0625
99 58 0.05555555555555555
100 26 0.14285714285714285
101 176 0.125
101 185 0.3333333333333333
101 27 0.09090909090909091
101 164 0.14285714285714285
101 204 0.125
102 195 0.25
102 206 0.25
102 95 0.07692307692307693
103 43 0.038461538461538464
103 125 0.2
103 62 0.07692307692307693
104 188 0.2
104 180 0.2
104 29 0.07142857142857142
104 78 0.05555555555555555
104 183 0.16666666666666666
105 95 0.07692307692307693
106 112 0.16666666666666666
106 179 0.2
106 135 0.3333333333333333
106 42 0.029411764705882353
106 172 0.25
106 45 0.05
106 46 0.14285714285714285
106 95 0.07692307692307693
107 90 0.2
107 39 0.09090909090909091
108 51 0.09090909090909091
108 43 0.038461538461538464
108 92 0.1111111111111111
108 166 0.2
108 103 0.14285714285714285
109 90 0.2
109 54 0.1
109 39 0.09090909090909091
110 141 0.14285714285714285
110 55 0.08333333333333333
111 96 0.16666666666666666
111 22 0.058823529411764705
112 106 0.0625
112 179 0.2
112 172 0.25
113 24 0.07142857142857142
113 137 0.25
113 192 0.25
114 27 0.09090909090909091
114 12 0.03225806451612903
114 101 0.08333333333333333
115 78 0.05555555555555555
116 74 0.14285714285714285
117 20 0.09090909090909091
117 142 0.5
117 14 0.03571428571428571
118 56 0.07692307692307693
118 171 0.14285714285714285
119 66 0.07142857142857142
119 157 0.5
119 86 0.14285714285714285
120 70 0.06666666666666667
121 83 0.07692307692307693
121 147 0.25
121 71 0.14285714285714285
121 154 0.2
121 28 0.045454545454545456
121 94 0.05555555555555555
122 51 0.09090909090909091
122 43 0.038461538461538464
122 92 0.1111111111111111
122 62 0.07692307692307693
123 58 0.05555555555555555
123 83 0.07692307692307693
123 77 0.125
123 94 0.05555555555555555
123 170 0.16666666666666666
124 160 0.16666666666666666
124 34 0.1
124 196 0.16666666666666666
124 21 0.058823529411764705
124 150 0.16666666666666666
124 114 0.2
125 43 0.038461538461538464
125 103 0.14285714285714285
126 42 0.029411764705882353
126 148 0.1
127 136 0.25
127 129 0.5
127 50 0.09090909090909091
127 38 0.1
127 22 0.058823529411764705
128 19 0.25
128 86 0.14285714285714285
129 127 0.125
130 200 0.25
130 51 0.09090909090909091
130 43 0.038461538461538464
130 62 0.07692307692307693
131 49 0.0625
131 61 0.16666666666666666
132 94 0.05555555555555555
133 161 0.1111111111111111
133 110 0.14285714285714285
133 55 0.08333333333333333
134 66 0.07142857142857142
135 106 0.0625
136 48 0.125
136 127 0.125
137 192 0.25
137 113 0.2
138 78 0.05555555555555555
139 30 0.1
140 89 0.16666666666666666
140 78 0.05555555555555555
141 162 0.25
141 133 0.14285714285714285
141 110 0.14285714285714285
141 55 0.08333333333333333
142 117 0.16666666666666666
143 61 0.16666666666666666
144 42 0.029411764705882353
144 163 0.125
144 45 0.05
145 60 0.2
146 50 0.09090909090909091
146 22 0.058823529411764705
147 121 0.09090909090909091
147 158 0.1
148 144 0.14285714285714285
148 42 0.029411764705882353
148 163 0.125
148 45 0.05
148 126 0.25
149 24 0.07142857142857142
150 160 0.16666666666666666
150 196 0.16666666666666666
150 124 0.09090909090909091
151 58 0.05555555555555555
151 132 0.3333333333333333
151 94 0.05555555555555555
152 33 0.2
152 82 0.1111111111111111
152 197 0.5
153 24 0.07142857142857142
154 256 0.07692307692307693
154 121 0.09090909090909091
155 96 0.16666666666666666
155 153 0.25
155 169 0.5
155 167 0.25
156 51 0.09090909090909091
156 92 0.1111111111111111
156 62 0.07692307692307693
157 119 0.16666666666666666
158 194 0.5
158 147 0.25
158 201 0.3333333333333333
158 121 0.09090909090909091
158 154 0.2
158 82 0.1111111111111111
159 56 0.07692307692307693
159 171 0.14285714285714285
159 118 0.2
160 196 0.16666666666666666
160 124 0.09090909090909091
160 150 0.16666666666666666
161 141 0.14285714285714285
161 186 0.25
161 133 0.14285714285714285
161 110 0.14285714285714285
161 55 0.08333333333333333
162 141 0.14285714285714285
162 55 0.08333333333333333
163 144 0.14285714285714285
163 148 0.1
163 45 0.05
163 47 0.08333333333333333
164 27 0.09090909090909091
164 12 0.03225806451612903
164 101 0.08333333333333333
164 222 0.25
165 73 0.07142857142857142
165 203 0.16666666666666666
165 193 0.14285714285714285
166 43 0.038461538461538464
166 108 0.1111111111111111
166 62 0.07692307692307693
167 81 0.1
167 155 0.14285714285714285
168 84 0.125
169 155 0.14285714285714285
170 72 0.25
170 123 0.1111111111111111
170 70 0.06666666666666667
171 56 0.07692307692307693
171 118 0.2
171 159 0.16666666666666666
172 112 0.16666666666666666
172 106 0.0625
173 58 0.05555555555555555
174 95 0.07692307692307693
175 48 0.125
175 208 0.5
175 23 0.125
176 216 0.2
176 27 0.09090909090909091
176 101 0.08333333333333333
177 70 0.06666666666666667
178 25 0.1
178 14 0.03571428571428571
178 31 0.125
179 112 0.16666666666666666
179 106 0.0625
179 135 0.3333333333333333
180 104 0.1
180 183 0.16666666666666666
181 76 0.25
182 49 0.0625
182 50 0.09090909090909091
183 104 0.1
183 188 0.2
183 180 0.2
184 81 0.1
184 12 0.03225806451612903
185 176 0.125
185 101 0.08333333333333333
186 161 0.1111111111111111
186 133 0.14285714285714285
186 110 0.14285714285714285
187 35 0.09090909090909091
187 83 0.07692307692307693
187 28 0.045454545454545456
188 104 0.1
188 180 0.2
188 183 0.16666666666666666
189 93 0.1
190 481 0.06666666666666667
190 219 0.2
190 21 0.058823529411764705
191 42 0.029411764705882353
191 45 0.05
191 47 0.08333333333333333
192 113 0.2
192 137 0.25
193 73 0.07142857142857142
193 203 0.16666666666666666
193 165 0.16666666666666666
194 158 0.1
195 206 0.25
195 102 0.16666666666666666
196 160 0.16666666666666666
196 124 0.09090909090909091
196 150 0.16666666666666666
197 152 0.16666666666666666
198 94 0.05555555555555555
199 56 0.07692307692307693
199 171 0.14285714285714285
199 159 0.16666666666666666
200 153 0.25
200 130 0.125
200 43 0.038461538461538464
201 94 0.05555555555555555
201 158 0.1
202 82 0.1111111111111111
203 73 0.07142857142857142
203 165 0.16666666666666666
203 193 0.14285714285714285
204 176 0.125
204 216 0.2
204 27 0.09090909090909091
204 101 0.08333333333333333
204 223 0.07142857142857142
205 219 0.2
205 21 0.058823529411764705
206 195 0.25
206 102 0.16666666666666666
207 146 0.16666666666666666
207 36 0.0625
208 175 0.16666666666666666
209 84 0.125
210 464 0.06666666666666667
210 66 0.07142857142857142
210 134 0.25
211 83 0.07692307692307693
211 35 0.09090909090909091
211 28 0.045454545454545456
212 93 0.1
213 42 0.029411764705882353
213 45 0.05
213 46 0.14285714285714285
213 47 0.08333333333333333
214 59 0.1
214 13 0.045454545454545456
214 37 0.14285714285714285
215 66 0.07142857142857142
215 134 0.25
216 176 0.125
216 204 0.125
216 101 0.08333333333333333
217 220 0.5
217 146 0.16666666666666666
217 36 0.0625
217 218 0.16666666666666666
218 217 0.14285714285714285
218 50 0.09090909090909091
218 38 0.1
219 21 0.058823529411764705
219 190 0.16666666666666666
219 205 0.25
220 217 0.14285714285714285
221 45 0.05
221 148 0.1
221 213 0.14285714285714285
221 47 0.08333333333333333
222 164 0.14285714285714285
222 223 0.07142857142857142
223 224 0.125
223 226 0.14285714285714285
223 53 0.16666666666666666
223 12 0.03225806451612903
223 9 0.14285714285714285
223 204 0.125
223 222 0.25
224 225 0.25
224 229 0.125
224 223 0.07142857142857142
225 224 0.125
225 223 0.07142857142857142
226 225 0.25
226 227 0.25
226 235 0.2
226 223 0.07142857142857142
227 226 0.14285714285714285
227 235 0.2
228 224 0.125
228 229 0.125
229 224 0.125
229 232 0.5
229 234 0.5
229 228 0.3333333333333333
230 224 0.125
230 236 0.5
230 231 0.14285714285714285
231 233 0.5
231 237 0.3333333333333333
231 230 0.2
232 229 0.125
233 231 0.14285714285714285
234 229 0.125
235 226 0.14285714285714285
235 227 0.25
235 223 0.07142857142857142
236 230 0.2
237 231 0.14285714285714285
238 240 0.125
238 20 0.09090909090909091
238 54 0.1
238 231 0.14285714285714285
238 248 0.5
238 239 0.25
238 237 0.3333333333333333
238 31 0.125
239 242 0.16666666666666666
239 238 0.09090909090909091
240 241 0.16666666666666666
240 243 0.16666666666666666
240 246 0.125
240 238 0.09090909090909091
241 240 0.125
241 251 0.125
241 244 0.08333333333333333
242 252 0.5
242 245 0.16666666666666666
242 239 0.25
243 240 0.125
243 244 0.08333333333333333
243 255 0.25
244 241 0.16666666666666666
244 243 0.16666666666666666
244 247 0.3333333333333333
244 249 0.1
244 251 0.125
244 255 0.25
245 242 0.16666666666666666
245 253 0.25
245 246 0.125
246 240 0.125
246 249 0.1
246 245 0.16666666666666666
246 253 0.25
247 244 0.08333333333333333
248 238 0.09090909090909091
249 250 0.5
249 251 0.125
249 244 0.08333333333333333
249 246 0.125
249 247 0.3333333333333333
250 249 0.1
251 249 0.1
251 481 0.06666666666666667
251 244 0.08333333333333333
251 241 0.16666666666666666
252 242 0.16666666666666666
253 245 0.16666666666666666
253 246 0.125
254 249 0.1
255 243 0.16666666666666666
255 244 0.08333333333333333
256 193 0.14285714285714285
256 258 0.5
256 83 0.07692307692307693
256 257 0.16666666666666666
256 259 0.25
256 89 0.16666666666666666
256 154 0.2
256 63 0.1
257 256 0.07692307692307693
257 259 0.25
257 260 0.5
258 256 0.07692307692307693
259 256 0.07692307692307693
259 257 0.16666666666666666
260 257 0.16666666666666666
261 73 0.07142857142857142
261 51 0.09090909090909091
261 37 0.14285714285714285
261 262 0.5
261 125 0.2
262 261 0.14285714285714285
263 128 0.2
263 273 0.2
263 264 0.02631578947368421
263 108 0.1111111111111111
263 330 0.09090909090909091
263 267 0.08333333333333333
263 332 0.25
263 81 0.1
263 375 0.5
263 156 0.2
263 94 0.05555555555555555
263 287 0.1111111111111111
264 368 0.2
264 324 0.0625
264 326 0.16666666666666666
264 295 0.1
264 265 0.09090909090909091
264 366 0.1
264 263 0.04
264 334 0.125
264 304 0.1
264 433 0.09090909090909091
264 274 0.14285714285714285
264 302 0.14285714285714285
264 278 0.07142857142857142
264 314 0.06666666666666667
264 341 0.06666666666666667
265 264 0.02631578947368421
265 313 0.5
265 266 0.06666666666666667
265 268 0.05
265 358 0.16666666666666666
266 321 0.16666666666666666
266 306 0.2
266 265 0.09090909090909091
266 459 0.25
266 322 0.16666666666666666
266 285 0.16666666666666666
266 270 0.1111111111111111
267 272 0.06666666666666667
267 288 0.1
267 263 0.04
267 367 0.5
267 269 0.07692307692307693
267 351 0.125
268 424 0.5
268 289 0.09090909090909091
268 331 0.08333333333333333
268 399 0.5
268 277 0.16666666666666666
268 361 0.125
268 328 0.5
268 265 0.09090909090909091
268 271 0.05263157894736842
268 303 0.2
269 288 0.1
269 267 0.08333333333333333
269 388 0.3333333333333333
269 309 0.125
269 283 0.2
269 373 0.16666666666666666
270 266 0.06666666666666667
270 284 0.16666666666666666
270 310 0.5
271 344 0.2
271 290 0.1111111111111111
271 307 0.08333333333333333
271 264 0.02631578947368421
271 275 0.0625
271 268 0.05
271 387 0.2
271 318 0.06666666666666667
272 276 0.05555555555555555
272 439 0.25
272 279 0.1111111111111111
272 377 0.14285714285714285
272 267 0.08333333333333333
272 430 0.5
273 280 0.0625
273 263 0.04
274 264 0.02631578947368421
274 369 0.5
274 357 0.14285714285714285
275 384 0.25
275 353 0.07692307692307693
275 307 0.08333333333333333
275 318 0.06666666666666667
275 387 0.2
275 350 0.2
275 271 0.05263157894736842
276 272 0.06666666666666667
276 374 0.3333333333333333
276 294 0.25
276 279 0.1111111111111111
276 281 0.07692307692307693
276 378 0.3333333333333333
276 316 0.3333333333333333
276 365 0.3333333333333333
277 296 0.2
277 268 0.05
277 293 0.1111111111111111
278 264 0.02631578947368421
278 298 0.125
278 356 0.08333333333333333
278 343 0.2
279 272 0.06666666666666667
279 450 0.14285714285714285
279 276 0.05555555555555555
279 263 0.04
280 352 0.125
280 273 0.2
280 291 0.08333333333333333
280 263 0.04
280 376 0.14285714285714285
280 441 0.16666666666666666
280 330 0.09090909090909091
280 315 0.1111111111111111
281 272 0.06666666666666667
281 449 0.16666666666666666
281 276 0.05555555555555555
281 317 0.08333333333333333
281 301 0.125
281 351 0.125
282 274 0.14285714285714285
282 420 0.25
282 263 0.04
282 347 0.14285714285714285
282 412 0.25
282 333 0.25
283 269 0.07692307692307693
283 309 0.125
284 372 0.25
284 270 0.1111111111111111
284 327 0.14285714285714285
285 266 0.06666666666666667
285 348 0.09090909090909091
285 270 0.1111111111111111
286 275 0.0625
286 278 0.07142857142857142
286 312 0.14285714285714285
286 393 0.5
286 381 0.125
286 271 0.05263157894736842
287 392 0.16666666666666666
287 299 0.2
287 436 0.16666666666666666
287 263 0.04
288 377 0.14285714285714285
288 431 0.5
288 267 0.08333333333333333
288 269 0.07692307692307693
288 407 0.5
289 297 0.16666666666666666
289 404 0.25
289 268 0.05
289 358 0.16666666666666666
289 308 0.125
290 370 0.25
290 276 0.05555555555555555
290 325 0.3333333333333333
290 278 0.07142857142857142
290 263 0.04
290 271 0.05263157894736842
291 280 0.0625
291 352 0.125
291 330 0.09090909090909091
291 315 0.1111111111111111
291 441 0.16666666666666666
292 264 0.02631578947368421
292 337 0.09090909090909091
292 338 0.14285714285714285
292 416 0.5
292 286 0.08333333333333333
293 353 0.07692307692307693
293 277 0.16666666666666666
293 318 0.06666666666666667
293 335 0.25
294 276 0.05555555555555555
295 264 0.02631578947368421
295 305 0.1111111111111111
295 300 0.07692307692307693
295 413 0.14285714285714285
296 335 0.25
296 277 0.16666666666666666
296 293 0.1111111111111111
297 289 0.09090909090909091
297 342 0.08333333333333333
297 391 0.5
298 312 0.14285714285714285
298 371 0.3333333333333333
298 444 0.3333333333333333
298 278 0.07142857142857142
299 287 0.1111111111111111
299 403 0.25
299 263 0.04
300 305 0.1111111111111111
300 422 0.125
300 295 0.1
300 362 0.1111111111111111
300 413 0.14285714285714285
300 394 0.3333333333333333
301 281 0.07692307692307693
301 396 0.125
301 317 0.08333333333333333
302 264 0.02631578947368421
302 425 0.25
302 339 0.25
302 278 0.07142857142857142
303 331 0.08333333333333333
303 268 0.05
304 264 0.02631578947368421
304 314 0.06666666666666667
304 451 0.14285714285714285
304 341 0.06666666666666667
305 300 0.07692307692307693
305 413 0.14285714285714285
305 295 0.1
306 266 0.06666666666666667
306 459 0.25
307 384 0.25
307 353 0.07692307692307693
307 275 0.0625
307 350 0.2
307 271 0.05263157894736842
308 289 0.09090909090909091
308 402 0.25
308 420 0.25
308 460 0.5
309 363 0.16666666666666666
309 283 0.2
309 269 0.07692307692307693
309 311 0.5
310 270 0.1111111111111111
311 309 0.125
312 298 0.125
312 286 0.08333333333333333
312 270 0.1111111111111111
312 381 0.125
313 265 0.09090909090909091
314 304 0.1
314 433 0.09090909090909091
314 324 0.0625
314 341 0.06666666666666667
314 326 0.16666666666666666
314 264 0.02631578947368421
314 334 0.125
315 280 0.0625
315 356 0.08333333333333333
315 291 0.08333333333333333
315 324 0.0625
315 278 0.07142857142857142
316 276 0.05555555555555555
316 294 0.25
317 449 0.16666666666666666
317 386 0.16666666666666666
317 281 0.07692307692307693
317 396 0.125
317 301 0.125
317 351 0.125
318 320 0.06666666666666667
318 275 0.0625
318 293 0.1111111111111111
318 295 0.1
318 323 0.14285714285714285
318 271 0.05263157894736842
318 319 0.1
319 320 0.06666666666666667
319 337 0.09090909090909091
319 434 0.14285714285714285
319 323 0.14285714285714285
319 318 0.06666666666666667
320 340 0.125
320 318 0.06666666666666667
320 421 0.16666666666666666
320 409 0.25
320 348 0.09090909090909091
320 286 0.08333333333333333
320 319 0.1
321 306 0.2
321 266 0.06666666666666667
321 438 0.2
322 321 0.16666666666666666
322 266 0.06666666666666667
322 362 0.1111111111111111
322 285 0.16666666666666666
323 447 0.5
323 286 0.08333333333333333
323 318 0.06666666666666667
323 319 0.1
324 304 0.1
324 454 0.16666666666666666
324 264 0.02631578947368421
324 329 0.2
324 314 0.06666666666666667
324 315 0.1111111111111111
324 332 0.25
324 346 0.25
325 290 0.1111111111111111
326 264 0.02631578947368421
326 433 0.09090909090909091
326 314 0.06666666666666667
327 320 0.06666666666666667
327 336 0.25
327 284 0.16666666666666666
327 397 0.5
328 268 0.05
329 443 0.25
329 324 0.0625
330 280 0.0625
330 291 0.08333333333333333
330 428 0.5
330 349 0.2
330 263 0.04
331 455 0.3333333333333333
331 408 0.2
331 281 0.07692307692307693
331 268 0.05
331 446 0.25
331 303 0.2
332 324 0.0625
332 263 0.04
333 282 0.08333333333333333
334 264 0.02631578947368421
334 314 0.06666666666666667
334 341 0.06666666666666667
334 366 0.1
335 296 0.2
335 293 0.1111111111111111
336 289 0.09090909090909091
336 265 0.09090909090909091
336 327 0.14285714285714285
337 305 0.1111111111111111
337 292 0.125
337 342 0.08333333333333333
337 381 0.125
337 318 0.06666666666666667
337 319 0.1
338 264 0.02631578947368421
338 418 0.5
338 292 0.125
338 325 0.3333333333333333
339 425 0.25
339 302 0.14285714285714285
340 320 0.06666666666666667
340 409 0.25
340 348 0.09090909090909091
340 421 0.16666666666666666
341 304 0.1
341 385 0.14285714285714285
341 433 0.09090909090909091
341 264 0.02631578947368421
341 314 0.06666666666666667
341 334 0.125
342 360 0.25
342 404 0.25
342 337 0.09090909090909091
342 264 0.02631578947368421
342 297 0.16666666666666666
342 410 0.25
343 278 0.07142857142857142
344 345 0.5
344 275 0.0625
344 271 0.05263157894736842
345 344 0.2
346 324 0.0625
346 454 0.16666666666666666
347 282 0.08333333333333333
347 412 0.25
347 406 0.25
348 320 0.06666666666666667
348 432 0.5
348 340 0.125
348 285 0.16666666666666666
348 270 0.1111111111111111
348 383 0.1
349 272 0.06666666666666667
349 273 0.2
349 330 0.09090909090909091
349 269 0.07692307692307693
350 275 0.0625
350 307 0.08333333333333333
350 271 0.05263157894736842
351 281 0.07692307692307693
351 427 0.5
351 267 0.08333333333333333
351 317 0.08333333333333333
352 280 0.0625
352 376 0.14285714285714285
352 291 0.08333333333333333
352 411 0.16666666666666666
353 401 0.2
353 275 0.0625
353 293 0.1111111111111111
353 307 0.08333333333333333
353 382 0.25
353 271 0.05263157894736842
354 264 0.02631578947368421
354 304 0.1
354 314 0.06666666666666667
354 341 0.06666666666666667
354 385 0.14285714285714285
355 400 0.25
355 379 0.09090909090909091
355 276 0.05555555555555555
355 435 0.25
356 315 0.1111111111111111
356 452 0.5
356 278 0.07142857142857142
356 390 0.3333333333333333
356 343 0.2
356 379 0.09090909090909091
357 392 0.16666666666666666
357 458 0.5
357 274 0.14285714285714285
357 330 0.09090909090909091
358 265 0.09090909090909091
358 282 0.08333333333333333
358 333 0.25
358 289 0.09090909090909091
359 353 0.07692307692307693
360 410 0.25
360 342 0.08333333333333333
361 453 0.25
361 268 0.05
361 405 0.2
361 303 0.2
362 320 0.06666666666666667
362 322 0.16666666666666666
362 300 0.07692307692307693
362 429 0.16666666666666666
362 438 0.2
363 415 0.3333333333333333
363 309 0.125
363 279 0.1111111111111111
364 278 0.07142857142857142
364 343 0.2
365 276 0.05555555555555555
366 264 0.02631578947368421
366 368 0.2
366 341 0.06666666666666667
366 334 0.125
366 385 0.14285714285714285
367 267 0.08333333333333333
368 264 0.02631578947368421
368 341 0.06666666666666667
368 366 0.1
369 274 0.14285714285714285
370 338 0.14285714285714285
370 290 0.1111111111111111
371 298 0.125
372 442 0.5
372 284 0.16666666666666666
373 481 0.06666666666666667
373 283 0.2
373 269 0.07692307692307693
374 272 0.06666666666666667
374 276 0.05555555555555555
375 263 0.04
376 280 0.0625
376 352 0.125
376 291 0.08333333333333333
377 272 0.06666666666666667
377 288 0.1
377 419 0.5
377 279 0.1111111111111111
378 276 0.05555555555555555
378 365 0.3333333333333333
379 355 0.125
379 356 0.08333333333333333
379 414 0.16666666666666666
379 343 0.2
379 395 0.25
379 398 0.5
380 307 0.08333333333333333
380 331 0.08333333333333333
380 355 0.125
380 301 0.125
380 271 0.05263157894736842
381 312 0.14285714285714285
381 337 0.09090909090909091
381 437 0.3333333333333333
381 286 0.08333333333333333
382 353 0.07692307692307693
383 445 0.25
383 423 0.25
383 348 0.09090909090909091
383 389 0.25
383 421 0.16666666666666666
384 275 0.0625
384 307 0.08333333333333333
385 264 0.02631578947368421
385 354 0.14285714285714285
385 341 0.06666666666666667
385 366 0.1
386 281 0.07692307692307693
386 396 0.125
386 317 0.08333333333333333
386 301 0.125
387 307 0.08333333333333333
387 275 0.0625
387 271 0.05263157894736842
388 373 0.16666666666666666
388 269 0.07692307692307693
389 383 0.1
390 356 0.08333333333333333
391 297 0.16666666666666666
392 426 0.5
392 357 0.14285714285714285
392 287 0.1111111111111111
393 286 0.08333333333333333
394 300 0.07692307692307693
394 295 0.1
395 448 0.25
395 379 0.09090909090909091
396 449 0.16666666666666666
396 386 0.16666666666666666
396 317 0.08333333333333333
396 301 0.125
397 327 0.14285714285714285
398 379 0.09090909090909091
399 268 0.05
400 355 0.125
400 435 0.25
401 456 0.25
401 353 0.07692307692307693
401 382 0.25
402 436 0.16666666666666666
402 308 0.125
403 450 0.14285714285714285
403 299 0.2
404 289 0.09090909090909091
404 342 0.08333333333333333
405 361 0.125
405 453 0.25
406 282 0.08333333333333333
406 347 0.14285714285714285
406 333 0.25
407 288 0.1
408 331 0.08333333333333333
408 446 0.25
409 320 0.06666666666666667
409 340 0.125
410 360 0.25
410 342 0.08333333333333333
411 352 0.125
411 376 0.14285714285714285
411 356 0.08333333333333333
411 390 0.3333333333333333
411 280 0.0625
412 282 0.08333333333333333
412 347 0.14285714285714285
413 305 0.1111111111111111
413 300 0.07692307692307693
413 295 0.1
414 448 0.25
414 379 0.09090909090909091
414 294 0.25
415 363 0.16666666666666666
416 292 0.125
417 287 0.1111111111111111
418 338 0.14285714285714285
419 377 0.14285714285714285
420 282 0.08333333333333333
420 308 0.125
421 320 0.06666666666666667
421 340 0.125
421 383 0.1
422 305 0.1111111111111111
422 479 0.1111111111111111
422 300 0.07692307692307693
422 413 0.14285714285714285
422 429 0.16666666666666666
423 389 0.25
423 383 0.1
424 268 0.05
425 339 0.25
425 302 0.14285714285714285
426 392 0.16666666666666666
427 351 0.125
428 330 0.09090909090909091
429 305 0.1111111111111111
429 362 0.1111111111111111
429 300 0.07692307692307693
429 422 0.125
430 272 0.06666666666666667
431 288 0.1
432 348 0.09090909090909091
433 264 0.02631578947368421
433 314 0.06666666666666667
433 451 0.14285714285714285
433 341 0.06666666666666667
433 326 0.16666666666666666
434 440 0.5
434 361 0.125
434 405 0.2
434 318 0.06666666666666667
434 319 0.1
435 400 0.25
435 355 0.125
436 457 0.5
436 402 0.25
436 287 0.1111111111111111
437 337 0.09090909090909091
437 381 0.125
438 321 0.16666666666666666
438 362 0.1111111111111111
438 266 0.06666666666666667
439 272 0.06666666666666667
439 363 0.16666666666666666
439 415 0.3333333333333333
440 434 0.14285714285714285
441 280 0.0625
441 450 0.14285714285714285
441 291 0.08333333333333333
442 372 0.25
443 329 0.2
443 324 0.0625
444 298 0.125
444 371 0.3333333333333333
445 423 0.25
445 389 0.25
445 383 0.1
446 408 0.2
446 331 0.08333333333333333
447 323 0.14285714285714285
448 395 0.25
448 414 0.16666666666666666
449 281 0.07692307692307693
449 396 0.125
449 317 0.08333333333333333
450 441 0.16666666666666666
450 291 0.08333333333333333
450 403 0.25
450 279 0.1111111111111111
451 264 0.02631578947368421
451 433 0.09090909090909091
451 354 0.14285714285714285
451 366 0.1
451 304 0.1
452 356 0.08333333333333333
453 361 0.125
453 405 0.2
454 329 0.2
454 346 0.25
454 443 0.25
454 324 0.0625
455 408 0.2
455 331 0.08333333333333333
456 353 0.07692307692307693
456 382 0.25
456 401 0.2
457 436 0.16666666666666666
458 357 0.14285714285714285
459 266 0.06666666666666667
459 306 0.2
460 308 0.125
461 342 0.08333333333333333
461 278 0.07142857142857142
461 462 0.25
461 42 0.029411764705882353
461 78 0.05555555555555555
461 414 0.16666666666666666
462 461 0.125
462 463 0.5
463 462 0.25
464 465 0.09090909090909091
464 210 0.2
464 163 0.125
464 376 0.14285714285714285
464 473 0.25
464 474 0.3333333333333333
464 43 0.038461538461538464
464 13 0.045454545454545456
465 464 0.06666666666666667
465 466 0.1111111111111111
465 475 0.125
465 478 0.25
465 471 0.5
466 464 0.06666666666666667
466 465 0.09090909090909091
466 467 0.125
466 476 0.5
467 472 0.3333333333333333
467 466 0.1111111111111111
467 468 0.5
467 470 0.5
468 467 0.125
469 464 0.06666666666666667
469 465 0.09090909090909091
469 466 0.1111111111111111
469 475 0.125
470 467 0.125
471 465 0.09090909090909091
472 467 0.125
472 469 0.16666666666666666
473 464 0.06666666666666667
473 466 0.1111111111111111
474 464 0.06666666666666667
474 473 0.25
475 465 0.09090909090909091
475 469 0.16666666666666666
475 478 0.25
475 477 0.5
476 466 0.1111111111111111
477 475 0.125
478 465 0.09090909090909091
478 475 0.125
479 0 0.14285714285714285
479 161 0.1111111111111111
479 370 0.25
479 480 0.5
479 422 0.125
479 45 0.05
480 479 0.1111111111111111
481 482 0.16666666666666666
481 347 0.14285714285714285
481 484 0.1
481 373 0.16666666666666666
481 251 0.125
481 27 0.09090909090909091
481 190 0.16666666666666666
481 485 0.25
482 481 0.06666666666666667
482 483 0.2
482 489 0.3333333333333333
483 482 0.16666666666666666
483 490 0.5
484 488 0.2
484 481 0.06666666666666667
484 492 0.08333333333333333
484 486 0.25
484 487 0.25
485 481 0.06666666666666667
485 491 0.3333333333333333
486 484 0.1
487 488 0.2
487 484 0.1
488 484 0.1
488 486 0.25
488 487 0.25
489 482 0.16666666666666666
489 483 0.2
490 483 0.2
491 485 0.25
491 486 0.25
492 496 0.16666666666666666
492 433 0.09090909090909091
492 484 0.1
492 21 0.058823529411764705
492 70 0.06666666666666667
492 497 0.25
492 264 0.02631578947368421
492 493 0.25
493 492 0.08333333333333333
493 494 0.2
494 498 0.5
494 493 0.25
495 494 0.2
496 497 0.25
496 499 0.5
496 492 0.08333333333333333
497 496 0.16666666666666666
497 492 0.08333333333333333
498 494 0.2
499 496 0.16666666666666666
