0 1
0 4
0 6
0 8
0 9
0 10
0 28
0 45
0 64
0 67
0 76
0 113
0 118
0 192
1 0
1 2
1 3
1 8
1 32
1 42
1 44
1 50
1 70
1 103
1 134
1 148
2 1
2 11
2 26
2 176
2 179
3 1
3 5
3 35
3 36
3 43
3 186
4 0
4 7
4 33
4 72
4 93
4 112
4 123
5 3
5 11
5 27
5 34
5 36
5 68
5 83
5 151
6 0
6 9
6 73
6 153
6 174
7 4
7 33
7 72
8 1
8 0
8 10
8 12
8 14
8 15
8 16
8 18
8 19
8 23
8 49
8 125
8 162
9 6
9 0
9 29
9 74
9 92
9 109
9 168
10 8
10 0
10 13
10 17
10 20
10 31
10 60
10 114
10 117
10 122
10 146
10 147
10 187
11 5
11 2
11 22
11 68
11 102
11 121
11 131
11 175
12 8
12 39
12 44
12 51
13 10
13 20
13 46
13 99
14 8
14 80
14 156
14 170
15 8
15 57
15 79
15 95
15 128
16 8
16 161
17 10
17 21
17 30
17 58
17 59
17 76
17 119
17 144
17 153
18 8
18 123
18 137
18 138
19 8
20 14
20 10
20 13
20 41
20 71
20 77
20 90
21 9
21 17
21 48
21 55
21 88
21 139
21 166
21 169
22 11
22 24
22 96
22 158
23 8
23 14
23 3
23 32
23 81
23 91
23 94
23 100
24 22
24 68
24 114
24 185
24 188
25 14
25 124
25 171
26 2
26 180
27 5
27 34
27 98
28 0
28 12
28 37
28 75
28 108
28 196
29 19
29 18
29 9
29 63
29 71
29 85
29 191
30 17
30 129
30 144
31 10
31 78
31 115
31 149
32 1
32 23
32 101
33 7
33 4
33 40
33 54
33 87
34 5
34 22
34 27
34 36
34 47
34 52
34 82
34 116
34 179
35 3
36 3
36 34
36 5
36 177
37 2
37 28
37 23
37 41
38 18
38 15
39 12
40 33
40 53
40 97
40 110
40 127
41 37
41 20
41 61
41 62
41 106
42 1
42 148
43 3
43 34
43 70
44 12
44 23
44 43
44 1
44 104
44 165
45 0
46 13
47 34
47 83
47 116
48 21
48 55
48 139
48 166
48 169
49 8
49 125
50 1
50 148
51 12
51 39
51 65
52 34
52 116
53 40
53 97
53 110
53 127
54 33
54 9
55 9
55 48
55 21
56 18
56 137
57 15
57 79
58 17
58 30
58 88
58 119
58 132
58 135
59 17
59 58
59 132
59 143
60 10
60 133
60 178
61 26
61 41
61 66
62 41
62 106
63 29
64 0
64 113
64 118
65 51
66 61
66 28
66 160
67 0
67 192
68 5
68 24
68 11
68 69
68 89
68 111
69 68
70 1
70 43
70 83
71 29
71 20
71 85
71 157
72 4
72 7
72 86
72 184
73 6
74 9
75 37
75 28
75 61
76 31
76 0
76 17
76 153
77 20
78 31
79 15
79 57
79 95
79 130
80 14
80 156
81 23
81 91
82 22
82 34
82 52
82 182
83 70
83 5
83 34
83 47
83 107
83 131
84 78
84 31
85 71
85 66
85 29
86 72
86 184
87 33
87 54
87 4
88 21
88 48
88 58
88 120
88 193
89 68
90 61
90 85
90 20
91 23
91 81
92 9
93 4
93 126
93 140
94 23
95 79
95 15
95 57
95 130
96 22
96 158
97 40
97 53
97 141
97 168
98 27
98 5
99 13
100 23
101 32
102 68
102 11
102 133
102 142
102 149
102 189
103 1
103 75
104 44
104 165
104 172
105 18
105 123
105 138
106 41
106 62
106 66
106 108
106 160
107 83
108 28
108 106
108 37
109 9
110 53
110 40
111 80
111 68
111 150
112 4
113 64
113 78
113 0
113 31
114 10
114 24
114 163
115 31
116 34
116 52
116 47
117 10
117 122
117 187
118 0
118 64
119 17
119 58
119 132
120 88
120 193
121 11
122 10
122 117
122 146
122 187
123 105
123 18
123 4
123 112
123 126
123 138
124 25
125 8
125 49
125 19
126 123
126 93
127 53
127 40
128 95
128 15
128 25
128 152
128 167
129 30
129 17
129 58
130 15
130 95
130 79
130 57
130 154
131 83
131 11
131 136
132 17
132 58
132 59
132 119
132 144
132 145
133 68
133 102
133 60
134 1
134 42
134 148
135 58
135 129
135 59
136 131
137 18
137 56
138 123
138 105
138 18
138 191
139 48
139 21
140 93
141 97
141 181
141 190
142 102
143 58
143 59
143 139
143 17
143 132
143 173
143 194
144 135
144 17
144 132
144 30
145 132
145 58
145 17
146 10
146 122
147 120
147 10
147 88
148 134
148 1
148 50
148 42
149 31
149 102
149 78
149 22
150 111
151 5
151 27
152 128
152 167
153 6
153 76
153 17
154 57
154 130
154 95
155 27
155 3
155 151
155 32
156 14
156 80
156 162
156 164
156 170
157 71
158 22
158 96
159 38
160 66
160 106
160 63
161 16
162 19
162 8
162 14
162 156
163 114
164 156
164 14
165 44
165 104
166 111
166 21
166 60
166 48
167 152
167 128
167 197
168 9
168 97
169 21
169 48
170 14
170 156
171 25
172 165
172 104
172 44
173 143
173 194
174 6
174 73
175 11
176 2
176 179
176 183
177 36
178 60
179 2
179 176
179 52
179 34
180 26
180 62
180 41
180 186
180 195
181 141
182 83
182 82
182 11
183 176
184 72
184 86
185 24
186 35
186 3
186 180
187 122
187 10
187 117
188 24
188 185
189 102
190 141
191 29
191 16
191 71
191 138
192 0
192 67
193 120
193 88
194 143
194 173
195 180
196 28
197 128
197 167
197 152
