1
1
0.203419
0.174419
0.067985
0.149482
0.194693
0.013474
1
1
1
1
0.129638
0.135547
0.167399
0.083756
0.203142
0.054626
0.091159
0.278829
0.094291
0.006117
0.201573
1
0.052413
0.001622
0.23729
0.145241
0.092043
0.085263
0.009773
0.137871
0.266011
0.008344
1
0.125161
0.158718
0.03785
0
0.049126
0.00364
0.118931
0.263093
0.072732
0.101187
0.500399
0.068145
0.199864
0.003843
0.288641
0.283196
0.026003
0.238837
0.003626
0.002517
0.001911
0.00755
0.015095
0.00726
0.007439
0.167419
0.033088
0.218597
0.031481
0.223807
0.013076
0.013828
0.296917
0.163881
0.081803
0.179277
0.023105
0.009767
0.079031
0.50128
0.083365
0.15309
0.047205
0.09759
0.0133
0.045383
0.298719
0.167192
0.059494
0
0.020875
0.002991
0.002129
0.031797
0.081898
0.02364
0.298002
0.501465
0.011919
0.499998
0.011764
0.0599
0.031634
0.048488
0.067779
0.500712
0.1328
1
0.333883
0.019687
0.005954
0.038553
0.029859
0.021294
0.50047
0.001726
0.027671
0.02711
0.19451
0.172815
0.068937
0.219486
0.215482
0.286619
0.010278
0.055399
0.500352
0.19163
0.015837
0.000781
0.241035
0.006566
0.001183
0.009449
0.002476
0.003089
0.172444
0.002738
0.223558
0.228741
0.003178
0.086448
0.022941
0.015053
0.002026
0.00601
0.005292
0.50032
0.000716
0.009076
0.000681
0.281731
0.250768
0.198656
0.183215
0.014013
0.037783
0.002234
0.063958
0.000751
0
0.040642
0.011615
0.060155
0
0.010159
0.101359
0.170048
0.085932
0.013523
0.02351
0.00162
0.001801
0.250593
0.002351
0.049819
0.000771
0.004974
0.000193
0.065088
0.500611
0.059929
0.079345
0.083567
0.169814
1
0.002559
0.041986
0.030215
0.002933
0.021339
0.225724
0.215319
0.017441
0.501046
0.002635
0.016421
0.297318
0.020289
0.000211
0.501101
0.04603
0.000464
