198
640
0 1 0.0416667
0 4 0.0666667
0 6 0.1
0 8 0.0357143
0 9 0.05
0 10 0.0384615
0 28 0.0833333
0 45 0.5
0 64 0.166667
0 67 0.25
0 76 0.142857
0 113 0.166667
0 118 0.25
0 192 0.25
1 0 0.0277778
1 2 0.0909091
1 3 0.0714286
1 8 0.0357143
1 32 0.142857
1 42 0.2
1 44 0.0909091
1 50 0.25
1 70 0.166667
1 103 0.333333
1 134 0.2
1 148 0.125
2 1 0.0416667
2 11 0.0588235
2 26 0.2
2 176 0.166667
2 179 0.142857
3 1 0.0416667
3 5 0.0588235
3 35 0.333333
3 36 0.125
3 43 0.166667
3 186 0.2
4 0 0.0277778
4 7 0.166667
4 33 0.1
4 72 0.125
4 93 0.166667
4 112 0.333333
4 123 0.0909091
5 3 0.0714286
5 11 0.0588235
5 27 0.125
5 34 0.0526316
5 36 0.125
5 68 0.0714286
5 83 0.0833333
5 151 0.25
6 0 0.0277778
6 9 0.05
6 73 0.333333
6 153 0.166667
6 174 0.333333
7 4 0.0666667
7 33 0.1
7 72 0.125
8 1 0.0416667
8 0 0.0277778
8 10 0.0384615
8 12 0.111111
8 14 0.0769231
8 15 0.0833333
8 16 0.2
8 18 0.0833333
8 19 0.2
8 23 0.0625
8 49 0.25
8 125 0.2
8 162 0.166667
9 6 0.1
9 0 0.0277778
9 29 0.0833333
9 74 0.5
9 92 0.5
9 109 0.5
9 168 0.25
10 8 0.0357143
10 0 0.0277778
10 13 0.125
10 17 0.0454545
10 20 0.0769231
10 31 0.0909091
10 60 0.142857
10 114 0.166667
10 117 0.166667
10 122 0.125
10 146 0.25
10 147 0.25
10 187 0.166667
11 5 0.0588235
11 2 0.0909091
11 22 0.0909091
11 68 0.0714286
11 102 0.0909091
11 121 0.5
11 131 0.166667
11 175 0.5
12 8 0.0357143
12 39 0.333333
12 44 0.0909091
12 51 0.2
13 10 0.0384615
13 20 0.0769231
13 46 0.5
13 99 0.5
14 8 0.0357143
14 80 0.2
14 156 0.1
14 170 0.25
15 8 0.0357143
15 57 0.142857
15 79 0.125
15 95 0.111111
15 128 0.111111
16 8 0.0357143
16 161 0.5
17 10 0.0384615
17 21 0.0666667
17 30 0.142857
17 58 0.0666667
17 59 0.125
17 76 0.142857
17 119 0.166667
17 144 0.142857
17 153 0.166667
18 8 0.0357143
18 123 0.0909091
18 137 0.25
18 138 0.125
19 8 0.0357143
20 14 0.0769231
20 10 0.0384615
20 13 0.125
20 41 0.0909091
20 71 0.111111
20 77 0.5
20 90 0.25
21 9 0.05
21 17 0.0454545
21 48 0.0909091
21 55 0.2
21 88 0.1
21 139 0.2
21 166 0.166667
21 169 0.25
22 11 0.0588235
22 24 0.1
22 96 0.25
22 158 0.25
23 8 0.0357143
23 14 0.0769231
23 3 0.0714286
23 32 0.142857
23 81 0.25
23 91 0.25
23 94 0.5
23 100 0.5
24 22 0.0909091
24 68 0.0714286
24 114 0.166667
24 185 0.333333
24 188 0.333333
25 14 0.0769231
25 124 0.5
25 171 0.5
26 2 0.0909091
26 180 0.125
27 5 0.0588235
27 34 0.0526316
27 98 0.333333
28 0 0.0277778
28 12 0.111111
28 37 0.125
28 75 0.2
28 108 0.166667
28 196 0.5
29 19 0.2
29 18 0.0833333
29 9 0.05
29 63 0.333333
29 71 0.111111
29 85 0.166667
29 191 0.166667
30 17 0.0454545
30 129 0.2
30 144 0.142857
31 10 0.0384615
31 78 0.2
31 115 0.5
31 149 0.166667
32 1 0.0416667
32 23 0.0625
32 101 0.5
33 7 0.166667
33 4 0.0666667
33 40 0.0833333
33 54 0.25
33 87 0.25
34 5 0.0588235
34 22 0.0909091
34 27 0.125
34 36 0.125
34 47 0.166667
34 52 0.166667
34 82 0.166667
34 116 0.166667
34 179 0.142857
35 3 0.0714286
36 3 0.0714286
36 34 0.0526316
36 5 0.0588235
36 177 0.5
37 2 0.0909091
37 28 0.0833333
37 23 0.0625
37 41 0.0909091
38 18 0.0833333
38 15 0.0833333
39 12 0.111111
40 33 0.1
40 53 0.1
40 97 0.125
40 110 0.25
40 127 0.166667
41 37 0.125
41 20 0.0769231
41 61 0.142857
41 62 0.2
41 106 0.111111
42 1 0.0416667
42 148 0.125
43 3 0.0714286
43 34 0.0526316
43 70 0.166667
44 12 0.111111
44 23 0.0625
44 43 0.166667
44 1 0.0416667
44 104 0.166667
44 165 0.2
45 0 0.0277778
46 13 0.125
47 34 0.0526316
47 83 0.0833333
47 116 0.166667
48 21 0.0666667
48 55 0.2
48 139 0.2
48 166 0.166667
48 169 0.25
49 8 0.0357143
49 125 0.2
50 1 0.0416667
50 148 0.125
51 12 0.111111
51 39 0.333333
51 65 0.5
52 34 0.0526316
52 116 0.166667
53 40 0.0833333
53 97 0.125
53 110 0.25
53 127 0.166667
54 33 0.1
54 9 0.05
55 9 0.05
55 48 0.0909091
55 21 0.0666667
56 18 0.0833333
56 137 0.25
57 15 0.0833333
57 79 0.125
58 17 0.0454545
58 30 0.142857
58 88 0.1
58 119 0.166667
58 132 0.0833333
58 135 0.2
59 17 0.0454545
59 58 0.0666667
59 132 0.0833333
59 143 0.1
60 10 0.0384615
60 133 0.2
60 178 0.5
61 26 0.2
61 41 0.0909091
61 66 0.142857
62 41 0.0909091
62 106 0.111111
63 29 0.0833333
64 0 0.0277778
64 113 0.166667
64 118 0.25
65 51 0.2
66 61 0.142857
66 28 0.0833333
66 160 0.2
67 0 0.0277778
67 192 0.25
68 5 0.0588235
68 24 0.1
68 11 0.0588235
68 69 0.5
68 89 0.5
68 111 0.166667
69 68 0.0714286
70 1 0.0416667
70 43 0.166667
70 83 0.0833333
71 29 0.0833333
71 20 0.0769231
71 85 0.166667
71 157 0.5
72 4 0.0666667
72 7 0.166667
72 86 0.25
72 184 0.25
73 6 0.1
74 9 0.05
75 37 0.125
75 28 0.0833333
75 61 0.142857
76 31 0.0909091
76 0 0.0277778
76 17 0.0454545
76 153 0.166667
77 20 0.0769231
78 31 0.0909091
79 15 0.0833333
79 57 0.142857
79 95 0.111111
79 130 0.125
80 14 0.0769231
80 156 0.1
81 23 0.0625
81 91 0.25
82 22 0.0909091
82 34 0.0526316
82 52 0.166667
82 182 0.25
83 70 0.166667
83 5 0.0588235
83 34 0.0526316
83 47 0.166667
83 107 0.5
83 131 0.166667
84 78 0.2
84 31 0.0909091
85 71 0.111111
85 66 0.142857
85 29 0.0833333
86 72 0.125
86 184 0.25
87 33 0.1
87 54 0.25
87 4 0.0666667
88 21 0.0666667
88 48 0.0909091
88 58 0.0666667
88 120 0.2
88 193 0.25
89 68 0.0714286
90 61 0.142857
90 85 0.166667
90 20 0.0769231
91 23 0.0625
91 81 0.25
92 9 0.05
93 4 0.0666667
93 126 0.25
93 140 0.5
94 23 0.0625
95 79 0.125
95 15 0.0833333
95 57 0.142857
95 130 0.125
96 22 0.0909091
96 158 0.25
97 40 0.0833333
97 53 0.1
97 141 0.166667
97 168 0.25
98 27 0.125
98 5 0.0588235
99 13 0.125
100 23 0.0625
101 32 0.142857
102 68 0.0714286
102 11 0.0588235
102 133 0.2
102 142 0.5
102 149 0.166667
102 189 0.5
103 1 0.0416667
103 75 0.2
104 44 0.0909091
104 165 0.2
104 172 0.25
105 18 0.0833333
105 123 0.0909091
105 138 0.125
106 41 0.0909091
106 62 0.2
106 66 0.142857
106 108 0.166667
106 160 0.2
107 83 0.0833333
108 28 0.0833333
108 106 0.111111
108 37 0.125
109 9 0.05
110 53 0.1
110 40 0.0833333
111 80 0.2
111 68 0.0714286
111 150 0.5
112 4 0.0666667
113 64 0.166667
113 78 0.2
113 0 0.0277778
113 31 0.0909091
114 10 0.0384615
114 24 0.1
114 163 0.5
115 31 0.0909091
116 34 0.0526316
116 52 0.166667
116 47 0.166667
117 10 0.0384615
117 122 0.125
117 187 0.166667
118 0 0.0277778
118 64 0.166667
119 17 0.0454545
119 58 0.0666667
119 132 0.0833333
120 88 0.1
120 193 0.25
121 11 0.0588235
122 10 0.0384615
122 117 0.166667
122 146 0.25
122 187 0.166667
123 105 0.2
123 18 0.0833333
123 4 0.0666667
123 112 0.333333
123 126 0.25
123 138 0.125
124 25 0.166667
125 8 0.0357143
125 49 0.25
125 19 0.2
126 123 0.0909091
126 93 0.166667
127 53 0.1
127 40 0.0833333
128 95 0.111111
128 15 0.0833333
128 25 0.166667
128 152 0.2
128 167 0.166667
129 30 0.142857
129 17 0.0454545
129 58 0.0666667
130 15 0.0833333
130 95 0.111111
130 79 0.125
130 57 0.142857
130 154 0.25
131 83 0.0833333
131 11 0.0588235
131 136 0.5
132 17 0.0454545
132 58 0.0666667
132 59 0.125
132 119 0.166667
132 144 0.142857
132 145 0.25
133 68 0.0714286
133 102 0.0909091
133 60 0.142857
134 1 0.0416667
134 42 0.2
134 148 0.125
135 58 0.0666667
135 129 0.2
135 59 0.125
136 131 0.166667
137 18 0.0833333
137 56 0.333333
138 123 0.0909091
138 105 0.2
138 18 0.0833333
138 191 0.166667
139 48 0.0909091
139 21 0.0666667
140 93 0.166667
141 97 0.125
141 181 0.5
141 190 0.5
142 102 0.0909091
143 58 0.0666667
143 59 0.125
143 139 0.2
143 17 0.0454545
143 132 0.0833333
143 173 0.25
143 194 0.25
144 135 0.2
144 17 0.0454545
144 132 0.0833333
144 30 0.142857
145 132 0.0833333
145 58 0.0666667
145 17 0.0454545
146 10 0.0384615
146 122 0.125
147 120 0.2
147 10 0.0384615
147 88 0.1
148 134 0.2
148 1 0.0416667
148 50 0.25
148 42 0.2
149 31 0.0909091
149 102 0.0909091
149 78 0.2
149 22 0.0909091
150 111 0.166667
151 5 0.0588235
151 27 0.125
152 128 0.111111
152 167 0.166667
153 6 0.1
153 76 0.142857
153 17 0.0454545
154 57 0.142857
154 130 0.125
154 95 0.111111
155 27 0.125
155 3 0.0714286
155 151 0.25
155 32 0.142857
156 14 0.0769231
156 80 0.2
156 162 0.166667
156 164 0.333333
156 170 0.25
157 71 0.111111
158 22 0.0909091
158 96 0.25
159 38 0.333333
160 66 0.142857
160 106 0.111111
160 63 0.333333
161 16 0.2
162 19 0.2
162 8 0.0357143
162 14 0.0769231
162 156 0.1
163 114 0.166667
164 156 0.1
164 14 0.0769231
165 44 0.0909091
165 104 0.166667
166 111 0.166667
166 21 0.0666667
166 60 0.142857
166 48 0.0909091
167 152 0.2
167 128 0.111111
167 197 0.25
168 9 0.05
168 97 0.125
169 21 0.0666667
169 48 0.0909091
170 14 0.0769231
170 156 0.1
171 25 0.166667
172 165 0.2
172 104 0.166667
172 44 0.0909091
173 143 0.1
173 194 0.25
174 6 0.1
174 73 0.333333
175 11 0.0588235
176 2 0.0909091
176 179 0.142857
176 183 0.5
177 36 0.125
178 60 0.142857
179 2 0.0909091
179 176 0.166667
179 52 0.166667
179 34 0.0526316
180 26 0.2
180 62 0.2
180 41 0.0909091
180 186 0.2
180 195 0.5
181 141 0.166667
182 83 0.0833333
182 82 0.166667
182 11 0.0588235
183 176 0.166667
184 72 0.125
184 86 0.25
185 24 0.1
186 35 0.333333
186 3 0.0714286
186 180 0.125
187 122 0.125
187 10 0.0384615
187 117 0.166667
188 24 0.1
188 185 0.333333
189 102 0.0909091
190 141 0.166667
191 29 0.0833333
191 16 0.2
191 71 0.111111
191 138 0.125
192 0 0.0277778
192 67 0.25
193 120 0.2
193 88 0.1
194 143 0.1
194 173 0.25
195 180 0.125
196 28 0.0833333
197 128 0.111111
197 167 0.166667
197 152 0.2
