18
47
0 1 0.0833333
0 2 0.166667
0 5 0.25
0 9 0.111111
0 16 0.25
1 0 0.05
1 3 0.2
1 4 0.166667
1 9 0.111111
1 12 0.25
2 0 0.05
2 6 0.166667
2 14 0.166667
3 1 0.0833333
3 12 0.25
4 1 0.0833333
4 3 0.2
4 13 0.333333
5 0 0.05
5 17 0.25
6 2 0.166667
6 8 0.2
6 14 0.166667
7 4 0.166667
7 11 0.5
8 1 0.0833333
8 6 0.166667
8 10 0.333333
9 1 0.0833333
9 0 0.05
9 16 0.25
9 17 0.25
10 8 0.2
10 9 0.111111
11 7 0.333333
12 1 0.0833333
12 3 0.2
13 4 0.166667
13 1 0.0833333
14 2 0.166667
14 6 0.166667
14 15 0.5
15 14 0.166667
16 0 0.05
16 9 0.111111
17 5 0.25
17 9 0.111111
