0 1
0 2
0 4
0 5
0 12
0 16
0 21
0 24
0 43
0 51
0 78
0 94
0 135
0 146
0 165
1 0
1 8
1 15
1 53
1 87
2 0
2 3
2 4
2 6
2 10
2 65
2 83
2 158
3 2
3 33
3 45
3 58
3 102
3 193
4 2
4 0
4 60
4 156
4 181
5 0
5 11
5 13
5 14
5 46
5 49
5 68
5 77
5 95
5 111
5 114
6 2
6 7
6 36
6 70
6 209
7 6
7 58
7 63
7 70
7 124
7 148
8 1
8 19
8 37
8 38
8 66
8 140
8 182
9 4
9 22
9 29
9 41
9 59
9 80
9 99
9 127
9 133
9 149
9 196
9 210
10 2
10 20
10 23
10 34
10 61
10 84
10 120
10 172
11 5
11 26
11 47
11 100
11 111
12 0
12 16
12 31
12 37
12 51
12 55
12 56
13 10
13 5
13 18
13 25
13 28
13 32
13 79
13 90
13 115
14 5
14 11
14 17
14 27
14 119
14 159
14 181
15 1
15 39
15 93
15 136
15 157
16 0
16 10
16 12
16 52
16 62
16 108
16 122
17 14
17 40
17 139
17 207
18 13
18 25
18 154
19 8
19 56
19 198
20 10
20 171
21 0
21 30
21 44
21 49
21 97
21 107
22 9
22 29
22 41
22 59
22 80
22 86
22 99
22 133
22 149
22 164
22 186
23 10
24 0
24 67
24 88
24 135
24 146
25 13
25 18
25 47
25 75
25 141
26 11
26 92
26 126
27 14
27 119
28 13
28 79
29 22
29 9
29 73
30 21
31 12
31 37
31 51
32 18
32 13
32 35
32 54
32 58
32 203
33 3
33 39
33 188
34 10
35 32
35 54
35 89
36 6
37 12
37 8
37 31
37 71
37 122
38 8
38 57
38 72
38 74
38 129
38 136
38 166
39 15
39 33
39 76
39 201
40 17
41 22
41 29
41 9
41 89
42 40
42 17
42 139
42 152
42 207
43 0
43 31
43 48
43 71
43 82
43 103
43 138
44 21
44 82
44 97
44 107
44 117
45 3
46 5
46 49
46 69
46 98
46 194
47 11
47 25
47 64
47 118
47 130
47 147
47 161
48 43
48 71
48 112
48 138
49 46
49 5
49 21
49 50
49 144
49 169
49 192
50 49
51 12
51 31
51 0
51 78
51 101
51 106
51 116
51 117
51 163
52 16
52 34
52 125
52 168
53 1
53 87
54 35
54 32
54 58
55 12
55 31
55 81
55 82
55 128
55 175
56 19
56 31
56 12
56 91
56 106
56 162
57 38
57 72
57 74
57 166
58 7
58 25
58 54
58 32
58 3
58 85
58 102
58 104
59 9
59 22
59 92
60 4
60 173
60 181
61 10
61 84
62 16
62 122
63 7
63 6
63 160
64 47
64 106
64 121
64 130
64 144
64 147
65 2
65 110
66 8
66 140
66 182
67 0
67 24
68 5
69 46
70 6
70 7
71 48
71 43
71 31
71 37
72 38
72 57
72 74
73 29
74 57
74 38
74 72
74 129
75 25
75 132
76 39
76 201
77 5
77 111
77 114
78 0
78 51
78 52
78 49
78 112
78 167
78 176
78 205
79 13
79 28
80 22
80 9
80 105
81 55
82 55
82 43
82 44
83 2
84 10
84 61
85 58
85 158
86 22
86 185
87 53
87 1
87 93
88 24
88 0
88 165
89 41
89 35
89 29
89 113
89 131
90 10
90 84
90 13
90 32
90 96
90 170
90 183
90 184
91 56
91 162
92 26
92 59
92 189
92 206
93 15
93 87
93 204
94 0
95 5
95 77
96 90
96 177
97 44
97 21
97 107
98 46
99 22
99 9
99 127
100 49
100 11
100 17
100 109
100 123
100 150
100 151
101 51
102 3
102 58
102 158
102 193
103 43
103 48
104 58
105 80
106 51
106 56
106 64
106 155
107 44
107 97
107 21
108 62
108 34
108 61
108 16
108 178
109 100
109 123
109 150
109 151
110 65
110 60
111 77
111 5
111 11
111 49
111 153
111 174
112 78
112 43
112 48
112 16
112 205
113 89
113 143
114 77
114 5
115 13
115 28
116 51
116 163
117 44
117 51
117 49
117 97
117 137
117 195
117 197
118 64
118 47
118 147
118 161
119 14
119 27
120 10
120 84
121 64
121 118
121 47
122 37
122 16
122 62
123 100
123 109
123 150
124 7
124 160
125 52
126 26
127 9
127 99
128 55
128 81
128 175
129 74
129 38
129 15
129 72
129 57
130 64
130 118
130 47
131 89
131 35
132 75
133 9
133 22
133 164
134 57
134 38
135 0
135 94
135 24
136 38
136 15
137 117
137 145
138 43
138 103
138 48
139 42
139 17
139 142
139 152
140 8
140 66
140 182
141 25
142 42
142 139
143 113
144 130
144 64
144 47
144 49
145 137
145 117
145 195
145 197
146 0
146 24
147 64
147 121
147 47
147 118
148 7
149 22
149 133
149 9
149 164
149 196
150 100
150 123
150 109
151 100
151 109
152 127
152 139
152 17
152 42
153 111
153 174
154 18
155 106
156 131
156 152
156 4
156 187
156 191
157 15
158 2
158 85
158 102
158 202
159 14
160 63
160 124
160 155
161 47
161 147
161 118
162 91
162 56
163 51
163 116
164 99
164 149
164 133
164 22
164 210
165 0
165 94
165 88
166 38
166 74
166 72
166 57
167 78
168 52
169 49
170 90
170 183
171 20
172 10
173 60
174 111
174 153
175 55
175 81
175 128
176 78
177 96
178 108
179 103
179 43
179 48
180 136
181 131
181 60
181 14
181 28
181 4
182 8
182 66
182 140
183 90
183 170
183 184
184 183
184 90
184 170
185 86
185 206
186 185
186 86
186 22
187 156
187 191
188 33
188 193
189 92
190 111
190 153
191 156
191 187
192 49
193 102
193 3
193 188
193 47
194 46
194 199
195 117
195 145
195 197
196 22
196 9
196 149
197 117
197 195
197 145
198 19
199 46
199 194
200 91
200 56
201 39
201 76
202 158
203 32
204 93
205 112
205 78
206 54
206 185
206 92
207 17
207 42
207 139
208 49
208 169
208 192
209 6
209 135
210 149
210 9
210 164
