211
693
0 1 0.1
0 2 0.0625
0 4 0.0909091
0 5 0.0454545
0 12 0.0666667
0 16 0.0714286
0 21 0.0769231
0 24 0.1
0 43 0.0666667
0 51 0.0555556
0 78 0.0714286
0 94 0.25
0 135 0.125
0 146 0.25
0 165 0.2
1 0 0.0294118
1 8 0.0714286
1 15 0.0833333
1 53 0.25
1 87 0.166667
2 0 0.0294118
2 3 0.0714286
2 4 0.0909091
2 6 0.0909091
2 10 0.0526316
2 65 0.25
2 83 0.5
2 158 0.125
3 2 0.0625
3 33 0.166667
3 45 0.5
3 58 0.0666667
3 102 0.125
3 193 0.142857
4 2 0.0625
4 0 0.0294118
4 60 0.142857
4 156 0.125
4 181 0.125
5 0 0.0294118
5 11 0.0909091
5 13 0.0526316
5 14 0.0666667
5 46 0.0769231
5 49 0.05
5 68 0.5
5 77 0.111111
5 95 0.333333
5 111 0.0833333
5 114 0.25
6 2 0.0625
6 7 0.0833333
6 36 0.5
6 70 0.25
6 209 0.333333
7 6 0.0909091
7 58 0.0666667
7 63 0.2
7 70 0.25
7 124 0.25
7 148 0.5
8 1 0.1
8 19 0.166667
8 37 0.0833333
8 38 0.0666667
8 66 0.125
8 140 0.166667
8 182 0.166667
9 4 0.0909091
9 22 0.0434783
9 29 0.125
9 41 0.142857
9 59 0.166667
9 80 0.166667
9 99 0.142857
9 127 0.2
9 133 0.142857
9 149 0.1
9 196 0.2
9 210 0.2
10 2 0.0625
10 20 0.25
10 23 0.5
10 34 0.25
10 61 0.2
10 84 0.166667
10 120 0.333333
10 172 0.5
11 5 0.0454545
11 26 0.166667
11 47 0.0588235
11 100 0.0833333
11 111 0.0833333
12 0 0.0294118
12 16 0.0714286
12 31 0.1
12 37 0.0833333
12 51 0.0555556
12 55 0.0909091
12 56 0.0833333
13 10 0.0526316
13 5 0.0454545
13 18 0.142857
13 25 0.0909091
13 28 0.166667
13 32 0.0833333
13 79 0.25
13 90 0.0769231
13 115 0.333333
14 5 0.0454545
14 11 0.0909091
14 17 0.0909091
14 27 0.166667
14 119 0.25
14 159 0.5
14 181 0.125
15 1 0.1
15 39 0.1
15 93 0.166667
15 136 0.2
15 157 0.5
16 0 0.0294118
16 10 0.0526316
16 12 0.0666667
16 52 0.125
16 62 0.2
16 108 0.142857
16 122 0.166667
17 14 0.0666667
17 40 0.333333
17 139 0.111111
17 207 0.2
18 13 0.0526316
18 25 0.0909091
18 154 0.5
19 8 0.0714286
19 56 0.0833333
19 198 0.5
20 10 0.0526316
20 171 0.5
21 0 0.0294118
21 30 0.5
21 44 0.0909091
21 49 0.05
21 97 0.142857
21 107 0.166667
22 9 0.0434783
22 29 0.125
22 41 0.142857
22 59 0.166667
22 80 0.166667
22 86 0.2
22 99 0.142857
22 133 0.142857
22 149 0.1
22 164 0.0909091
22 186 0.25
23 10 0.0526316
24 0 0.0294118
24 67 0.333333
24 88 0.2
24 135 0.125
24 146 0.25
25 13 0.0526316
25 18 0.142857
25 47 0.0588235
25 75 0.25
25 141 0.5
26 11 0.0909091
26 92 0.1
26 126 0.5
27 14 0.0666667
27 119 0.25
28 13 0.0526316
28 79 0.25
29 22 0.0434783
29 9 0.0434783
29 73 0.5
30 21 0.0769231
31 12 0.0666667
31 37 0.0833333
31 51 0.0555556
32 18 0.142857
32 13 0.0526316
32 35 0.142857
32 54 0.142857
32 58 0.0666667
32 203 0.5
33 3 0.0714286
33 39 0.1
33 188 0.25
34 10 0.0526316
35 32 0.0833333
35 54 0.142857
35 89 0.111111
36 6 0.0909091
37 12 0.0666667
37 8 0.0714286
37 31 0.1
37 71 0.142857
37 122 0.166667
38 8 0.0714286
38 57 0.1
38 72 0.125
38 74 0.111111
38 129 0.142857
38 136 0.2
38 166 0.166667
39 15 0.0833333
39 33 0.166667
39 76 0.25
39 201 0.25
40 17 0.0909091
41 22 0.0434783
41 29 0.125
41 9 0.0434783
41 89 0.111111
42 40 0.333333
42 17 0.0909091
42 139 0.111111
42 152 0.111111
42 207 0.2
43 0 0.0294118
43 31 0.1
43 48 0.1
43 71 0.142857
43 82 0.142857
43 103 0.2
43 138 0.2
44 21 0.0769231
44 82 0.142857
44 97 0.142857
44 107 0.166667
44 117 0.0666667
45 3 0.0714286
46 5 0.0454545
46 49 0.05
46 69 0.25
46 98 0.5
46 194 0.25
47 11 0.0909091
47 25 0.0909091
47 64 0.0625
47 118 0.111111
47 130 0.166667
47 147 0.111111
47 161 0.2
48 43 0.0666667
48 71 0.142857
48 112 0.1
48 138 0.2
49 46 0.0769231
49 5 0.0454545
49 21 0.0769231
49 50 0.5
49 144 0.166667
49 169 0.333333
49 192 0.333333
50 49 0.05
51 12 0.0666667
51 31 0.1
51 0 0.0294118
51 78 0.0714286
51 101 0.5
51 106 0.1
51 116 0.25
51 117 0.0666667
51 163 0.166667
52 16 0.0714286
52 34 0.25
52 125 0.5
52 168 0.5
53 1 0.1
53 87 0.166667
54 35 0.142857
54 32 0.0833333
54 58 0.0666667
55 12 0.0666667
55 31 0.1
55 81 0.166667
55 82 0.142857
55 128 0.2
55 175 0.2
56 19 0.166667
56 31 0.1
56 12 0.0666667
56 91 0.2
56 106 0.1
56 162 0.25
57 38 0.0666667
57 72 0.125
57 74 0.111111
57 166 0.166667
58 7 0.0833333
58 25 0.0909091
58 54 0.142857
58 32 0.0833333
58 3 0.0714286
58 85 0.25
58 102 0.125
58 104 0.5
59 9 0.0434783
59 22 0.0434783
59 92 0.1
60 4 0.0909091
60 173 0.5
60 181 0.125
61 10 0.0526316
61 84 0.166667
62 16 0.0714286
62 122 0.166667
63 7 0.0833333
63 6 0.0909091
63 160 0.2
64 47 0.0588235
64 106 0.1
64 121 0.2
64 130 0.166667
64 144 0.166667
64 147 0.111111
65 2 0.0625
65 110 0.333333
66 8 0.0714286
66 140 0.166667
66 182 0.166667
67 0 0.0294118
67 24 0.1
68 5 0.0454545
69 46 0.0769231
70 6 0.0909091
70 7 0.0833333
71 48 0.1
71 43 0.0666667
71 31 0.1
71 37 0.0833333
72 38 0.0666667
72 57 0.1
72 74 0.111111
73 29 0.125
74 57 0.1
74 38 0.0666667
74 72 0.125
74 129 0.142857
75 25 0.0909091
75 132 0.5
76 39 0.1
76 201 0.25
77 5 0.0454545
77 111 0.0833333
77 114 0.25
78 0 0.0294118
78 51 0.0555556
78 52 0.125
78 49 0.05
78 112 0.1
78 167 0.5
78 176 0.5
78 205 0.25
79 13 0.0526316
79 28 0.166667
80 22 0.0434783
80 9 0.0434783
80 105 0.5
81 55 0.0909091
82 55 0.0909091
82 43 0.0666667
82 44 0.0909091
83 2 0.0625
84 10 0.0526316
84 61 0.2
85 58 0.0666667
85 158 0.125
86 22 0.0434783
86 185 0.142857
87 53 0.25
87 1 0.1
87 93 0.166667
88 24 0.1
88 0 0.0294118
88 165 0.2
89 41 0.142857
89 35 0.142857
89 29 0.125
89 113 0.25
89 131 0.2
90 10 0.0526316
90 84 0.166667
90 13 0.0526316
90 32 0.0833333
90 96 0.25
90 170 0.2
90 183 0.166667
90 184 0.2
91 56 0.0833333
91 162 0.25
92 26 0.166667
92 59 0.166667
92 189 0.5
92 206 0.2
93 15 0.0833333
93 87 0.166667
93 204 0.5
94 0 0.0294118
95 5 0.0454545
95 77 0.111111
96 90 0.0769231
96 177 0.5
97 44 0.0909091
97 21 0.0769231
97 107 0.166667
98 46 0.0769231
99 22 0.0434783
99 9 0.0434783
99 127 0.2
100 49 0.05
100 11 0.0909091
100 17 0.0909091
100 109 0.125
100 123 0.166667
100 150 0.142857
100 151 0.25
101 51 0.0555556
102 3 0.0714286
102 58 0.0666667
102 158 0.125
102 193 0.142857
103 43 0.0666667
103 48 0.1
104 58 0.0666667
105 80 0.166667
106 51 0.0555556
106 56 0.0833333
106 64 0.0625
106 155 0.333333
107 44 0.0909091
107 97 0.142857
107 21 0.0769231
108 62 0.2
108 34 0.25
108 61 0.2
108 16 0.0714286
108 178 0.5
109 100 0.0833333
109 123 0.166667
109 150 0.142857
109 151 0.25
110 65 0.25
110 60 0.142857
111 77 0.111111
111 5 0.0454545
111 11 0.0909091
111 49 0.05
111 153 0.2
111 174 0.25
112 78 0.0714286
112 43 0.0666667
112 48 0.1
112 16 0.0714286
112 205 0.25
113 89 0.111111
113 143 0.5
114 77 0.111111
114 5 0.0454545
115 13 0.0526316
115 28 0.166667
116 51 0.0555556
116 163 0.166667
117 44 0.0909091
117 51 0.0555556
117 49 0.05
117 97 0.142857
117 137 0.25
117 195 0.166667
117 197 0.166667
118 64 0.0625
118 47 0.0588235
118 147 0.111111
118 161 0.2
119 14 0.0666667
119 27 0.166667
120 10 0.0526316
120 84 0.166667
121 64 0.0625
121 118 0.111111
121 47 0.0588235
122 37 0.0833333
122 16 0.0714286
122 62 0.2
123 100 0.0833333
123 109 0.125
123 150 0.142857
124 7 0.0833333
124 160 0.2
125 52 0.125
126 26 0.166667
127 9 0.0434783
127 99 0.142857
128 55 0.0909091
128 81 0.166667
128 175 0.2
129 74 0.111111
129 38 0.0666667
129 15 0.0833333
129 72 0.125
129 57 0.1
130 64 0.0625
130 118 0.111111
130 47 0.0588235
131 89 0.111111
131 35 0.142857
132 75 0.25
133 9 0.0434783
133 22 0.0434783
133 164 0.0909091
134 57 0.1
134 38 0.0666667
135 0 0.0294118
135 94 0.25
135 24 0.1
136 38 0.0666667
136 15 0.0833333
137 117 0.0666667
137 145 0.142857
138 43 0.0666667
138 103 0.2
138 48 0.1
139 42 0.0909091
139 17 0.0909091
139 142 0.333333
139 152 0.111111
140 8 0.0714286
140 66 0.125
140 182 0.166667
141 25 0.0909091
142 42 0.0909091
142 139 0.111111
143 113 0.25
144 130 0.166667
144 64 0.0625
144 47 0.0588235
144 49 0.05
145 137 0.25
145 117 0.0666667
145 195 0.166667
145 197 0.166667
146 0 0.0294118
146 24 0.1
147 64 0.0625
147 121 0.2
147 47 0.0588235
147 118 0.111111
148 7 0.0833333
149 22 0.0434783
149 133 0.142857
149 9 0.0434783
149 164 0.0909091
149 196 0.2
150 100 0.0833333
150 123 0.166667
150 109 0.125
151 100 0.0833333
151 109 0.125
152 127 0.2
152 139 0.111111
152 17 0.0909091
152 42 0.0909091
153 111 0.0833333
153 174 0.25
154 18 0.142857
155 106 0.1
156 131 0.2
156 152 0.111111
156 4 0.0909091
156 187 0.25
156 191 0.25
157 15 0.0833333
158 2 0.0625
158 85 0.25
158 102 0.125
158 202 0.5
159 14 0.0666667
160 63 0.2
160 124 0.25
160 155 0.333333
161 47 0.0588235
161 147 0.111111
161 118 0.111111
162 91 0.2
162 56 0.0833333
163 51 0.0555556
163 116 0.25
164 99 0.142857
164 149 0.1
164 133 0.142857
164 22 0.0434783
164 210 0.2
165 0 0.0294118
165 94 0.25
165 88 0.2
166 38 0.0666667
166 74 0.111111
166 72 0.125
166 57 0.1
167 78 0.0714286
168 52 0.125
169 49 0.05
170 90 0.0769231
170 183 0.166667
171 20 0.25
172 10 0.0526316
173 60 0.142857
174 111 0.0833333
174 153 0.2
175 55 0.0909091
175 81 0.166667
175 128 0.2
176 78 0.0714286
177 96 0.25
178 108 0.142857
179 103 0.2
179 43 0.0666667
179 48 0.1
180 136 0.2
181 131 0.2
181 60 0.142857
181 14 0.0666667
181 28 0.166667
181 4 0.0909091
182 8 0.0714286
182 66 0.125
182 140 0.166667
183 90 0.0769231
183 170 0.2
183 184 0.2
184 183 0.166667
184 90 0.0769231
184 170 0.2
185 86 0.2
185 206 0.2
186 185 0.142857
186 86 0.2
186 22 0.0434783
187 156 0.125
187 191 0.25
188 33 0.166667
188 193 0.142857
189 92 0.1
190 111 0.0833333
190 153 0.2
191 156 0.125
191 187 0.25
192 49 0.05
193 102 0.125
193 3 0.0714286
193 188 0.25
193 47 0.0588235
194 46 0.0769231
194 199 0.333333
195 117 0.0666667
195 145 0.142857
195 197 0.166667
196 22 0.0434783
196 9 0.0434783
196 149 0.1
197 117 0.0666667
197 195 0.166667
197 145 0.142857
198 19 0.166667
199 46 0.0769231
199 194 0.25
200 91 0.2
200 56 0.0833333
201 39 0.1
201 76 0.25
202 158 0.125
203 32 0.0833333
204 93 0.166667
205 112 0.1
205 78 0.0714286
206 54 0.142857
206 185 0.142857
206 92 0.1
207 17 0.0909091
207 42 0.0909091
207 139 0.111111
208 49 0.05
208 169 0.333333
208 192 0.333333
209 6 0.0909091
209 135 0.125
210 149 0.1
210 9 0.0434783
210 164 0.0909091
