1
0.101216
0.194021
0.094307
0.198297
1
1
0.178682
0.00837
1
1
0.182569
0.080711
0.118863
1
0.008946
0.093572
0.091835
0.055964
0.002675
0.250033
0.147934
1
0.501158
0.141561
0.105394
0.035586
0.202257
0.053126
0.265197
0.073855
0.03028
0.181151
0.017007
0.277771
0.058046
0.500629
0.012235
0.000662
0.002587
0.03142
0.266299
0.003588
0.075807
0.019367
0.047068
0.147508
0.030764
0.023676
1
0.500763
0.113022
0.135036
0.028424
0.17008
0.008308
0.00811
9.6e-05
1
0.305878
0.050166
0.258092
0.023877
0.03749
0.01559
0.048616
0.00141
0.04724
0.501326
0.036953
0.281492
0.015389
0.000133
0.132789
0.000112
0.026407
0.000796
0.17792
1
0.040109
0.305879
0.001805
0.014336
0.097027
0.366674
0.258355
0.245515
0.020633
0.067375
0.038754
1
0.002026
0.035119
0.004844
0.320725
0.333842
0.251018
0.027487
0.073658
0.301946
0.015381
0.05628
0.142047
0.01826
0.49887
0.15309
0.013916
0.03045
0.013418
0.002962
0.016183
0.110013
0.124428
0.009735
0.280114
0.039763
0.032109
0.008705
0.008635
0.283013
0.332541
0.004359
0.02032
0.003228
0.046043
0.067373
0.017686
0.247044
0.001884
0.00011
0.03386
0.041272
0.013181
0.302094
0
0.176768
0.001949
0.002278
0.018937
0.012678
0.001732
0.052377
0.00422
0.004872
0.166943
0.000714
0.273215
0.006485
0.089654
0.235195
0.002851
0.004316
0.004498
0.026532
0.028254
0.009698
0.024927
0.0045
0.071049
0.500295
0.015781
0.007511
0.002343
0.022878
0.148549
0.205236
0.000124
0.500766
0.067713
0.334014
0.265601
0.125479
0.500707
0.025058
0.031846
0.001936
0.500437
0.125814
0.006637
0
0
0.150027
0.001722
0.225599
0.231745
0.069282
0.250686
0.007458
0.012111
0.017544
0
0.007475
0.333149
0.033277
0.036981
0.001717
0.236431
0.001698
0.001292
0.012439
0
0.0008
0.03547
0.090631
0.002463
0.270289
0.02045
0.018633
0
0.333772
0.221632
