48 35
48 54
35 37
35 41
35 48
0 3
0 5
0 6
0 11
0 13
0 14
49 42
49 39
19 8
50 43
20 14
21 17
21 11
21 16
21 2
1 9
1 24
36 39
36 40
36 42
36 43
36 51
2 17
2 21
2 25
2 26
2 28
51 36
53 43
53 39
37 35
37 38
37 41
37 47
22 7
22 2
38 37
38 44
38 46
38 47
23 5
39 36
39 49
39 53
39 55
3 0
3 10
3 11
3 15
54 48
55 39
24 1
57 47
25 2
40 36
40 42
58 41
58 45
26 2
26 25
41 37
41 35
41 45
4 27
42 40
42 36
42 49
5 0
5 12
5 23
5 27
43 36
43 47
43 50
43 53
27 5
27 4
27 12
6 0
59 61
7 2
7 16
7 22
8 3
8 19
9 1
28 26
28 2
28 25
44 38
10 3
10 11
29 11
61 59
11 0
11 3
11 10
11 16
11 18
11 21
11 29
45 41
45 46
45 58
12 5
13 0
13 14
47 38
47 37
47 43
47 57
14 0
14 13
14 20
46 41
46 38
46 45
32 33
15 3
33 32
33 34
34 33
16 11
16 7
17 2
17 7
17 21
18 11
