50
75
0 1 0.0769231
1 0 0.142857
21 0 0.142857
21 22 0.5
22 21 0.111111
23 13 0.2
23 24 0.166667
23 25 0.166667
23 26 0.5
23 27 0.333333
23 29 0.142857
23 31 0.333333
23 34 0.1
23 39 0.166667
2 1 0.0769231
37 33 0.166667
37 32 0.0666667
24 23 0.0243902
24 32 0.0666667
3 4 0.0909091
3 5 0.166667
12 10 0.142857
25 23 0.0243902
38 42 0.125
13 6 0.0833333
13 14 0.25
4 3 0.1
4 11 0.5
39 23 0.0243902
5 3 0.1
5 8 0.0625
6 4 0.0909091
6 13 0.2
6 14 0.25
40 34 0.1
40 36 0.25
14 13 0.2
14 6 0.0833333
26 23 0.0243902
27 23 0.0243902
41 23 0.0243902
15 8 0.0625
15 16 0.166667
42 38 0.166667
42 32 0.0666667
42 28 0.2
42 43 0.5
43 42 0.125
29 23 0.0243902
29 30 0.5
30 29 0.142857
31 23 0.0243902
31 27 0.333333
32 24 0.166667
32 33 0.166667
32 35 0.25
32 37 0.166667
33 32 0.0666667
33 35 0.25
33 37 0.166667
34 23 0.0243902
34 36 0.25
34 40 0.25
35 33 0.166667
35 32 0.0666667
44 3 0.1
8 5 0.166667
8 15 0.166667
8 16 0.166667
16 8 0.0625
16 15 0.166667
36 34 0.1
36 40 0.25
10 6 0.0833333
11 4 0.0909091
