0 1
0 2
0 6
0 9
0 16
0 17
0 19
0 25
1 0
1 3
1 13
1 14
1 17
1 18
1 22
1 27
2 1
2 0
2 8
3 1
3 18
3 27
4 33
5 15
5 20
6 0
6 31
7 21
7 23
7 32
8 2
8 5
8 10
8 15
8 28
8 121
9 0
9 16
9 25
10 8
11 12
11 30
12 11
13 1
13 3
13 22
14 1
14 13
14 3
14 19
15 8
15 5
15 29
16 0
16 9
17 1
17 9
17 0
18 1
18 13
18 3
18 19
18 26
19 1
19 18
19 0
19 9
19 14
19 24
19 26
19 34
19 119
20 5
21 7
22 14
22 13
22 1
22 26
23 7
24 19
24 34
25 0
25 9
25 16
26 18
26 19
26 22
27 1
27 3
27 14
28 8
28 10
28 121
29 15
30 11
31 6
32 7
33 4
34 24
34 19
35 36
36 35
37 39
37 41
37 43
38 40
39 37
40 38
40 42
41 37
42 40
43 37
44 45
44 47
44 48
44 51
44 67
45 44
45 48
45 51
45 64
45 70
46 60
47 44
47 45
47 54
47 55
47 59
47 64
47 91
48 44
48 45
48 49
48 53
48 105
49 48
49 75
49 85
49 86
49 87
49 117
50 57
50 73
50 74
50 102
51 44
51 45
51 108
52 49
52 86
52 114
53 48
53 105
53 118
54 51
54 47
54 58
54 65
54 79
54 83
54 90
54 100
55 47
55 46
55 56
55 58
55 95
55 98
56 55
56 69
56 72
56 99
57 50
57 60
57 97
57 104
57 109
57 112
58 55
58 54
58 60
58 63
58 78
58 101
58 103
58 110
59 47
59 56
59 71
59 81
59 96
60 46
60 58
60 57
60 61
60 62
60 89
61 60
61 62
61 89
62 61
62 60
63 58
63 78
64 47
64 45
64 68
64 96
64 116
65 54
65 71
65 79
65 82
67 44
67 55
67 45
67 93
67 119
68 53
68 64
68 48
68 76
68 77
68 84
69 56
70 45
70 44
71 59
71 65
71 54
71 106
71 113
71 115
72 56
73 50
73 74
73 102
74 50
74 73
75 49
75 52
75 85
75 87
75 117
76 68
77 76
77 68
77 84
78 63
78 58
78 101
78 107
79 54
79 65
79 82
79 83
79 90
79 100
79 107
80 56
80 72
81 59
82 79
82 54
82 65
82 83
83 79
83 82
83 54
84 68
84 76
84 77
85 75
85 49
85 117
86 75
86 49
86 52
86 87
86 117
87 68
87 49
87 75
87 86
87 88
87 94
88 87
89 61
89 60
89 121
90 79
90 83
90 64
90 54
90 92
91 47
92 45
92 90
92 44
92 53
92 125
93 67
94 87
94 88
95 55
96 59
96 64
97 57
98 55
99 56
99 98
99 109
100 82
100 54
100 79
100 65
101 58
101 78
102 50
102 73
103 58
103 78
104 97
104 57
104 99
105 53
105 48
105 118
106 71
107 78
107 79
107 67
107 58
108 51
109 99
109 57
109 60
109 111
110 56
110 101
110 58
110 60
111 109
112 57
113 71
114 86
114 52
115 71
115 113
116 64
117 49
117 75
117 86
117 85
118 48
118 105
118 53
119 67
119 19
119 58
119 2
119 120
120 119
121 28
121 8
121 46
121 60
121 89
122 123
123 122
125 117
125 92
125 45
125 126
126 125
126 127
127 126
