128
377
0 1 0.04
0 2 0.1
0 6 0.166667
0 9 0.125
0 16 0.2
0 17 0.2
0 19 0.0625
0 25 0.2
1 0 0.05
1 3 0.111111
1 13 0.142857
1 14 0.125
1 17 0.2
1 18 0.111111
1 22 0.142857
1 27 0.142857
2 1 0.04
2 0 0.05
2 8 0.0769231
3 1 0.04
3 18 0.111111
3 27 0.142857
4 33 0.5
5 15 0.166667
5 20 0.5
6 0 0.05
6 31 0.5
7 21 0.5
7 23 0.5
7 32 0.5
8 2 0.1
8 5 0.0909091
8 10 0.25
8 15 0.166667
8 28 0.2
8 121 0.0833333
9 0 0.05
9 16 0.2
9 25 0.2
10 8 0.0769231
11 12 0.333333
11 30 0.5
12 11 0.0833333
13 1 0.04
13 3 0.111111
13 22 0.142857
14 1 0.04
14 13 0.142857
14 3 0.111111
14 19 0.0625
15 8 0.0769231
15 5 0.0909091
15 29 0.5
16 0 0.05
16 9 0.125
17 1 0.04
17 9 0.125
17 0 0.05
18 1 0.04
18 13 0.142857
18 3 0.111111
18 19 0.0625
18 26 0.166667
19 1 0.04
19 18 0.111111
19 0 0.05
19 9 0.125
19 14 0.125
19 24 0.25
19 26 0.166667
19 34 0.25
19 119 0.0833333
20 5 0.0909091
21 7 0.0769231
22 14 0.125
22 13 0.142857
22 1 0.04
22 26 0.166667
23 7 0.0769231
24 19 0.0625
24 34 0.25
25 0 0.05
25 9 0.125
25 16 0.2
26 18 0.111111
26 19 0.0625
26 22 0.142857
27 1 0.04
27 3 0.111111
27 14 0.125
28 8 0.0769231
28 10 0.25
28 121 0.0833333
29 15 0.166667
30 11 0.0833333
31 6 0.166667
32 7 0.0769231
33 4 0.2
34 24 0.25
34 19 0.0625
35 36 0.25
36 35 0.166667
37 39 0.333333
37 41 0.5
37 43 0.5
38 40 0.166667
39 37 0.1
40 38 0.25
40 42 0.5
41 37 0.1
42 40 0.166667
43 37 0.1
44 45 0.0666667
44 47 0.0666667
44 48 0.0588235
44 51 0.142857
44 67 0.111111
45 44 0.0526316
45 48 0.0588235
45 51 0.142857
45 64 0.0909091
45 70 0.333333
46 60 0.0666667
47 44 0.0526316
47 45 0.0666667
47 54 0.0555556
47 55 0.0833333
47 59 0.0909091
47 64 0.0909091
47 91 0.5
48 44 0.0526316
48 45 0.0666667
48 49 0.0769231
48 53 0.125
48 105 0.166667
49 48 0.0588235
49 75 0.1
49 85 0.166667
49 86 0.1
49 87 0.0666667
49 117 0.111111
50 57 0.0714286
50 73 0.125
50 74 0.25
50 102 0.25
51 44 0.0526316
51 45 0.0666667
51 108 0.5
52 49 0.0769231
52 86 0.1
52 114 0.333333
53 48 0.0588235
53 105 0.166667
53 118 0.2
54 51 0.142857
54 47 0.0666667
54 58 0.0526316
54 65 0.111111
54 79 0.0714286
54 83 0.142857
54 90 0.125
54 100 0.166667
55 47 0.0666667
55 46 0.166667
55 56 0.0909091
55 58 0.0526316
55 95 0.5
55 98 0.333333
56 55 0.0833333
56 69 0.5
56 72 0.333333
56 99 0.166667
57 50 0.0833333
57 60 0.0666667
57 97 0.333333
57 104 0.25
57 109 0.125
57 112 0.5
58 55 0.0833333
58 54 0.0555556
58 60 0.0666667
58 63 0.25
58 78 0.111111
58 101 0.2
58 103 0.333333
58 110 0.2
59 47 0.0666667
59 56 0.0909091
59 71 0.0769231
59 81 0.5
59 96 0.25
60 46 0.166667
60 58 0.0526316
60 57 0.0714286
60 61 0.166667
60 62 0.25
60 89 0.166667
61 60 0.0666667
61 62 0.25
61 89 0.166667
62 61 0.166667
62 60 0.0666667
63 58 0.0526316
63 78 0.111111
64 47 0.0666667
64 45 0.0666667
64 68 0.0909091
64 96 0.25
64 116 0.5
65 54 0.0555556
65 71 0.0769231
65 79 0.0714286
65 82 0.125
67 44 0.0526316
67 55 0.0833333
67 45 0.0666667
67 93 0.5
67 119 0.0833333
68 53 0.125
68 64 0.0909091
68 48 0.0588235
68 76 0.25
68 77 0.2
68 84 0.2
69 56 0.0909091
70 45 0.0666667
70 44 0.0526316
71 59 0.0909091
71 65 0.111111
71 54 0.0555556
71 106 0.5
71 113 0.333333
71 115 0.333333
72 56 0.0909091
73 50 0.0833333
73 74 0.25
73 102 0.25
74 50 0.0833333
74 73 0.125
75 49 0.0769231
75 52 0.166667
75 85 0.166667
75 87 0.0666667
75 117 0.111111
76 68 0.0909091
77 76 0.25
77 68 0.0909091
77 84 0.2
78 63 0.25
78 58 0.0526316
78 101 0.2
78 107 0.166667
79 54 0.0555556
79 65 0.111111
79 82 0.125
79 83 0.142857
79 90 0.125
79 100 0.166667
79 107 0.166667
80 56 0.0909091
80 72 0.333333
81 59 0.0909091
82 79 0.0714286
82 54 0.0555556
82 65 0.111111
82 83 0.142857
83 79 0.0714286
83 82 0.125
83 54 0.0555556
84 68 0.0909091
84 76 0.25
84 77 0.2
85 75 0.1
85 49 0.0769231
85 117 0.111111
86 75 0.1
86 49 0.0769231
86 52 0.166667
86 87 0.0666667
86 117 0.111111
87 68 0.0909091
87 49 0.0769231
87 75 0.1
87 86 0.1
87 88 0.166667
87 94 0.25
88 87 0.0666667
89 61 0.166667
89 60 0.0666667
89 121 0.0833333
90 79 0.0714286
90 83 0.142857
90 64 0.0909091
90 54 0.0555556
90 92 0.142857
91 47 0.0666667
92 45 0.0666667
92 90 0.125
92 44 0.0526316
92 53 0.125
92 125 0.0833333
93 67 0.111111
94 87 0.0666667
94 88 0.166667
95 55 0.0833333
96 59 0.0909091
96 64 0.0909091
97 57 0.0714286
98 55 0.0833333
99 56 0.0909091
99 98 0.333333
99 109 0.125
100 82 0.125
100 54 0.0555556
100 79 0.0714286
100 65 0.111111
101 58 0.0526316
101 78 0.111111
102 50 0.0833333
102 73 0.125
103 58 0.0526316
103 78 0.111111
104 97 0.333333
104 57 0.0714286
104 99 0.166667
105 53 0.125
105 48 0.0588235
105 118 0.2
106 71 0.0769231
107 78 0.111111
107 79 0.0714286
107 67 0.111111
107 58 0.0526316
108 51 0.142857
109 99 0.166667
109 57 0.0714286
109 60 0.0666667
109 111 0.5
110 56 0.0909091
110 101 0.2
110 58 0.0526316
110 60 0.0666667
111 109 0.125
112 57 0.0714286
113 71 0.0769231
114 86 0.1
114 52 0.166667
115 71 0.0769231
115 113 0.333333
116 64 0.0909091
117 49 0.0769231
117 75 0.1
117 86 0.1
117 85 0.166667
118 48 0.0588235
118 105 0.166667
118 53 0.125
119 67 0.111111
119 19 0.0625
119 58 0.0526316
119 2 0.1
119 120 0.5
120 119 0.0833333
121 28 0.2
121 8 0.0769231
121 46 0.166667
121 60 0.0666667
121 89 0.166667
122 123 0.2
123 122 0.166667
125 117 0.111111
125 92 0.142857
125 45 0.0666667
125 126 0.2
126 125 0.0833333
126 127 0.25
127 126 0.2
