0.063259
0.058712
0.014942
0.041493
0
0.000127
0.010629
1
0.001332
0.136364
0.000503
0
0
0.049847
0.136259
0.000227
0.044787
0.023952
0.135804
1
6.3e-05
0.500834
0.039989
0.500976
0.298005
0.038833
0.185403
0.013888
0.000752
0.000109
0
0.005285
0.499925
0
0.298218
0
0
1
0
0.334859
0
0.500057
0
0.501533
0.007981
0.015385
0.040083
0.026484
0.069529
0.005375
0.083643
0.01961
0.000225
0.133879
0.116571
0.090676
0.039839
1
1
0.094264
0.149022
0.033337
0.042732
0.281531
0.096916
0.126066
0
0.013987
1
0.019934
0.005082
1
0.013379
0.014896
0.023453
0.000822
0.333257
0.232847
0.190491
0.023946
0
0.047196
0.023388
0.024051
0.23296
0.001073
0.0006
0.000439
9.5e-05
0.029218
0.017201
0.013291
0.002443
0.007036
0.00011
0.045249
0.046519
0.389788
0.05156
0.0674
0.022732
0.258131
0.023442
0.334362
0.250963
0.036285
0.500797
0.035351
0.009897
0.131215
0.200155
0.065454
0.500695
0.407499
6.3e-05
0.334265
0.04849
0.000829
0.032432
0.083564
0.041784
0.002632
0
0
0
0.000196
4.1e-05
1.2e-05
