2 3
3 2
3 128
4 8
4 26
4 27
4 47
6 7
6 17
6 25
6 36
7 6
7 9
7 11
7 13
7 22
7 28
7 52
8 4
8 23
8 27
8 35
9 7
10 43
11 7
11 15
11 19
11 31
11 54
13 7
13 14
13 16
13 34
14 13
14 27
15 11
15 18
15 37
16 13
16 34
17 12
17 6
17 10
18 15
18 37
19 11
20 15
20 30
20 39
20 41
20 53
21 6
21 29
21 42
22 7
22 55
23 8
23 24
24 23
25 6
26 4
27 8
27 4
27 14
27 32
27 44
28 5
28 7
29 10
29 21
30 20
30 39
30 41
30 53
31 11
31 19
32 27
33 22
33 9
33 7
33 55
34 13
34 16
34 26
35 8
36 6
36 42
36 46
36 50
37 15
37 18
37 51
38 14
38 8
39 30
39 20
40 51
41 30
41 20
42 36
42 21
42 48
42 49
42 56
43 10
43 49
44 27
44 45
45 44
46 36
47 4
48 42
49 43
49 42
50 36
50 57
51 39
51 15
51 40
51 37
52 7
52 22
53 30
53 41
53 20
54 11
55 7
55 33
55 9
55 22
56 42
57 50
57 58
57 60
58 57
58 128
60 57
61 62
61 63
61 66
61 128
62 61
63 61
63 64
63 65
64 63
64 65
65 63
65 64
65 66
65 67
65 68
66 61
66 65
67 65
67 61
68 65
69 70
70 69
71 72
71 73
71 74
71 77
71 80
71 81
71 83
71 92
71 99
71 113
71 120
71 123
71 127
72 71
72 74
72 82
72 84
72 88
72 95
72 102
73 71
73 109
74 71
74 72
74 85
74 96
74 120
75 100
75 108
75 118
76 78
76 88
76 89
76 93
76 97
76 110
77 71
77 105
77 119
78 76
78 88
78 89
78 110
80 71
81 71
81 98
82 72
82 86
82 88
82 91
83 73
83 71
83 80
83 120
83 123
84 72
84 81
85 74
86 82
87 117
88 76
88 72
88 82
88 78
88 94
88 95
88 103
88 106
88 107
89 78
89 76
89 126
91 82
91 86
92 83
92 87
92 71
92 114
92 116
93 76
93 78
93 89
93 110
93 125
93 126
94 88
94 95
95 88
95 72
95 94
95 115
96 74
97 76
97 78
98 77
98 81
99 71
99 83
99 123
100 75
101 98
101 119
102 72
103 88
103 106
104 72
104 102
105 77
105 124
106 94
106 88
106 103
106 107
107 94
107 88
107 103
107 106
108 75
108 87
109 73
109 87
109 122
109 127
110 76
110 78
110 93
110 126
111 91
111 82
112 97
113 71
113 83
114 92
114 116
115 95
116 92
116 114
117 87
118 75
118 100
119 101
119 77
119 121
120 71
120 74
120 83
121 119
122 109
123 71
123 83
123 99
124 105
125 89
125 93
125 76
126 125
126 76
126 110
126 93
126 89
127 71
127 109
128 3
128 61
128 58
128 13
129 130
129 131
130 129
131 129
