0
0
0.000129
0.000763
0.090569
0.0503
0.080244
1
0.082937
0.25825
0.012868
0.066548
0.002361
0.091793
0.213409
0.006782
0.026717
0.011475
0.001899
0.027047
3e-06
0.200529
0.213464
0.013787
0.003451
0.040074
0.028209
1
0.250374
0.066966
2e-06
0.021793
0.250343
0.007069
0.022319
0.041659
0.09681
0.001408
0
2.1e-05
3.9e-05
1e-06
1
0.064459
0.251188
0.125577
0.048635
0.022767
0.50098
0.251343
0.024197
0.000178
0.333661
1e-06
0.016744
0.035684
0.250565
0.001915
0.000607
0
0.000958
0.046626
0.011499
0.127051
0.270014
1
0.257044
0.333502
0.500755
0
0
1
0.108803
0.230663
0.09202
1
0.070798
0.115069
0.109391
0
0.372563
0.147182
0.109787
0.173559
0.036033
0.04607
0.042799
0.035601
1
0.023753
0
0.027625
0.112011
0.009976
0.229486
0.160347
0.030745
0.011566
0.030326
0.230371
0.40842
0.003835
0.036597
0.24748
0
0.016514
0.184167
0.144451
0.200553
0.043629
0.023292
0
0
0.334653
0.033198
0.080132
0.033177
0.017699
0.333383
0.019139
0.199784
0.009653
0.021743
0.215729
0.008259
0.003352
0.006858
0.170539
0.003974
0
0
0
0
0
