0 1
1 0
3 5
3 11
3 15
3 16
3 17
3 30
3 35
3 38
3 44
4 5
4 27
5 4
5 3
6 11
6 12
7 8
7 9
7 10
7 19
7 46
8 7
8 28
8 37
9 7
9 36
10 7
10 14
10 25
10 32
11 6
11 3
11 18
11 26
11 40
11 135
12 6
12 13
13 12
13 20
14 10
14 25
14 42
15 3
15 16
15 30
15 35
15 38
16 3
16 13
16 15
17 3
17 15
17 21
18 11
19 7
20 13
20 12
20 34
20 41
20 45
21 17
22 11
22 13
22 6
23 9
23 8
23 33
24 8
24 37
24 39
24 43
25 10
25 14
25 32
26 11
26 27
27 26
27 4
27 135
28 8
28 37
29 20
29 34
29 41
30 3
30 15
31 28
31 24
31 8
31 43
32 10
32 25
33 23
34 29
34 20
34 41
34 45
35 3
35 15
35 30
36 9
37 8
37 24
37 28
38 3
38 30
38 15
39 31
39 24
39 8
40 11
40 18
40 44
41 34
41 29
41 20
41 46
42 14
42 32
42 7
42 25
43 31
43 24
43 47
44 11
44 18
44 40
44 3
45 34
45 20
45 29
46 7
46 41
47 43
50 51
51 50
52 53
52 57
53 52
53 54
54 53
56 58
57 52
58 56
58 39
59 73
59 83
59 121
60 65
60 95
60 123
61 62
61 63
61 74
61 85
61 86
61 112
62 61
62 66
62 68
62 81
63 61
63 86
64 91
64 111
65 60
65 69
65 89
65 104
66 62
67 68
67 70
67 72
67 76
67 79
67 88
68 62
68 67
68 71
68 77
68 114
68 120
69 65
69 89
69 104
70 67
70 103
70 108
71 68
71 87
71 100
71 109
71 122
72 67
72 68
72 84
72 103
72 113
73 59
73 78
73 94
73 96
73 99
74 73
74 63
74 61
74 75
74 124
75 74
75 124
76 71
76 67
76 82
76 93
76 106
76 108
76 115
77 68
77 110
78 73
78 94
78 112
79 67
80 71
80 76
80 84
80 96
81 62
81 98
81 116
82 76
83 59
83 121
84 80
84 72
84 90
84 97
84 117
84 127
85 61
85 92
86 61
86 63
87 71
87 100
87 109
87 122
88 67
89 65
89 69
89 123
90 84
90 117
91 64
92 85
93 76
93 106
94 78
94 73
94 99
95 60
96 80
96 73
97 84
97 80
97 90
97 102
97 103
97 108
98 81
98 116
99 73
99 94
100 71
100 87
100 59
100 101
100 118
100 126
101 100
102 97
103 72
103 97
103 70
103 105
104 65
104 69
104 107
105 103
106 76
106 93
106 108
107 104
107 119
108 76
108 106
108 70
108 97
109 96
109 71
109 87
109 74
109 113
109 125
110 68
110 77
110 114
111 64
112 61
112 78
112 94
113 72
113 68
113 109
114 68
114 110
114 77
115 76
115 106
115 126
116 98
116 81
117 90
117 84
117 127
118 100
118 101
118 126
119 107
120 110
120 77
120 68
121 59
121 83
122 71
122 87
123 89
123 60
124 75
124 74
124 62
125 109
126 80
126 115
126 101
126 100
126 118
127 90
127 84
127 117
128 74
128 87
128 59
129 130
129 133
130 129
130 131
130 132
130 134
131 130
131 132
132 130
132 131
132 133
133 132
133 129
134 130
135 27
135 5
135 11
135 4
135 136
136 135
