0
0
0
1
0.164044
0.376943
0.014768
1
0.100779
0.20043
0.125546
0.137147
0.011569
0.038438
0.023248
0.168776
0.224574
0.167142
0.084955
0.500975
0.007062
0.083579
0
0
0.001816
0.01888
0.078945
0.191721
0.022844
0.005154
0.245563
7.7e-05
0.028597
0
0.004661
0.22449
0.100609
0.019295
0.225074
0.000377
0.059387
0.025939
0.004687
0.000324
0.170423
0.002235
0.200941
0.000164
0
0
0
0
0
0
0
0
0
0
0
0.00479
0
1
0.074053
0.25273
0
0
0.037148
1
0.081355
0
0.189032
0.162702
0.121784
0.039444
0.161297
0.046569
1
0.019409
0.043981
0.500287
0.020354
0.012213
0.500516
0.001386
0.013741
0.251112
0.198734
0.119611
0.50026
0
0.00613
0
0.126168
0.285709
0.039467
0
0.204239
0.019519
0.003678
0.018619
0.028372
0.015591
0.004942
0.039915
0
0.020154
0.21432
0
0.166113
1
0.008867
0
0.201728
0.216744
0.017347
0.201302
0.003621
0.003583
0.01098
0
0.020388
0.001378
0.067418
0
0.038563
0.500952
0.02882
0.003284
0
0
0
0
0
0
0
1
0.500055
