0 1
0 3
1 0
1 2
2 1
2 4
3 0
4 2
5 7
7 5
8 15
8 23
8 37
8 42
8 45
8 70
8 85
8 104
9 16
9 22
9 24
9 28
9 32
9 52
9 56
9 75
10 11
10 18
10 19
10 37
10 38
10 44
10 53
10 67
10 91
10 109
10 135
11 10
11 12
11 38
11 44
11 53
11 131
12 10
12 11
12 13
12 44
12 91
13 10
13 12
13 21
13 51
13 57
13 66
14 20
14 55
14 65
14 88
14 217
15 8
15 16
15 17
15 32
15 50
15 98
15 108
16 15
16 9
16 36
16 54
16 103
17 15
17 25
17 64
17 72
17 107
18 10
18 11
19 10
19 31
19 35
19 46
20 14
20 26
20 34
20 40
20 82
20 87
20 95
20 225
21 13
22 9
22 56
22 59
23 8
23 9
23 30
23 32
23 39
23 43
23 48
24 9
24 33
24 51
25 17
25 69
26 20
26 27
26 58
27 26
27 34
27 83
28 9
28 56
29 20
29 40
29 82
29 90
29 95
30 23
30 43
30 48
30 71
30 75
30 81
30 94
31 19
31 69
31 135
32 24
32 9
32 23
32 15
32 63
32 106
33 24
34 27
34 29
34 20
34 49
34 80
35 13
35 19
35 21
35 60
35 100
35 102
36 16
36 39
37 10
37 12
37 8
37 131
38 18
38 10
38 11
38 47
38 57
38 93
38 99
39 23
39 36
39 16
40 20
40 29
40 73
41 16
41 36
41 103
42 8
42 78
42 96
43 30
43 23
43 48
43 71
43 81
44 12
44 11
44 10
44 89
45 8
46 19
47 38
47 93
48 43
48 30
48 23
49 34
50 15
50 108
51 13
51 33
51 24
51 15
51 61
51 76
51 112
52 9
52 40
52 86
52 110
53 12
53 10
53 11
54 36
54 16
55 14
56 9
56 22
56 28
57 13
57 38
57 10
57 79
58 26
59 24
59 22
59 9
59 33
59 62
59 65
59 68
59 101
60 35
60 100
60 102
61 51
62 59
62 101
63 32
63 106
64 17
65 59
65 14
65 52
65 217
66 13
67 12
67 11
67 10
67 109
68 59
69 44
69 19
69 25
69 31
70 8
70 104
71 30
71 43
72 17
72 64
72 107
72 111
73 40
74 51
74 61
75 30
75 9
75 23
75 28
75 84
76 51
77 67
77 10
77 11
77 12
77 91
78 42
78 92
78 96
79 57
80 34
81 23
81 71
81 43
81 30
81 48
81 94
81 97
82 20
82 29
83 27
84 75
85 8
86 52
87 20
87 95
88 14
89 44
90 29
90 20
90 82
90 95
91 12
91 77
91 10
91 109
91 135
91 209
92 78
92 42
93 38
93 47
93 99
94 71
94 30
94 81
94 23
95 20
95 29
95 87
95 90
96 42
96 78
97 30
97 81
97 43
97 23
98 15
98 50
99 47
99 93
99 38
100 35
100 60
101 59
101 62
102 100
102 60
102 35
103 54
103 16
103 41
103 105
104 70
104 8
105 103
105 41
105 36
106 32
106 63
107 17
107 72
107 111
108 15
108 50
109 77
109 67
109 10
109 12
109 91
110 86
110 52
110 83
110 27
111 72
111 17
111 107
112 51
113 27
113 83
114 121
114 217
114 225
116 117
117 116
117 118
117 119
118 117
118 120
119 117
120 118
121 114
122 123
122 124
122 129
122 217
123 122
123 124
123 126
123 128
123 130
124 123
124 122
124 127
126 123
126 127
127 126
127 124
128 123
129 122
130 123
131 37
131 11
131 132
132 131
132 133
133 132
135 10
135 31
135 11
135 91
135 137
135 138
135 140
135 143
135 155
135 192
136 141
136 196
137 135
137 139
137 140
137 142
137 146
137 147
137 162
137 180
137 198
138 135
138 143
138 188
138 193
139 137
139 147
139 162
139 163
140 137
140 135
140 145
140 154
141 136
141 144
141 146
141 166
141 177
142 137
142 157
142 161
142 175
142 178
142 179
142 202
143 138
143 135
143 145
143 195
143 201
144 141
144 167
144 168
144 186
144 190
145 140
145 143
145 147
146 137
146 141
146 148
146 151
146 153
146 157
146 158
146 185
146 189
147 139
147 137
147 145
147 169
147 187
147 191
148 146
148 147
148 144
148 160
149 164
149 170
150 156
150 208
151 146
151 152
151 158
151 189
152 147
152 146
152 144
152 151
152 163
152 172
152 199
152 205
153 146
153 136
153 176
153 204
154 140
154 207
155 135
155 171
155 184
155 200
156 150
156 186
157 142
157 146
157 173
157 177
157 197
158 146
158 151
159 150
160 148
161 142
161 175
161 179
161 202
162 137
162 153
162 139
162 154
162 165
162 174
163 152
163 137
163 139
164 149
164 156
164 183
165 162
166 141
166 170
166 186
166 196
167 144
167 168
168 167
168 144
168 190
169 147
170 166
170 149
170 206
171 155
172 152
172 205
173 157
174 162
175 142
175 161
176 153
177 157
177 141
177 170
178 147
178 142
178 181
178 182
179 142
179 161
180 137
181 178
182 178
183 164
184 171
184 155
184 200
185 146
185 151
186 144
186 156
186 164
186 166
187 147
188 138
189 146
189 151
190 144
190 167
190 168
191 147
191 187
192 135
193 138
193 188
194 135
195 143
195 201
195 203
196 136
196 159
196 166
197 173
197 157
198 137
199 152
200 155
200 184
201 143
201 195
202 161
202 142
202 179
203 195
203 143
204 153
204 176
205 172
205 152
206 170
207 154
208 150
209 67
209 38
209 11
209 91
209 145
211 212
212 211
214 213
217 122
217 114
217 14
217 65
217 28
217 218
217 219
217 221
218 217
219 217
219 220
220 219
220 222
221 217
222 219
222 220
222 223
222 224
223 222
223 224
224 222
224 223
225 82
225 114
225 20
225 83
226 227
227 226
