0
0
0
0
0
0
0
0
1
0.07655
1
0.155985
0.091042
0.069677
0.163251
0.114939
0.016932
0.010844
0.267239
0.130865
1
0.027302
0.181799
0.054294
0.197512
0.010076
0.169052
0.030221
0.182194
0.060964
0.005202
0.182333
0.018614
0.462779
0.114506
0.013388
0.004081
0.266834
0.083685
0.011345
0.153464
0.000571
0.126583
0.006112
0.138526
0.500254
0.065355
0.016086
0.008975
0.057001
0.033646
1
0.040467
0.223356
0.004718
0.08162
0.068814
0.021377
0.084528
1
0.003046
0.334052
0.297763
0.005647
0.004008
0.250333
0.034893
0.147868
0.500202
0.0308
0.298646
0.002075
0.001806
0.076787
0
0.010182
0.499722
0.043361
0.025374
0.010826
0.057393
0.001112
0.190111
0.019089
0.005086
0.334264
0.015162
0.275496
0.081787
0.069531
0.035117
0.15375
0.008407
0.018015
0.001022
0.15865
0.036009
0.000249
0.038237
0.019355
0.003576
0.298066
0.003118
0.002411
0.298654
0.000678
0.005492
0.002083
0.034533
0.156164
0.00808
0.000711
0.499815
0
0.090834
0
0
0
0
0
0
0.045356
0.159358
1
0.195601
0
0.258743
0.106374
0.499994
0.079663
0.500038
0.046882
0.007692
0.001914
0
1
0.021954
0.163802
0.134344
0.126711
0.1341
0.094777
1
0.087081
0.089217
0.024611
1
0.087451
0.168076
0.001571
0.00081
0.282614
1
0.191232
0.220008
0.126689
0.003496
0.193051
0.299762
0.003631
0.083828
0.198869
1
0.218035
0.002671
0.500518
0.014806
0.023525
0.020143
0.043663
0.009877
0.049189
0.299157
0.078933
0.499455
0.283248
0.077838
0.05597
0.142597
0.261939
0.082064
0.071421
0.071392
0.001327
0.03056
0.334127
0.014674
0.035741
0.054872
0.300292
0.020715
0.029381
0.500527
0.045128
0
0.01775
0.007269
0.064386
0.082217
0.500758
0.036581
0.024463
0.228447
0.005864
0.063934
0.298178
0.004937
0.110298
0.000422
0.01916
0
0
0
0
0
0
0
1
0.166112
0.200592
0.050272
0.500298
0.007153
0.002114
0.002164
0.097816
0
0
0
