0 1
0 2
1 0
2 0
4 5
5 4
6 7
6 8
6 9
6 10
6 11
6 15
6 19
6 20
6 22
6 27
6 28
6 33
7 6
7 9
7 22
7 29
7 56
7 75
7 112
8 6
8 76
8 83
9 7
9 6
9 14
9 80
10 6
10 25
10 65
10 67
11 6
11 13
11 61
12 31
12 32
13 11
13 34
13 44
13 91
14 9
14 16
14 22
14 58
14 71
15 6
15 24
15 68
15 92
16 14
16 79
16 95
18 21
19 6
20 6
20 37
20 60
20 74
20 88
21 18
22 7
22 14
22 6
22 40
22 42
22 52
22 55
22 62
23 34
23 39
23 47
23 48
23 66
23 70
23 73
23 85
23 94
24 15
25 10
25 67
26 36
26 49
27 6
27 28
27 33
28 6
28 27
28 33
29 7
30 12
31 12
31 16
31 51
32 12
32 37
32 86
33 6
33 28
33 27
33 61
34 23
34 13
34 78
34 90
35 48
35 63
36 26
36 38
36 57
37 20
37 32
37 54
38 36
39 23
39 48
39 73
39 85
40 22
40 52
40 62
41 23
42 22
42 43
42 45
43 42
44 13
45 42
47 23
48 39
48 35
48 23
48 47
48 63
49 26
50 72
51 31
52 22
52 40
53 21
54 37
55 22
55 89
56 55
56 7
57 36
57 64
58 14
58 83
59 8
59 81
60 20
61 6
61 11
61 33
62 22
62 40
62 52
63 48
63 35
63 87
64 57
64 21
64 84
65 10
65 46
65 86
66 23
66 13
66 44
66 69
67 25
67 10
68 15
69 66
70 39
70 23
71 14
72 50
72 41
73 39
73 23
73 47
74 20
74 88
75 7
76 8
76 81
77 92
78 34
79 16
79 95
80 66
80 9
81 20
81 76
81 26
81 59
83 58
83 8
84 64
85 39
85 23
86 67
86 65
86 32
87 63
88 20
88 74
89 55
90 34
91 13
92 8
92 77
92 15
92 76
92 93
92 96
93 92
94 47
94 85
94 23
95 16
95 79
96 92
96 7
96 98
96 99
98 96
99 96
100 101
101 100
102 8
102 58
102 7
102 103
102 108
103 102
103 104
104 103
108 102
111 6
112 7
112 4
112 23
112 113
112 114
112 115
112 116
112 117
112 123
112 125
112 129
112 138
113 112
113 119
113 130
113 132
113 135
113 142
113 151
113 178
113 195
113 198
114 112
114 120
114 127
114 199
115 112
115 141
115 166
115 172
115 179
115 192
116 112
116 117
116 123
116 137
116 153
117 112
117 116
117 194
118 147
119 113
119 121
119 128
119 155
119 189
119 196
120 114
120 122
120 127
120 136
121 119
121 122
121 187
122 119
122 121
122 120
122 124
122 126
122 128
122 133
122 165
122 177
123 112
123 116
123 115
123 148
123 157
123 167
124 122
124 133
124 165
125 112
125 138
125 150
125 156
125 193
126 122
126 133
126 165
126 177
127 114
127 120
127 134
127 140
127 154
127 173
128 124
128 119
128 122
128 145
128 149
128 180
129 112
129 114
129 202
129 203
130 113
130 152
131 119
131 123
131 144
131 148
131 162
131 169
132 113
132 127
132 146
132 160
132 161
132 175
132 184
132 190
132 200
133 126
133 122
133 124
133 197
134 127
134 140
134 154
135 113
136 120
136 114
137 116
138 125
138 112
138 143
138 188
139 134
139 127
139 154
139 173
140 134
140 127
140 173
141 115
141 137
141 163
141 176
141 188
142 113
142 178
143 138
144 131
144 148
144 169
144 191
145 128
145 158
145 170
145 201
146 132
146 160
146 175
146 184
147 118
147 164
147 185
148 144
148 131
148 123
148 141
149 128
149 171
149 205
150 125
151 113
152 130
153 116
154 127
154 139
154 134
155 119
156 150
156 125
156 193
157 123
157 167
158 145
158 207
159 158
159 119
159 168
159 174
159 201
159 206
160 132
160 146
160 185
160 213
161 132
161 146
162 131
162 144
163 141
164 147
164 118
164 181
165 122
165 124
165 126
166 115
166 183
166 192
167 157
167 123
168 159
169 131
169 144
170 145
170 204
171 149
171 205
172 115
173 140
173 127
173 139
173 134
174 159
175 132
175 146
175 213
176 163
176 141
177 122
177 126
178 113
178 142
179 156
179 137
179 150
179 115
180 128
180 165
181 164
182 121
183 115
183 166
183 192
184 132
184 146
184 190
185 147
185 160
185 118
187 121
188 138
188 141
189 119
189 191
190 132
190 184
190 175
191 119
191 144
191 189
192 115
192 183
192 166
193 125
193 150
193 156
194 117
195 113
196 119
197 133
197 128
198 113
199 114
199 120
200 175
200 132
200 184
200 146
201 145
201 159
201 168
202 129
202 203
203 129
203 202
204 145
204 170
205 149
205 171
206 159
207 158
209 210
210 209
210 211
211 210
213 113
213 160
213 175
213 146
213 214
213 217
213 218
214 213
214 215
214 216
215 214
216 214
216 213
217 213
218 213
220 219
