0
0
0
0
0.201188
0.06694
1
0.183312
0.08595
0.126066
0.112222
0.132379
0.000183
0.037849
0.11137
0.110411
0.011131
0
0
0.501359
0.077528
0
1
1
0.055009
0.032543
0.000822
0.210871
0.211711
0.091543
0
2.5e-05
0.001461
0.169483
0.103393
0.018653
0.000104
0.009838
5.4e-05
0.162189
0.220556
0
0.142506
0.071465
0.048729
0.071392
0.005403
0.293895
0.12771
0.000153
0
1.3e-05
0.259073
0
0.004873
0.117836
0.060966
1.5e-05
0.01423
0.002108
0.038688
0.058207
0.193875
0.023759
2e-06
0.016236
0.116263
0.027745
0.055379
0.05811
0.333004
0.055379
0
0.224383
0.02314
0.060651
0.038225
0.022079
0.017169
0.003264
0.041766
0.006359
0
0.019677
1e-06
0.263136
0.003478
0.011952
0.023054
0.0589
0.051714
0.018826
0.110126
0.054707
0.250527
0.003358
1
0
0.500749
0.499958
0
0
0
0
0
0
0
0
0
0
0
0
1
1
0.093534
0.130495
0.101423
0.135949
0.010102
0.197853
0.105936
0.118466
1
0.152475
0.189728
0.102006
0.150427
0.074258
0.083998
0.12611
0.250435
1
1
0.160415
0.011255
0.499857
0.035574
0.182332
0.13111
0.003155
0.015015
1
0.29808
0.065662
0.181595
0.028416
0.226249
0.009803
0.143033
0.014125
0.033054
0.500325
0.125726
0.033668
0.013997
0.099144
0.024423
0.036662
0.113846
1
0.256422
0.334131
0.333379
0.407557
0.001988
0.183342
0.024951
0.043756
0.379238
0.279945
0.005773
0.004086
0.065306
0.012542
0.500071
0.295873
0.333906
0.274754
0.298319
0.026455
0.027958
0.000483
0
0.009524
0.215989
0.051757
0
0.029607
0.270855
0.056848
0.231675
0.038214
0.025196
0.024127
0.067879
0.25095
0.099288
0.053562
0.501098
0.031357
0.201013
0.202899
0.037286
0.037253
0.001956
0.003393
0.500914
0.056846
0
0
0
0
0
1
0.166343
0.041822
0.055305
0.250766
0.333263
0
0
