0 1
1 0
2 3
3 2
4 5
4 17
4 51
5 4
5 6
5 8
5 11
5 12
5 33
5 47
6 5
6 8
6 12
6 15
6 16
6 26
6 32
6 41
8 5
8 6
8 10
8 19
8 39
8 45
9 20
9 22
10 8
10 24
10 27
10 44
11 5
11 12
11 25
11 34
12 11
12 6
12 5
12 14
12 46
13 35
13 38
14 12
14 46
15 6
15 31
15 37
16 6
17 4
18 5
18 40
18 43
18 48
19 8
19 45
20 9
21 8
21 22
21 23
21 30
21 50
22 5
22 21
22 9
22 29
23 21
24 10
25 15
25 11
26 6
26 41
27 10
27 24
27 44
27 49
28 21
28 23
29 22
29 4
29 42
30 21
31 15
31 36
31 37
32 6
33 5
34 11
35 13
36 31
36 15
37 15
37 31
38 13
38 35
39 8
39 19
40 18
40 48
41 26
41 6
42 29
43 18
43 40
44 10
44 27
44 49
45 8
45 19
46 12
46 14
47 5
48 18
48 40
49 27
49 10
49 44
50 21
51 4
51 13
51 52
51 53
51 54
52 51
52 54
53 51
54 52
54 51
57 58
58 57
59 60
59 61
59 64
59 65
59 66
59 71
59 78
59 93
59 103
60 59
60 63
60 108
60 109
61 59
61 65
61 71
62 61
62 69
62 81
63 60
63 67
63 84
63 85
64 59
64 70
64 87
64 89
64 90
64 100
64 105
65 61
65 59
65 74
65 75
65 96
65 98
66 65
66 59
66 100
66 102
67 64
67 63
67 80
67 101
68 76
68 91
68 100
68 106
69 62
69 72
69 76
69 79
70 64
70 87
70 90
70 105
71 59
71 61
71 73
71 78
71 86
72 69
72 79
73 71
74 65
75 65
76 69
76 68
76 97
76 99
77 62
77 83
77 107
78 71
78 59
78 74
78 82
79 69
79 72
80 67
80 88
81 62
82 78
82 76
82 74
83 77
83 92
83 107
84 63
84 104
85 63
85 108
86 71
87 64
87 70
88 67
88 80
89 65
89 64
89 94
89 95
90 64
90 70
91 68
91 106
92 66
92 78
92 83
92 77
92 60
92 102
93 59
94 89
95 89
96 65
97 76
98 65
98 96
99 76
100 68
100 66
100 64
100 80
101 67
101 80
102 66
102 92
103 59
104 84
104 63
105 70
105 64
105 90
106 68
106 91
107 77
107 83
108 60
108 85
109 60
110 111
111 110
114 115
115 114
