0
0
0
0
0.002375
0.045405
1
0
0.116242
0.009538
0.010484
0.011483
0.06986
2.1e-05
0.012248
0.125669
0.50038
0.001195
0
0.034118
0.004799
1
0.083767
0.333437
0.003881
0.00125
0.298
0.001777
0
0.011959
0.499993
0.025275
0.334283
0.00761
0.005818
6e-06
0.008357
0.035548
3e-06
0.038489
0
0.297974
0.005949
0
0.001941
0.034853
0.019788
0.022791
0
0.000697
0.50071
0.00014
3e-05
2.1e-05
3.6e-05
0
0
0
0
1
0.091376
0.181377
0.011639
0.008368
1
1
0.09624
0.004482
0.08766
0.091413
0.198968
0.10619
0.02725
0.053084
0.127825
0.499321
1
0.000442
0.136621
0.027439
0.027429
0.005797
0.03442
0.00057
0.0021
0.003876
0.053195
0.283427
0.009076
0.143182
0.262194
0.026227
0.003042
0.499962
0.071493
0.071768
0.407121
0.50063
0.33266
0.500548
0.162639
0.001587
0.024498
0.501566
0.000728
0.228391
0.025873
0.000243
0.02323
0.045975
0
0
0
0
0
0
