0 1
0 2
0 3
1 0
1 4
1 5
2 0
3 0
4 1
5 1
5 6
5 18
5 31
5 39
5 52
6 5
6 8
6 12
6 17
6 20
6 30
6 49
6 70
7 9
7 28
7 35
7 50
7 66
8 6
9 7
9 11
9 16
9 25
10 7
10 22
10 45
11 9
11 13
11 14
11 15
12 8
12 6
12 20
12 30
13 7
13 11
14 11
14 15
15 14
15 11
15 34
15 53
15 55
16 7
16 9
16 22
16 43
16 48
16 51
16 58
16 60
17 6
17 8
17 19
17 29
17 32
17 38
17 46
17 61
17 64
17 65
17 70
18 5
18 27
18 36
19 17
19 21
19 55
20 6
20 17
20 12
20 24
20 56
21 19
21 26
21 33
21 37
22 16
22 10
22 62
23 12
23 6
23 8
24 20
24 47
24 65
25 9
26 21
26 33
27 18
27 31
27 42
27 44
28 7
28 40
28 63
28 67
29 17
30 8
30 12
30 6
30 49
31 5
31 27
31 57
32 17
32 41
33 21
33 26
34 15
34 55
35 7
35 81
36 18
37 21
37 26
38 17
38 61
38 65
39 5
39 52
40 28
41 17
41 32
41 64
42 27
43 16
43 48
43 51
43 60
43 67
44 27
45 10
46 17
46 41
47 24
48 43
48 16
48 58
48 81
49 12
49 6
49 8
49 30
50 7
50 16
51 16
51 43
51 48
51 58
52 5
52 39
53 34
53 15
53 54
54 53
55 19
55 17
55 15
55 34
56 20
56 8
56 19
57 42
57 31
58 51
58 16
58 48
59 9
59 25
60 43
60 16
60 58
61 46
61 17
61 38
62 22
63 28
63 40
64 17
64 61
64 41
65 17
65 38
65 24
66 7
66 13
67 43
67 28
67 63
67 35
67 13
67 69
69 67
70 6
70 17
70 71
70 72
70 73
70 79
70 80
71 70
72 70
72 74
72 75
73 70
74 72
74 70
74 78
75 72
75 77
75 79
76 74
77 75
78 74
79 70
79 77
79 75
80 38
80 70
80 52
80 1
81 48
81 51
81 35
81 88
81 97
82 84
82 86
82 90
82 96
82 99
82 103
82 105
82 112
83 85
83 87
83 113
84 82
84 91
84 104
84 110
84 115
84 117
84 121
84 129
85 83
85 87
85 122
86 82
86 92
86 93
86 95
86 100
86 107
86 128
86 136
87 83
87 85
88 81
88 123
89 101
89 124
89 125
89 130
89 142
90 82
91 86
91 84
91 102
91 111
91 119
91 126
91 127
91 132
92 86
92 95
92 100
92 107
92 120
93 86
93 100
94 93
94 89
94 131
95 86
95 92
96 82
96 103
96 115
97 81
97 98
97 106
98 97
98 139
99 82
99 96
100 93
100 92
100 86
100 109
100 114
100 119
100 140
100 143
101 89
101 133
102 91
102 116
102 127
102 141
103 96
103 82
103 91
104 84
104 110
104 129
105 82
105 95
105 137
106 97
106 135
107 92
107 86
107 136
108 118
109 100
109 114
109 143
110 84
110 104
110 115
111 91
111 102
111 116
111 141
112 82
112 99
113 83
114 100
114 109
115 110
115 84
115 96
115 104
116 111
116 102
116 91
116 126
116 132
117 84
117 104
117 129
118 108
119 111
119 100
119 91
120 92
120 86
120 128
121 84
121 134
122 85
123 88
124 89
124 101
124 125
125 89
125 124
126 91
126 115
126 116
126 102
127 91
127 102
128 92
128 120
128 86
129 104
129 117
129 84
130 124
130 89
130 133
131 94
132 91
132 116
132 141
133 101
133 130
133 89
133 142
134 121
135 106
135 97
135 98
136 128
136 107
136 86
136 120
136 138
137 105
138 86
138 136
138 120
138 92
139 106
139 98
140 100
140 114
141 102
141 91
141 132
141 111
142 89
142 133
142 130
143 100
143 114
143 109
144 132
144 136
145 149
146 150
147 148
148 147
149 145
150 146
