0.011177
0.098521
0.005528
0.005592
0.049302
1
0.130398
0.09392
0.130125
0.084607
0.023622
0.02596
0.017053
0.171668
0.007502
0.004852
1
1
0.169231
0.143
0.01961
0.017992
0.167028
0
0.034595
0.028493
0.005256
0.034568
0.170868
0.500786
0.023037
0.169286
0.265656
0.005294
0.003607
0.215076
0.084887
0.005968
0.196968
0.291077
0.137127
0.118517
0.024536
0.230921
0.017352
0.011857
0.29137
0.017211
0.168465
0.024682
0.031448
0.171869
0.254985
0.000955
0.000469
0.021081
0.004926
0.0422
0.206476
0
0.235054
0.219689
0.083705
0.276485
0.21526
0.191816
0.031361
1
0
0.250638
1
0.501256
0.129202
0.250596
0.016273
0.048068
0
0.077849
0.00813
0.203404
0.09066
0.021286
1
0
1
0
0.096758
0
0.005423
0
0.500665
0.08087
0.098116
0.136199
0
0.076087
0.221728
0.002668
0.000562
0.314269
1
0
0.016041
0.232232
0.207318
0.200906
0.000536
0.03284
0
0.226334
0.212687
0.036665
0.334415
0
0.266713
0.170637
0.008463
0.230754
0
0.211944
0.018598
0.25101
0
0.002727
0
0
0.014654
0.022864
0.020552
0.219509
0
0
0.013323
0
0.125518
0.000119
0.014123
0.100467
0.002826
0.000196
0.334359
0.00889
0
0.232193
0
0
0
0
0
0
0
0
0
