14 11
38 53
53 38
53 57
15 8
15 27
16 9
16 30
39 40
39 42
39 45
39 49
39 50
39 55
39 56
39 58
17 22
17 32
40 39
40 41
54 47
18 2
18 10
18 1
18 28
55 49
55 45
55 48
55 39
19 18
19 10
19 6
19 1
20 15
41 40
41 52
21 5
21 33
22 17
23 8
23 25
1 2
1 4
1 5
1 6
1 10
1 13
1 18
1 19
1 29
24 4
42 39
42 45
25 23
25 8
25 21
25 5
26 13
56 39
2 1
2 5
2 7
43 46
3 2
3 28
27 15
27 5
44 52
4 1
4 11
4 24
5 1
5 2
5 21
5 25
5 33
57 53
45 42
45 39
45 49
45 51
45 55
6 1
58 39
28 18
28 3
29 1
7 2
30 16
8 1
8 9
8 15
8 23
8 25
46 43
9 8
9 4
9 16
9 31
31 9
47 43
47 46
47 54
10 1
10 11
10 19
32 28
32 17
33 5
33 21
34 35
48 45
48 49
48 51
48 55
11 4
11 10
11 14
35 34
49 45
49 39
49 48
49 50
49 55
50 49
50 39
51 48
51 45
51 49
13 1
13 4
13 26
52 41
52 44
