63
134
14 11 0.166667
38 53 0.166667
53 38 0.142857
53 57 0.5
15 8 0.0714286
15 27 0.2
16 9 0.125
16 30 0.5
39 40 0.25
39 42 0.25
39 45 0.0769231
39 49 0.0769231
39 50 0.166667
39 55 0.125
39 56 0.5
39 58 0.5
17 22 0.333333
17 32 0.333333
40 39 0.05
40 41 0.142857
54 47 0.166667
18 2 0.111111
18 10 0.0769231
18 1 0.037037
18 28 0.2
55 49 0.0769231
55 45 0.0769231
55 48 0.1
55 39 0.05
19 18 0.142857
19 10 0.0769231
19 6 0.333333
19 1 0.037037
20 15 0.2
41 40 0.25
41 52 0.166667
21 5 0.0909091
21 33 0.25
22 17 0.125
23 8 0.0714286
23 25 0.125
1 2 0.111111
1 4 0.125
1 5 0.0909091
1 6 0.333333
1 10 0.0769231
1 13 0.2
1 18 0.142857
1 19 0.166667
1 29 0.5
24 4 0.125
42 39 0.05
42 45 0.0769231
25 23 0.25
25 8 0.0714286
25 21 0.2
25 5 0.0909091
26 13 0.2
56 39 0.05
2 1 0.037037
2 5 0.0909091
2 7 0.5
43 46 0.333333
3 2 0.111111
3 28 0.2
27 15 0.2
27 5 0.0909091
44 52 0.166667
4 1 0.037037
4 11 0.166667
4 24 0.5
5 1 0.037037
5 2 0.111111
5 21 0.2
5 25 0.125
5 33 0.25
57 53 0.166667
45 42 0.25
45 39 0.05
45 49 0.0769231
45 51 0.2
45 55 0.125
6 1 0.037037
58 39 0.05
28 18 0.142857
28 3 0.166667
29 1 0.037037
7 2 0.111111
30 16 0.25
8 1 0.037037
8 9 0.125
8 15 0.2
8 23 0.25
8 25 0.125
46 43 0.2
9 8 0.0714286
9 4 0.125
9 16 0.25
9 31 0.5
31 9 0.125
47 43 0.2
47 46 0.333333
47 54 0.2
10 1 0.037037
10 11 0.166667
10 19 0.166667
32 28 0.2
32 17 0.125
33 5 0.0909091
33 21 0.2
34 35 0.25
48 45 0.0769231
48 49 0.0769231
48 51 0.2
48 55 0.125
11 4 0.125
11 10 0.0769231
11 14 0.5
35 34 0.125
49 45 0.0769231
49 39 0.05
49 48 0.1
49 50 0.166667
49 55 0.125
50 49 0.0769231
50 39 0.05
51 48 0.1
51 45 0.0769231
51 49 0.0769231
13 1 0.037037
13 4 0.125
13 26 0.5
52 41 0.142857
52 44 0.125
