18 1
57 37
57 65
1 3
1 18
37 44
37 47
37 57
37 65
38 39
38 52
38 66
38 67
2 11
2 12
19 17
19 5
19 3
19 30
20 17
20 23
3 1
21 9
58 51
58 47
4 5
4 6
4 13
4 28
5 4
5 13
59 43
39 38
39 44
39 53
39 54
39 62
6 4
7 9
7 10
7 15
22 17
22 10
22 12
22 27
23 20
8 31
8 32
24 29
24 32
9 7
9 17
9 21
25 15
41 62
60 58
60 47
26 24
26 12
61 44
61 49
10 7
10 16
10 17
10 27
11 2
11 28
42 45
62 45
62 41
62 39
63 53
63 39
12 2
12 22
43 39
43 47
43 50
43 54
43 59
43 64
44 39
44 37
44 49
44 61
64 43
27 10
27 2
27 22
45 42
45 54
45 62
46 48
46 50
28 11
28 4
28 13
28 14
65 37
65 57
29 24
47 43
47 37
47 51
47 58
47 60
13 5
13 4
13 14
13 28
66 38
66 54
48 46
67 38
30 19
31 8
32 8
32 24
14 13
14 28
15 7
15 25
16 10
49 44
49 55
50 46
50 43
17 9
17 10
17 19
17 22
51 47
51 58
52 38
52 56
53 39
53 63
54 43
54 45
54 39
54 66
55 44
55 49
56 52
