0 1
0 245
1 0
1 2
2 1
2 3
2 5
2 6
3 2
3 6
5 2
6 2
6 3
7 8
7 9
7 36
7 44
7 60
7 62
7 95
7 105
8 7
8 10
8 11
8 14
8 15
8 41
8 78
8 88
8 106
8 108
8 112
9 7
9 11
9 30
9 45
9 47
9 71
9 135
10 8
10 14
10 16
10 22
10 23
10 88
10 106
10 112
11 8
11 9
11 16
11 21
11 75
12 7
12 13
12 43
12 58
12 63
12 78
13 12
13 34
13 38
13 69
14 10
14 8
14 48
14 57
14 82
15 8
15 10
15 16
15 21
15 28
15 78
15 99
16 11
16 10
16 15
16 19
16 20
16 56
17 18
17 32
17 40
17 93
17 94
17 240
18 17
18 25
18 26
18 85
18 240
19 16
19 24
19 56
20 16
20 87
21 11
21 15
21 99
22 10
22 15
22 8
23 8
23 16
23 15
23 10
23 28
23 72
23 73
23 79
23 84
23 104
24 19
25 18
25 80
25 85
25 97
26 25
26 18
26 68
26 70
27 18
27 11
27 33
27 71
27 90
28 23
28 15
29 10
29 15
29 8
29 108
30 9
30 31
30 37
30 49
31 30
31 10
31 77
32 17
32 59
32 80
32 83
32 91
33 27
33 75
33 76
34 13
35 12
35 39
35 46
35 54
36 7
37 30
38 13
38 35
38 39
38 113
39 35
39 38
39 42
40 17
41 8
41 10
41 110
42 39
43 12
43 78
43 136
44 36
44 7
44 114
45 11
45 9
45 64
45 111
46 35
46 54
47 9
48 14
48 39
48 53
49 37
49 30
51 20
51 107
52 87
53 48
53 109
54 35
54 46
55 16
55 10
55 24
56 19
56 16
56 24
56 81
57 14
57 102
58 12
58 63
59 32
59 83
60 7
60 44
60 36
61 86
61 100
62 7
62 66
62 67
63 12
63 58
64 45
64 111
65 74
65 103
66 62
66 67
67 62
67 66
68 26
69 13
70 26
71 9
71 27
71 96
72 23
73 23
74 65
75 11
75 33
75 27
75 89
75 131
76 33
76 27
77 31
78 12
78 43
78 8
78 15
79 78
79 23
80 25
80 59
80 32
81 56
82 14
83 59
83 32
83 91
84 23
84 104
85 18
85 25
86 61
87 20
87 52
88 8
88 10
89 75
90 27
90 89
90 92
90 233
91 32
91 59
91 83
92 90
93 17
94 17
95 7
95 36
95 44
95 136
96 71
97 25
97 18
97 85
98 68
98 26
99 21
99 15
99 101
100 61
101 99
102 57
103 65
103 93
103 17
104 84
104 23
105 7
105 36
106 10
106 8
106 108
107 51
108 10
108 8
108 29
108 106
108 114
109 53
109 14
109 78
110 41
111 64
111 45
112 8
112 10
112 28
112 108
113 38
114 108
114 46
114 44
114 118
114 136
116 117
116 121
117 116
117 120
118 114
120 117
121 116
121 122
122 121
125 233
126 127
126 129
126 130
127 126
127 128
127 232
128 127
128 130
129 126
130 126
130 128
131 75
131 25
131 45
131 8
131 132
131 133
131 134
131 135
132 131
133 131
133 134
133 135
134 131
134 133
135 67
135 9
135 133
135 131
136 114
136 43
136 95
136 124
136 137
136 167
136 216
137 136
137 139
137 155
137 170
137 173
137 210
138 136
138 137
138 140
138 143
138 147
138 164
138 191
138 222
139 137
139 156
139 170
139 173
139 210
140 138
140 141
140 142
140 145
140 171
140 174
140 177
140 182
140 185
141 140
142 140
142 141
142 200
143 138
143 144
143 146
143 148
143 160
143 203
143 212
143 223
143 240
144 143
144 146
144 148
144 200
144 240
145 140
145 141
145 219
145 227
146 144
146 143
147 138
147 157
148 143
148 144
148 150
148 151
148 161
148 173
148 192
148 193
149 143
149 136
149 168
149 196
149 197
149 201
150 148
150 151
150 192
150 193
151 148
151 150
151 153
151 154
151 158
151 160
152 163
152 165
152 178
152 188
152 198
152 214
152 224
153 151
153 154
153 160
153 181
153 202
154 153
154 151
154 158
155 137
155 162
155 169
155 176
155 206
155 208
155 217
156 139
156 137
156 218
157 147
157 205
158 151
158 154
158 202
159 171
160 143
160 158
160 153
160 151
160 172
160 175
160 189
160 194
160 199
160 232
161 148
161 150
161 193
162 155
162 169
162 217
162 225
163 152
163 214
164 138
164 191
165 152
165 195
166 168
166 211
167 136
167 155
168 166
168 149
168 180
168 221
169 155
169 162
169 176
169 208
170 137
170 139
170 210
170 218
171 140
171 159
172 160
172 189
172 194
173 137
173 139
173 148
173 213
173 226
174 140
175 172
175 160
175 186
175 189
175 194
175 199
176 155
176 162
176 169
176 206
176 217
177 140
177 171
177 215
178 152
178 183
178 188
179 142
180 168
180 221
181 158
181 151
181 153
182 140
182 174
183 178
183 209
184 175
184 172
184 160
185 140
185 174
186 175
186 184
186 172
186 160
186 189
188 152
188 178
188 229
189 175
189 186
189 172
189 160
189 199
190 178
190 214
191 138
191 164
191 223
192 148
192 150
193 148
193 161
193 150
194 160
194 186
194 175
194 172
194 220
195 165
195 187
196 149
197 149
198 152
198 163
198 224
199 160
199 189
199 175
199 186
200 144
200 142
200 150
200 143
200 228
201 149
201 197
202 158
202 153
202 151
202 181
202 204
203 143
203 144
203 212
204 202
205 157
205 147
205 172
206 176
206 155
206 169
207 168
207 180
208 169
208 176
208 155
208 162
208 225
209 183
210 137
210 156
210 170
210 139
210 218
211 166
212 205
212 203
212 143
213 173
214 163
214 190
214 152
215 177
216 136
217 176
217 155
217 162
217 230
218 210
218 170
218 137
218 156
219 145
219 227
220 194
221 168
221 180
222 138
223 138
223 143
223 191
224 163
224 198
224 152
225 208
225 176
225 162
226 173
226 171
226 231
227 219
227 145
228 200
228 240
229 188
230 217
231 226
232 160
232 162
232 127
233 90
233 125
233 177
233 171
233 234
234 233
234 236
234 237
234 238
236 234
237 234
237 239
238 234
239 237
240 143
240 18
240 17
240 228
240 144
240 241
241 240
241 242
242 241
242 243
242 244
243 242
243 245
244 242
245 243
245 0
245 244
245 246
245 247
245 249
246 245
247 245
247 248
247 250
248 247
248 249
249 248
249 245
249 247
250 248
250 247
