251
723
0 1 0.166667
0 245 0.0714286
1 0 0.142857
1 2 0.1
2 1 0.166667
2 3 0.2
2 5 0.5
2 6 0.25
3 2 0.1
3 6 0.25
5 2 0.1
6 2 0.1
6 3 0.2
7 8 0.03125
7 9 0.0588235
7 36 0.166667
7 44 0.142857
7 60 0.25
7 62 0.111111
7 95 0.166667
7 105 0.333333
8 7 0.0454545
8 10 0.0416667
8 11 0.0555556
8 14 0.05
8 15 0.0588235
8 41 0.2
8 78 0.1
8 88 0.25
8 106 0.166667
8 108 0.1
8 112 0.166667
9 7 0.0454545
9 11 0.0555556
9 30 0.125
9 45 0.111111
9 47 0.5
9 71 0.166667
9 135 0.1
10 8 0.03125
10 14 0.05
10 16 0.0588235
10 22 0.25
10 23 0.0526316
10 88 0.25
10 106 0.166667
10 112 0.166667
11 8 0.03125
11 9 0.0588235
11 16 0.0588235
11 21 0.125
11 75 0.0909091
12 7 0.0454545
12 13 0.111111
12 43 0.166667
12 58 0.25
12 63 0.25
12 78 0.1
13 12 0.0666667
13 34 0.25
13 38 0.1
13 69 0.5
14 10 0.0416667
14 8 0.03125
14 48 0.142857
14 57 0.166667
14 82 0.25
15 8 0.03125
15 10 0.0416667
15 16 0.0588235
15 21 0.125
15 28 0.166667
15 78 0.1
15 99 0.125
16 11 0.0555556
16 10 0.0416667
16 15 0.0588235
16 19 0.125
16 20 0.2
16 56 0.111111
17 18 0.0714286
17 32 0.1
17 40 0.5
17 93 0.333333
17 94 0.25
17 240 0.0714286
18 17 0.05
18 25 0.0833333
18 26 0.111111
18 85 0.2
18 240 0.0714286
19 16 0.0588235
19 24 0.166667
19 56 0.111111
20 16 0.0588235
20 87 0.25
21 11 0.0555556
21 15 0.0588235
21 99 0.125
22 10 0.0416667
22 15 0.0588235
22 8 0.03125
23 8 0.03125
23 16 0.0588235
23 15 0.0588235
23 10 0.0416667
23 28 0.166667
23 72 0.5
23 73 0.5
23 79 0.333333
23 84 0.25
23 104 0.25
24 19 0.125
25 18 0.0714286
25 80 0.142857
25 85 0.2
25 97 0.25
26 25 0.0833333
26 18 0.0714286
26 68 0.333333
26 70 0.5
27 18 0.0714286
27 11 0.0555556
27 33 0.166667
27 71 0.166667
27 90 0.111111
28 23 0.0526316
28 15 0.0588235
29 10 0.0416667
29 15 0.0588235
29 8 0.03125
29 108 0.1
30 9 0.0588235
30 31 0.166667
30 37 0.333333
30 49 0.25
31 30 0.125
31 10 0.0416667
31 77 0.5
32 17 0.05
32 59 0.166667
32 80 0.142857
32 83 0.166667
32 91 0.2
33 27 0.0769231
33 75 0.0909091
33 76 0.333333
34 13 0.111111
35 12 0.0666667
35 39 0.125
35 46 0.2
35 54 0.25
36 7 0.0454545
37 30 0.125
38 13 0.111111
38 35 0.0833333
38 39 0.125
38 113 0.5
39 35 0.0833333
39 38 0.1
39 42 0.25
40 17 0.05
41 8 0.03125
41 10 0.0416667
41 110 0.5
42 39 0.125
43 12 0.0666667
43 78 0.1
43 136 0.0416667
44 36 0.166667
44 7 0.0454545
44 114 0.0625
45 11 0.0555556
45 9 0.0588235
45 64 0.25
45 111 0.25
46 35 0.0833333
46 54 0.25
47 9 0.0588235
48 14 0.05
48 39 0.125
48 53 0.25
49 37 0.333333
49 30 0.125
51 20 0.2
51 107 0.5
52 87 0.25
53 48 0.142857
53 109 0.25
54 35 0.0833333
54 46 0.2
55 16 0.0588235
55 10 0.0416667
55 24 0.166667
56 19 0.125
56 16 0.0588235
56 24 0.166667
56 81 0.5
57 14 0.05
57 102 0.5
58 12 0.0666667
58 63 0.25
59 32 0.1
59 83 0.166667
60 7 0.0454545
60 44 0.142857
60 36 0.166667
61 86 0.333333
61 100 0.5
62 7 0.0454545
62 66 0.25
62 67 0.2
63 12 0.0666667
63 58 0.25
64 45 0.111111
64 111 0.25
65 74 0.5
65 103 0.166667
66 62 0.111111
66 67 0.2
67 62 0.111111
67 66 0.25
68 26 0.111111
69 13 0.111111
70 26 0.111111
71 9 0.0588235
71 27 0.0769231
71 96 0.5
72 23 0.0526316
73 23 0.0526316
74 65 0.166667
75 11 0.0555556
75 33 0.166667
75 27 0.0769231
75 89 0.25
75 131 0.0588235
76 33 0.166667
76 27 0.0769231
77 31 0.166667
78 12 0.0666667
78 43 0.166667
78 8 0.03125
78 15 0.0588235
79 78 0.1
79 23 0.0526316
80 25 0.0833333
80 59 0.166667
80 32 0.1
81 56 0.111111
82 14 0.05
83 59 0.166667
83 32 0.1
83 91 0.2
84 23 0.0526316
84 104 0.25
85 18 0.0714286
85 25 0.0833333
86 61 0.125
87 20 0.2
87 52 0.166667
88 8 0.03125
88 10 0.0416667
89 75 0.0909091
90 27 0.0769231
90 89 0.25
90 92 0.5
90 233 0.0909091
91 32 0.1
91 59 0.166667
91 83 0.166667
92 90 0.111111
93 17 0.05
94 17 0.05
95 7 0.0454545
95 36 0.166667
95 44 0.142857
95 136 0.0416667
96 71 0.166667
97 25 0.0833333
97 18 0.0714286
97 85 0.2
98 68 0.333333
98 26 0.111111
99 21 0.125
99 15 0.0588235
99 101 0.5
100 61 0.125
101 99 0.125
102 57 0.166667
103 65 0.166667
103 93 0.333333
103 17 0.05
104 84 0.25
104 23 0.0526316
105 7 0.0454545
105 36 0.166667
106 10 0.0416667
106 8 0.03125
106 108 0.1
107 51 0.166667
108 10 0.0416667
108 8 0.03125
108 29 0.2
108 106 0.166667
108 114 0.0625
109 53 0.25
109 14 0.05
109 78 0.1
110 41 0.2
111 64 0.25
111 45 0.111111
112 8 0.03125
112 10 0.0416667
112 28 0.166667
112 108 0.1
113 38 0.1
114 108 0.1
114 46 0.2
114 44 0.142857
114 118 0.333333
114 136 0.0416667
116 117 0.125
116 121 0.25
117 116 0.1
117 120 0.5
118 114 0.0625
120 117 0.125
121 116 0.1
121 122 0.5
122 121 0.25
125 233 0.0909091
126 127 0.166667
126 129 0.5
126 130 0.2
127 126 0.111111
127 128 0.25
127 232 0.0833333
128 127 0.166667
128 130 0.2
129 126 0.111111
130 126 0.111111
130 128 0.25
131 75 0.0909091
131 25 0.0833333
131 45 0.111111
131 8 0.03125
131 132 0.5
131 133 0.125
131 134 0.25
131 135 0.1
132 131 0.0588235
133 131 0.0588235
133 134 0.25
133 135 0.1
134 131 0.0588235
134 133 0.125
135 67 0.2
135 9 0.0588235
135 133 0.125
135 131 0.0588235
136 114 0.0625
136 43 0.166667
136 95 0.166667
136 124 0.2
136 137 0.0625
136 167 0.333333
136 216 0.5
137 136 0.0416667
137 139 0.1
137 155 0.0666667
137 170 0.125
137 173 0.1
137 210 0.111111
138 136 0.0416667
138 137 0.0625
138 140 0.05
138 143 0.04
138 147 0.0909091
138 164 0.25
138 191 0.166667
138 222 0.25
139 137 0.0625
139 156 0.125
139 170 0.125
139 173 0.1
139 210 0.111111
140 138 0.0416667
140 141 0.2
140 142 0.0909091
140 145 0.111111
140 171 0.0909091
140 174 0.25
140 177 0.166667
140 182 0.333333
140 185 0.333333
141 140 0.05
142 140 0.05
142 141 0.2
142 200 0.125
143 138 0.0416667
143 144 0.0909091
143 146 0.2
143 148 0.0588235
143 160 0.0454545
143 203 0.2
143 212 0.2
143 223 0.166667
143 240 0.0714286
144 143 0.04
144 146 0.2
144 148 0.0588235
144 200 0.125
144 240 0.0714286
145 140 0.05
145 141 0.2
145 219 0.25
145 227 0.25
146 144 0.0909091
146 143 0.04
147 138 0.0416667
147 157 0.166667
148 143 0.04
148 144 0.0909091
148 150 0.0833333
148 151 0.0625
148 161 0.2
148 173 0.1
148 192 0.25
148 193 0.166667
149 143 0.04
149 136 0.0416667
149 168 0.111111
149 196 0.5
149 197 0.333333
149 201 0.166667
150 148 0.0588235
150 151 0.0625
150 192 0.25
150 193 0.166667
151 148 0.0588235
151 150 0.0833333
151 153 0.1
151 154 0.125
151 158 0.1
151 160 0.0454545
152 163 0.111111
152 165 0.166667
152 178 0.111111
152 188 0.142857
152 198 0.2
152 214 0.166667
152 224 0.2
153 151 0.0625
153 154 0.125
153 160 0.0454545
153 181 0.2
153 202 0.125
154 153 0.1
154 151 0.0625
154 158 0.1
155 137 0.0625
155 162 0.0909091
155 169 0.111111
155 176 0.0909091
155 206 0.2
155 208 0.125
155 217 0.111111
156 139 0.1
156 137 0.0625
156 218 0.142857
157 147 0.0909091
157 205 0.142857
158 151 0.0625
158 154 0.125
158 202 0.125
159 171 0.0909091
160 143 0.04
160 158 0.1
160 153 0.1
160 151 0.0625
160 172 0.1
160 175 0.0714286
160 189 0.1
160 194 0.1
160 199 0.142857
160 232 0.0833333
161 148 0.0588235
161 150 0.0833333
161 193 0.166667
162 155 0.0666667
162 169 0.111111
162 217 0.111111
162 225 0.2
163 152 0.0526316
163 214 0.166667
164 138 0.0416667
164 191 0.166667
165 152 0.0526316
165 195 0.333333
166 168 0.111111
166 211 0.5
167 136 0.0416667
167 155 0.0666667
168 166 0.166667
168 149 0.0625
168 180 0.142857
168 221 0.25
169 155 0.0666667
169 162 0.0909091
169 176 0.0909091
169 208 0.125
170 137 0.0625
170 139 0.1
170 210 0.111111
170 218 0.142857
171 140 0.05
171 159 0.25
172 160 0.0454545
172 189 0.1
172 194 0.1
173 137 0.0625
173 139 0.1
173 148 0.0588235
173 213 0.5
173 226 0.142857
174 140 0.05
175 172 0.1
175 160 0.0454545
175 186 0.111111
175 189 0.1
175 194 0.1
175 199 0.142857
176 155 0.0666667
176 162 0.0909091
176 169 0.111111
176 206 0.2
176 217 0.111111
177 140 0.05
177 171 0.0909091
177 215 0.5
178 152 0.0526316
178 183 0.125
178 188 0.142857
179 142 0.0909091
180 168 0.111111
180 221 0.25
181 158 0.1
181 151 0.0625
181 153 0.1
182 140 0.05
182 174 0.25
183 178 0.111111
183 209 0.5
184 175 0.0714286
184 172 0.1
184 160 0.0454545
185 140 0.05
185 174 0.25
186 175 0.0714286
186 184 0.25
186 172 0.1
186 160 0.0454545
186 189 0.1
188 152 0.0526316
188 178 0.111111
188 229 0.5
189 175 0.0714286
189 186 0.111111
189 172 0.1
189 160 0.0454545
189 199 0.142857
190 178 0.111111
190 214 0.166667
191 138 0.0416667
191 164 0.25
191 223 0.166667
192 148 0.0588235
192 150 0.0833333
193 148 0.0588235
193 161 0.2
193 150 0.0833333
194 160 0.0454545
194 186 0.111111
194 175 0.0714286
194 172 0.1
194 220 0.5
195 165 0.166667
195 187 0.333333
196 149 0.0625
197 149 0.0625
198 152 0.0526316
198 163 0.111111
198 224 0.2
199 160 0.0454545
199 189 0.1
199 175 0.0714286
199 186 0.111111
200 144 0.0909091
200 142 0.0909091
200 150 0.0833333
200 143 0.04
200 228 0.25
201 149 0.0625
201 197 0.333333
202 158 0.1
202 153 0.1
202 151 0.0625
202 181 0.2
202 204 0.5
203 143 0.04
203 144 0.0909091
203 212 0.2
204 202 0.125
205 157 0.166667
205 147 0.0909091
205 172 0.1
206 176 0.0909091
206 155 0.0666667
206 169 0.111111
207 168 0.111111
207 180 0.142857
208 169 0.111111
208 176 0.0909091
208 155 0.0666667
208 162 0.0909091
208 225 0.2
209 183 0.125
210 137 0.0625
210 156 0.125
210 170 0.125
210 139 0.1
210 218 0.142857
211 166 0.166667
212 205 0.142857
212 203 0.2
212 143 0.04
213 173 0.1
214 163 0.111111
214 190 0.2
214 152 0.0526316
215 177 0.166667
216 136 0.0416667
217 176 0.0909091
217 155 0.0666667
217 162 0.0909091
217 230 0.5
218 210 0.111111
218 170 0.125
218 137 0.0625
218 156 0.125
219 145 0.111111
219 227 0.25
220 194 0.1
221 168 0.111111
221 180 0.142857
222 138 0.0416667
223 138 0.0416667
223 143 0.04
223 191 0.166667
224 163 0.111111
224 198 0.2
224 152 0.0526316
225 208 0.125
225 176 0.0909091
225 162 0.0909091
226 173 0.1
226 171 0.0909091
226 231 0.5
227 219 0.25
227 145 0.111111
228 200 0.125
228 240 0.0714286
229 188 0.142857
230 217 0.111111
231 226 0.142857
232 160 0.0454545
232 162 0.0909091
232 127 0.166667
233 90 0.111111
233 125 0.166667
233 177 0.166667
233 171 0.0909091
233 234 0.0714286
234 233 0.0909091
234 236 0.166667
234 237 0.25
234 238 0.5
236 234 0.0714286
237 234 0.0714286
237 239 0.5
238 234 0.0714286
239 237 0.25
240 143 0.04
240 18 0.0714286
240 17 0.05
240 228 0.25
240 144 0.0909091
240 241 0.25
241 240 0.0714286
241 242 0.0833333
242 241 0.25
242 243 0.111111
242 244 0.333333
243 242 0.0833333
243 245 0.0714286
244 242 0.0833333
245 243 0.111111
245 0 0.142857
245 244 0.333333
245 246 0.5
245 247 0.111111
245 249 0.2
246 245 0.0714286
247 245 0.0714286
247 248 0.2
247 250 0.2
248 247 0.111111
248 249 0.2
249 248 0.2
249 245 0.0714286
249 247 0.111111
250 248 0.2
250 247 0.111111
