0.16313
0.187299
1
0.241064
0
0.500885
0.288218
1
1
1
0.129628
0.129195
0.022896
0.002562
0.057351
0.139127
0.080492
1
0.091444
0.011157
0.016008
0.035413
0.03281
1
0.003314
0.093113
0.010251
0.022155
0.209752
0.028193
0.12633
0.020879
0.102356
0.019986
0.000658
0.001844
0.310004
0.049271
0.000377
0.0013
0.500515
0.200963
0.000338
0.187652
0.218312
0.21099
0.016908
0.501075
0.008184
0.031888
0
0
0.000687
0.002078
0.004565
0
0.010069
0.009674
0.006869
0.026677
0.25083
0
0.116162
0.006903
0.063156
0
0.042578
0.066359
0.003475
0.00129
0.005101
0.167941
0.501047
0.499596
0
0.10178
0.00672
0.010454
0.157995
0.334145
0.027369
0.005007
0.014283
0.023257
0.297952
0.038952
0
0.004076
0.273444
0.026077
0.002566
0.023743
0.001271
0.33384
0.251455
0.305934
0.084193
0.02333
0
0.02152
0
0.010606
0.004823
0
0.297862
0.333623
0.199993
0
0.139979
0.000512
0.100916
0.062775
0.184314
0.000192
0.083413
0
0
0
0.027805
0
0
0
0
0
0.201502
3.8e-05
7.3e-05
0.000665
0.000186
3.6e-05
5e-05
1
0.500909
0.173303
0.278248
0.203306
1
0.070019
0.089844
0.010103
1
0.232973
0.09253
1
0.143918
0.112254
0.220988
0.011561
0.067541
1
0.012591
0.008536
1
0.005712
0.00243
0.026902
0.00273
0.007334
0.00581
0.026137
0.046395
0.015764
0.004124
0.172868
0.03161
0.166905
0.018823
0.333296
0.111746
0.004734
0.010886
0.104418
0.009662
0.014714
0.370626
0.0048
0.003857
0.166633
0.12918
0
0.019209
0.001402
0.333063
0.016129
0.00064
0.333048
0.002703
0.018609
0.15683
0.006719
0.037768
0.044873
0.019416
0.014724
0.006057
0.055977
0.500357
0.370784
0.232747
0.007823
0.033929
0.167265
0.001428
0.232946
0.000699
0.033637
0.005935
0
0.004054
0.007907
0.009709
0.009432
0.233204
0.007394
0.188459
0.083645
0.500801
0.003681
0.003069
0.033386
0.003034
0.031119
0.022244
0.168646
0.233289
0.001538
0.002116
0.033487
0.045103
0.078837
0.001918
0.001006
0.003938
0.000235
1.3e-05
0
5e-06
2e-06
7e-06
2e-06
0.152717
0.047071
0.040375
0.115196
0.337103
1
0.500082
0.135604
0.06913
0.205044
0.027246
