0 1
14 4
1 0
41 35
41 42
15 8
15 4
16 3
33 34
33 35
33 36
33 37
33 38
33 39
34 33
3 4
3 12
3 16
3 25
42 40
42 41
35 33
35 38
35 41
35 44
17 10
17 19
18 13
18 12
4 3
4 12
4 14
36 33
19 17
19 9
19 7
19 23
5 6
20 6
21 12
21 24
21 27
21 31
21 50
22 8
37 34
37 33
6 5
6 20
23 19
7 4
7 8
7 9
7 26
8 4
8 7
8 10
8 15
8 22
8 28
24 21
24 27
24 28
38 35
38 33
43 33
43 39
44 35
44 34
44 38
9 7
9 26
25 3
25 50
26 7
26 9
27 21
27 24
45 46
39 34
39 33
10 8
10 11
10 17
28 8
28 24
46 45
11 10
47 49
48 47
49 47
30 29
12 4
12 3
12 13
12 21
50 31
50 25
50 21
31 21
31 9
31 27
31 32
31 50
32 31
13 12
13 18
