51
107
0 1 0.5
14 4 0.0769231
1 0 0.166667
41 35 0.1
41 42 0.333333
15 8 0.0833333
15 4 0.0769231
16 3 0.0833333
33 34 0.142857
33 35 0.1
33 36 0.5
33 37 0.333333
33 38 0.166667
33 39 0.25
34 33 0.0555556
3 4 0.0769231
3 12 0.0769231
3 16 0.333333
3 25 0.25
42 40 0.333333
42 41 0.25
35 33 0.0555556
35 38 0.166667
35 41 0.25
35 44 0.166667
17 10 0.142857
17 19 0.125
18 13 0.25
18 12 0.0769231
4 3 0.0833333
4 12 0.0769231
4 14 0.5
36 33 0.0555556
19 17 0.25
19 9 0.166667
19 7 0.1
19 23 0.5
5 6 0.25
20 6 0.25
21 12 0.0769231
21 24 0.166667
21 27 0.2
21 31 0.0833333
21 50 0.111111
22 8 0.0833333
37 34 0.142857
37 33 0.0555556
6 5 0.166667
6 20 0.5
23 19 0.125
7 4 0.0769231
7 8 0.0833333
7 9 0.166667
7 26 0.25
8 4 0.0769231
8 7 0.1
8 10 0.142857
8 15 0.25
8 22 0.5
8 28 0.25
24 21 0.1
24 27 0.2
24 28 0.25
38 35 0.1
38 33 0.0555556
43 33 0.0555556
43 39 0.25
44 35 0.1
44 34 0.142857
44 38 0.166667
9 7 0.1
9 26 0.25
25 3 0.0833333
25 50 0.111111
26 7 0.1
26 9 0.166667
27 21 0.1
27 24 0.166667
45 46 0.5
39 34 0.142857
39 33 0.0555556
10 8 0.0833333
10 11 0.5
10 17 0.25
28 8 0.0833333
28 24 0.166667
46 45 0.25
11 10 0.142857
47 49 0.5
48 47 0.2
49 47 0.2
30 29 0.333333
12 4 0.0769231
12 3 0.0833333
12 13 0.25
12 21 0.1
50 31 0.0833333
50 25 0.25
50 21 0.1
31 21 0.1
31 9 0.166667
31 27 0.2
31 32 0.25
31 50 0.111111
32 31 0.0833333
13 12 0.0769231
13 18 0.333333
