60 46
60 44
60 64
18 10
38 39
38 42
38 45
38 55
61 50
39 38
39 51
39 52
39 62
0 5
0 15
0 26
1 8
1 20
1 31
19 7
19 21
19 33
40 42
20 1
20 8
20 31
21 7
21 19
2 1
2 4
2 14
2 23
2 29
41 38
41 39
41 44
41 46
41 47
41 58
41 63
41 64
62 38
62 39
22 5
63 58
63 41
63 69
23 2
23 14
23 3
23 6
23 16
23 25
23 28
3 1
3 6
3 7
3 17
3 23
3 24
3 34
42 40
42 38
42 43
42 56
43 40
43 42
43 47
43 50
24 9
24 3
24 6
44 41
44 47
44 60
4 2
4 16
4 29
64 60
64 41
64 46
64 69
5 0
5 22
25 23
6 3
6 9
6 23
6 34
26 0
26 15
26 30
27 13
45 38
45 39
45 52
45 55
65 56
65 68
28 23
29 16
29 14
29 2
29 4
30 26
30 11
66 53
66 49
66 47
7 3
7 12
7 19
7 21
7 33
67 48
67 54
67 49
46 44
46 41
46 47
46 58
46 60
46 64
8 1
8 31
68 56
68 65
69 44
69 64
69 41
69 63
9 6
9 3
9 17
9 24
9 34
10 4
10 18
31 8
31 1
31 20
47 46
47 44
47 41
47 43
47 48
47 53
47 59
70 50
71 54
71 48
71 49
11 7
11 30
48 38
48 47
48 49
48 54
48 67
48 71
49 48
49 51
49 54
49 66
49 71
12 7
32 13
50 43
50 61
50 70
33 7
33 19
72 73
13 12
13 27
13 32
51 49
51 39
51 48
34 6
34 9
34 3
34 17
73 72
73 74
52 39
52 41
52 45
52 57
74 73
53 47
53 66
54 48
54 49
54 67
54 71
14 2
14 16
14 29
55 45
55 39
55 38
56 42
56 50
56 65
56 68
15 0
15 26
57 52
16 2
16 4
16 14
16 23
16 29
58 41
58 46
59 47
59 53
36 37
37 36
17 9
17 3
