0
0.017408
0.124433
0.068063
0.039912
0
0.119927
0.019283
0.004626
0.019155
0
0
0.201446
1
0.111461
0
0.125968
0.021499
0
0.004565
0.004148
0.005539
0
1
0.01682
0.500757
0
0.500245
0.500508
0.046842
0
0.004033
0.500588
0.005596
0.028004
0
0
0
0.00844
0.006356
0.048175
0.063443
0.031625
0.26556
0.144875
0.00159
0.099194
1
0.084384
0.013886
1
0.004104
0.001105
0.254681
0.015679
0.001933
0.004546
0.000516
0.03353
0.333711
0.042355
0.499934
0.002147
0.013299
0.024445
0.00137
0.053164
0.019403
0.001372
0.005205
0.500229
0.017949
0
0
0
0
