1 2
2 1
3 4
3 5
3 37
3 66
4 3
4 8
4 9
4 18
4 32
4 39
4 61
5 3
5 6
5 26
5 62
6 5
6 7
6 10
6 11
6 12
6 13
6 16
6 55
7 6
8 4
9 4
9 14
9 20
9 25
9 33
9 34
9 35
9 50
9 52
10 6
10 7
10 20
10 53
11 6
11 7
11 28
11 55
12 6
13 6
13 64
14 9
14 15
14 17
14 31
14 38
14 56
15 14
15 38
15 56
16 6
16 11
16 7
16 44
16 59
16 65
17 14
17 21
18 4
18 39
18 61
19 14
19 22
19 36
19 40
19 58
20 9
20 10
20 23
20 43
20 54
21 17
22 19
22 27
22 41
22 45
23 20
24 49
25 9
26 5
27 22
28 11
28 6
28 55
29 20
29 46
29 53
29 64
30 60
31 19
31 15
31 14
31 42
32 4
32 18
32 61
32 80
33 9
33 34
33 52
34 9
34 33
35 9
35 34
36 19
36 47
37 3
38 14
38 15
38 56
39 18
39 4
39 51
40 19
41 22
42 31
43 20
43 54
44 16
44 59
45 27
45 22
46 29
47 36
49 24
50 9
50 34
51 39
52 9
52 33
52 63
53 10
53 29
53 57
53 64
54 43
54 20
55 28
55 6
55 11
56 15
56 38
56 14
57 53
57 64
58 19
59 16
59 44
60 30
61 4
61 18
61 32
62 5
63 52
64 13
64 29
64 53
64 57
65 3
65 16
66 3
67 69
67 70
67 71
68 72
69 67
69 70
69 71
70 69
70 67
71 69
71 67
72 68
73 17
73 72
74 77
75 76
75 79
76 75
76 78
77 74
78 76
79 75
80 18
80 75
80 32
80 81
81 80
82 84
82 85
82 88
82 90
82 127
83 95
83 103
83 110
83 111
83 134
84 82
84 89
84 113
84 137
85 82
85 92
85 130
86 108
86 114
86 129
87 96
87 106
87 119
87 123
88 82
88 91
88 102
88 116
88 122
88 126
88 128
88 132
88 135
88 136
89 84
90 82
90 127
91 90
91 88
91 100
91 117
92 85
92 97
92 127
93 89
93 98
93 131
93 138
94 86
94 101
95 83
95 134
96 87
97 92
98 93
98 103
99 85
100 91
100 142
101 94
101 125
102 88
102 132
102 136
103 83
103 98
104 83
104 94
104 141
105 88
105 124
106 87
107 88
107 106
107 109
108 86
108 101
108 140
109 107
110 83
110 95
110 111
110 115
111 83
111 110
112 118
113 84
114 86
115 110
115 95
115 84
115 83
116 105
116 88
117 91
117 88
118 112
119 87
122 88
123 87
124 105
125 101
126 88
127 90
127 82
127 92
128 88
128 122
128 102
128 126
129 114
129 86
130 85
131 93
132 102
132 88
133 101
133 125
134 83
134 95
135 89
135 84
135 88
136 88
136 102
137 84
138 93
139 85
140 108
141 104
142 100
144 145
145 144
147 149
149 147
