0
0
0
1
0.108847
0.15963
1
0.260544
0.018004
1
0.136337
0.15662
0.499312
0.167437
0.129296
0.019266
0.090757
0.01413
0.019389
1
0.101547
0.007079
0.111788
0.050775
0
0.500315
0.040176
0.045856
0.066073
0.004386
0
0.021453
0.017978
0.219087
0.28089
0.334593
0.125667
0.500748
0.023663
0.015526
0.50125
0.022503
0.010736
0.030452
0.0272
0.037469
0.002231
0.06289
0
0
0.333578
0.007689
0.148217
0.016446
0.030389
0.189071
0.026663
0.009488
0.250943
0.027182
0
0.022604
0.079899
0.074186
0.0232
0.022842
0.500104
0
0
0
0
0
0
0
0
0.000366
0.000105
0
3.3e-05
0.000125
0.002292
0.001131
0.15038
1
1
0.019532
0
1
1
0.14444
0.061608
0.143461
0.006552
0.003164
0
0.228951
0.250459
0.003314
0.027895
0
0.036098
0
0.225508
0.167351
0
0.012645
0.334004
0
0
0
0.173421
0.27678
0
0.499069
0
0.034802
0.125483
0.023916
0
0.500813
0
0
0.378233
0.500763
0.006248
0
0.378763
0.033848
0.199865
0
0.009736
0.000809
0.287577
0
0.287711
0.166716
0.287337
0.499939
0.001608
0
0
0
0.017929
0
0
0
0
0
0
0
0
0
