1 3
1 5
1 21
2 31
3 1
3 4
3 6
3 7
3 11
3 29
3 38
3 47
4 3
4 6
4 11
4 31
4 38
5 1
5 2
5 22
6 3
6 4
6 29
7 6
7 3
7 8
7 9
7 17
7 24
7 27
7 28
7 30
7 40
8 2
8 7
8 9
8 12
8 19
8 33
8 45
9 7
9 8
9 10
9 20
9 36
9 41
10 9
10 13
10 37
10 42
11 6
11 3
11 4
12 8
13 10
14 10
14 13
14 15
14 20
14 23
14 44
15 14
15 23
15 44
16 7
16 32
16 40
17 7
17 30
18 2
18 25
18 35
18 39
19 8
19 12
19 33
19 45
20 9
20 14
21 1
21 22
21 43
22 21
22 5
23 14
23 15
24 7
24 17
24 16
24 27
24 28
24 40
25 18
26 9
27 7
27 24
27 32
28 7
28 24
28 16
29 6
29 3
29 47
30 7
30 24
30 17
30 28
31 2
31 4
31 3
31 6
31 34
32 16
32 24
32 30
32 27
33 8
33 19
33 45
34 31
35 18
35 25
36 9
37 10
37 13
38 3
38 6
38 4
39 35
39 18
39 25
40 7
40 16
40 24
40 17
41 9
42 10
42 13
43 21
44 15
44 14
45 33
45 8
45 19
47 29
47 4
47 3
48 49
48 50
49 48
50 48
51 4
51 28
51 6
51 52
51 54
51 55
52 51
52 53
53 52
54 51
55 29
55 51
55 8
56 57
56 58
56 97
57 56
57 62
58 56
58 59
58 63
58 73
58 77
59 58
59 60
59 63
59 68
59 72
59 92
60 59
60 71
60 86
61 69
61 83
61 96
62 57
63 59
63 58
63 72
64 56
65 67
66 76
66 85
66 99
67 65
67 88
68 59
68 63
68 72
68 92
69 61
69 83
69 96
69 100
70 84
71 60
71 74
71 82
72 68
72 59
72 63
72 79
72 91
73 59
73 63
73 58
73 77
74 71
74 82
75 61
75 66
75 87
76 61
76 66
76 89
76 93
76 101
77 58
77 73
77 59
77 78
77 80
77 81
78 77
78 81
79 72
80 77
80 94
80 95
81 77
81 78
82 71
82 74
83 61
83 69
84 70
85 66
86 60
87 75
88 67
88 82
89 76
89 98
91 72
92 59
92 58
92 68
93 76
93 101
94 80
94 95
95 80
95 94
96 61
96 69
96 83
96 100
97 56
97 64
97 90
98 89
99 66
100 96
100 69
100 83
100 61
101 76
101 93
103 104
104 103
106 107
107 106
108 106
110 109
