0
0.003352
0.012527
0.05038
0.080988
0.000408
0.160029
1
0.11509
1
0.139236
0.025702
0.043003
0.192818
1
0.122097
0.06244
0.225376
0
0.021405
0.305553
0.0004
0.000163
0.270276
0.129834
0
0
0.183921
0.262756
0.048027
0.172398
0.009433
0.040139
0.024605
0.004685
0
0.500372
0.027958
0.025833
0
0.162799
0.50039
0.046738
0.000109
0.270576
0.024782
0
0.019086
0
0
0
1
0.100943
0.033689
0.500008
0.126351
0.001494
0.000187
0.01718
0.081337
0.008015
0.006991
9.5e-05
0.15111
0.000184
0
1
0
0.152947
0.001157
0
0.000737
1
0.002362
0.000207
0
0.077062
0.001428
0.000289
0.501949
0.000173
0.000436
0.00019
0.001478
0
0.50066
0.004014
0
0
0.010977
6.9e-05
0.500532
0.045313
0.023015
4.4e-05
5.4e-05
0.001085
0.000374
0.005324
0.500414
0.000351
0.023058
0
0
0
0
0
0
0
0
0
