0 1
0 2
1 0
2 0
3 4
3 5
3 8
3 11
3 42
4 3
4 17
4 19
5 3
5 6
5 10
5 15
6 5
6 9
6 12
6 14
6 15
6 32
6 39
7 18
7 22
7 26
7 53
8 3
8 13
8 17
8 19
8 21
8 28
8 40
9 6
9 16
9 46
9 49
10 5
11 3
12 6
12 9
12 16
12 46
13 8
13 12
14 6
14 9
14 46
14 49
15 6
15 5
15 41
15 47
16 6
16 9
16 12
16 7
16 23
16 24
16 27
16 29
16 34
16 38
16 51
16 56
17 8
17 4
17 36
18 7
19 8
19 4
19 25
19 35
20 30
20 45
21 8
22 7
22 26
22 31
22 44
22 53
22 56
23 16
24 16
24 29
24 32
24 38
25 19
25 50
26 7
26 22
26 44
27 16
27 29
27 33
27 34
28 8
29 27
29 16
29 24
30 20
30 4
31 7
31 22
31 26
31 44
32 6
32 24
32 37
32 43
33 27
33 16
33 29
33 24
34 29
34 16
34 27
34 38
35 19
35 25
35 50
36 17
37 32
38 16
38 34
38 23
38 24
38 51
39 6
39 12
40 8
41 15
42 8
42 3
42 27
43 32
44 31
44 22
44 26
44 7
44 53
45 20
46 12
46 9
46 14
47 15
47 30
48 16
48 29
48 33
48 23
49 14
49 6
49 9
50 35
50 19
50 25
51 16
51 38
52 12
53 44
53 7
53 22
53 26
53 31
56 35
56 22
56 16
56 57
56 60
56 61
57 56
57 58
57 59
58 57
58 62
58 63
59 57
59 58
60 56
61 60
61 56
62 58
63 58
65 66
66 65
67 68
67 72
67 82
67 85
67 110
67 113
67 114
68 67
68 69
68 70
68 88
68 95
68 96
68 104
69 68
69 70
69 88
69 95
69 96
69 104
69 107
70 68
70 69
70 76
70 78
70 84
71 73
71 83
71 86
71 97
71 103
71 112
72 70
72 67
72 68
72 81
72 98
73 71
73 74
73 83
73 86
73 87
73 112
74 73
74 71
74 75
74 90
74 102
74 110
75 74
75 102
76 70
76 78
77 74
77 79
77 80
78 70
78 76
79 77
80 77
81 72
81 98
82 67
82 114
83 71
83 73
83 91
84 70
84 78
84 76
85 67
85 113
85 114
86 71
86 73
86 93
86 103
86 112
87 73
87 71
87 89
87 103
87 112
88 69
88 68
88 96
88 99
89 87
89 71
89 108
90 83
90 74
90 94
90 100
90 109
90 115
91 83
93 86
93 73
94 90
94 100
94 101
94 115
95 68
95 69
95 105
96 68
96 88
96 69
96 99
96 107
97 87
97 71
97 93
98 72
98 81
99 68
99 88
99 69
99 96
100 90
100 94
100 109
101 94
101 100
101 90
102 74
102 75
102 110
103 71
103 86
103 87
104 68
104 69
104 111
105 95
105 85
105 82
105 106
106 105
107 68
107 96
107 69
108 89
109 90
109 100
110 85
110 102
110 74
110 67
111 107
111 69
111 104
112 73
112 86
112 87
112 71
113 85
113 67
114 67
114 82
114 85
115 101
115 100
115 90
115 94
116 117
117 116
120 71
120 121
120 122
120 124
121 120
121 123
122 120
123 120
123 121
124 120
125 126
125 127
126 125
127 125
