0
0
0
0.057516
0.022365
0.01253
0.105443
0.06545
1
0.123545
0.003123
0.019122
0.120369
0.2001
0.023602
0.011792
1
0.144252
0.03271
0.135246
0.000102
0.500351
0.082081
0.283219
0.238289
0.064856
0.020039
0.143598
0.500087
0.164833
0.000659
0.013597
1
0.017798
0.17693
0.182886
0.07203
0.500868
0.173693
0.03539
0.501019
0.00196
0.014316
0.500143
0.012757
6.1e-05
0.04216
0.003917
0
0.028494
0.033881
0.278953
0
0.0191
0
0
1
0.111363
0.007724
0.037315
0.407168
0.332865
0.001917
0.003909
0
0
0
1
0.134508
1
0.094248
1
0.111431
0.112026
0.016439
0.010278
0.019047
0
0.025208
0
0
0.021166
0.233752
0.092666
0.023696
0.182346
0.143363
0.056736
0.15521
0.007134
0.001205
0.046282
0
0.094591
0.000187
0.113004
0.141886
0.249889
0.021095
0.047813
0.00025
7.9e-05
0.026745
0.190368
0.183789
0.016224
0.005472
0.19016
0.003544
0.000363
0.144218
0.046157
0.15532
0.189746
0.216789
0.00022
0
0
0
0
0
0
0
0
0
0
0
0
