0 1
0 2
0 7
0 8
0 10
0 12
0 21
0 25
0 31
0 48
1 0
1 5
1 13
1 22
1 32
1 39
1 43
1 61
1 75
1 78
1 129
1 169
1 178
2 0
2 3
2 15
2 29
2 35
2 180
3 2
3 4
3 6
3 53
3 152
4 3
4 6
4 13
4 17
4 19
4 28
4 33
4 57
4 65
4 67
4 91
4 105
4 125
5 1
5 22
5 46
5 58
5 73
5 82
5 89
5 131
5 174
6 3
6 4
6 11
6 128
7 0
7 60
7 102
7 112
7 115
7 130
7 166
8 0
8 10
8 14
8 20
8 21
8 45
8 80
9 0
9 12
9 24
9 27
9 36
10 0
10 8
10 34
10 168
11 6
11 69
12 9
12 0
12 147
12 197
13 4
13 1
13 16
13 30
13 57
13 84
13 157
13 172
14 8
14 20
15 2
15 18
15 29
15 44
16 13
16 18
16 51
16 153
17 4
17 28
17 33
17 38
17 47
17 52
17 57
17 59
17 91
17 96
18 13
18 16
18 15
18 23
18 26
18 30
18 40
18 42
18 101
18 127
19 4
19 17
19 28
19 65
20 14
20 8
20 45
20 133
20 183
21 0
21 8
21 7
21 71
21 87
21 106
21 136
22 5
22 1
22 37
22 119
22 122
23 18
23 40
23 101
24 9
24 27
25 0
25 12
25 48
25 74
25 86
25 167
26 18
26 40
26 42
26 101
26 127
27 24
27 9
27 73
27 89
27 135
27 142
27 177
28 19
28 4
28 17
28 33
28 38
28 47
28 52
28 65
28 96
28 105
29 2
29 15
29 41
29 50
29 54
29 81
29 116
30 23
30 13
30 18
30 66
30 72
30 103
30 132
31 0
31 2
31 184
31 188
32 1
32 79
33 28
33 13
33 17
33 4
33 21
33 59
33 64
33 71
33 95
33 108
34 10
34 149
35 2
35 15
35 53
35 98
35 117
35 148
36 15
36 31
36 35
36 9
36 89
36 93
36 113
36 155
37 22
37 46
37 70
37 146
37 154
37 169
37 191
38 17
38 28
38 4
38 91
38 105
39 1
39 29
39 68
39 92
39 94
39 120
39 145
39 163
39 181
40 26
40 18
40 23
40 175
41 29
41 50
41 54
41 81
42 26
42 18
42 55
42 63
42 97
42 179
43 1
44 15
44 2
45 8
45 20
46 37
46 16
46 5
46 1
46 51
46 119
46 143
46 153
47 33
47 28
47 4
47 17
47 52
47 138
48 25
48 0
48 62
48 135
48 156
49 41
49 29
49 54
49 81
49 116
50 41
50 29
50 116
51 46
51 16
51 56
51 140
51 159
52 17
52 47
52 28
52 88
53 3
53 35
53 110
54 29
54 49
54 41
54 85
54 110
54 137
54 158
55 42
55 30
55 18
55 63
56 51
56 110
57 4
57 37
57 17
57 28
57 13
57 76
57 185
58 5
58 78
58 82
58 89
58 151
59 4
59 28
59 33
59 22
59 17
59 77
59 141
60 7
60 45
60 99
60 122
60 123
60 156
61 1
61 129
62 48
63 55
63 42
63 170
63 195
64 33
64 71
64 108
64 165
65 38
65 4
65 19
65 28
66 52
66 30
66 4
66 28
66 88
66 104
66 111
66 182
67 4
67 96
68 39
68 78
68 92
68 120
68 145
69 11
69 100
69 150
70 37
70 187
71 64
71 33
71 21
71 60
71 83
72 30
72 114
72 190
73 5
73 27
73 58
73 192
74 25
75 1
76 57
77 59
77 83
78 54
78 58
78 68
78 1
78 139
79 32
80 8
80 14
81 29
81 49
81 41
82 5
82 58
83 59
83 71
83 22
83 77
83 122
84 13
85 54
85 137
85 158
85 161
85 164
86 74
86 25
86 167
87 21
87 106
88 52
88 17
88 66
88 65
88 194
89 36
89 58
89 5
89 27
89 90
89 126
89 160
89 176
90 89
90 126
91 4
91 88
91 13
91 17
91 38
91 107
91 118
91 182
91 193
92 39
92 68
92 150
93 36
94 39
94 68
95 33
95 64
96 4
96 67
96 28
96 17
97 42
97 179
98 35
98 109
99 60
100 69
100 11
100 134
101 18
101 23
101 26
102 7
102 144
102 166
103 30
103 104
103 121
104 66
104 103
105 28
105 4
105 38
106 87
106 21
107 91
108 33
108 64
109 98
109 35
110 51
110 53
110 54
110 6
110 56
110 140
110 159
111 66
111 189
112 7
112 20
112 87
113 93
113 36
114 72
114 190
115 7
116 50
116 29
116 49
116 41
117 109
117 35
118 91
119 22
119 46
120 39
120 68
121 103
121 124
121 195
122 14
122 60
122 83
122 22
122 162
123 99
123 60
124 121
125 4
125 17
125 65
125 173
126 89
126 90
127 18
127 26
128 6
128 196
129 1
129 61
130 86
130 45
130 74
130 7
131 58
131 5
131 151
132 30
132 101
133 20
134 100
134 196
135 27
135 48
135 12
135 186
136 34
136 21
137 85
137 54
137 161
138 47
139 78
140 16
140 110
140 51
141 59
141 77
142 27
143 46
144 7
144 102
144 166
145 39
145 68
145 163
146 37
146 70
146 154
146 187
146 191
147 12
148 35
148 98
149 34
150 69
150 92
150 11
151 131
151 58
151 5
152 3
153 46
153 16
154 37
154 146
155 113
155 36
156 48
156 60
157 13
157 165
158 85
158 54
159 51
159 110
160 89
161 137
161 54
161 85
161 164
161 171
162 122
163 39
163 145
163 120
164 161
164 158
164 54
164 85
165 13
165 64
165 70
165 157
166 7
166 144
166 102
167 25
167 74
167 86
168 10
169 37
169 1
170 63
171 158
171 85
171 54
171 161
172 13
173 125
174 5
174 131
174 82
175 40
175 30
176 89
176 126
177 27
177 142
178 1
179 42
179 97
180 2
180 15
181 120
181 39
181 145
181 68
182 66
182 91
182 107
183 20
184 31
184 188
185 57
185 76
186 135
187 146
187 70
187 37
187 191
188 31
188 184
189 66
189 111
190 63
190 72
190 114
191 37
191 146
191 187
191 70
192 73
193 91
194 88
195 63
195 55
195 121
196 128
196 134
197 12
197 147
