198
693
0 1 0.0357143
0 2 0.0714286
0 7 0.0625
0 8 0.0714286
0 10 0.125
0 12 0.1
0 21 0.0714286
0 25 0.0909091
0 31 0.125
0 48 0.1
1 0 0.0384615
1 5 0.0526316
1 13 0.05
1 22 0.0833333
1 32 0.25
1 39 0.0588235
1 43 0.5
1 61 0.25
1 75 0.5
1 78 0.111111
1 129 0.25
1 169 0.25
1 178 0.5
2 0 0.0384615
2 3 0.1
2 15 0.0909091
2 29 0.0625
2 35 0.0769231
2 180 0.333333
3 2 0.0714286
3 4 0.0322581
3 6 0.111111
3 53 0.166667
3 152 0.5
4 3 0.1
4 6 0.111111
4 13 0.05
4 17 0.0416667
4 19 0.142857
4 28 0.0434783
4 33 0.0526316
4 57 0.0833333
4 65 0.111111
4 67 0.166667
4 91 0.0625
4 105 0.166667
4 125 0.166667
5 1 0.0357143
5 22 0.0833333
5 46 0.0714286
5 58 0.0833333
5 73 0.142857
5 82 0.2
5 89 0.0625
5 131 0.166667
5 174 0.25
6 3 0.1
6 4 0.0322581
6 11 0.166667
6 128 0.25
7 0 0.0384615
7 60 0.0833333
7 102 0.166667
7 112 0.25
7 115 0.5
7 130 0.2
7 166 0.166667
8 0 0.0384615
8 10 0.125
8 14 0.166667
8 20 0.0909091
8 21 0.0714286
8 45 0.166667
8 80 0.333333
9 0 0.0384615
9 12 0.1
9 24 0.25
9 27 0.0714286
9 36 0.0769231
10 0 0.0384615
10 8 0.0714286
10 34 0.2
10 168 0.5
11 6 0.111111
11 69 0.166667
12 9 0.111111
12 0 0.0384615
12 147 0.333333
12 197 0.333333
13 4 0.0322581
13 1 0.0357143
13 16 0.1
13 30 0.0666667
13 57 0.0833333
13 84 0.5
13 157 0.25
13 172 0.5
14 8 0.0714286
14 20 0.0909091
15 2 0.0714286
15 18 0.0454545
15 29 0.0625
15 44 0.333333
16 13 0.05
16 18 0.0454545
16 51 0.0909091
16 153 0.25
17 4 0.0322581
17 28 0.0434783
17 33 0.0526316
17 38 0.1
17 47 0.1
17 52 0.111111
17 57 0.0833333
17 59 0.0769231
17 91 0.0625
17 96 0.142857
18 13 0.05
18 16 0.1
18 15 0.0909091
18 23 0.142857
18 26 0.1
18 30 0.0666667
18 40 0.125
18 42 0.0833333
18 101 0.142857
18 127 0.25
19 4 0.0322581
19 17 0.0416667
19 28 0.0434783
19 65 0.111111
20 14 0.166667
20 8 0.0714286
20 45 0.166667
20 133 0.5
20 183 0.5
21 0 0.0384615
21 8 0.0714286
21 7 0.0625
21 71 0.111111
21 87 0.2
21 106 0.25
21 136 0.333333
22 5 0.0526316
22 1 0.0357143
22 37 0.0625
22 119 0.25
22 122 0.111111
23 18 0.0454545
23 40 0.125
23 101 0.142857
24 9 0.111111
24 27 0.0714286
25 0 0.0384615
25 12 0.1
25 48 0.1
25 74 0.2
25 86 0.166667
25 167 0.2
26 18 0.0454545
26 40 0.125
26 42 0.0833333
26 101 0.142857
26 127 0.25
27 24 0.25
27 9 0.111111
27 73 0.142857
27 89 0.0625
27 135 0.142857
27 142 0.333333
27 177 0.333333
28 19 0.142857
28 4 0.0322581
28 17 0.0416667
28 33 0.0526316
28 38 0.1
28 47 0.1
28 52 0.111111
28 65 0.111111
28 96 0.142857
28 105 0.166667
29 2 0.0714286
29 15 0.0909091
29 41 0.1
29 50 0.166667
29 54 0.0555556
29 81 0.166667
29 116 0.142857
30 23 0.142857
30 13 0.05
30 18 0.0454545
30 66 0.0714286
30 72 0.166667
30 103 0.166667
30 132 0.333333
31 0 0.0384615
31 2 0.0714286
31 184 0.25
31 188 0.25
32 1 0.0357143
32 79 0.5
33 28 0.0434783
33 13 0.05
33 17 0.0416667
33 4 0.0322581
33 21 0.0714286
33 59 0.0769231
33 64 0.111111
33 71 0.111111
33 95 0.333333
33 108 0.25
34 10 0.125
34 149 0.5
35 2 0.0714286
35 15 0.0909091
35 53 0.166667
35 98 0.2
35 117 0.333333
35 148 0.333333
36 15 0.0909091
36 31 0.125
36 35 0.0769231
36 9 0.111111
36 89 0.0625
36 93 0.333333
36 113 0.25
36 155 0.333333
37 22 0.0833333
37 46 0.0714286
37 70 0.142857
37 146 0.111111
37 154 0.25
37 169 0.25
37 191 0.142857
38 17 0.0416667
38 28 0.0434783
38 4 0.0322581
38 91 0.0625
38 105 0.166667
39 1 0.0357143
39 29 0.0625
39 68 0.0769231
39 92 0.125
39 94 0.333333
39 120 0.125
39 145 0.142857
39 163 0.2
39 181 0.2
40 26 0.1
40 18 0.0454545
40 23 0.142857
40 175 0.333333
41 29 0.0625
41 50 0.166667
41 54 0.0555556
41 81 0.166667
42 26 0.1
42 18 0.0454545
42 55 0.111111
42 63 0.111111
42 97 0.25
42 179 0.25
43 1 0.0357143
44 15 0.0909091
44 2 0.0714286
45 8 0.0714286
45 20 0.0909091
46 37 0.0625
46 16 0.1
46 5 0.0526316
46 1 0.0357143
46 51 0.0909091
46 119 0.25
46 143 0.5
46 153 0.25
47 33 0.0526316
47 28 0.0434783
47 4 0.0322581
47 17 0.0416667
47 52 0.111111
47 138 0.5
48 25 0.0909091
48 0 0.0384615
48 62 0.5
48 135 0.142857
48 156 0.25
49 41 0.1
49 29 0.0625
49 54 0.0555556
49 81 0.166667
49 116 0.142857
50 41 0.1
50 29 0.0625
50 116 0.142857
51 46 0.0714286
51 16 0.1
51 56 0.25
51 140 0.2
51 159 0.25
52 17 0.0416667
52 47 0.1
52 28 0.0434783
52 88 0.111111
53 3 0.1
53 35 0.0769231
53 110 0.0833333
54 29 0.0625
54 49 0.125
54 41 0.1
54 85 0.0909091
54 110 0.0833333
54 137 0.166667
54 158 0.166667
55 42 0.0833333
55 30 0.0666667
55 18 0.0454545
55 63 0.111111
56 51 0.0909091
56 110 0.0833333
57 4 0.0322581
57 37 0.0625
57 17 0.0416667
57 28 0.0434783
57 13 0.05
57 76 0.333333
57 185 0.333333
58 5 0.0526316
58 78 0.111111
58 82 0.2
58 89 0.0625
58 151 0.166667
59 4 0.0322581
59 28 0.0434783
59 33 0.0526316
59 22 0.0833333
59 17 0.0416667
59 77 0.2
59 141 0.333333
60 7 0.0625
60 45 0.166667
60 99 0.333333
60 122 0.111111
60 123 0.333333
60 156 0.25
61 1 0.0357143
61 129 0.25
62 48 0.1
63 55 0.111111
63 42 0.0833333
63 170 0.5
63 195 0.2
64 33 0.0526316
64 71 0.111111
64 108 0.25
64 165 0.166667
65 38 0.1
65 4 0.0322581
65 19 0.142857
65 28 0.0434783
66 52 0.111111
66 30 0.0666667
66 4 0.0322581
66 28 0.0434783
66 88 0.111111
66 104 0.2
66 111 0.2
66 182 0.2
67 4 0.0322581
67 96 0.142857
68 39 0.0588235
68 78 0.111111
68 92 0.125
68 120 0.125
68 145 0.142857
69 11 0.166667
69 100 0.2
69 150 0.2
70 37 0.0625
70 187 0.142857
71 64 0.111111
71 33 0.0526316
71 21 0.0714286
71 60 0.0833333
71 83 0.125
72 30 0.0666667
72 114 0.25
72 190 0.2
73 5 0.0526316
73 27 0.0714286
73 58 0.0833333
73 192 0.5
74 25 0.0909091
75 1 0.0357143
76 57 0.0833333
77 59 0.0769231
77 83 0.125
78 54 0.0555556
78 58 0.0833333
78 68 0.0769231
78 1 0.0357143
78 139 0.5
79 32 0.25
80 8 0.0714286
80 14 0.166667
81 29 0.0625
81 49 0.125
81 41 0.1
82 5 0.0526316
82 58 0.0833333
83 59 0.0769231
83 71 0.111111
83 22 0.0833333
83 77 0.2
83 122 0.111111
84 13 0.05
85 54 0.0555556
85 137 0.166667
85 158 0.166667
85 161 0.111111
85 164 0.166667
86 74 0.2
86 25 0.0909091
86 167 0.2
87 21 0.0714286
87 106 0.25
88 52 0.111111
88 17 0.0416667
88 66 0.0714286
88 65 0.111111
88 194 0.5
89 36 0.0769231
89 58 0.0833333
89 5 0.0526316
89 27 0.0714286
89 90 0.166667
89 126 0.2
89 160 0.5
89 176 0.333333
90 89 0.0625
90 126 0.2
91 4 0.0322581
91 88 0.111111
91 13 0.05
91 17 0.0416667
91 38 0.1
91 107 0.333333
91 118 0.5
91 182 0.2
91 193 0.5
92 39 0.0588235
92 68 0.0769231
92 150 0.2
93 36 0.0769231
94 39 0.0588235
94 68 0.0769231
95 33 0.0526316
95 64 0.111111
96 4 0.0322581
96 67 0.166667
96 28 0.0434783
96 17 0.0416667
97 42 0.0833333
97 179 0.25
98 35 0.0769231
98 109 0.25
99 60 0.0833333
100 69 0.166667
100 11 0.166667
100 134 0.25
101 18 0.0454545
101 23 0.142857
101 26 0.1
102 7 0.0625
102 144 0.2
102 166 0.166667
103 30 0.0666667
103 104 0.2
103 121 0.166667
104 66 0.0714286
104 103 0.166667
105 28 0.0434783
105 4 0.0322581
105 38 0.1
106 87 0.2
106 21 0.0714286
107 91 0.0625
108 33 0.0526316
108 64 0.111111
109 98 0.2
109 35 0.0769231
110 51 0.0909091
110 53 0.166667
110 54 0.0555556
110 6 0.111111
110 56 0.25
110 140 0.2
110 159 0.25
111 66 0.0714286
111 189 0.333333
112 7 0.0625
112 20 0.0909091
112 87 0.2
113 93 0.333333
113 36 0.0769231
114 72 0.166667
114 190 0.2
115 7 0.0625
116 50 0.166667
116 29 0.0625
116 49 0.125
116 41 0.1
117 109 0.25
117 35 0.0769231
118 91 0.0625
119 22 0.0833333
119 46 0.0714286
120 39 0.0588235
120 68 0.0769231
121 103 0.166667
121 124 0.5
121 195 0.2
122 14 0.166667
122 60 0.0833333
122 83 0.125
122 22 0.0833333
122 162 0.5
123 99 0.333333
123 60 0.0833333
124 121 0.166667
125 4 0.0322581
125 17 0.0416667
125 65 0.111111
125 173 0.5
126 89 0.0625
126 90 0.166667
127 18 0.0454545
127 26 0.1
128 6 0.111111
128 196 0.25
129 1 0.0357143
129 61 0.25
130 86 0.166667
130 45 0.166667
130 74 0.2
130 7 0.0625
131 58 0.0833333
131 5 0.0526316
131 151 0.166667
132 30 0.0666667
132 101 0.142857
133 20 0.0909091
134 100 0.2
134 196 0.25
135 27 0.0714286
135 48 0.1
135 12 0.1
135 186 0.5
136 34 0.2
136 21 0.0714286
137 85 0.0909091
137 54 0.0555556
137 161 0.111111
138 47 0.1
139 78 0.111111
140 16 0.1
140 110 0.0833333
140 51 0.0909091
141 59 0.0769231
141 77 0.2
142 27 0.0714286
143 46 0.0714286
144 7 0.0625
144 102 0.166667
144 166 0.166667
145 39 0.0588235
145 68 0.0769231
145 163 0.2
146 37 0.0625
146 70 0.142857
146 154 0.25
146 187 0.142857
146 191 0.142857
147 12 0.1
148 35 0.0769231
148 98 0.2
149 34 0.2
150 69 0.166667
150 92 0.125
150 11 0.166667
151 131 0.166667
151 58 0.0833333
151 5 0.0526316
152 3 0.1
153 46 0.0714286
153 16 0.1
154 37 0.0625
154 146 0.111111
155 113 0.25
155 36 0.0769231
156 48 0.1
156 60 0.0833333
157 13 0.05
157 165 0.166667
158 85 0.0909091
158 54 0.0555556
159 51 0.0909091
159 110 0.0833333
160 89 0.0625
161 137 0.166667
161 54 0.0555556
161 85 0.0909091
161 164 0.166667
161 171 0.2
162 122 0.111111
163 39 0.0588235
163 145 0.142857
163 120 0.125
164 161 0.111111
164 158 0.166667
164 54 0.0555556
164 85 0.0909091
165 13 0.05
165 64 0.111111
165 70 0.142857
165 157 0.25
166 7 0.0625
166 144 0.2
166 102 0.166667
167 25 0.0909091
167 74 0.2
167 86 0.166667
168 10 0.125
169 37 0.0625
169 1 0.0357143
170 63 0.111111
171 158 0.166667
171 85 0.0909091
171 54 0.0555556
171 161 0.111111
172 13 0.05
173 125 0.166667
174 5 0.0526316
174 131 0.166667
174 82 0.2
175 40 0.125
175 30 0.0666667
176 89 0.0625
176 126 0.2
177 27 0.0714286
177 142 0.333333
178 1 0.0357143
179 42 0.0833333
179 97 0.25
180 2 0.0714286
180 15 0.0909091
181 120 0.125
181 39 0.0588235
181 145 0.142857
181 68 0.0769231
182 66 0.0714286
182 91 0.0625
182 107 0.333333
183 20 0.0909091
184 31 0.125
184 188 0.25
185 57 0.0833333
185 76 0.333333
186 135 0.142857
187 146 0.111111
187 70 0.142857
187 37 0.0625
187 191 0.142857
188 31 0.125
188 184 0.25
189 66 0.0714286
189 111 0.2
190 63 0.111111
190 72 0.166667
190 114 0.25
191 37 0.0625
191 146 0.111111
191 187 0.142857
191 70 0.142857
192 73 0.142857
193 91 0.0625
194 88 0.111111
195 63 0.111111
195 55 0.111111
195 121 0.166667
196 128 0.25
196 134 0.25
197 12 0.1
197 147 0.333333
