0.100896
1
0.047622
0.11576
1
0.123358
0.12306
1
0.109749
0.2361
0.026652
0.020715
0.049106
0.246063
0.187777
0.183361
0.239884
0.156436
1
0.174875
1
0.098095
0.126857
0.190412
0.290845
0.019101
0.158238
1
0.129573
0.018623
0.087983
0.136856
0.251371
1
0.011607
0.081424
1
0.091517
0.155313
0.059895
0.160303
0.003693
0.095794
0.499284
0.060961
0.219705
1
0.032246
0.028337
0.001836
0.003999
0.110649
0.048995
0.033394
0.008218
0.011962
0.029129
0.113593
0.046749
0.089725
0.096768
0.29778
0.014179
0.012371
0.181122
0.166211
0.028819
0.172511
0.017364
0.003774
0.022497
0.137893
0.01455
0.157284
0.050121
0.500248
0.046491
0.026525
0.116169
0.125839
0.036655
0.003827
0.037405
0.023172
0.123393
0.001015
0.036355
0.072113
0.11727
0.130243
0.026376
1
0.009542
0.403265
0.020019
0.333696
0.062847
0.028517
0.021641
0.039416
0.001081
0.183987
0.194462
0.015596
0.008609
0.201951
0.039853
0.37898
0.279464
0.011626
0.00972
0.005821
0.250608
0.314016
0.00419
0.501058
0.003256
0.027312
0.500445
0.270489
0.012411
0.002959
0.026957
0.032453
0.001531
0.16654
0.036607
0.275959
0.030703
0.297712
0.200516
0.025882
0.029253
0.500774
0.002032
0.144518
0.032851
0.001454
0.016259
0.058122
0.023492
0.029663
0.408342
0.500367
0.073597
0.013709
0.014196
0.020041
0.027369
0.005876
0.002514
0.011702
0.058239
0.291602
0.025165
0.333308
0.030363
0.068783
0.001578
0.029181
0.065414
0.00029
0.013543
0.014024
0.000216
0.039677
0.194298
0.010669
0.013315
0.26485
0.006189
6.5e-05
0.122928
0.083447
0.031147
0.053689
0.043497
0.334103
0.50029
0.028559
0.015897
0.012008
0.202594
0.500338
0.040491
0.037896
0.072335
0.006982
0.040779
0.00183
0.003374
0.015217
0.078548
0.500262
0.058859
0.003042
0.007614
0.016312
