0 1
0 6
0 8
0 10
0 19
0 50
0 63
0 64
0 178
1 0
1 2
1 9
1 12
1 16
1 83
1 97
1 120
1 125
2 1
2 3
2 4
2 7
2 21
2 25
2 32
2 42
2 78
2 101
2 159
3 2
3 5
3 17
3 37
3 42
3 43
4 2
4 28
4 45
4 119
4 128
5 3
5 21
5 109
6 0
6 36
6 69
6 87
6 139
6 180
7 2
7 8
7 11
7 13
7 14
7 15
7 51
7 58
7 67
7 102
7 111
8 7
8 0
8 24
8 86
8 114
8 127
8 192
9 1
9 4
9 18
9 30
9 83
9 116
9 146
9 162
10 0
10 8
10 26
10 106
10 135
11 7
11 14
11 22
11 27
11 34
11 74
11 133
11 156
12 1
12 39
12 45
13 7
13 11
13 97
13 151
13 193
14 7
14 11
14 92
14 99
14 104
14 118
14 143
14 144
14 154
15 7
15 40
15 60
16 1
16 10
17 3
17 20
17 89
17 140
18 9
18 124
19 0
19 23
19 26
19 29
20 17
20 66
21 5
21 3
21 2
21 22
21 161
22 13
22 11
22 21
22 28
22 33
22 65
22 82
22 153
23 19
23 52
23 56
23 178
23 184
23 191
24 8
24 30
24 57
24 73
24 84
24 164
25 2
25 32
26 10
26 19
27 11
27 34
27 71
27 74
27 133
28 22
28 17
28 4
28 54
28 88
28 101
28 128
29 19
29 62
29 95
29 121
29 179
30 24
30 13
30 9
30 31
30 35
30 38
30 197
31 30
31 35
31 47
31 197
32 2
32 25
32 177
32 186
33 22
33 142
33 189
34 11
34 27
34 76
34 100
35 30
35 31
35 44
35 68
35 90
35 91
35 129
35 170
35 181
36 6
36 139
36 180
36 195
37 3
37 61
38 30
38 31
39 12
39 135
40 15
41 3
41 2
41 21
41 159
42 3
42 2
42 48
42 126
42 182
43 3
43 49
43 53
43 55
43 109
44 35
44 68
44 90
44 91
44 148
44 176
45 4
45 12
45 39
45 77
46 8
46 70
47 35
47 31
47 98
47 132
48 42
49 43
49 53
49 55
49 109
49 115
50 0
51 7
52 23
52 56
52 59
52 62
52 184
53 43
53 49
53 66
53 81
53 171
54 28
54 4
54 60
54 77
55 43
55 49
55 115
56 23
56 0
56 52
57 24
58 7
59 52
59 23
59 62
59 70
60 54
60 15
60 96
61 25
61 37
61 72
61 117
61 163
62 23
62 52
62 29
62 59
63 6
63 0
63 19
64 0
65 22
65 82
66 20
66 53
67 27
67 13
67 58
67 7
67 82
67 94
67 108
67 138
67 175
67 187
67 188
68 35
68 44
68 41
68 127
68 129
68 157
69 0
69 6
69 85
69 168
70 59
70 52
70 46
70 155
70 191
71 13
71 27
71 11
71 75
71 103
71 134
71 143
72 61
72 163
73 24
73 57
73 78
74 11
74 27
75 71
75 103
76 34
76 100
76 120
77 45
77 54
77 122
78 35
78 73
78 2
78 32
78 131
78 160
79 15
79 20
80 25
80 48
81 66
81 53
81 33
82 22
82 65
82 67
82 34
82 173
82 187
83 45
83 9
83 1
83 124
84 24
84 9
84 73
84 93
84 112
84 137
84 145
85 69
86 8
87 6
87 135
87 147
88 28
88 101
88 130
89 17
90 35
90 44
90 148
91 35
91 44
92 14
92 99
92 104
92 136
92 144
92 149
92 154
93 84
93 145
94 67
94 138
94 175
95 29
95 121
96 60
97 71
97 1
97 69
97 13
97 158
97 167
98 47
98 86
98 38
98 107
99 14
99 92
99 104
100 34
100 76
101 2
101 88
101 28
101 60
101 119
101 140
102 7
103 75
103 71
104 14
104 92
104 99
104 118
104 136
105 26
106 10
106 123
106 165
107 98
107 8
107 141
108 67
109 55
109 43
109 5
109 49
110 8
110 46
110 86
110 192
111 7
111 66
111 144
112 84
112 93
112 113
113 84
113 93
113 112
113 137
113 145
114 86
114 8
115 49
115 55
115 43
116 9
116 162
117 61
117 163
118 104
118 14
118 136
118 144
119 101
119 4
120 1
120 71
120 76
120 75
120 152
120 169
121 29
121 95
121 179
122 77
123 106
123 165
123 166
124 83
124 18
125 1
126 42
126 48
127 68
127 8
127 110
127 86
128 28
128 4
129 8
129 30
129 35
129 68
129 174
129 191
130 28
130 88
131 78
131 160
132 47
133 27
133 11
134 71
135 10
135 39
135 87
136 104
136 92
136 118
136 190
137 84
137 113
138 67
138 94
139 6
139 36
140 101
140 17
141 107
142 33
143 14
143 104
143 118
143 71
144 14
144 118
144 92
144 111
144 150
145 93
145 84
145 113
146 9
146 116
147 87
148 90
148 35
148 44
148 181
149 92
149 118
149 104
149 14
150 144
151 13
152 120
152 169
153 22
154 92
154 14
154 104
155 70
156 11
156 74
157 68
158 97
159 41
159 2
160 78
160 131
161 21
161 172
162 90
162 35
162 116
162 9
163 117
163 61
163 72
164 24
165 123
165 106
165 166
166 106
166 123
166 165
167 97
167 0
167 194
168 69
169 120
169 152
170 35
170 90
171 53
171 81
172 161
173 82
174 129
175 67
175 94
176 148
176 35
176 90
176 44
176 181
177 32
177 186
178 0
178 23
178 52
178 59
179 121
179 29
179 95
180 36
180 6
180 195
181 176
181 35
181 148
182 42
182 48
183 140
183 37
183 17
184 52
184 23
185 66
185 53
186 32
186 177
187 169
187 173
187 82
187 120
187 67
188 67
189 33
190 165
190 107
190 110
190 136
191 23
191 129
191 19
191 70
192 8
192 114
192 110
193 13
193 196
194 167
195 6
195 139
195 36
195 180
196 13
196 193
197 30
197 31
