1
1
1
0.098363
0.099047
0.047961
0.090736
1
0.121615
0.13527
0.134272
0.191693
0.172542
0.268458
0.161895
0.144652
0.333974
0.021395
0.043004
0.129011
0.010527
0.198196
1
0.02566
0.117391
0.18428
0.051197
0.196546
0.08765
0.013748
0.096859
0.124711
0.13918
0.142694
0.066373
1
0.015202
0.019678
0.025333
0.048661
0.072484
0.059622
0.109324
0.009757
0.126092
0.052866
0.004234
0.017747
0.030993
0.002359
0.500943
0.499867
0.019384
0.003982
0.018716
0.002822
0.008799
0.097489
0.556405
0.02416
0.036706
0.002223
0.007957
0.250818
0.501247
0.286005
0.032135
1
0.11078
0.027044
0.005228
1
0.000641
0.193958
0.084048
0.255417
0.029346
0.011483
0.116861
0
0
0.001012
0.206011
0.158774
1
0.013581
0.032796
0.019952
0.030714
0.010773
0.163548
0.270797
1
0.22857
0.233978
0.003622
0.018413
0.12484
0.003801
0.208094
0.022435
0.100618
0.501078
0.291327
0.156482
0
0.020106
0.005581
0.500924
0.008227
0.011662
0.220135
0.209868
0.07853
0.035083
0.000953
0.038001
0.000639
0.093659
0.048391
0.099964
0.003102
0.005763
0.004629
0.047399
0.499535
0.022032
0.03774
0.044947
0.110506
0.010427
0.034883
0.008758
0.092435
0.500749
0.031678
0.150488
0.260561
0.288053
0.020986
0.02381
0.002761
0.071647
0.188452
0.140065
0.202282
0.045472
0.009998
0.054297
0.200903
0.070047
0.134499
0.033208
0.500985
0.225378
0.002561
0.063934
0.055615
0.062709
0.254605
0.034894
0.049252
0.027512
0.000539
0.058822
0.007397
0.002369
0.024918
0.013572
0.040121
0.333314
0.001342
0.024585
0.11624
0.055319
0.288779
0.035826
0.041352
0.168519
0.003157
0.017043
0.13164
0.036373
0
0.010898
0
0.041326
0.166077
0.500473
0.071342
0.030229
0.019742
0.025838
0.067306
0.012526
0.00514
0.022478
0.052739
