198
658
0 1 0.0526316
0 6 0.0714286
0 8 0.0526316
0 10 0.1
0 19 0.1
0 50 0.5
0 63 0.25
0 64 0.5
0 178 0.166667
1 0 0.0384615
1 2 0.0434783
1 9 0.0625
1 12 0.166667
1 16 0.333333
1 83 0.142857
1 97 0.1
1 120 0.0833333
1 125 0.5
2 1 0.0526316
2 3 0.0714286
2 4 0.0769231
2 7 0.0454545
2 21 0.1
2 25 0.166667
2 32 0.111111
2 42 0.1
2 78 0.1
2 101 0.0909091
2 159 0.25
3 2 0.0434783
3 5 0.166667
3 17 0.1
3 37 0.2
3 42 0.1
3 43 0.0909091
4 2 0.0434783
4 28 0.0714286
4 45 0.125
4 119 0.25
4 128 0.25
5 3 0.0714286
5 21 0.1
5 109 0.142857
6 0 0.0384615
6 36 0.125
6 69 0.125
6 87 0.166667
6 139 0.2
6 180 0.166667
7 2 0.0434783
7 8 0.0526316
7 11 0.0555556
7 13 0.0714286
7 14 0.0526316
7 15 0.142857
7 51 0.5
7 58 0.333333
7 67 0.0526316
7 102 0.5
7 111 0.2
8 7 0.0454545
8 0 0.0384615
8 24 0.0833333
8 86 0.166667
8 114 0.25
8 127 0.166667
8 192 0.2
9 1 0.0526316
9 4 0.0769231
9 18 0.25
9 30 0.0666667
9 83 0.142857
9 116 0.2
9 146 0.333333
9 162 0.166667
10 0 0.0384615
10 8 0.0526316
10 26 0.2
10 106 0.142857
10 135 0.166667
11 7 0.0454545
11 14 0.0526316
11 22 0.0666667
11 27 0.0909091
11 34 0.111111
11 74 0.2
11 133 0.25
11 156 0.333333
12 1 0.0526316
12 39 0.2
12 45 0.125
13 7 0.0454545
13 11 0.0555556
13 97 0.1
13 151 0.5
13 193 0.25
14 7 0.0454545
14 11 0.0555556
14 92 0.0714286
14 99 0.166667
14 104 0.0769231
14 118 0.1
14 143 0.166667
14 144 0.1
14 154 0.2
15 7 0.0454545
15 40 0.5
15 60 0.142857
16 1 0.0526316
16 10 0.1
17 3 0.0714286
17 20 0.2
17 89 0.5
17 140 0.2
18 9 0.0625
18 124 0.25
19 0 0.0384615
19 23 0.0714286
19 26 0.2
19 29 0.1
20 17 0.1
20 66 0.142857
21 5 0.166667
21 3 0.0714286
21 2 0.0434783
21 22 0.0666667
21 161 0.25
22 13 0.0714286
22 11 0.0555556
22 21 0.1
22 28 0.0714286
22 33 0.142857
22 65 0.25
22 82 0.0909091
22 153 0.5
23 19 0.1
23 52 0.0833333
23 56 0.2
23 178 0.166667
23 184 0.25
23 191 0.142857
24 8 0.0526316
24 30 0.0666667
24 57 0.333333
24 73 0.166667
24 84 0.0769231
24 164 0.5
25 2 0.0434783
25 32 0.111111
26 10 0.1
26 19 0.1
27 11 0.0555556
27 34 0.111111
27 71 0.0714286
27 74 0.2
27 133 0.25
28 22 0.0666667
28 17 0.1
28 4 0.0769231
28 54 0.142857
28 88 0.166667
28 101 0.0909091
28 128 0.25
29 19 0.1
29 62 0.142857
29 95 0.2
29 121 0.166667
29 179 0.2
30 24 0.0833333
30 13 0.0714286
30 9 0.0625
30 31 0.111111
30 35 0.0416667
30 38 0.25
30 197 0.25
31 30 0.0666667
31 35 0.0416667
31 47 0.142857
31 197 0.25
32 2 0.0434783
32 25 0.166667
32 177 0.25
32 186 0.25
33 22 0.0666667
33 142 0.5
33 189 0.5
34 11 0.0555556
34 27 0.0909091
34 76 0.166667
34 100 0.25
35 30 0.0666667
35 31 0.111111
35 44 0.0833333
35 68 0.0909091
35 90 0.111111
35 91 0.25
35 129 0.1
35 170 0.333333
35 181 0.125
36 6 0.0714286
36 139 0.2
36 180 0.166667
36 195 0.166667
37 3 0.0714286
37 61 0.111111
38 30 0.0666667
38 31 0.111111
39 12 0.166667
39 135 0.166667
40 15 0.142857
41 3 0.0714286
41 2 0.0434783
41 21 0.1
41 159 0.25
42 3 0.0714286
42 2 0.0434783
42 48 0.2
42 126 0.2
42 182 0.333333
43 3 0.0714286
43 49 0.1
43 53 0.0909091
43 55 0.142857
43 109 0.142857
44 35 0.0416667
44 68 0.0909091
44 90 0.111111
44 91 0.25
44 148 0.125
44 176 0.142857
45 4 0.0769231
45 12 0.166667
45 39 0.2
45 77 0.166667
46 8 0.0526316
46 70 0.111111
47 35 0.0416667
47 31 0.111111
47 98 0.166667
47 132 0.5
48 42 0.1
49 43 0.0909091
49 53 0.0909091
49 55 0.142857
49 109 0.142857
49 115 0.2
50 0 0.0384615
51 7 0.0454545
52 23 0.0714286
52 56 0.2
52 59 0.125
52 62 0.142857
52 184 0.25
53 43 0.0909091
53 49 0.1
53 66 0.142857
53 81 0.2
53 171 0.333333
54 28 0.0714286
54 4 0.0769231
54 60 0.142857
54 77 0.166667
55 43 0.0909091
55 49 0.1
55 115 0.2
56 23 0.0714286
56 0 0.0384615
56 52 0.0833333
57 24 0.0833333
58 7 0.0454545
59 52 0.0833333
59 23 0.0714286
59 62 0.142857
59 70 0.111111
60 54 0.142857
60 15 0.142857
60 96 0.5
61 25 0.166667
61 37 0.2
61 72 0.25
61 117 0.25
61 163 0.166667
62 23 0.0714286
62 52 0.0833333
62 29 0.1
62 59 0.125
63 6 0.0714286
63 0 0.0384615
63 19 0.1
64 0 0.0384615
65 22 0.0666667
65 82 0.0909091
66 20 0.2
66 53 0.0909091
67 27 0.0909091
67 13 0.0714286
67 58 0.333333
67 7 0.0454545
67 82 0.0909091
67 94 0.166667
67 108 0.5
67 138 0.25
67 175 0.25
67 187 0.142857
67 188 0.5
68 35 0.0416667
68 44 0.0833333
68 41 0.166667
68 127 0.166667
68 129 0.1
68 157 0.5
69 0 0.0384615
69 6 0.0714286
69 85 0.5
69 168 0.5
70 59 0.125
70 52 0.0833333
70 46 0.25
70 155 0.5
70 191 0.142857
71 13 0.0714286
71 27 0.0909091
71 11 0.0555556
71 75 0.2
71 103 0.25
71 134 0.5
71 143 0.166667
72 61 0.111111
72 163 0.166667
73 24 0.0833333
73 57 0.333333
73 78 0.1
74 11 0.0555556
74 27 0.0909091
75 71 0.0714286
75 103 0.25
76 34 0.111111
76 100 0.25
76 120 0.0833333
77 45 0.125
77 54 0.142857
77 122 0.5
78 35 0.0416667
78 73 0.166667
78 2 0.0434783
78 32 0.111111
78 131 0.25
78 160 0.25
79 15 0.142857
79 20 0.2
80 25 0.166667
80 48 0.2
81 66 0.142857
81 53 0.0909091
81 33 0.142857
82 22 0.0666667
82 65 0.25
82 67 0.0526316
82 34 0.111111
82 173 0.333333
82 187 0.142857
83 45 0.125
83 9 0.0625
83 1 0.0526316
83 124 0.25
84 24 0.0833333
84 9 0.0625
84 73 0.166667
84 93 0.166667
84 112 0.2
84 137 0.25
84 145 0.166667
85 69 0.125
86 8 0.0526316
87 6 0.0714286
87 135 0.166667
87 147 0.5
88 28 0.0714286
88 101 0.0909091
88 130 0.333333
89 17 0.1
90 35 0.0416667
90 44 0.0833333
90 148 0.125
91 35 0.0416667
91 44 0.0833333
92 14 0.0526316
92 99 0.166667
92 104 0.0769231
92 136 0.125
92 144 0.1
92 149 0.2
92 154 0.2
93 84 0.0769231
93 145 0.166667
94 67 0.0526316
94 138 0.25
94 175 0.25
95 29 0.1
95 121 0.166667
96 60 0.142857
97 71 0.0714286
97 1 0.0526316
97 69 0.125
97 13 0.0714286
97 158 0.5
97 167 0.2
98 47 0.142857
98 86 0.166667
98 38 0.25
98 107 0.166667
99 14 0.0526316
99 92 0.0714286
99 104 0.0769231
100 34 0.111111
100 76 0.166667
101 2 0.0434783
101 88 0.166667
101 28 0.0714286
101 60 0.142857
101 119 0.25
101 140 0.2
102 7 0.0454545
103 75 0.2
103 71 0.0714286
104 14 0.0526316
104 92 0.0714286
104 99 0.166667
104 118 0.1
104 136 0.125
105 26 0.2
106 10 0.1
106 123 0.166667
106 165 0.142857
107 98 0.166667
107 8 0.0526316
107 141 0.5
108 67 0.0526316
109 55 0.142857
109 43 0.0909091
109 5 0.166667
109 49 0.1
110 8 0.0526316
110 46 0.25
110 86 0.166667
110 192 0.2
111 7 0.0454545
111 66 0.142857
111 144 0.1
112 84 0.0769231
112 93 0.166667
112 113 0.125
113 84 0.0769231
113 93 0.166667
113 112 0.2
113 137 0.25
113 145 0.166667
114 86 0.166667
114 8 0.0526316
115 49 0.1
115 55 0.142857
115 43 0.0909091
116 9 0.0625
116 162 0.166667
117 61 0.111111
117 163 0.166667
118 104 0.0769231
118 14 0.0526316
118 136 0.125
118 144 0.1
119 101 0.0909091
119 4 0.0769231
120 1 0.0526316
120 71 0.0714286
120 76 0.166667
120 75 0.2
120 152 0.25
120 169 0.142857
121 29 0.1
121 95 0.2
121 179 0.2
122 77 0.166667
123 106 0.142857
123 165 0.142857
123 166 0.2
124 83 0.142857
124 18 0.25
125 1 0.0526316
126 42 0.1
126 48 0.2
127 68 0.0909091
127 8 0.0526316
127 110 0.125
127 86 0.166667
128 28 0.0714286
128 4 0.0769231
129 8 0.0526316
129 30 0.0666667
129 35 0.0416667
129 68 0.0909091
129 174 0.5
129 191 0.142857
130 28 0.0714286
130 88 0.166667
131 78 0.1
131 160 0.25
132 47 0.142857
133 27 0.0909091
133 11 0.0555556
134 71 0.0714286
135 10 0.1
135 39 0.2
135 87 0.166667
136 104 0.0769231
136 92 0.0714286
136 118 0.1
136 190 0.2
137 84 0.0769231
137 113 0.125
138 67 0.0526316
138 94 0.166667
139 6 0.0714286
139 36 0.125
140 101 0.0909091
140 17 0.1
141 107 0.166667
142 33 0.142857
143 14 0.0526316
143 104 0.0769231
143 118 0.1
143 71 0.0714286
144 14 0.0526316
144 118 0.1
144 92 0.0714286
144 111 0.2
144 150 0.5
145 93 0.166667
145 84 0.0769231
145 113 0.125
146 9 0.0625
146 116 0.2
147 87 0.166667
148 90 0.111111
148 35 0.0416667
148 44 0.0833333
148 181 0.125
149 92 0.0714286
149 118 0.1
149 104 0.0769231
149 14 0.0526316
150 144 0.1
151 13 0.0714286
152 120 0.0833333
152 169 0.142857
153 22 0.0666667
154 92 0.0714286
154 14 0.0526316
154 104 0.0769231
155 70 0.111111
156 11 0.0555556
156 74 0.2
157 68 0.0909091
158 97 0.1
159 41 0.166667
159 2 0.0434783
160 78 0.1
160 131 0.25
161 21 0.1
161 172 0.5
162 90 0.111111
162 35 0.0416667
162 116 0.2
162 9 0.0625
163 117 0.25
163 61 0.111111
163 72 0.25
164 24 0.0833333
165 123 0.166667
165 106 0.142857
165 166 0.2
166 106 0.142857
166 123 0.166667
166 165 0.142857
167 97 0.1
167 0 0.0384615
167 194 0.5
168 69 0.125
169 120 0.0833333
169 152 0.25
170 35 0.0416667
170 90 0.111111
171 53 0.0909091
171 81 0.2
172 161 0.25
173 82 0.0909091
174 129 0.1
175 67 0.0526316
175 94 0.166667
176 148 0.125
176 35 0.0416667
176 90 0.111111
176 44 0.0833333
176 181 0.125
177 32 0.111111
177 186 0.25
178 0 0.0384615
178 23 0.0714286
178 52 0.0833333
178 59 0.125
179 121 0.166667
179 29 0.1
179 95 0.2
180 36 0.125
180 6 0.0714286
180 195 0.166667
181 176 0.142857
181 35 0.0416667
181 148 0.125
182 42 0.1
182 48 0.2
183 140 0.2
183 37 0.2
183 17 0.1
184 52 0.0833333
184 23 0.0714286
185 66 0.142857
185 53 0.0909091
186 32 0.111111
186 177 0.25
187 169 0.142857
187 173 0.333333
187 82 0.0909091
187 120 0.0833333
187 67 0.0526316
188 67 0.0526316
189 33 0.142857
190 165 0.142857
190 107 0.166667
190 110 0.125
190 136 0.125
191 23 0.0714286
191 129 0.1
191 19 0.1
191 70 0.111111
192 8 0.0526316
192 114 0.25
192 110 0.125
193 13 0.0714286
193 196 0.333333
194 167 0.2
195 6 0.0714286
195 139 0.2
195 36 0.125
195 180 0.166667
196 13 0.0714286
196 193 0.25
197 30 0.0666667
197 31 0.111111
